parameters (x,y,w,h,rx,ry):-5,0,10.000000,40.000000,100,100
4,12,10,14,33,35,73,70,84,58,39,35,18,18,24,35,50,56,67,87,50,39,30,22,22,14,13,13,16,16,27,36,55,70,58,81,95,81,91,86,64,78,62,86,83,68,92,98,92,100,89,93,72,75,76,92,92,67,78,75,80,89,91,76,117,90,86,92,89,66,79,62,69,77,63,71,61,79,75,58,56,21,15,6,6,2,2,0,0,0,0,0,0,1,1,2,1,2,9,6
15,12,18,45,63,99,137,176,180,129,91,54,48,37,34,67,104,152,160,181,131,81,54,37,45,24,33,33,39,44,64,75,108,122,119,164,171,194,218,166,137,173,180,173,174,164,186,199,222,207,198,163,161,170,146,166,146,197,197,182,184,193,198,184,193,202,201,213,210,185,169,174,135,162,138,140,147,165,182,155,101,57,29,11,8,2,1,0,1,1,0,0,0,1,4,2,4,3,13,12
9,15,17,37,44,95,140,198,190,141,95,60,34,26,28,49,98,169,194,178,142,85,47,43,32,36,19,31,32,47,65,87,111,109,138,156,192,208,197,151,184,181,184,173,161,176,188,208,226,222,196,174,178,144,149,157,137,182,203,197,170,176,180,199,226,205,198,204,190,198,183,171,152,148,129,134,159,179,176,152,101,45,20,12,3,0,0,0,0,1,2,2,1,0,0,1,6,6,11,13
10,11,19,33,48,73,149,219,208,144,88,56,26,15,20,52,96,179,205,180,157,68,42,40,26,19,21,21,36,49,59,92,97,111,152,148,205,198,193,166,167,178,188,173,184,164,184,196,229,250,198,158,165,149,143,154,150,185,186,194,190,191,187,177,197,224,197,205,203,202,179,180,153,131,136,144,156,152,193,180,97,44,15,11,1,1,0,0,0,2,2,0,0,0,0,1,8,4,11,12
12,7,13,34,42,94,133,205,239,156,98,36,28,21,18,55,99,162,205,226,117,89,55,32,21,19,18,31,28,46,50,88,87,91,151,174,204,205,198,177,178,176,189,179,163,174,189,229,240,214,180,162,167,148,151,154,145,188,168,214,186,180,211,194,211,191,199,203,216,215,185,157,138,148,124,127,137,185,187,170,103,51,16,9,1,0,0,0,0,0,3,0,1,0,0,2,5,8,9,5
5,8,16,26,45,87,164,221,229,143,85,40,20,15,23,59,93,142,196,200,160,101,51,30,18,21,20,28,24,43,48,72,90,116,137,171,214,190,178,174,177,204,181,169,150,157,195,219,268,210,174,170,156,150,167,154,144,173,170,185,195,182,181,202,209,214,206,215,206,201,178,191,148,134,107,120,154,195,208,161,102,39,20,3,2,0,0,0,0,2,0,2,0,0,0,2,3,2,9,9
10,3,21,23,52,76,142,226,209,204,79,35,12,16,22,46,88,170,194,217,170,91,44,24,20,23,27,26,35,43,43,67,113,104,145,177,180,207,177,164,184,189,175,171,156,146,235,235,222,207,174,158,164,181,152,159,166,168,157,214,196,192,175,181,193,230,215,228,222,196,192,192,132,114,122,114,171,174,216,168,95,35,9,9,1,1,0,0,0,1,2,1,0,0,0,2,1,3,4,11
4,10,17,29,34,81,137,232,239,168,82,41,10,11,23,44,88,141,214,231,162,106,40,19,20,22,20,24,33,43,49,70,91,129,140,186,178,200,185,169,194,190,170,165,166,164,195,231,234,201,181,173,161,170,153,147,159,160,171,207,179,182,192,181,198,222,215,231,200,211,194,162,145,125,111,126,153,203,218,153,93,36,7,5,2,0,0,0,0,1,2,1,0,0,0,0,0,3,7,3
4,16,7,22,40,83,166,224,247,167,78,23,14,11,13,37,85,156,194,240,175,94,54,27,15,12,20,26,33,37,52,72,98,110,154,177,186,185,181,185,174,194,170,159,179,177,179,204,239,210,208,154,168,195,144,154,164,150,182,190,191,165,186,181,211,198,214,241,210,215,186,168,160,128,112,126,164,195,213,165,96,41,10,3,2,0,0,0,0,0,1,3,0,0,0,0,1,4,6,1
3,11,10,23,43,84,161,256,247,142,83,22,11,8,14,30,89,169,227,212,165,95,36,25,19,17,22,28,29,28,69,73,88,116,126,175,176,195,187,184,189,184,173,165,160,187,203,223,245,220,179,149,204,143,152,125,175,181,164,181,223,165,177,190,201,216,207,194,233,207,193,167,147,120,127,127,144,206,203,177,88,39,12,2,0,0,0,0,0,1,1,3,1,0,0,1,0,2,5,3
5,8,10,22,31,76,164,274,254,145,78,22,8,11,19,35,101,162,185,214,194,83,49,25,16,15,22,26,33,50,57,69,85,106,118,164,183,188,224,179,177,180,178,174,159,185,189,230,221,210,186,163,168,172,145,160,149,152,198,221,205,145,167,185,207,250,223,201,209,195,199,168,149,139,118,96,164,193,216,175,86,33,10,3,3,0,0,0,0,3,1,1,0,0,0,1,0,1,2,3
2,5,13,26,29,74,174,240,257,176,74,26,12,7,16,51,87,119,213,257,156,105,37,21,19,18,19,28,53,37,53,65,89,129,125,157,170,190,218,183,165,207,190,154,145,176,226,229,224,216,162,164,157,188,154,150,138,169,197,194,188,186,160,188,205,254,217,190,185,214,208,172,148,107,110,110,178,198,227,167,68,36,16,3,0,0,0,0,1,1,2,0,0,0,0,0,0,1,3,1
6,3,16,16,32,86,152,230,253,176,95,23,15,9,14,42,92,138,206,222,180,88,52,22,13,7,19,29,38,59,54,71,82,121,131,163,174,190,211,179,201,203,160,150,176,160,218,229,218,205,176,180,165,152,163,165,130,157,188,227,186,184,149,190,230,229,214,178,211,213,221,178,127,120,116,143,147,230,217,161,68,35,7,5,1,1,0,1,1,1,0,0,0,0,0,0,0,0,2,3
2,12,10,18,40,91,164,229,249,167,87,36,23,12,21,35,89,158,193,219,186,88,59,22,8,11,13,29,34,50,54,79,83,122,139,155,180,188,198,213,181,183,170,154,162,179,186,238,227,216,187,156,149,176,172,158,148,144,177,213,205,188,157,217,219,227,205,191,197,216,189,191,142,121,90,144,176,220,213,153,72,26,11,3,0,0,0,1,0,2,1,0,0,0,0,0,0,0,1,2
2,16,7,25,36,89,168,258,236,156,77,38,17,11,22,44,96,152,208,219,157,95,46,24,10,13,13,27,30,45,55,67,112,128,105,169,174,197,192,183,191,188,179,154,163,178,197,211,226,238,186,169,187,159,154,148,130,154,215,208,195,176,173,195,220,237,207,222,180,204,188,198,145,107,100,145,176,215,224,139,82,29,11,5,0,1,0,1,0,0,0,0,0,0,0,0,1,1,0,0
3,5,10,19,33,89,136,251,256,159,93,36,9,13,21,32,89,185,214,230,145,89,39,25,15,12,12,24,34,49,52,71,118,122,121,180,165,203,176,185,202,207,175,150,151,166,202,227,212,224,175,182,166,176,139,136,137,175,211,201,190,169,171,197,237,221,225,206,171,196,205,174,168,101,110,111,188,243,206,138,74,35,15,2,2,0,1,0,0,0,0,0,0,0,0,1,1,0,0,0
5,3,11,16,32,86,161,240,257,180,87,28,14,5,22,33,108,179,219,207,145,100,45,22,16,9,14,12,24,46,50,84,91,131,143,177,158,173,187,204,193,192,186,164,146,154,196,248,222,207,188,198,160,167,131,131,150,177,201,196,215,176,154,187,243,238,189,198,175,207,195,194,160,114,106,132,210,207,196,155,83,30,9,6,0,0,0,0,0,0,0,0,0,0,0,1,1,1,0,1
3,5,7,18,35,87,168,226,261,176,81,24,12,8,19,45,89,168,217,214,151,98,45,23,16,10,4,10,27,37,50,74,108,132,169,153,152,173,187,189,193,194,178,171,145,163,190,236,248,204,178,182,171,168,147,146,138,184,182,197,184,194,167,181,234,221,221,192,210,204,185,198,173,112,108,144,171,222,187,158,88,32,7,0,0,0,0,0,0,0,0,0,0,0,1,1,0,1,0,0
2,4,5,15,43,80,166,231,262,178,82,29,11,3,9,38,97,165,231,222,157,81,43,31,16,12,10,14,27,33,54,77,97,139,152,158,182,163,177,205,171,196,185,153,175,155,176,240,257,215,179,156,193,157,141,145,141,174,192,222,168,181,177,195,220,216,211,212,216,190,202,182,146,127,120,147,165,196,214,153,97,32,7,0,0,0,0,0,0,0,0,0,0,0,0,0,0,1,1,1
4,5,5,12,33,79,167,243,255,189,85,31,12,4,12,37,96,167,229,211,155,98,44,24,21,11,11,24,19,45,46,60,81,123,174,171,184,171,177,214,183,191,167,169,144,156,174,230,248,234,200,179,183,165,134,140,133,150,174,232,200,176,170,212,234,206,191,212,208,224,186,173,148,114,138,137,153,197,209,174,86,39,10,1,0,0,0,0,0,0,0,0,0,0,0,0,0,0,0,3
3,4,7,13,26,76,154,258,275,165,85,34,10,8,9,43,97,163,203,238,162,95,39,13,14,15,13,25,22,22,48,63,93,121,156,170,194,184,188,204,190,169,190,168,134,165,179,217,245,217,203,202,184,166,141,148,130,153,199,240,191,169,165,184,247,239,195,210,200,224,186,160,146,115,136,134,153,209,196,162,107,36,12,1,1,0,0,0,0,0,0,0,0,0,0,0,0,0,0,2
6,5,7,13,38,85,168,239,247,181,82,30,12,12,13,34,101,152,214,205,185,97,46,20,15,13,12,15,22,32,53,80,94,102,153,154,197,186,201,195,220,174,159,166,145,140,203,253,222,214,178,185,176,178,149,129,140,170,200,232,169,184,179,181,219,250,249,197,203,173,195,186,141,141,103,142,175,189,193,171,82,38,13,4,2,1,0,0,0,0,0,0,0,0,0,0,0,0,0,1
4,4,9,14,31,79,195,249,241,158,91,31,10,7,16,35,86,165,216,221,153,97,49,25,9,7,15,14,15,35,50,55,97,112,129,169,192,186,181,204,196,188,186,167,152,174,173,223,243,220,180,185,167,191,153,134,121,172,218,208,187,182,190,172,213,240,213,225,217,186,191,169,150,119,113,124,172,192,194,159,95,40,10,4,0,2,0,0,0,0,0,0,0,0,0,0,0,0,1,1
4,7,8,18,35,81,193,251,236,160,82,29,12,9,17,28,79,157,226,238,176,100,59,25,7,2,4,21,17,32,56,62,80,111,144,176,164,211,187,168,186,231,164,176,138,155,196,215,218,238,186,156,198,188,169,133,159,157,208,203,197,186,160,168,232,221,229,221,218,168,190,179,155,109,93,137,167,206,238,150,79,42,8,1,2,1,1,0,0,0,0,0,0,0,0,0,0,0,0,2
4,7,6,14,32,82,182,230,264,157,73,41,11,9,21,35,86,165,223,228,168,105,50,20,7,3,5,8,16,34,54,57,102,121,144,164,188,213,187,180,176,188,180,166,149,176,193,239,227,214,180,176,172,211,151,112,153,153,185,217,199,199,167,181,207,243,209,215,214,188,217,177,138,119,100,139,169,217,196,169,86,37,7,2,3,0,1,0,0,0,0,0,0,0,0,0,0,0,0,2
3,7,10,17,24,79,170,236,262,176,67,29,12,11,20,36,85,154,251,230,161,91,49,22,8,4,8,8,15,27,61,78,93,123,143,155,203,209,196,181,178,190,171,151,143,176,188,217,235,215,188,183,165,189,159,151,133,156,190,194,171,176,177,204,222,209,215,212,224,210,196,150,143,137,114,116,188,191,219,179,71,37,9,1,3,0,0,0,0,0,0,0,0,0,0,0,0,0,0,1
3,4,2,14,47,100,133,246,264,160,83,30,12,18,16,35,96,171,232,210,147,110,45,27,6,10,8,9,18,34,48,54,101,119,152,148,196,192,210,177,196,175,167,165,148,161,192,220,223,218,202,200,179,185,152,139,138,178,205,194,169,176,196,172,205,238,234,208,193,218,207,158,139,136,124,135,161,211,197,155,87,39,7,4,1,0,0,0,0,0,0,0,0,0,0,0,0,0,0,3
1,1,11,11,40,74,170,239,238,188,100,35,15,16,17,46,88,145,226,202,172,100,51,24,16,5,12,12,20,24,51,61,95,126,148,164,202,208,186,180,188,190,163,174,152,161,174,232,228,212,187,200,176,177,169,139,151,171,180,212,180,160,171,188,217,229,233,210,199,183,182,187,151,138,120,121,166,207,213,155,95,39,5,0,2,1,0,0,0,0,0,0,0,0,0,0,0,0,0,2
1,3,4,14,23,73,161,249,258,179,81,37,15,16,29,54,85,142,214,236,170,94,47,22,12,11,4,16,22,34,45,56,71,136,133,167,203,212,207,165,170,186,187,171,153,155,174,237,237,210,183,205,179,170,169,154,140,158,211,187,165,158,188,175,214,224,211,210,204,216,194,185,163,142,96,123,158,179,228,179,94,42,4,1,0,0,0,0,0,0,0,0,0,0,0,0,0,0,1,0
1,1,1,9,38,69,164,268,245,186,70,37,13,16,22,38,83,155,247,226,158,87,40,23,17,8,11,11,22,26,62,55,73,116,138,156,205,186,224,176,173,191,179,171,145,172,196,222,246,194,194,180,179,170,129,183,125,191,181,187,175,175,188,200,213,191,227,220,199,193,213,197,148,136,100,129,149,196,205,177,91,45,8,1,0,0,0,0,0,0,0,0,0,0,0,0,0,0,0,1
1,1,2,14,30,88,154,270,221,177,92,44,19,11,18,35,95,166,230,218,165,88,39,16,13,7,6,21,23,27,55,69,82,103,124,175,190,223,196,174,187,174,165,188,168,151,217,243,221,198,203,193,178,161,163,136,168,176,165,184,197,175,180,203,198,224,235,190,197,190,223,181,163,126,108,138,175,189,230,156,89,33,9,0,0,0,0,0,0,0,0,0,0,0,0,0,0,0,0,0
0,2,4,16,38,85,154,226,261,186,82,32,22,11,14,38,79,159,240,227,177,96,43,18,12,8,6,11,19,36,46,58,86,111,129,152,209,198,196,194,163,177,173,183,183,147,177,246,254,204,196,181,200,157,156,147,159,178,171,210,189,178,178,188,204,251,207,195,174,196,215,164,172,128,114,122,176,217,207,154,88,28,5,0,0,0,0,0,0,0,0,0,0,0,0,0,0,0,0,0
1,0,4,18,35,85,147,230,300,157,81,35,17,12,13,34,95,148,234,240,163,93,51,25,4,9,11,10,18,34,60,59,91,111,109,176,194,206,225,179,174,172,164,168,157,163,191,246,236,222,180,192,180,172,163,156,150,175,184,179,200,194,172,166,194,242,232,180,200,212,177,175,156,135,126,118,205,229,194,157,91,25,7,2,1,0,0,0,0,0,0,0,0,0,0,0,0,0,0,1
2,1,5,14,36,90,157,236,271,180,82,27,15,12,24,43,100,132,205,241,170,106,41,21,11,8,3,9,26,23,64,57,87,98,112,165,216,222,205,198,178,182,166,149,152,175,191,249,240,215,181,157,197,161,149,146,164,177,172,186,208,155,183,201,218,214,229,191,190,178,179,183,167,138,130,106,187,215,226,152,71,30,1,1,1,0,0,0,0,0,0,0,0,0,0,0,0,0,0,0
1,0,6,14,27,73,148,249,262,181,78,35,21,6,22,40,78,154,242,227,147,115,49,27,10,3,8,8,27,39,30,50,90,113,106,185,216,204,180,214,151,188,187,158,149,186,176,234,234,223,191,181,183,169,167,163,159,175,195,176,183,158,194,189,237,209,206,199,195,205,190,168,171,130,124,141,172,208,200,164,88,34,7,1,0,0,0,0,0,0,0,0,0,0,0,0,0,0,0,1
1,1,5,13,37,70,171,230,274,185,92,32,8,8,18,41,101,141,218,229,177,99,50,30,14,8,8,10,17,31,41,64,81,113,155,163,183,222,179,183,186,184,163,173,144,172,180,233,248,208,215,173,174,174,156,139,150,198,166,192,188,182,172,207,223,226,209,189,205,216,194,168,122,138,117,137,173,230,222,157,71,30,12,2,0,0,0,0,0,0,0,0,0,0,0,0,0,0,0,3
3,0,5,15,29,76,156,230,258,189,95,40,7,13,14,41,82,153,230,212,188,104,55,19,11,8,10,12,13,28,41,65,85,126,122,161,187,228,178,178,190,179,188,172,144,164,187,243,224,234,180,206,168,154,152,150,163,174,176,177,193,178,165,197,243,235,193,192,206,233,178,168,143,119,123,130,161,227,207,145,80,38,15,2,0,0,0,0,0,0,0,0,0,0,0,0,0,0,1,0
0,2,3,13,36,72,167,237,265,175,92,47,15,9,19,35,90,129,225,203,201,113,45,16,8,7,12,14,27,29,37,56,89,118,142,156,205,187,171,194,194,184,184,179,151,167,179,227,244,234,205,185,165,182,179,135,140,139,196,231,179,158,168,199,230,239,191,206,198,206,189,159,156,131,123,138,175,190,215,147,77,34,9,1,1,0,0,0,0,0,0,0,0,0,0,0,0,0,2,0
1,0,3,16,29,90,158,246,256,166,88,38,12,7,21,40,83,129,225,222,193,105,48,25,3,7,6,13,36,23,46,69,81,115,129,182,187,185,199,175,186,192,192,164,157,193,199,208,270,212,188,180,165,172,185,147,137,137,200,223,175,165,177,204,207,225,200,194,196,219,200,185,135,129,119,127,177,213,210,144,80,23,11,2,0,1,0,0,0,0,0,0,0,0,0,0,0,0,1,1
0,0,7,15,26,89,148,270,239,186,82,28,13,9,23,41,76,146,213,236,182,117,47,15,14,7,4,14,29,34,37,54,86,105,140,171,208,198,163,202,189,180,176,166,153,179,185,224,246,237,181,151,185,166,164,153,142,154,202,203,208,145,171,198,230,232,211,183,202,223,186,188,140,130,119,163,174,182,208,144,81,22,10,2,1,0,0,0,0,0,0,0,0,0,0,0,0,0,2,0
1,0,3,15,29,79,142,231,283,182,90,33,17,9,18,56,70,135,229,225,188,93,41,20,10,10,6,15,32,21,39,45,84,106,163,183,187,189,204,187,185,181,177,172,167,171,203,213,223,237,170,152,159,171,199,144,138,180,160,221,207,164,160,212,188,253,203,215,196,233,212,166,161,115,120,137,176,203,198,127,84,22,7,5,0,2,0,0,0,0,0,0,0,0,0,0,0,2,1,0
0,2,4,18,31,67,174,222,257,169,91,52,14,9,13,39,83,156,213,243,182,103,50,12,5,4,9,15,24,36,49,60,63,112,148,176,177,206,191,191,182,200,179,168,181,176,194,232,232,236,162,151,162,173,165,166,139,166,195,211,204,179,176,194,221,229,222,188,184,222,206,197,123,106,122,145,173,203,190,151,74,30,5,2,2,1,0,0,0,0,0,0,0,0,0,0,0,0,1,1
1,1,7,10,31,76,187,224,217,186,91,49,10,10,10,38,89,156,234,243,165,99,39,20,9,7,6,14,17,37,45,55,72,111,145,168,187,198,200,191,168,179,186,189,159,165,223,207,249,217,179,175,163,174,146,148,144,167,192,226,211,182,173,210,209,245,202,182,198,196,213,211,124,127,122,151,174,203,209,142,72,28,8,2,1,0,0,0,0,0,0,0,0,0,0,0,0,0,0,0
0,3,11,15,43,92,153,229,235,180,99,34,18,7,16,42,86,141,253,239,160,87,41,26,10,11,7,6,19,30,47,49,89,113,133,160,214,191,185,183,160,196,199,177,180,159,196,233,231,214,191,154,168,177,157,143,151,152,209,198,207,179,165,217,206,222,210,182,216,203,212,183,143,112,122,145,173,194,215,150,65,31,6,1,0,0,0,0,0,0,0,0,0,0,0,0,0,0,0,0
2,1,12,10,36,91,162,242,217,192,99,32,12,9,22,38,91,158,233,229,180,100,35,15,5,8,9,10,18,20,54,56,94,131,123,179,204,214,191,167,167,191,189,193,161,164,186,238,214,249,180,178,158,147,178,151,134,151,207,198,194,185,175,193,206,245,184,205,219,216,205,174,147,128,126,141,161,191,198,162,83,27,11,0,0,0,0,0,0,0,0,0,0,0,0,0,0,0,0,0
1,4,6,20,35,93,174,236,224,172,103,32,11,4,27,44,89,158,207,243,173,85,35,14,7,8,9,16,17,25,50,70,89,110,107,178,209,202,170,185,188,179,182,175,158,150,206,221,232,226,190,155,163,167,183,146,149,148,199,179,197,199,179,195,211,210,242,211,215,207,202,161,158,118,121,158,175,186,188,151,75,39,8,1,0,0,0,0,0,0,0,0,0,0,0,0,0,0,0,0
2,2,10,16,40,84,169,261,221,184,87,36,11,8,19,42,91,176,225,234,134,90,50,11,12,6,9,11,17,25,46,70,71,144,131,167,189,220,207,148,170,201,175,166,159,144,209,247,243,220,178,186,162,163,143,160,161,160,175,192,189,192,181,161,230,218,238,208,195,212,208,180,129,128,124,151,174,186,183,145,97,31,7,5,0,0,0,0,0,0,0,0,0,0,0,0,0,0,0,1
2,1,12,21,48,91,181,223,234,171,84,35,11,10,9,36,100,174,221,240,155,111,30,18,6,6,5,9,14,35,49,53,87,136,119,165,174,224,202,168,173,195,181,165,154,170,202,215,255,229,190,160,181,165,156,146,169,138,176,189,211,178,189,192,224,233,206,227,189,200,196,187,154,135,125,144,177,191,203,152,83,27,8,2,1,0,0,0,0,0,0,0,0,0,0,0,0,0,0,0
3,9,8,28,29,93,182,244,239,158,80,34,14,6,13,41,92,171,224,241,180,80,39,18,12,4,8,8,21,17,46,67,82,98,138,177,194,182,204,201,180,193,179,154,148,165,219,220,246,218,191,186,158,176,166,140,160,170,182,187,208,179,177,204,233,225,212,207,194,209,188,166,164,142,134,138,141,196,201,161,80,27,11,7,2,0,0,0,0,0,0,0,0,0,0,0,0,0,0,0
4,2,12,16,49,97,189,256,221,160,70,33,11,9,12,41,76,180,241,233,159,91,34,17,13,4,7,8,22,38,36,59,82,103,129,191,177,182,208,182,209,197,178,181,123,170,205,236,235,209,197,207,141,179,178,137,148,178,177,202,210,162,190,191,236,215,211,208,190,210,192,172,163,132,142,124,148,182,239,152,73,34,10,6,2,0,0,0,0,0,0,0,0,0,0,0,0,0,0,0
2,2,5,24,39,93,186,230,248,173,64,24,10,13,10,40,75,188,241,236,135,109,46,17,8,5,11,9,29,27,31,61,67,115,126,168,203,222,167,181,187,185,186,171,145,172,178,213,252,236,189,192,171,156,199,155,135,165,184,200,183,189,173,205,222,207,230,202,201,184,191,183,148,151,111,117,153,225,196,172,90,37,8,4,0,0,0,0,0,0,0,0,0,0,0,0,0,0,0,0
1,4,10,18,41,94,178,272,235,154,74,30,10,8,21,44,76,178,219,230,167,94,40,22,6,10,10,18,21,27,40,51,84,113,109,174,187,228,173,185,184,187,202,169,177,127,210,227,232,226,197,183,158,195,182,141,128,174,196,202,165,186,178,208,210,228,231,201,179,204,181,173,173,127,102,128,158,216,215,161,93,33,8,2,1,1,0,0,0,0,0,0,0,0,0,0,0,0,0,0
2,3,2,21,38,96,167,278,223,144,81,33,4,14,13,35,96,158,234,226,173,103,39,20,4,9,11,13,19,24,44,52,102,104,132,153,200,183,184,209,196,174,179,187,164,141,202,247,215,226,204,185,172,192,153,137,166,179,202,187,186,170,167,196,230,202,221,188,205,204,185,199,179,118,111,132,178,202,206,145,80,37,15,6,1,0,0,0,0,0,0,0,0,0,0,0,0,0,0,1
1,2,4,18,32,97,192,262,247,151,63,27,9,9,19,34,79,158,250,237,167,90,34,16,17,11,11,11,21,19,46,58,81,112,141,155,202,192,167,192,189,213,173,169,155,157,195,256,232,205,188,192,175,184,150,146,165,137,189,212,190,164,196,201,195,227,232,197,203,197,190,196,136,116,112,139,154,225,181,161,85,33,7,7,1,0,0,0,0,0,0,0,0,0,0,0,0,0,1,1
1,2,4,18,42,86,179,263,240,162,75,31,13,8,15,38,84,157,234,234,173,90,43,24,11,9,7,14,15,24,49,59,90,117,121,161,206,203,182,183,183,184,189,166,137,168,198,218,258,196,196,178,188,158,166,147,153,163,168,220,188,190,181,182,223,240,196,213,207,193,198,182,144,138,124,110,159,213,207,155,93,30,4,5,2,0,0,0,0,0,0,0,0,0,1,0,1,1,0,2
3,2,6,19,44,95,154,232,246,174,75,27,14,11,10,38,88,146,219,258,172,85,52,30,10,4,8,9,20,27,55,64,88,91,126,178,177,190,218,167,187,189,188,164,180,153,204,214,248,223,200,163,186,159,176,153,130,174,183,197,213,173,176,218,219,236,203,215,231,236,176,172,141,95,130,134,183,209,186,155,81,22,8,4,1,2,0,0,0,0,0,0,0,0,0,1,0,1,1,1
3,6,10,24,41,90,148,243,253,168,76,34,11,13,15,28,80,172,228,229,145,99,58,21,10,5,11,10,28,26,50,57,88,97,139,169,192,200,188,177,178,188,185,178,168,169,209,187,227,239,199,177,170,153,162,162,142,148,183,210,197,183,187,202,192,213,239,199,237,215,185,159,142,113,133,143,153,183,252,135,76,25,8,3,1,1,0,0,0,0,0,0,0,0,0,0,0,0,1,1
5,10,15,21,42,80,161,247,258,138,72,42,16,8,9,35,89,173,210,242,174,98,48,22,11,10,6,13,23,38,50,58,75,101,142,186,192,201,179,184,177,207,164,181,152,189,189,200,248,245,184,172,144,163,175,156,137,145,197,192,199,184,185,194,224,230,197,203,191,246,203,163,117,128,101,157,153,216,235,140,81,24,10,3,0,0,0,0,0,0,0,0,0,0,0,0,0,0,2,4
4,4,10,24,46,91,171,231,232,164,95,36,11,9,22,40,75,162,217,227,180,100,48,21,17,7,12,13,25,34,47,68,76,91,148,188,178,191,205,170,202,192,173,154,151,172,207,216,228,249,189,167,157,175,165,176,141,167,174,210,186,190,165,204,235,207,206,196,203,214,206,164,150,118,112,128,197,222,208,158,78,29,10,0,2,0,0,0,0,0,0,0,0,0,0,0,0,1,0,4
5,3,10,36,29,86,194,229,216,152,99,39,12,8,21,49,97,144,217,231,157,110,40,30,17,13,4,11,21,37,52,66,92,96,144,170,191,183,191,189,185,188,178,156,161,171,218,201,216,218,202,175,167,160,176,147,185,152,190,202,195,188,180,200,232,212,215,188,217,206,207,164,114,129,133,135,208,204,215,149,85,26,12,3,0,0,0,0,0,0,0,0,0,0,0,0,0,0,0,1
1,4,11,18,46,89,177,244,251,141,82,32,20,7,13,45,103,144,202,229,180,90,62,18,15,13,7,11,20,31,56,72,81,105,147,158,188,193,186,197,195,186,166,162,145,160,197,246,221,220,191,168,164,148,155,163,159,183,216,181,198,184,182,203,236,207,215,178,211,191,208,160,148,134,97,147,182,212,207,147,70,45,11,5,2,0,0,0,0,0,0,0,0,0,0,0,0,0,2,2
1,6,7,25,42,82,189,230,233,152,72,40,18,9,16,31,98,175,204,215,163,84,50,15,19,16,5,16,20,30,54,74,78,102,137,177,181,183,207,205,188,172,181,154,178,170,148,236,229,231,180,191,139,149,170,162,166,189,186,181,207,185,165,193,208,232,197,220,207,182,201,175,146,156,119,129,166,191,219,148,93,30,16,5,1,0,0,0,0,0,0,0,0,0,0,0,0,1,2,0
7,4,6,22,44,76,178,244,239,165,90,26,11,10,14,48,90,174,235,219,140,96,44,24,26,9,12,16,16,31,52,79,87,108,120,156,210,185,205,196,173,184,163,159,183,175,191,214,226,217,205,161,151,153,165,170,175,186,187,210,198,168,176,165,229,220,200,216,209,189,191,186,150,121,123,120,165,203,217,170,82,45,14,6,1,0,0,0,0,0,0,0,0,0,0,0,0,0,0,1
2,7,7,9,50,98,173,246,225,162,77,21,15,15,21,42,95,157,219,227,149,95,41,28,21,18,11,11,25,35,50,64,75,117,142,152,196,198,201,187,191,179,184,143,168,171,194,214,246,211,188,162,182,160,158,174,177,161,179,197,203,180,185,182,221,208,241,223,217,201,196,181,153,122,125,150,161,201,190,166,87,25,18,5,1,0,0,0,0,0,0,0,0,0,0,0,0,0,0,1
2,4,3,17,32,94,180,270,234,162,77,19,15,12,24,28,84,166,221,234,135,88,50,33,15,13,13,15,21,46,36,63,67,109,160,157,182,204,201,180,179,202,156,168,147,184,181,218,232,237,170,189,174,168,162,171,156,192,162,213,186,185,177,169,214,214,225,222,189,207,211,182,126,121,139,144,155,197,210,152,78,26,11,2,0,0,0,0,0,0,0,0,0,0,0,0,0,0,1,2
4,3,5,13,34,91,156,238,289,148,75,33,13,13,12,30,64,155,239,215,178,84,59,29,16,11,17,24,19,34,43,62,81,117,157,165,181,228,186,188,182,163,195,161,155,159,175,237,229,235,183,162,173,170,178,164,159,145,185,202,190,177,184,187,236,215,238,186,201,190,192,204,128,123,133,119,197,184,220,143,78,29,6,2,0,0,0,0,0,0,0,0,0,0,0,0,0,0,1,3
6,3,3,9,34,98,161,244,234,173,85,40,15,10,15,36,86,138,232,229,153,98,59,29,9,8,16,20,24,27,41,61,93,113,142,175,199,215,192,180,188,186,180,146,176,152,188,225,237,229,192,152,158,180,159,160,158,163,194,198,186,184,159,192,232,209,193,211,194,212,199,195,139,143,128,115,157,189,201,189,79,30,9,1,0,0,0,0,0,0,0,0,0,0,0,0,0,0,0,5
0,2,7,18,36,89,167,257,238,178,90,37,15,12,13,30,91,149,235,199,173,114,61,19,13,7,16,16,26,30,48,69,93,110,132,175,203,207,189,193,178,167,189,164,169,191,174,219,238,211,203,172,158,153,178,170,156,154,191,204,200,167,184,210,213,192,216,195,206,217,224,175,118,123,137,127,129,186,218,195,95,32,16,0,0,0,0,0,0,0,0,0,0,0,0,0,0,1,1,6
1,4,10,13,29,88,162,242,265,168,78,39,13,13,6,49,58,152,205,253,163,98,50,26,17,11,19,16,17,34,57,58,72,118,132,178,208,194,175,187,180,179,169,184,162,175,186,204,241,238,184,160,175,152,199,147,157,170,186,216,191,166,195,203,212,193,186,225,203,229,215,143,137,117,111,138,154,185,206,165,81,45,11,2,0,0,0,0,0,0,0,0,0,0,0,0,0,0,3,5
1,3,10,10,35,90,193,231,245,160,70,36,17,9,12,41,66,158,224,236,160,79,39,28,18,10,12,15,24,35,40,58,92,109,131,193,206,205,172,175,182,178,183,154,157,171,193,226,219,256,176,173,154,169,160,142,156,185,195,215,183,166,178,194,216,214,226,208,213,222,200,156,134,132,117,156,167,191,213,176,80,29,17,1,1,0,0,0,0,0,0,0,0,0,0,0,0,2,3,2
1,4,7,13,38,82,174,230,262,172,78,26,11,5,17,47,66,178,218,237,178,80,26,36,14,9,14,15,28,28,51,72,92,94,143,169,232,183,186,156,214,175,171,175,154,182,207,206,238,238,202,172,146,143,165,160,159,183,202,203,199,166,166,195,249,204,208,208,223,215,191,167,115,107,112,145,162,207,196,171,84,38,9,2,1,0,0,0,0,0,0,0,0,0,0,0,2,1,0,2
3,5,6,18,37,102,177,236,256,177,68,28,6,8,11,33,98,180,200,241,158,88,43,24,23,11,12,15,28,28,45,69,79,112,151,154,233,187,186,176,182,200,181,164,164,164,188,215,235,214,218,175,148,165,173,160,165,158,189,189,214,172,186,223,212,213,209,201,204,215,208,160,135,100,128,129,176,204,204,148,93,45,9,1,0,0,0,0,0,0,0,0,0,0,0,0,2,0,3,3
2,4,8,20,35,94,170,245,248,170,74,24,12,3,11,30,95,176,223,222,150,98,44,18,10,11,11,16,22,33,60,65,82,115,142,186,209,182,152,188,215,184,169,167,189,155,194,200,244,216,197,177,161,197,157,148,147,170,181,194,203,171,175,185,223,243,206,199,198,214,196,191,133,126,123,134,156,172,203,173,86,43,6,1,0,0,0,0,0,0,0,0,0,0,0,0,0,1,3,4
5,3,13,18,46,90,166,245,223,177,82,20,13,7,22,30,74,190,234,227,164,89,41,19,12,11,19,13,25,30,63,72,77,111,143,159,218,189,202,177,176,199,192,157,157,178,177,223,225,241,192,164,167,155,142,154,152,181,193,185,200,189,178,194,201,221,235,188,213,204,187,191,133,125,110,141,155,203,214,148,95,25,7,1,1,0,0,0,0,0,0,0,0,0,0,0,0,2,2,1
4,4,6,20,38,100,159,236,248,169,81,24,10,13,10,28,85,175,234,230,164,89,28,16,15,12,14,20,34,35,55,72,85,106,132,158,212,216,179,182,187,159,203,152,166,156,198,238,234,235,168,168,181,160,144,151,153,190,176,206,186,190,171,189,218,213,205,206,204,203,177,176,179,123,125,143,137,215,213,156,79,35,7,2,0,0,0,0,0,0,0,0,0,0,0,0,1,1,1,2
2,3,10,22,37,90,134,247,235,190,90,29,11,19,15,33,91,176,224,239,147,88,39,12,16,10,12,18,33,53,53,52,80,94,154,174,200,197,190,196,156,184,196,160,169,178,182,199,258,225,181,178,174,162,150,144,154,177,195,200,168,204,180,190,206,240,208,215,194,189,184,174,165,118,111,130,171,199,225,149,84,22,5,2,0,0,0,0,0,0,0,0,0,0,0,0,1,2,1,3
3,3,14,15,39,93,151,235,263,170,94,23,15,13,15,30,88,167,219,207,167,85,38,27,13,16,9,21,30,47,49,57,78,124,148,184,208,188,197,166,191,160,177,180,174,160,197,200,233,230,189,192,164,154,155,143,158,183,162,190,195,169,204,193,218,229,194,201,187,220,187,183,139,141,102,129,174,238,204,154,80,34,4,2,0,0,0,0,0,0,0,0,0,0,0,0,3,3,2,0
2,2,8,21,35,81,160,254,258,180,75,27,12,15,10,52,97,137,231,217,165,79,38,21,18,16,19,20,40,46,40,54,96,107,152,171,201,195,173,162,164,205,168,185,176,185,173,208,258,199,201,182,153,153,166,177,169,153,174,180,185,187,187,194,218,224,197,207,203,219,194,171,127,121,122,125,170,226,213,148,66,22,10,3,1,0,0,0,0,0,0,0,0,0,0,0,0,1,3,3
5,5,5,17,32,76,171,271,239,173,74,36,14,11,17,37,103,171,194,218,165,99,49,22,12,17,21,33,45,40,35,62,82,121,143,172,199,176,188,166,188,172,177,186,170,157,180,248,199,218,199,167,170,159,163,166,189,159,165,179,175,189,191,214,205,213,210,203,239,203,211,157,146,122,119,123,170,209,227,149,80,24,10,3,2,0,0,0,0,0,0,0,0,0,0,0,0,0,1,2
4,5,9,16,24,91,164,243,268,189,73,31,14,10,12,36,81,164,207,213,172,112,60,16,15,12,28,28,47,41,44,47,83,126,139,183,186,193,182,182,200,177,180,171,154,177,189,221,231,229,196,177,140,165,155,177,178,171,199,165,216,167,170,181,200,213,214,223,225,209,187,169,130,129,114,127,166,219,207,159,81,26,6,1,0,0,0,0,0,0,0,0,0,0,0,0,0,0,1,3
3,5,5,13,43,87,178,232,270,168,72,35,19,6,18,40,79,144,193,196,170,122,48,32,12,20,21,31,37,42,50,68,94,111,139,166,177,210,206,172,175,166,167,179,145,194,201,206,228,227,202,152,186,153,155,163,180,172,183,198,203,152,156,219,201,226,240,174,222,202,183,182,155,113,113,137,159,193,239,165,86,24,5,2,0,0,0,0,0,0,0,0,0,0,0,0,0,1,2,7
7,2,3,12,47,79,145,245,240,192,86,36,18,3,24,40,103,169,193,206,155,115,59,22,16,12,24,29,35,34,61,75,82,118,147,175,182,202,185,182,174,181,168,161,169,168,199,193,248,225,187,184,162,138,148,165,175,167,187,176,188,174,184,185,193,227,216,230,215,194,203,163,147,128,131,124,161,219,212,160,81,26,6,0,0,0,0,0,0,0,0,0,0,0,0,0,0,1,3,6
3,4,6,23,34,86,161,238,241,171,92,32,10,15,16,37,86,151,202,218,149,93,51,24,25,14,18,36,45,41,53,86,80,105,140,166,202,210,185,180,165,147,165,183,157,177,184,189,240,248,202,174,152,150,133,185,164,173,194,162,204,196,178,198,178,209,232,229,197,200,188,177,140,123,135,117,159,195,224,172,89,27,10,2,0,0,0,0,0,0,0,0,0,0,0,0,0,1,3,5
3,5,8,18,47,83,184,244,235,170,78,24,14,8,16,41,82,145,195,217,169,95,57,27,26,18,26,40,47,52,51,75,86,107,142,158,186,198,191,184,170,156,176,172,175,170,194,183,260,237,187,177,176,142,155,164,157,188,174,185,166,171,170,200,227,201,210,225,202,184,177,172,181,148,109,119,165,212,215,168,82,35,7,0,0,0,0,0,0,0,0,0,0,0,0,0,1,0,4,2
3,6,19,22,43,77,150,252,260,161,77,28,13,13,13,42,99,132,201,203,164,95,48,24,38,25,24,36,46,60,55,61,81,104,150,156,206,200,171,197,190,161,179,165,166,172,162,210,236,218,221,157,154,129,139,175,167,170,173,193,175,165,181,227,224,186,189,242,201,197,186,166,173,137,116,139,144,229,211,166,88,30,7,1,0,0,0,0,0,0,0,0,0,0,0,0,0,2,6,4
8,14,18,23,42,104,157,207,234,174,88,35,12,9,17,41,89,145,178,210,153,105,63,37,29,29,31,45,46,46,53,64,98,115,129,179,201,165,179,182,194,174,150,186,177,153,195,215,217,252,195,154,139,153,155,145,171,169,185,191,181,173,192,211,211,195,192,215,202,199,182,157,164,143,130,148,162,179,213,158,85,31,8,2,0,0,0,0,0,0,0,0,0,0,0,0,1,2,5,3
7,11,11,16,53,80,166,219,261,155,77,35,16,21,18,37,79,145,180,190,129,101,61,42,34,32,32,42,51,58,57,72,105,100,132,149,209,182,176,188,189,149,173,158,165,157,204,223,229,252,173,184,152,172,163,138,154,202,184,186,165,167,206,203,201,204,185,215,203,192,199,180,188,132,147,117,165,162,202,172,89,30,14,6,0,0,0,0,0,0,0,0,0,0,0,0,0,1,7,12
14,10,13,15,41,95,174,236,224,147,73,37,17,22,25,49,83,130,153,182,143,92,47,45,35,42,37,46,44,46,75,67,95,112,132,154,173,187,175,184,182,170,162,156,158,154,224,203,230,221,173,155,189,151,144,150,167,168,199,168,181,192,180,206,213,206,214,197,217,194,186,169,161,148,128,141,170,171,173,164,95,47,17,5,2,0,0,0,0,0,0,0,0,0,1,1,1,3,6,8
16,9,19,15,52,95,157,184,181,139,87,37,21,19,24,41,79,119,175,160,109,82,65,34,37,33,35,35,48,55,57,80,85,97,135,142,128,182,161,196,182,158,135,166,147,175,175,184,237,221,169,155,142,135,126,161,155,180,163,172,158,168,187,200,193,195,195,208,228,177,169,174,159,150,127,153,142,169,163,115,106,46,32,9,3,1,0,0,0,0,0,0,0,1,1,0,1,2,2,8
3,10,13,27,47,83,104,145,151,119,74,34,14,19,20,44,71,89,122,133,79,65,51,22,18,24,31,27,32,41,48,42,71,90,77,109,134,142,162,149,168,152,136,139,140,154,152,169,203,181,161,149,128,116,109,129,125,121,149,132,158,142,148,180,188,196,187,196,181,175,146,130,121,114,109,113,131,154,134,122,68,39,23,8,2,3,0,0,0,0,0,0,0,0,0,0,0,2,4,4
3,6,14,13,30,46,70,92,90,54,42,16,8,16,13,20,43,60,71,71,58,46,21,14,7,14,18,15,13,17,26,28,44,40,53,79,80,102,112,104,87,114,97,106,101,121,116,144,160,128,124,100,89,77,74,102,95,103,90,109,87,97,136,117,152,152,145,172,159,121,101,91,86,77,85,73,78,86,91,67,38,28,13,7,1,2,1,1,0,0,0,0,0,0,0,0,1,1,2,1
1,3,2,4,10,22,22,30,28,23,20,8,6,5,4,9,17,23,24,24,18,18,13,9,5,9,6,7,3,4,9,14,21,22,27,24,44,42,34,46,61,53,51,54,62,64,59,81,108,84,73,46,49,38,30,45,51,50,50,52,48,51,71,64,83,93,113,92,76,67,59,36,47,26,37,31,52,48,31,26,14,12,7,6,0,0,1,0,0,0,0,0,0,0,0,0,0,0,0,2
0,1,1,0,0,8,3,8,7,5,2,4,0,1,1,3,6,5,2,1,4,3,4,3,1,4,1,2,0,1,3,2,3,6,7,6,22,13,12,10,21,19,10,18,12,25,32,38,35,33,25,17,13,12,12,16,19,17,9,14,17,16,25,21,32,31,42,35,35,24,20,17,14,12,10,10,9,14,12,5,6,0,1,3,0,0,0,0,0,0,0,0,0,0,0,0,0,0,0,0
0,0,0,1,0,0,1,0,2,0,2,1,0,0,0,0,0,0,0,0,0,0,0,0,1,0,2,0,0,0,0,0,0,2,0,2,2,3,1,4,2,3,1,1,2,4,6,8,9,4,3,5,3,1,1,1,1,1,0,4,3,3,0,4,3,5,9,5,4,3,1,3,1,0,0,1,1,2,0,1,2,0,0,0,0,0,0,0,0,0,0,0,0,0,0,0,0,0,0,0
0,0,0,0,0,0,0,0,0,0,0,0,0,0,0,0,0,0,0,0,0,0,0,0,0,0,0,0,0,0,0,0,0,0,0,0,0,0,0,0,0,0,0,1,0,1,0,0,0,2,0,1,0,0,0,0,0,0,0,1,1,1,0,0,1,2,1,0,1,0,0,0,0,0,0,0,0,0,0,0,0,0,1,0,0,0,0,0,0,0,0,0,0,0,0,0,0,0,0,0
0,0,0,0,0,0,0,0,0,0,0,0,0,0,0,0,0,0,0,0,0,0,0,0,0,0,0,0,0,0,0,0,0,0,0,0,0,0,0,0,0,0,0,0,0,0,0,0,0,0,0,0,0,0,0,0,0,0,0,0,0,0,0,1,0,1,0,0,0,0,0,0,0,0,0,0,0,0,0,0,0,0,0,0,0,0,0,0,0,0,0,0,0,0,0,0,0,0,0,0
0,0,0,0,0,0,0,0,0,0,0,0,0,0,0,0,0,0,0,0,0,0,0,0,0,0,0,0,0,0,0,0,0,0,0,0,0,0,0,0,0,0,0,0,0,0,0,0,0,0,0,0,0,0,0,0,0,0,0,0,0,0,0,0,0,0,0,0,0,0,0,0,0,0,0,0,0,0,0,0,0,0,0,0,0,0,0,0,0,0,0,0,0,0,0,0,0,0,0,0
0,0,0,0,0,0,0,0,0,0,0,0,0,0,0,0,0,0,0,0,0,0,0,0,0,0,0,0,0,0,0,0,0,0,0,0,0,0,0,0,0,0,0,0,0,0,0,0,0,0,0,0,0,0,0,0,0,0,0,0,0,0,0,0,0,0,0,0,0,0,0,0,0,0,0,0,0,0,0,0,0,0,0,0,0,0,0,0,0,0,0,0,0,0,0,0,0,0,0,0
0,0,0,0,0,0,0,0,0,0,0,0,0,0,0,0,0,0,0,0,0,0,0,0,0,0,0,0,0,0,0,0,0,0,0,0,0,0,0,0,0,0,0,0,0,0,0,0,0,0,0,0,0,0,0,0,0,0,0,0,0,0,0,0,0,0,0,0,0,0,0,0,0,0,0,0,0,0,0,0,0,0,0,0,0,0,0,0,0,0,0,0,0,0,0,0,0,0,0,0
0,0,0,0,0,0,0,0,0,0,0,0,0,0,0,0,0,0,0,0,0,0,0,0,0,0,0,0,0,0,0,0,0,0,0,0,0,0,0,0,0,0,0,0,0,0,0,0,0,0,0,0,0,0,0,0,0,0,0,0,0,0,0,0,0,0,0,0,0,0,0,0,0,0,0,0,0,0,0,0,0,0,0,0,0,0,0,0,0,0,0,0,0,0,0,0,0,0,0,0
