parameters (x,y,w,h,rx,ry):-5,0,10.000000,40.000000,100,100
35,30,45,33,50,43,52,63,55,43,33,24,41,28,42,53,49,51,42,42,40,48,33,23,67,55,67,65,64,46,45,32,38,39,36,41,38,39,51,36,43,24,28,30,42,52,76,69,72,59,79,48,61,55,56,55,54,77,57,70,35,47,51,50,53,55,67,68,70,65,57,56,45,61,46,65,60,82,59,61,60,61,37,46,52,61,61,53,51,43,48,35,38,46,47,59,60,45,43,49
84,84,85,73,82,118,114,131,130,99,72,73,72,62,94,95,97,133,116,113,91,86,63,73,101,102,158,158,173,117,117,92,68,73,73,77,92,110,112,83,65,67,69,81,98,112,154,174,159,146,132,128,117,145,118,136,139,153,166,124,86,88,91,120,123,119,149,152,165,128,116,97,118,117,142,142,142,145,152,142,114,105,99,96,114,135,137,120,135,100,86,84,82,83,115,107,126,128,117,103
78,72,71,68,78,116,105,152,132,115,87,77,49,85,89,75,100,135,152,101,111,71,66,67,78,113,145,188,155,126,127,78,71,61,66,100,98,106,100,96,80,52,57,58,101,128,136,166,174,160,135,113,128,116,141,156,152,159,150,125,97,90,90,92,124,132,151,177,161,140,116,105,101,119,124,160,159,166,145,135,112,107,97,97,128,99,138,130,128,107,93,69,79,73,111,105,114,153,127,106
91,55,66,77,77,104,125,124,130,119,95,71,57,61,78,103,112,134,130,106,105,83,53,64,80,102,132,158,175,150,109,88,60,58,67,82,98,111,106,91,69,69,62,59,87,125,127,161,182,181,141,115,96,118,130,149,161,188,166,122,103,87,92,81,118,119,142,185,169,158,127,101,92,108,155,149,157,152,152,138,127,100,88,108,93,126,113,161,112,119,89,93,77,84,100,90,137,139,132,109
93,60,71,59,67,102,130,150,113,136,89,74,51,72,77,106,120,110,116,119,95,80,83,77,76,96,140,157,182,155,125,79,69,65,69,75,107,102,113,97,60,67,62,66,79,81,132,163,191,170,127,130,101,109,129,150,177,192,158,126,101,93,84,92,102,129,137,170,172,161,121,108,103,89,149,163,153,163,172,130,130,109,96,91,84,119,133,150,123,125,77,78,72,90,86,121,132,126,167,101
90,53,77,62,72,89,116,139,165,128,107,57,57,70,69,103,104,112,142,123,93,79,68,70,83,84,128,171,179,186,136,70,61,57,59,84,105,106,118,103,78,58,59,63,69,79,104,170,197,180,147,113,119,87,120,133,188,203,145,140,98,87,82,83,110,123,152,182,180,130,131,96,95,103,133,133,183,174,149,146,139,103,96,92,85,110,126,136,143,123,97,77,53,83,93,110,134,129,141,128
83,66,59,68,89,89,114,133,159,149,100,64,60,52,76,96,101,129,133,115,87,69,82,56,97,103,128,141,176,173,159,77,69,46,57,66,102,112,116,104,94,74,43,54,60,82,111,153,186,183,146,118,115,105,118,130,185,194,168,143,97,83,79,87,111,124,133,178,183,144,113,106,110,93,137,142,154,177,154,151,131,112,105,90,95,124,125,110,156,137,91,74,70,64,99,107,120,151,129,117
79,67,71,57,72,77,132,126,172,160,94,60,45,60,50,82,116,128,128,138,101,74,66,55,85,111,125,175,185,176,113,94,61,55,68,70,105,108,130,90,98,90,65,47,54,77,112,158,185,184,139,122,104,105,103,131,189,160,170,146,95,97,78,82,100,115,139,169,188,163,122,85,106,97,122,143,149,172,161,153,131,117,102,101,105,110,110,132,137,118,113,77,62,68,94,113,150,147,149,112
89,56,64,54,67,82,115,148,166,134,92,69,56,52,58,71,101,131,129,121,123,89,56,62,73,107,130,164,209,149,118,93,68,62,59,62,91,108,123,112,99,79,64,48,45,71,94,184,186,184,144,133,111,96,103,120,173,191,169,145,119,95,92,81,96,117,130,200,176,157,113,102,94,117,99,136,157,165,189,136,142,106,103,114,106,109,116,123,152,125,99,78,72,58,80,109,167,160,152,118
90,69,56,54,69,77,123,168,157,151,89,71,63,47,48,68,94,145,116,127,103,85,66,66,76,105,124,172,186,160,135,100,67,52,58,60,106,94,108,115,104,81,69,47,43,66,98,146,184,202,150,130,120,105,105,125,148,176,201,147,114,78,81,74,111,127,139,165,165,170,133,88,96,125,108,116,154,175,152,158,136,114,99,97,134,122,124,122,143,126,113,68,60,57,70,107,157,161,156,118
71,84,59,72,75,81,119,152,156,142,107,59,64,50,43,76,92,120,145,124,114,63,68,60,84,77,136,174,191,173,116,77,65,58,55,72,72,109,105,107,106,86,85,60,53,73,84,144,171,192,167,145,115,90,109,140,149,189,169,139,110,95,88,74,101,115,144,162,172,158,135,101,97,103,101,129,178,180,152,150,138,132,90,104,108,119,140,142,142,128,92,76,67,73,77,98,169,148,157,127
89,49,85,65,74,96,118,132,147,162,109,70,46,41,56,85,80,127,148,129,86,71,72,67,74,108,123,173,189,213,131,76,63,56,52,65,81,109,99,105,96,81,80,71,73,79,100,137,147,170,175,138,95,115,118,125,145,174,159,159,111,110,75,91,88,102,137,189,175,180,102,106,81,80,85,137,168,172,180,161,120,107,113,106,105,107,168,143,149,117,102,80,59,62,54,107,159,155,166,139
85,74,62,63,61,90,128,140,158,151,101,78,63,44,58,89,87,119,122,120,97,83,61,65,65,96,126,175,191,180,145,79,64,64,41,53,58,108,112,109,90,94,72,69,80,92,86,123,183,184,156,119,112,109,115,130,162,164,175,151,114,99,75,62,91,103,153,184,195,131,137,91,95,104,97,140,153,202,184,167,124,107,93,101,101,133,137,159,150,123,94,76,65,76,75,83,147,183,159,105
88,65,75,60,69,78,126,134,189,112,110,80,68,49,59,65,90,123,103,137,113,80,58,58,75,92,121,165,205,179,141,81,63,52,57,57,66,99,107,116,96,79,65,64,69,75,117,123,143,186,176,138,121,87,101,139,150,175,196,157,111,92,77,58,77,108,145,181,187,183,143,106,87,95,112,119,157,184,170,156,138,122,97,75,104,126,144,162,145,131,111,78,54,67,65,114,149,160,165,106
103,75,51,60,73,87,122,139,152,134,118,89,64,52,65,61,83,116,133,126,105,80,65,63,73,100,124,184,191,156,145,106,51,55,69,80,74,88,91,115,96,74,72,73,70,77,98,127,151,197,170,127,115,79,114,119,164,184,167,146,135,103,64,60,75,111,116,173,192,175,157,96,89,75,114,131,191,168,171,138,144,110,103,81,92,121,163,159,172,107,98,84,68,78,85,96,152,167,130,135
101,86,61,62,67,74,123,149,152,117,125,85,45,54,51,80,104,117,128,122,88,83,72,58,88,82,135,170,186,171,140,118,51,82,49,59,79,93,96,92,85,74,75,68,74,81,103,115,174,174,171,154,99,93,100,135,156,159,178,160,118,101,92,73,83,94,141,155,199,178,169,94,92,86,107,132,177,159,199,175,129,103,78,74,88,127,142,154,171,141,99,72,58,72,84,111,144,156,152,127
96,82,66,73,69,76,120,137,149,132,103,88,67,52,60,69,88,143,146,108,89,71,74,62,82,101,132,163,182,167,134,110,63,68,57,55,100,98,82,84,80,74,83,59,66,101,107,132,156,183,154,155,105,92,105,146,142,178,165,126,137,100,81,74,80,107,114,156,176,199,155,116,82,68,117,127,172,172,189,185,121,96,79,70,92,113,145,172,160,133,106,93,47,58,80,130,154,163,149,115
90,88,66,73,68,91,133,140,149,137,96,88,57,40,58,70,94,119,147,137,82,74,70,63,74,84,126,193,186,177,140,97,74,56,55,57,85,103,87,87,102,84,63,49,57,77,127,128,155,194,163,137,125,99,104,127,145,186,160,159,116,106,80,73,91,100,123,150,182,181,146,110,78,98,114,120,163,176,186,171,144,100,91,70,74,100,152,170,157,142,111,64,59,55,86,120,151,165,148,111
86,80,64,71,81,85,102,146,136,133,110,91,62,55,66,83,82,97,133,143,94,70,79,73,63,96,143,161,179,166,142,105,65,54,63,76,79,91,91,101,85,70,69,59,62,73,106,145,172,189,149,144,99,118,104,126,157,174,179,148,134,100,83,64,84,98,131,166,182,158,157,99,72,87,102,123,177,152,200,159,149,110,88,72,92,126,136,147,160,147,108,73,57,58,81,115,141,186,159,119
100,67,67,74,86,83,118,114,143,131,114,91,60,54,64,74,98,100,123,143,90,80,66,66,82,93,136,145,173,193,163,84,62,65,59,73,91,82,86,95,76,86,77,64,64,68,116,127,182,180,170,117,117,110,122,133,148,180,174,159,112,96,90,81,76,110,113,180,180,182,147,105,85,75,87,123,158,175,178,174,158,113,96,85,83,112,134,159,177,139,103,72,58,51,84,99,145,179,155,136
114,72,63,76,71,85,103,128,159,138,108,82,58,66,56,75,69,122,135,121,104,103,72,70,62,119,110,155,180,171,134,100,80,56,50,67,81,103,78,113,80,67,82,89,52,85,102,147,184,139,139,115,115,92,120,149,171,179,181,142,107,112,85,85,85,100,132,156,174,178,146,102,85,81,111,112,131,162,183,176,155,125,73,82,99,115,131,148,178,136,119,87,54,40,70,110,136,187,153,130
95,74,69,59,73,76,109,123,164,149,104,66,59,69,60,75,100,97,129,115,110,105,76,59,80,101,122,160,173,170,134,104,82,52,50,71,84,71,110,95,93,82,87,58,86,74,109,114,170,151,157,131,112,95,96,152,168,177,188,153,117,97,99,87,89,85,116,156,198,183,140,102,94,81,93,122,137,179,181,173,144,126,92,87,110,104,117,144,187,139,117,89,49,40,74,104,138,158,176,137
95,95,69,57,68,96,99,141,143,143,124,83,59,50,62,73,102,95,113,108,103,101,72,77,90,94,117,142,175,178,150,109,67,52,59,53,76,88,116,88,83,79,83,70,73,77,92,111,162,161,157,147,120,101,92,143,161,180,173,143,121,116,78,103,83,106,130,167,196,175,133,121,82,84,96,111,150,174,182,163,160,98,102,85,104,111,124,151,148,151,128,100,60,51,62,109,158,153,158,141
100,79,68,59,77,99,124,110,143,115,132,86,63,52,60,68,98,105,129,119,105,94,59,81,80,110,119,143,174,180,160,91,63,55,60,72,75,95,95,100,88,78,78,69,76,78,109,125,159,173,139,149,109,93,110,138,169,176,168,162,120,104,92,73,100,99,157,169,190,172,119,121,82,104,97,103,174,185,187,147,143,112,95,89,94,115,146,134,155,153,95,90,74,46,62,91,144,168,168,132
121,71,66,60,65,95,102,125,146,148,108,89,56,56,59,73,91,96,118,135,114,95,62,71,100,99,117,172,159,171,135,110,71,60,46,73,60,81,109,94,82,82,69,76,67,88,99,129,172,160,141,134,99,115,102,146,155,175,195,125,118,103,88,70,95,95,156,181,171,159,149,116,96,101,97,120,144,174,170,150,170,129,87,69,97,96,131,161,156,167,95,75,67,57,69,92,123,167,165,138
114,78,76,62,63,84,123,140,148,144,96,82,63,55,53,74,75,114,135,127,105,86,72,73,75,81,131,163,174,170,151,106,74,62,52,57,69,89,95,90,76,87,77,59,82,84,102,144,161,181,141,110,118,89,102,169,179,176,150,140,125,90,109,97,80,94,150,154,199,178,154,122,92,85,97,127,147,137,169,186,157,126,85,76,90,97,146,180,160,148,111,75,61,54,64,83,123,174,148,143
118,79,80,60,61,69,124,153,140,133,114,76,59,56,50,68,83,117,110,140,116,100,66,78,76,100,117,163,179,181,146,113,73,66,52,62,76,83,105,84,85,76,71,63,67,91,94,130,185,174,147,122,102,85,103,144,204,159,152,144,110,99,92,91,92,113,132,173,182,186,150,103,98,80,111,100,139,174,196,165,146,117,95,68,90,114,141,156,166,146,114,75,51,67,70,102,132,141,174,144
121,88,72,69,72,71,105,144,160,138,115,82,50,61,45,65,92,94,134,130,112,81,80,55,83,111,130,166,176,178,130,107,92,56,64,68,67,109,84,83,75,84,76,68,61,86,92,133,156,180,159,131,114,89,109,139,158,180,181,133,107,94,93,96,105,113,127,163,179,170,176,118,82,86,101,105,128,183,195,187,140,110,93,81,78,116,133,173,172,145,119,63,59,47,73,112,123,155,151,135
102,80,73,67,75,71,119,121,168,134,117,80,63,55,50,55,80,123,114,131,102,98,65,74,73,89,163,152,182,161,121,116,74,69,63,75,88,96,107,77,87,74,72,58,77,82,79,131,168,152,155,147,118,112,91,130,154,185,172,116,107,110,91,105,94,108,140,183,183,189,150,128,104,80,114,82,121,165,184,208,169,118,94,82,87,96,131,162,174,150,106,86,56,61,59,108,135,162,142,154
130,72,79,66,56,70,115,133,157,160,119,72,66,54,54,65,82,105,125,127,123,93,82,75,62,112,112,147,185,172,142,83,82,65,68,68,100,94,95,78,81,60,74,72,63,81,109,137,153,149,173,152,118,103,92,139,132,199,166,151,100,88,76,113,86,107,115,189,175,183,159,104,105,102,79,102,117,171,180,186,169,137,99,87,74,106,136,161,175,116,126,77,71,67,63,80,123,167,157,135
122,96,79,68,68,66,109,134,156,150,116,85,46,67,56,62,85,100,120,129,112,93,73,72,78,86,128,159,178,171,140,114,75,57,65,62,87,107,86,79,75,80,69,76,60,86,92,113,168,148,173,150,121,104,113,118,154,195,162,121,116,98,86,72,87,126,130,163,173,167,136,142,102,87,105,113,134,177,174,175,165,130,103,58,85,107,121,173,144,150,97,92,82,46,62,87,129,143,160,127
124,99,69,59,77,56,102,151,161,152,104,80,67,51,53,69,84,108,147,120,106,87,65,74,76,106,113,165,152,193,143,105,71,74,63,67,64,95,98,88,66,70,71,76,83,81,82,126,161,152,160,140,130,116,94,119,177,189,165,135,122,102,75,99,83,98,137,171,175,181,137,123,108,99,88,122,148,169,169,203,142,124,86,80,87,121,142,157,142,141,88,95,65,55,70,83,125,159,155,124
116,89,86,70,69,95,107,140,158,145,100,81,57,63,51,65,96,109,123,131,103,88,69,69,75,95,133,185,173,174,133,89,61,79,68,86,75,71,96,82,80,70,61,84,74,76,99,143,156,137,174,148,122,123,80,121,173,174,164,129,136,109,98,72,86,101,153,183,187,173,130,123,110,85,114,117,135,168,199,181,138,135,92,72,87,101,153,161,145,151,117,76,56,60,80,83,117,155,148,131
98,90,83,70,69,79,125,132,158,155,111,68,57,59,53,66,89,112,141,109,107,90,83,58,85,104,130,150,180,163,149,96,71,68,69,76,77,74,95,93,74,66,63,68,63,81,96,145,140,168,158,148,136,130,92,125,146,154,183,140,133,96,78,85,78,104,150,168,181,160,156,108,95,101,119,118,152,170,181,179,143,116,99,86,90,108,124,153,143,163,101,89,63,64,69,87,114,170,134,145
109,89,66,66,73,105,102,129,175,152,111,78,60,40,62,56,80,94,133,117,106,87,84,85,89,112,120,124,167,182,140,112,73,57,72,69,72,75,99,99,99,59,45,55,66,93,98,152,136,180,159,141,121,116,103,124,127,165,171,145,144,109,88,79,82,104,136,152,201,166,135,123,99,99,96,135,145,171,192,173,154,117,97,83,89,95,146,123,162,140,120,86,64,56,61,99,134,147,155,124
113,64,90,64,68,89,119,134,176,144,121,71,48,51,53,56,70,95,141,129,114,79,62,68,89,110,125,163,152,175,139,106,78,61,63,72,85,88,75,88,97,76,53,48,53,81,108,158,158,149,181,132,113,102,122,111,160,168,163,135,129,103,89,83,106,111,119,154,196,185,141,110,113,89,94,121,155,158,195,182,162,112,88,81,96,95,134,171,147,120,146,98,79,44,53,96,142,157,146,133
102,80,83,66,52,94,115,136,178,140,128,79,64,29,55,62,82,107,129,148,109,86,55,66,75,111,129,153,175,174,130,88,84,72,64,76,81,89,75,92,77,75,74,58,49,78,102,155,167,151,138,134,132,111,113,141,159,151,165,154,127,101,78,98,107,96,138,141,188,195,151,134,90,102,90,134,155,161,189,169,156,104,112,88,103,100,131,149,160,127,133,102,76,63,55,86,123,159,162,118
103,87,57,61,63,91,126,128,168,136,126,87,65,42,56,54,93,101,140,119,115,79,65,67,70,98,127,147,181,199,135,72,64,72,88,79,75,98,79,84,69,62,86,64,52,77,114,135,161,177,142,128,96,141,106,116,169,161,165,156,115,95,87,99,94,105,138,157,169,178,156,106,103,88,109,107,130,185,194,163,157,108,102,100,96,109,129,139,157,140,107,111,81,80,63,90,126,132,176,129
101,81,78,56,74,91,104,155,144,159,109,82,57,49,64,62,85,126,105,135,117,59,76,64,79,92,116,148,163,175,153,101,64,72,69,84,80,89,94,98,72,68,53,66,80,70,99,157,174,153,155,135,117,100,115,133,155,161,145,146,134,106,98,87,94,111,119,167,184,175,133,113,109,105,89,130,121,187,199,154,130,118,105,104,111,110,123,130,139,151,130,90,73,73,77,96,112,172,162,113
87,83,93,59,81,80,104,148,173,145,116,73,50,57,43,66,91,103,139,119,101,82,85,62,81,113,108,164,173,144,151,97,80,52,57,79,91,91,83,96,81,71,59,64,80,74,108,144,172,163,141,135,109,114,107,134,164,178,165,144,119,95,109,97,92,111,128,165,175,202,151,122,100,94,97,114,138,167,172,173,136,133,100,86,92,120,124,125,145,135,125,92,80,59,73,86,142,166,140,128
109,79,68,74,83,82,112,130,159,149,126,72,69,54,55,55,96,118,114,108,95,88,79,82,78,103,120,154,148,163,132,92,64,70,52,77,95,96,84,82,72,68,64,60,64,81,120,158,171,180,143,115,114,89,99,138,179,194,156,133,106,95,104,91,103,117,138,147,169,187,177,128,95,79,109,129,147,146,183,161,150,114,107,96,96,116,106,132,143,142,120,102,76,62,84,94,133,136,160,138
106,75,67,78,88,84,110,120,151,158,136,66,55,51,58,62,89,113,131,110,103,79,72,77,90,101,131,145,162,146,127,103,80,53,61,73,95,102,86,71,77,73,57,48,61,90,108,157,173,150,163,129,100,108,114,124,159,180,178,149,111,76,92,100,109,101,130,160,153,216,156,117,97,70,93,135,151,159,175,170,165,121,102,89,96,108,129,145,144,152,102,88,86,70,77,83,146,136,157,141
113,72,62,80,80,102,108,145,145,149,120,83,60,54,69,69,75,105,113,117,106,75,63,72,89,103,127,160,150,135,145,117,79,50,55,72,84,100,104,83,72,66,52,66,59,84,104,122,169,150,145,141,133,96,114,138,148,173,175,162,110,86,89,96,109,112,120,158,174,193,169,116,84,82,95,122,140,144,159,189,173,132,99,82,84,106,126,126,161,157,113,72,87,73,70,97,124,151,165,127
112,82,70,79,74,102,126,137,150,141,122,82,66,68,52,71,80,123,93,131,103,91,64,73,93,94,123,149,163,154,137,106,70,47,56,75,106,107,92,83,73,67,68,51,67,65,96,172,148,154,151,138,123,84,109,133,136,202,177,156,101,86,90,88,99,127,123,168,193,172,147,131,81,75,97,118,151,146,197,150,167,121,126,83,97,97,139,154,151,144,110,91,80,71,70,110,137,122,174,122
106,77,77,74,70,95,115,131,162,147,101,96,77,61,58,67,91,109,112,129,88,85,70,66,83,106,120,175,155,140,119,99,70,68,61,69,92,83,109,91,81,80,54,66,62,68,113,123,166,181,153,132,107,85,100,133,159,168,173,175,129,88,80,72,87,124,142,172,202,165,130,129,109,82,102,103,151,178,157,170,158,126,92,111,108,100,143,156,144,137,94,80,73,71,65,87,130,170,158,138
81,77,72,68,73,85,132,159,145,144,121,89,65,59,63,74,96,111,123,103,85,81,65,59,81,112,138,177,165,134,118,99,67,59,54,69,84,101,106,94,86,66,57,51,58,85,109,140,175,160,156,111,106,105,100,124,176,166,174,179,132,107,64,71,95,130,156,163,188,184,115,128,87,90,104,114,153,172,182,164,154,108,91,91,123,127,151,149,145,131,75,83,78,71,71,94,124,171,160,149
102,70,59,77,76,94,118,152,144,135,120,102,68,42,66,84,93,120,116,117,67,77,66,63,65,88,161,177,171,152,124,93,58,46,62,85,92,93,110,94,76,65,54,49,55,76,101,159,155,163,159,130,103,99,93,144,164,199,163,140,136,111,72,88,81,127,135,169,179,173,143,120,108,107,110,105,126,162,184,184,137,146,95,87,99,129,149,142,157,128,93,83,71,62,67,94,145,150,173,122
118,72,71,61,73,103,118,151,168,125,103,90,86,52,48,85,103,117,110,113,101,71,75,60,71,106,154,153,166,159,109,89,63,56,69,68,91,92,102,102,77,67,56,49,51,78,103,132,173,174,158,129,116,81,112,138,153,188,183,138,121,104,95,63,92,111,160,174,172,167,125,115,125,104,119,111,155,151,170,168,169,124,110,86,94,139,156,169,145,110,111,83,59,75,73,102,127,148,143,127
99,77,52,61,74,95,120,156,159,157,119,91,74,57,61,51,102,109,129,127,103,80,51,60,85,99,140,163,186,153,129,84,49,58,71,61,87,91,113,124,80,56,60,52,53,74,87,150,169,168,149,127,110,104,103,113,165,208,175,152,111,82,97,70,86,97,163,165,175,172,141,119,113,119,99,128,146,151,174,176,140,102,105,101,86,128,153,149,139,137,110,83,65,71,74,105,122,136,158,155
112,77,67,60,65,79,112,138,169,144,99,106,79,62,48,62,90,117,129,130,84,67,67,58,78,113,133,164,176,138,153,81,75,45,48,55,78,98,105,119,89,71,53,68,56,64,92,134,183,165,140,139,105,109,116,106,138,169,213,172,103,96,73,77,72,108,157,167,157,161,166,130,124,102,103,123,157,151,183,153,153,101,98,97,100,101,135,167,170,140,94,85,72,70,77,105,114,161,154,134
103,90,76,72,65,71,105,138,161,165,106,92,80,72,58,78,78,122,125,125,84,88,56,61,71,125,134,146,197,155,138,91,68,51,48,57,78,82,106,108,104,78,54,62,50,76,91,141,168,157,152,140,109,109,99,127,154,153,199,167,107,106,74,87,81,101,146,174,197,147,128,122,130,119,109,120,149,151,162,159,150,118,109,80,99,115,141,154,179,133,109,73,67,76,65,102,116,149,145,169
114,85,70,66,76,96,113,125,168,139,108,92,71,91,55,65,99,113,136,118,91,84,62,66,80,101,145,145,180,167,141,86,70,58,48,60,91,85,108,89,70,74,56,66,67,69,94,120,157,157,164,133,127,104,113,116,148,179,171,148,122,109,76,65,77,125,131,160,164,164,149,127,116,119,115,126,146,160,180,164,137,126,118,89,85,120,136,153,178,134,116,65,73,65,81,94,118,145,146,146
123,95,72,63,79,94,118,131,151,147,106,90,67,72,76,57,90,129,145,102,91,83,70,65,67,97,138,163,181,166,135,84,62,59,46,73,76,98,106,94,59,65,73,69,67,85,99,100,158,148,171,149,119,110,106,123,148,192,182,138,124,92,93,63,82,123,137,131,204,144,151,128,103,124,116,128,149,148,174,170,141,123,97,96,75,112,132,174,174,148,98,87,71,78,62,87,113,150,160,136
124,84,88,72,77,104,114,148,151,147,106,90,74,59,69,63,93,120,131,123,86,88,61,59,81,95,143,168,199,165,115,92,60,48,52,63,75,104,109,96,72,57,49,64,76,80,104,115,159,176,154,145,108,118,94,124,153,176,195,166,103,90,68,74,99,106,147,153,166,169,153,138,104,91,111,125,131,170,197,151,137,135,84,89,91,101,136,171,158,135,113,90,70,69,89,93,117,140,141,127
111,101,82,93,86,87,97,149,145,141,88,105,78,59,67,67,97,110,140,141,94,74,59,56,75,97,108,172,191,184,125,86,73,49,46,48,72,98,98,106,69,77,60,51,65,82,111,124,167,149,159,127,122,118,102,125,151,198,189,135,124,75,73,80,99,129,137,162,164,139,142,128,133,94,114,111,164,147,197,153,123,129,99,72,88,91,147,170,147,149,120,89,69,67,65,94,120,158,145,133
104,79,93,82,84,100,110,135,188,136,103,73,63,52,75,77,91,121,119,119,113,73,65,67,79,87,128,139,169,188,157,102,43,38,49,61,77,72,92,90,97,85,57,53,60,79,94,147,177,153,155,124,106,105,109,129,163,190,185,137,123,97,61,70,85,134,175,160,153,149,143,124,120,109,114,126,143,161,205,156,132,111,104,93,69,97,127,196,158,147,105,80,67,74,58,96,148,162,130,134
81,88,86,71,80,81,130,164,161,126,104,64,72,52,61,69,87,121,136,120,112,85,65,65,58,102,116,166,197,182,133,97,56,41,48,65,76,80,90,97,80,84,74,59,55,78,86,131,159,179,167,126,98,121,100,116,164,172,171,163,109,78,80,62,89,115,146,165,181,169,138,88,111,109,106,131,155,148,183,187,138,126,104,87,76,107,134,182,175,139,102,84,66,68,76,90,140,151,165,119
97,76,76,72,81,108,112,172,151,130,103,78,61,62,52,74,90,127,125,130,87,96,69,80,83,75,127,164,196,177,141,91,53,41,50,45,84,80,84,88,88,69,77,65,69,70,100,122,157,163,165,136,115,87,115,133,134,199,181,135,118,98,75,79,75,107,155,166,164,208,137,110,113,93,109,130,158,146,205,171,143,112,105,76,100,116,127,161,145,152,113,81,68,68,77,78,149,158,150,129
91,69,63,82,100,93,134,149,161,135,110,79,56,60,67,65,88,126,141,110,106,75,69,54,79,101,141,148,177,191,155,93,52,52,48,56,74,81,82,84,78,85,72,51,64,78,97,120,149,167,163,129,124,84,107,109,147,181,187,153,123,92,81,73,70,103,149,180,164,174,176,105,112,81,120,122,152,148,167,197,191,95,86,89,81,121,129,146,164,148,98,94,80,64,55,120,140,161,149,123
101,71,65,68,84,86,124,179,156,125,110,92,72,53,60,62,111,119,143,110,108,71,72,54,69,85,142,144,214,179,164,82,67,62,48,54,48,78,75,105,84,72,86,64,64,56,111,123,166,135,145,136,127,107,105,123,149,166,180,172,112,93,97,66,75,101,140,189,171,184,143,119,124,98,89,131,147,159,173,179,161,116,90,84,90,118,129,173,144,139,112,91,83,63,68,102,135,156,148,148
134,56,72,38,79,106,131,155,164,146,116,88,64,71,57,65,83,121,134,132,89,86,83,66,56,95,131,177,198,181,132,83,68,61,59,45,55,66,79,97,87,80,65,67,76,87,90,105,161,144,133,136,130,116,120,121,136,177,181,157,132,93,74,74,114,98,129,164,190,158,127,132,117,105,91,127,149,154,186,164,151,121,84,95,91,121,125,146,167,141,127,95,85,78,72,92,116,159,163,144
116,64,67,60,66,117,117,135,170,128,114,85,60,58,70,70,85,123,129,123,102,97,69,58,75,100,119,168,187,192,140,89,55,57,53,77,68,63,90,69,82,77,67,63,71,83,115,114,128,150,146,133,115,119,107,145,150,154,152,158,141,108,84,81,70,111,137,167,192,151,148,122,111,114,102,131,133,172,191,161,162,122,87,72,100,124,142,142,146,148,113,95,67,75,99,83,102,166,164,141
102,95,66,65,64,87,121,148,171,167,122,85,62,58,54,74,84,123,130,122,130,81,61,73,59,89,143,178,193,157,136,101,61,45,54,58,86,75,76,83,79,65,54,65,68,81,112,113,158,160,155,109,112,119,136,141,164,156,145,156,118,109,100,87,75,102,127,178,172,178,144,123,122,91,106,135,133,178,184,166,146,118,82,86,97,113,138,154,159,138,123,92,89,73,87,101,124,145,145,150
108,75,60,68,74,90,99,155,149,161,118,89,58,59,50,79,102,107,136,140,104,89,68,59,62,90,123,163,194,183,137,90,72,58,60,57,69,66,89,83,84,58,71,60,79,64,93,138,153,170,133,99,110,105,122,140,157,158,171,132,132,94,102,80,81,100,125,178,180,173,139,120,116,105,115,122,157,172,171,179,147,104,106,85,93,105,142,147,152,145,113,109,91,86,74,98,120,154,161,135
97,77,76,59,65,91,109,138,173,148,139,91,60,48,72,83,87,117,109,132,107,91,78,68,70,68,132,181,167,183,149,89,80,71,60,52,73,69,89,76,77,66,68,77,61,64,92,136,159,166,138,105,98,110,114,140,170,154,164,154,110,100,94,86,86,114,127,142,175,179,152,130,106,94,108,123,147,160,191,165,145,91,113,82,76,117,160,156,141,135,112,93,80,97,76,88,156,138,157,140
108,81,57,58,77,90,115,154,162,147,110,92,62,49,52,80,114,94,135,121,97,83,60,77,94,94,114,136,167,184,155,116,84,51,61,64,73,83,79,67,66,63,62,72,64,75,94,130,157,145,146,124,110,101,123,137,171,176,149,153,117,101,97,69,93,116,135,177,165,152,138,127,103,110,128,111,115,171,204,155,148,114,80,106,91,114,146,152,156,142,127,65,93,82,81,95,145,138,158,140
103,92,56,54,77,79,112,135,165,146,130,110,69,43,69,67,95,111,122,122,104,71,58,64,92,92,122,147,182,181,152,113,68,69,77,68,76,77,68,76,65,62,57,60,82,88,109,124,152,148,136,128,119,122,105,100,155,182,185,141,118,101,96,75,100,99,134,175,170,170,161,111,96,108,102,116,133,169,183,169,128,125,101,77,104,89,133,164,178,152,109,87,91,84,83,114,129,160,143,125
114,97,64,54,80,77,111,147,133,140,142,108,72,67,45,59,98,119,116,130,111,79,50,62,76,86,144,147,185,175,136,119,77,62,70,56,87,63,69,83,76,59,67,61,64,63,110,120,174,164,138,137,113,99,117,120,153,169,186,144,130,93,88,88,92,97,140,163,194,155,141,126,97,96,108,119,138,152,208,159,160,132,99,95,86,104,123,151,167,144,110,106,81,87,94,82,145,142,162,123
97,98,68,65,80,87,110,146,150,142,125,124,81,58,73,69,95,105,117,121,100,73,75,62,77,93,141,171,181,164,139,105,83,58,73,80,58,76,81,67,69,70,59,66,60,77,99,132,149,174,160,112,110,102,86,161,143,149,176,156,109,97,86,88,83,110,152,167,179,177,129,123,97,97,116,109,128,171,162,177,160,120,106,79,82,123,112,161,148,137,132,87,100,71,86,112,135,155,147,126
86,80,92,88,74,78,100,144,154,130,103,104,75,62,73,78,79,104,135,142,78,87,73,64,85,107,109,165,159,168,134,121,62,81,69,79,75,59,82,75,70,62,49,62,65,87,89,141,166,173,159,137,98,111,104,120,156,184,156,143,116,88,82,77,87,103,122,170,208,157,131,115,113,88,123,109,144,181,153,172,153,151,105,87,82,103,142,159,162,142,132,89,78,58,90,108,132,154,139,125
98,65,74,85,82,93,110,142,146,149,121,90,84,63,56,76,78,110,127,118,103,80,86,69,68,112,130,138,183,158,130,112,93,62,68,66,90,85,79,54,66,56,50,51,73,81,107,126,165,164,156,111,115,114,117,133,147,176,171,135,111,83,87,77,101,105,135,161,193,163,127,103,108,100,133,114,128,166,199,177,133,126,100,93,91,123,151,164,161,140,106,104,75,66,74,98,125,154,150,128
90,79,79,84,81,80,122,139,151,138,133,79,80,64,70,75,87,105,124,120,103,78,66,72,100,97,130,175,175,142,121,105,77,61,68,79,78,78,80,71,59,58,44,56,63,88,109,109,176,168,157,139,99,92,106,149,158,159,147,142,135,88,90,89,75,95,122,189,195,166,141,105,88,113,104,132,132,148,183,186,149,101,103,100,92,132,167,152,158,166,96,107,71,62,75,122,134,146,151,136
94,75,84,58,83,99,136,139,137,144,114,94,66,67,68,78,86,106,106,126,109,66,61,71,77,121,124,178,182,173,132,108,85,53,55,65,105,87,85,73,68,45,43,59,56,86,92,130,174,167,165,122,114,97,104,141,151,154,158,159,118,86,82,71,83,117,125,172,201,174,134,95,111,112,112,102,144,166,170,163,160,124,106,104,106,103,145,154,166,137,114,104,62,67,77,109,140,139,142,127
87,85,62,84,86,101,132,136,147,107,118,103,80,72,52,80,83,98,137,123,89,83,70,66,84,107,142,159,177,160,125,129,77,67,57,64,76,89,90,71,73,44,40,41,64,75,109,144,155,164,170,134,107,99,108,140,169,190,148,145,110,87,97,63,69,118,145,161,170,167,167,105,98,103,98,132,130,180,180,167,140,132,100,100,94,113,140,162,172,139,116,87,73,67,85,106,142,156,142,109
95,72,57,78,86,102,126,145,159,120,99,93,88,87,66,73,77,115,118,108,93,92,84,66,72,114,123,156,170,172,150,97,84,76,70,72,87,93,87,73,56,60,48,40,53,73,101,154,166,148,149,124,114,87,101,147,173,159,169,157,112,89,76,73,91,107,133,171,181,188,143,128,83,92,109,124,152,152,186,193,162,117,98,97,101,100,161,157,165,143,108,73,70,89,79,109,137,172,142,113
98,72,70,60,73,107,117,151,161,135,105,81,63,53,74,102,102,116,111,113,83,76,85,70,69,113,131,157,165,145,158,110,93,62,70,80,84,93,89,72,70,49,58,54,45,67,87,143,172,164,119,131,98,110,112,122,172,163,164,151,126,95,72,72,82,115,140,148,180,194,128,120,94,94,93,147,150,165,188,168,153,114,95,92,104,118,133,180,156,145,108,79,70,74,85,116,139,176,140,125
102,76,69,62,72,103,117,152,153,154,97,78,78,51,78,71,94,120,134,112,96,86,76,72,76,104,110,148,178,157,144,98,72,73,81,70,90,89,85,92,60,60,44,49,62,70,79,130,189,163,142,118,108,86,101,127,165,192,173,133,127,95,91,71,88,103,141,160,168,188,140,120,88,99,104,135,154,161,172,158,153,103,95,101,96,133,148,184,145,152,124,63,70,66,78,95,135,167,158,127
100,80,65,69,77,100,120,148,186,133,103,83,70,74,62,69,95,105,116,124,86,90,72,72,90,92,136,149,161,170,119,93,79,63,89,76,95,82,94,71,78,66,52,54,40,63,87,130,170,160,150,131,99,87,96,133,138,181,200,155,102,113,88,79,71,100,129,174,184,160,161,120,92,118,89,125,182,161,170,155,151,128,85,96,104,139,154,156,166,139,99,78,74,72,74,95,135,156,158,135
105,77,61,69,67,98,129,151,159,135,119,83,77,51,57,75,99,117,131,127,87,82,69,77,65,116,120,148,185,163,125,96,78,58,61,92,76,102,101,85,83,60,49,45,44,68,82,140,160,167,151,130,86,93,100,134,147,174,196,167,119,92,70,88,81,96,142,170,171,189,145,136,108,88,115,119,141,161,193,179,147,114,107,87,102,133,149,160,161,144,108,96,67,70,78,112,131,156,158,136
100,79,80,58,90,101,116,147,157,142,119,73,61,67,70,63,115,126,118,116,94,70,69,54,93,102,141,162,193,132,147,99,69,60,74,87,78,92,96,84,77,75,47,40,45,60,100,131,158,159,144,133,84,75,120,132,154,188,181,136,127,86,64,82,87,109,124,166,181,173,145,124,82,86,90,110,178,164,190,164,147,130,108,93,89,136,153,154,155,140,114,92,75,62,71,115,110,153,164,141
102,85,68,67,83,106,120,152,148,117,112,85,55,62,63,84,111,133,105,108,90,78,72,59,84,111,120,170,170,163,136,88,68,71,70,74,87,88,98,82,87,68,50,34,43,90,86,124,151,153,151,109,120,77,99,117,159,187,165,184,117,86,66,73,92,94,118,173,165,175,163,116,100,93,114,107,154,165,176,151,164,123,110,112,107,148,154,167,147,143,114,101,68,62,57,108,121,152,170,136
106,71,81,67,86,90,135,164,158,127,103,78,66,68,64,72,102,135,113,110,103,71,74,69,79,95,124,167,167,163,132,99,70,58,65,87,74,103,104,90,88,64,46,45,48,60,109,133,115,189,165,109,87,102,90,115,155,170,175,167,134,92,75,65,77,97,119,143,202,172,154,113,104,111,108,104,127,173,172,175,156,134,94,91,112,124,148,156,171,142,116,92,70,76,68,88,105,169,184,139
109,71,71,79,74,98,145,152,168,119,102,71,66,54,72,77,95,123,120,125,99,80,74,58,73,97,148,159,160,160,124,113,68,60,56,84,79,99,117,93,85,63,58,47,45,60,87,123,168,164,155,124,88,95,98,132,157,149,181,167,132,92,79,64,79,109,106,138,176,180,158,115,109,104,103,107,141,185,175,149,171,120,106,90,105,116,151,146,167,150,128,89,80,76,69,75,129,163,193,124
107,68,56,78,75,94,122,145,153,145,108,78,57,61,64,67,86,126,140,111,102,86,56,68,79,88,137,176,164,157,126,119,68,55,68,76,109,80,92,92,77,66,60,44,54,71,79,113,130,158,148,131,123,105,125,124,137,166,158,155,132,104,77,82,85,100,118,146,137,175,172,134,110,93,101,112,152,193,168,169,153,127,87,91,106,117,147,157,162,144,116,96,70,75,68,91,136,151,170,143
120,92,58,59,81,91,131,150,157,146,107,77,63,66,65,81,88,116,141,125,82,80,69,80,67,103,123,148,200,161,124,119,82,56,67,66,88,91,111,105,77,56,60,55,50,58,100,101,143,152,146,139,116,103,123,125,132,150,158,150,132,89,81,118,85,88,124,136,157,146,169,142,117,108,112,113,159,170,194,165,155,134,95,95,96,108,150,164,152,166,100,103,72,78,64,111,123,164,190,138
151,111,62,65,69,89,112,142,149,137,114,87,63,79,59,72,79,112,149,128,83,82,65,75,85,98,107,152,169,191,164,98,69,63,70,76,77,89,88,104,87,73,44,51,51,61,96,104,145,137,140,152,112,106,112,106,148,154,161,139,119,101,122,94,72,102,104,147,154,154,153,135,101,129,96,109,137,174,167,173,147,142,106,83,96,150,129,135,177,149,131,90,69,66,77,88,135,168,156,136
137,101,76,72,75,76,101,128,164,133,120,91,73,55,76,63,88,108,125,129,99,84,74,72,85,100,104,140,164,171,168,110,88,57,53,81,92,78,94,97,77,79,48,47,53,79,73,95,121,140,169,133,106,116,118,127,133,176,151,132,110,110,78,117,89,92,106,141,154,183,150,107,109,130,102,118,153,155,160,168,151,148,108,87,102,119,126,145,159,148,154,102,81,75,66,111,134,131,144,132
114,101,77,84,79,67,103,117,137,144,124,82,67,66,49,65,70,104,119,121,104,85,68,67,83,95,109,125,142,154,146,133,85,68,72,64,73,84,98,95,77,69,60,49,50,63,79,99,107,143,120,121,115,111,105,115,159,156,151,126,114,102,92,87,94,74,97,127,165,151,158,112,103,99,108,124,131,151,179,163,151,124,119,105,113,103,107,147,153,163,133,122,85,58,64,87,130,132,134,143
100,94,63,71,69,78,85,114,109,149,113,76,53,46,41,48,73,81,98,105,98,64,75,57,70,92,102,119,137,132,115,121,88,59,51,55,85,69,82,65,73,67,54,41,60,43,65,80,87,122,121,117,96,104,81,108,118,142,136,117,99,101,93,64,79,59,92,105,146,134,136,107,93,75,101,97,122,153,156,173,121,99,99,112,90,111,95,120,152,138,108,99,81,71,53,79,93,117,132,130
74,60,48,55,35,46,60,80,85,94,72,62,36,42,35,46,43,69,67,81,57,51,43,47,53,58,74,82,105,86,85,81,59,49,38,37,40,53,40,46,42,54,47,38,34,25,40,48,67,91,80,90,66,55,63,70,87,97,104,93,53,77,67,56,38,60,81,79,98,95,96,90,68,74,70,61,102,103,134,111,110,88,71,68,65,55,92,86,103,122,82,90,68,41,40,57,72,87,89,92
54,30,31,24,19,16,32,29,34,44,49,24,19,14,16,24,21,30,30,37,32,27,26,18,24,25,34,56,42,51,34,58,28,27,19,22,17,21,28,23,22,18,16,17,6,14,26,23,30,29,54,40,29,30,37,46,47,43,34,34,45,27,33,22,20,33,36,45,60,52,52,58,41,43,47,49,51,66,72,73,48,58,41,34,37,40,42,56,62,56,44,35,36,26,24,28,33,45,54,38
8,8,12,9,4,7,10,9,8,8,17,14,5,6,9,4,10,8,7,12,4,10,5,6,4,6,8,10,13,21,6,10,11,6,3,4,3,2,8,8,8,6,4,5,3,2,7,8,6,12,18,11,12,9,9,14,8,11,10,16,15,8,6,6,7,12,10,19,20,20,24,16,18,14,16,9,16,22,25,26,18,21,15,14,8,9,17,27,27,19,13,13,10,4,14,10,9,13,17,18
2,0,0,1,3,1,2,1,1,1,2,1,1,3,3,0,2,2,0,1,0,0,0,1,0,2,1,1,2,5,3,2,0,3,1,1,2,1,0,1,1,2,1,1,0,1,1,3,0,3,1,1,2,1,4,0,0,3,2,1,3,2,2,2,2,3,3,7,5,5,4,6,8,3,5,4,3,5,6,5,3,4,5,5,2,1,3,3,3,3,3,1,0,5,7,1,0,2,2,2
1,0,0,0,0,0,0,0,0,0,0,0,0,0,0,0,1,0,0,0,0,0,0,0,0,0,0,0,0,0,0,0,0,0,0,0,0,0,0,1,0,0,0,0,0,0,0,0,1,0,0,0,0,0,0,0,0,0,1,0,0,0,0,0,0,0,0,0,0,1,1,1,0,0,1,0,0,1,0,1,0,0,1,2,1,0,0,0,0,0,0,0,0,0,0,0,0,0,0,0
0,0,0,0,0,0,0,0,0,0,0,0,0,0,0,0,0,0,0,0,0,0,0,0,0,0,0,0,0,0,0,0,0,0,0,0,0,0,0,0,0,0,0,0,0,0,0,0,0,0,0,0,0,0,0,0,0,0,0,0,0,0,0,0,0,0,0,0,0,0,0,0,0,0,0,0,0,0,0,0,0,0,0,0,0,0,0,0,0,0,0,0,0,0,0,0,0,0,0,0
0,0,0,0,0,0,0,0,0,0,0,0,0,0,0,0,0,0,0,0,0,0,0,0,0,0,0,0,0,0,0,0,0,0,0,0,0,0,0,0,0,0,0,0,0,0,0,0,0,0,0,0,0,0,0,0,0,0,0,0,0,0,0,0,0,0,0,0,0,0,0,0,0,0,0,0,0,0,0,0,0,0,0,0,0,0,0,0,0,0,0,0,0,0,0,0,0,0,0,0
0,0,0,0,0,0,0,0,0,0,0,0,0,0,0,0,0,0,0,0,0,0,0,0,0,0,0,0,0,0,0,0,0,0,0,0,0,0,0,0,0,0,0,0,0,0,0,0,0,0,0,0,0,0,0,0,0,0,0,0,0,0,0,0,0,0,0,0,0,0,0,0,0,0,0,0,0,0,0,0,0,0,0,0,0,0,0,0,0,0,0,0,0,0,0,0,0,0,0,0
0,0,0,0,0,0,0,0,0,0,0,0,0,0,0,0,0,0,0,0,0,0,0,0,0,0,0,0,0,0,0,0,0,0,0,0,0,0,0,0,0,0,0,0,0,0,0,0,0,0,0,0,0,0,0,0,0,0,0,0,0,0,0,0,0,0,0,0,0,0,0,0,0,0,0,0,0,0,0,0,0,0,0,0,0,0,0,0,0,0,0,0,0,0,0,0,0,0,0,0
0,0,0,0,0,0,0,0,0,0,0,0,0,0,0,0,0,0,0,0,0,0,0,0,0,0,0,0,0,0,0,0,0,0,0,0,0,0,0,0,0,0,0,0,0,0,0,0,0,0,0,0,0,0,0,0,0,0,0,0,0,0,0,0,0,0,0,0,0,0,0,0,0,0,0,0,0,0,0,0,0,0,0,0,0,0,0,0,0,0,0,0,0,0,0,0,0,0,0,0
0,0,0,0,0,0,0,0,0,0,0,0,0,0,0,0,0,0,0,0,0,0,0,0,0,0,0,0,0,0,0,0,0,0,0,0,0,0,0,0,0,0,0,0,0,0,0,0,0,0,0,0,0,0,0,0,0,0,0,0,0,0,0,0,0,0,0,0,0,0,0,0,0,0,0,0,0,0,0,0,0,0,0,0,0,0,0,0,0,0,0,0,0,0,0,0,0,0,0,0
