parameters (x,y,w,h,rx,ry):-5,0,10.000000,40.000000,100,100
608,109,102,110,123,98,86,94,103,84,81,78,90,85,115,126,135,107,107,104,101,91,99,104,73,62,40,38,16,19,20,17,23,26,47,52,70,77,95,60,51,32,34,23,9,29,26,20,28,27,22,13,6,7,10,0,1,2,7,1,3,2,7,6,2,5,6,7,5,1,2,0,0,0,0,0,0,0,0,0,1,1,2,1,0,1,0,3,4,14,13,28,22,34,40,47,47,68,60,464
1377,220,260,243,244,212,216,209,206,166,213,182,189,211,239,222,256,236,219,191,203,217,191,215,172,156,103,73,61,36,28,39,31,54,77,111,145,174,194,183,111,80,54,49,47,51,51,55,55,77,51,34,26,13,6,9,6,5,11,3,7,9,15,8,7,13,15,14,8,4,4,1,0,0,0,0,0,0,0,2,2,7,9,7,5,2,8,7,16,22,34,58,86,92,127,152,144,163,141,1108
1368,219,259,242,227,241,231,219,203,180,177,177,204,232,211,224,247,220,244,197,193,204,219,204,206,144,117,80,63,33,20,23,33,41,75,96,168,187,208,174,130,77,69,51,41,43,54,51,70,53,60,41,23,14,11,5,8,2,7,7,7,5,17,10,11,17,16,12,12,5,0,4,0,0,0,0,0,0,0,1,1,3,9,8,8,5,8,5,8,14,27,47,62,96,126,157,140,159,167,1095
1351,211,262,262,233,255,209,222,210,164,167,203,185,226,221,240,255,247,234,212,184,194,226,213,187,166,125,95,59,34,14,21,26,43,63,92,148,194,216,187,139,97,66,69,42,41,48,60,72,67,37,39,26,21,13,9,8,10,4,5,7,6,15,21,13,14,19,9,9,4,4,1,1,0,0,0,0,0,0,1,3,2,5,5,3,5,8,11,5,7,20,29,50,81,124,153,164,157,152,1097
1376,217,240,270,283,228,213,202,222,172,181,166,199,214,240,235,241,239,217,226,193,202,227,208,210,159,133,90,75,35,22,14,20,37,61,75,118,185,245,194,150,83,63,60,52,48,56,69,71,73,55,27,22,18,15,18,12,7,3,3,5,6,11,17,12,15,24,14,10,3,3,1,1,0,0,0,0,0,0,0,1,4,3,5,5,6,0,7,10,9,15,22,29,62,127,153,161,156,151,1094
1310,210,234,275,270,229,233,205,204,199,176,168,199,213,245,223,246,226,221,235,180,197,227,220,192,181,147,97,68,33,21,18,25,40,37,71,126,185,214,228,161,84,65,53,46,51,41,46,79,86,69,37,25,17,6,12,12,9,6,4,3,6,8,15,14,17,21,13,7,4,3,3,1,0,0,0,0,0,0,0,1,2,4,2,5,8,3,3,8,6,12,17,26,50,96,150,168,174,151,1065
1290,241,234,255,280,205,208,230,200,218,173,177,198,225,261,244,225,240,210,235,222,198,220,204,222,195,167,102,62,36,32,18,19,30,45,50,120,204,206,232,172,88,66,46,44,61,36,52,82,73,72,46,32,14,12,20,10,5,3,5,11,4,14,15,15,18,19,21,7,4,1,2,2,1,0,0,0,0,0,0,0,4,3,2,1,1,4,8,4,10,11,15,23,37,73,125,168,173,154,1088
1286,210,233,261,265,230,190,230,207,206,175,171,200,198,248,269,265,193,234,215,250,197,191,220,231,200,152,103,73,40,31,20,18,28,37,65,110,186,207,256,165,104,63,54,41,46,42,60,76,81,79,52,37,23,10,10,10,3,4,6,2,8,10,12,23,20,28,9,11,7,4,2,0,0,0,0,0,0,0,0,0,0,3,4,1,1,1,3,8,10,7,20,16,29,71,112,124,181,186,1072
1325,230,194,229,307,236,206,195,189,244,207,196,160,194,256,263,250,208,202,249,233,200,193,225,223,189,168,110,76,41,36,21,20,25,52,71,107,155,208,243,198,112,52,41,40,51,57,62,69,86,80,47,46,29,7,6,5,6,6,6,3,6,9,10,22,25,21,11,12,7,5,0,0,0,0,0,0,0,0,0,0,0,3,4,0,1,0,2,4,14,5,17,17,30,72,71,129,143,188,1060
1359,215,211,245,264,259,227,200,214,204,209,195,153,183,251,302,248,206,233,222,205,211,216,213,221,222,165,111,65,54,38,30,17,27,43,68,113,171,233,234,183,108,59,37,45,29,67,76,77,80,89,48,49,18,13,13,13,3,4,5,4,1,8,13,22,24,21,19,13,7,5,0,1,0,0,0,0,0,0,0,0,0,2,3,1,3,1,2,3,2,8,12,11,26,44,96,127,144,192,1070
1357,205,242,204,281,251,219,194,200,232,183,184,184,198,222,277,263,228,196,221,239,205,212,216,218,210,180,117,70,42,35,23,24,30,37,70,110,167,221,208,181,100,67,42,41,47,58,71,82,95,94,60,36,24,19,11,6,2,5,6,6,4,12,15,19,22,24,19,10,8,4,0,0,0,0,0,0,0,0,0,0,0,0,1,3,0,1,1,2,5,2,14,14,24,37,69,111,161,194,1017
1333,221,208,260,239,243,229,189,218,199,187,212,186,210,248,255,239,220,194,224,215,218,219,230,204,235,214,113,60,30,26,25,22,50,41,61,98,170,226,216,188,124,71,35,33,44,59,79,85,95,81,67,39,32,19,8,6,4,6,9,6,7,12,15,16,25,22,17,15,5,3,2,2,0,0,0,0,0,0,0,0,0,0,0,2,3,0,0,0,1,5,6,14,23,44,70,97,152,219,1020
1286,232,226,253,256,246,237,202,193,200,213,181,195,207,251,253,229,246,191,207,231,230,229,205,210,220,201,148,62,37,28,19,33,29,42,61,98,164,230,221,201,100,57,44,39,50,52,70,97,101,81,54,51,26,25,10,8,5,4,3,7,9,6,13,23,26,21,19,13,8,3,1,2,0,0,0,0,0,0,0,0,0,0,0,1,1,1,1,0,2,3,7,10,18,29,59,100,144,231,1039
1283,226,216,245,246,258,252,211,179,206,206,187,192,203,261,242,263,225,206,221,249,221,218,214,190,215,238,137,80,41,20,20,16,36,40,53,121,145,219,258,190,113,43,45,40,48,63,69,110,106,84,62,41,32,29,21,11,2,5,5,8,9,7,12,17,30,33,14,10,11,7,1,1,2,0,0,0,0,0,0,0,0,0,0,0,0,1,3,3,1,6,1,12,14,25,63,100,126,201,1021
1296,249,205,256,265,255,221,193,170,195,221,209,183,195,241,263,279,223,199,229,228,230,189,221,211,216,234,145,77,42,25,18,23,17,40,51,118,165,237,214,188,109,71,32,41,49,51,81,100,93,93,57,38,26,30,14,12,8,6,7,5,8,10,9,29,21,23,20,18,5,4,3,0,1,1,0,0,0,0,0,0,0,0,0,0,1,0,1,4,0,2,4,11,16,15,57,99,129,174,1018
1324,245,241,218,286,244,234,181,191,174,205,212,216,184,232,285,278,214,198,211,213,241,204,192,199,234,219,152,73,56,26,27,17,26,36,64,117,167,247,229,167,111,67,33,48,45,54,78,108,104,95,67,42,31,27,10,15,10,5,8,6,4,10,13,26,22,21,18,14,13,5,1,2,0,0,0,0,0,0,0,0,0,0,0,0,0,0,2,2,3,3,4,7,11,25,34,85,113,155,1017
1321,231,232,218,262,234,257,170,170,163,251,207,202,202,230,294,256,217,215,211,228,237,200,210,202,214,220,164,84,43,26,26,26,27,38,63,117,155,220,248,190,103,58,43,35,48,54,83,101,115,97,62,51,23,21,23,8,5,15,7,7,3,8,18,21,34,21,22,9,9,4,7,2,0,0,0,0,0,0,0,0,0,0,0,0,0,0,1,2,3,1,3,4,10,17,39,67,96,176,1036
1308,252,238,221,253,271,232,200,181,184,217,210,190,213,229,263,275,222,178,226,220,258,215,195,209,218,216,174,78,65,27,15,26,32,39,62,106,176,223,238,185,100,70,36,42,31,61,91,115,109,103,73,40,30,26,14,13,15,10,8,6,5,7,12,21,29,34,22,6,8,6,5,1,0,0,0,0,0,0,0,0,0,0,0,0,0,0,0,1,1,1,3,3,8,20,29,59,117,159,998
1281,260,249,215,250,255,238,199,193,174,204,228,222,193,215,289,278,244,187,172,222,254,232,207,197,217,232,154,98,43,27,16,18,24,34,62,113,166,257,233,176,107,58,35,32,32,54,91,103,132,93,66,38,32,23,17,18,10,10,4,4,7,19,7,24,24,37,23,9,11,9,0,0,0,0,0,0,0,0,0,0,0,0,0,0,0,0,0,0,0,0,4,3,8,15,29,56,108,169,1007
1272,283,243,217,225,266,227,216,193,194,191,210,251,173,220,251,294,220,206,178,238,271,211,192,203,234,242,156,85,51,20,26,15,23,40,56,108,162,236,243,162,115,61,55,33,31,61,78,127,137,93,61,38,28,27,29,15,12,12,8,5,8,11,14,26,23,39,22,14,5,7,1,0,0,0,0,0,0,0,0,0,0,0,0,0,0,0,0,0,1,0,2,4,8,11,34,62,91,128,1010
1241,271,273,210,209,257,262,210,197,191,216,208,230,175,225,280,278,213,209,187,216,264,216,206,189,239,232,164,93,48,25,17,23,20,39,55,109,178,226,233,188,91,57,44,47,46,57,88,145,126,95,65,32,27,26,23,15,8,9,9,7,5,13,21,18,27,28,36,19,11,7,2,0,0,0,0,0,0,0,0,0,0,0,0,0,0,0,0,0,0,0,1,3,7,12,24,61,90,137,1005
1298,275,248,206,255,261,250,197,177,173,221,215,220,211,201,256,261,242,208,186,211,256,242,188,212,224,257,155,129,41,22,18,22,27,36,63,91,185,217,246,157,125,57,47,39,47,62,83,108,113,128,77,37,34,21,19,18,7,7,8,9,8,13,19,22,22,33,27,24,15,2,1,0,0,0,0,0,0,0,0,0,0,0,0,0,0,0,0,0,0,0,0,6,7,9,23,53,92,131,997
1237,260,240,224,237,274,256,190,175,184,190,217,205,213,220,246,290,259,200,182,235,280,208,195,189,228,237,182,116,54,28,16,15,28,28,72,103,143,260,256,167,98,58,46,31,47,62,94,92,145,129,80,39,30,19,21,17,5,8,9,7,7,14,22,23,30,29,21,24,15,4,1,0,0,0,0,0,0,0,0,0,0,0,0,0,0,0,0,0,0,0,0,4,9,12,22,52,97,146,989
1292,260,234,208,254,266,237,227,146,178,203,223,203,208,227,263,259,240,195,206,223,250,223,198,199,235,218,185,121,46,29,14,16,30,37,53,91,161,243,251,167,95,56,41,36,47,57,71,104,137,145,90,43,23,15,14,15,19,11,6,8,11,13,22,26,29,33,23,25,10,5,2,1,0,0,0,0,0,0,0,0,0,0,0,0,0,0,0,0,0,1,0,3,6,13,25,43,94,134,957
1274,247,234,224,242,259,231,210,187,169,192,209,245,184,211,256,309,226,189,212,205,263,236,168,177,242,229,206,121,44,28,21,18,31,31,46,111,169,249,242,164,99,41,37,42,48,53,75,114,146,127,97,38,26,20,18,18,13,12,7,9,12,15,18,32,25,29,30,21,11,6,0,0,0,0,0,0,0,0,0,0,0,0,0,0,0,0,0,0,2,0,0,0,3,7,20,44,80,122,990
1261,246,263,230,216,244,257,228,182,155,195,203,239,208,217,252,276,250,195,181,240,252,254,193,209,216,227,185,126,62,25,18,22,28,38,48,116,185,240,230,161,90,56,40,31,51,63,85,111,136,120,87,43,34,31,20,15,12,11,9,10,11,17,18,26,39,34,27,17,17,4,0,0,0,0,0,0,0,0,0,0,0,0,0,0,0,0,0,0,1,2,0,1,2,9,19,33,83,132,955
1263,235,276,221,223,229,290,219,187,139,187,234,207,199,233,245,288,259,199,184,228,261,230,203,189,224,225,193,117,72,32,22,20,28,44,60,108,177,265,204,152,108,57,35,36,39,60,76,128,133,106,91,53,41,32,20,25,10,9,11,9,16,15,16,29,44,36,26,24,10,4,1,0,0,0,0,0,0,0,0,0,0,0,0,0,0,0,0,0,0,0,2,0,5,8,13,29,80,117,964
1282,244,241,232,239,213,272,236,188,150,188,206,231,231,194,255,267,225,233,175,214,287,241,193,194,236,211,173,136,62,40,23,24,38,36,68,89,178,244,239,159,102,62,33,22,44,58,77,104,133,134,97,66,30,29,27,31,13,10,5,17,10,10,22,30,34,42,35,16,6,6,2,0,0,0,0,0,0,0,0,0,0,0,0,0,0,0,0,0,0,0,0,1,4,9,10,31,64,129,953
1234,257,267,246,213,247,230,237,188,180,152,190,217,215,237,250,258,274,206,182,202,271,246,205,178,226,215,180,120,72,46,26,25,26,31,71,101,187,235,238,162,104,58,48,19,25,59,83,107,139,129,89,68,41,27,31,30,19,12,12,17,11,13,22,34,34,35,27,24,7,6,2,1,0,0,0,0,0,0,0,0,0,0,0,0,0,0,0,0,0,0,0,0,0,8,18,45,54,110,970
1214,270,272,223,216,240,246,240,186,145,167,189,245,209,228,241,263,253,242,205,190,237,273,196,176,213,224,181,121,54,47,30,18,33,45,66,118,173,222,214,164,110,72,35,30,23,62,89,123,122,120,85,54,51,34,28,19,13,18,16,13,13,11,30,24,41,41,32,25,5,7,3,2,0,0,0,0,0,0,0,0,0,0,0,0,0,0,0,0,0,0,0,0,2,9,22,32,59,113,942
1250,246,279,228,209,254,235,240,192,151,174,193,231,241,227,245,262,263,231,196,194,242,274,182,194,217,205,189,131,62,47,30,22,27,48,71,118,200,232,212,160,105,65,28,30,24,69,82,104,139,126,88,61,54,45,33,14,13,11,11,17,14,23,26,33,34,35,31,26,10,6,3,1,2,0,0,0,0,0,0,0,0,0,0,0,0,0,0,0,0,0,0,0,0,6,12,47,65,123,890
1264,242,247,215,198,246,255,220,184,167,155,241,237,204,240,234,301,248,237,169,202,247,236,219,177,240,219,176,123,59,43,30,26,40,43,85,111,184,214,202,178,117,58,34,23,36,47,75,114,127,123,86,61,47,43,28,24,16,9,12,12,17,19,36,30,43,32,40,24,21,5,3,1,0,0,0,0,0,0,0,0,0,0,0,0,0,0,0,0,0,0,0,0,0,0,24,33,69,111,908
1258,267,260,216,203,254,226,259,174,136,168,212,243,218,239,243,269,270,207,189,216,262,223,201,200,237,213,171,129,52,41,36,26,35,56,58,120,185,215,219,155,120,70,34,23,41,52,81,120,129,101,94,56,49,37,33,25,21,15,8,11,15,26,32,31,49,47,32,33,9,3,1,3,1,0,0,0,0,0,0,0,0,0,0,0,0,0,0,0,0,0,0,0,0,1,12,36,50,115,919
1246,239,265,240,231,209,242,216,200,147,171,209,226,232,259,224,294,267,185,173,221,228,235,212,213,209,251,175,106,63,35,34,24,47,43,75,115,153,211,229,202,113,57,38,24,34,51,90,120,133,109,81,57,35,47,28,29,22,17,19,9,18,21,31,36,45,46,32,28,13,9,3,0,0,0,0,0,0,0,0,0,0,0,0,0,0,0,0,0,0,0,0,0,0,4,13,32,48,106,929
1221,246,270,255,218,240,231,216,165,154,182,202,236,253,210,236,310,250,214,159,220,248,231,205,205,215,207,191,109,62,30,20,29,46,46,73,107,181,225,260,166,113,44,36,43,36,63,71,116,121,113,71,48,43,45,40,30,26,18,24,18,14,28,25,37,44,54,45,30,8,6,4,0,0,0,0,0,0,0,0,0,0,0,0,0,0,0,0,0,0,0,0,0,1,2,12,24,48,87,912
1202,252,260,227,238,234,229,226,202,147,162,199,238,229,230,222,286,261,216,182,212,237,253,225,188,216,196,188,114,68,38,28,23,33,60,74,115,172,213,229,195,111,58,29,36,44,50,77,106,112,114,78,59,34,38,36,38,27,34,20,12,18,31,28,38,45,62,44,25,12,2,0,0,0,0,0,0,0,0,0,0,0,0,0,0,0,0,0,0,0,0,1,0,1,7,7,29,47,83,918
1225,230,265,249,230,253,254,230,178,156,169,207,229,238,233,238,226,269,234,193,197,262,238,227,202,215,194,174,142,62,33,27,29,33,61,74,109,181,230,220,189,98,67,39,35,41,49,82,103,90,124,102,51,51,31,42,39,25,25,36,18,15,24,30,42,54,70,35,31,6,1,1,0,0,0,0,0,0,0,0,0,0,0,0,0,0,0,0,0,0,0,2,0,0,6,10,18,54,83,908
1234,233,265,247,219,206,263,237,180,159,150,207,234,231,258,230,239,242,244,184,194,249,238,205,183,224,210,176,120,69,34,34,27,35,54,88,96,165,240,239,163,121,63,43,28,50,55,77,102,102,109,98,74,40,36,40,38,28,29,17,24,17,21,34,39,72,65,39,28,10,1,0,0,0,0,0,0,0,0,0,0,0,0,0,0,0,0,0,0,0,0,0,1,2,2,8,22,43,102,884
1238,238,261,236,231,227,238,224,205,144,189,196,218,216,251,245,252,267,214,209,201,211,240,221,216,212,197,196,123,53,30,28,31,34,53,67,107,186,206,240,196,118,74,45,39,35,54,74,112,113,87,84,75,56,26,35,35,35,26,22,32,24,22,20,57,67,56,58,25,10,4,0,0,0,0,0,0,0,0,0,0,0,0,0,0,0,0,0,0,0,0,0,0,0,3,9,22,48,87,874
1236,251,236,227,224,222,241,251,175,199,134,198,218,219,217,252,253,260,222,198,211,234,238,196,203,214,230,175,106,60,35,26,26,48,48,63,125,178,205,249,189,107,70,68,29,35,60,74,118,106,81,83,81,54,41,25,31,29,23,29,23,30,27,33,52,70,61,47,28,13,8,2,0,0,0,0,0,0,0,0,0,0,0,0,0,0,0,0,0,0,0,0,0,1,6,3,15,52,85,862
1234,265,241,229,235,239,241,222,201,169,167,185,192,244,236,246,248,257,218,180,219,270,238,183,212,215,195,156,111,83,40,25,35,29,50,73,130,145,212,251,173,112,73,53,41,40,61,72,97,118,108,84,81,58,40,26,32,32,26,22,28,29,21,37,61,65,63,47,31,21,5,1,1,0,0,0,0,0,0,0,0,0,0,0,0,0,0,0,0,0,0,0,0,0,4,7,16,37,80,861
1219,267,237,224,217,222,258,218,213,157,166,193,206,199,232,240,262,267,222,169,219,244,276,191,190,236,201,159,109,60,32,34,18,48,48,73,119,182,218,237,173,92,70,57,53,38,55,79,83,104,98,112,75,68,41,20,25,27,33,18,23,32,30,45,50,78,55,51,31,16,7,3,3,0,0,0,0,0,0,0,0,0,0,0,0,0,0,0,0,0,0,0,0,1,3,7,10,40,77,891
1205,242,254,235,212,234,248,202,224,174,146,184,191,218,232,263,252,281,201,206,230,232,252,205,205,190,208,181,100,64,30,32,23,32,61,77,109,156,194,253,195,88,77,47,41,29,55,82,81,111,121,91,85,61,47,32,25,28,33,16,27,26,25,45,61,74,81,55,32,13,12,1,0,0,0,0,0,0,0,0,0,0,0,0,0,0,0,0,0,0,0,0,0,0,4,3,13,38,75,894
1224,259,232,240,209,265,231,216,197,170,178,159,198,214,259,252,247,245,234,213,217,221,258,210,204,184,215,166,105,68,34,35,26,26,55,79,120,164,207,234,195,115,75,52,36,34,51,70,103,105,109,100,72,53,36,39,36,29,28,19,36,24,36,44,63,77,68,66,26,25,4,4,0,0,0,0,0,0,0,0,0,0,0,0,0,0,0,0,0,0,0,0,0,0,1,5,17,43,58,858
1207,233,270,224,222,224,216,234,189,182,177,184,189,218,249,268,248,208,249,196,191,251,247,230,169,211,198,160,119,64,44,34,29,41,49,73,116,168,213,239,200,115,76,35,31,29,48,71,93,123,96,86,79,60,45,19,38,29,27,27,27,35,40,38,57,76,88,54,48,14,8,4,0,0,0,0,0,0,0,0,0,0,0,0,0,0,0,0,0,0,0,0,0,1,5,2,12,31,68,847
1215,231,262,263,217,212,224,208,214,171,174,177,213,215,250,292,234,228,214,206,214,216,236,236,192,187,231,168,105,73,41,27,31,34,46,72,105,163,222,255,167,139,78,58,37,40,39,76,110,105,112,79,66,51,31,41,43,31,24,29,30,26,52,43,57,91,77,64,39,18,8,2,1,0,0,0,0,0,0,0,0,0,0,0,0,0,0,0,0,0,0,0,1,2,5,6,18,26,57,826
1216,219,259,239,251,218,209,218,204,195,166,176,211,226,217,238,270,228,231,189,205,226,244,218,194,217,225,154,113,74,36,22,38,41,46,66,106,185,243,239,169,118,64,42,41,52,54,59,94,100,110,90,60,45,40,43,31,34,26,28,24,29,34,64,68,81,83,60,39,23,15,6,0,0,0,0,0,0,0,0,0,0,0,0,0,0,0,0,0,0,0,2,0,2,1,8,20,30,42,816
1240,245,228,251,262,224,183,230,212,187,161,193,206,240,239,230,267,249,212,217,192,227,220,231,180,203,209,168,118,79,32,21,33,45,34,70,113,160,227,248,193,110,80,48,54,46,61,70,83,103,109,93,53,56,52,45,35,42,31,27,33,35,33,45,74,91,89,61,46,17,15,6,2,1,0,0,0,0,0,0,0,0,0,0,0,0,0,0,0,0,0,1,1,1,2,10,17,27,42,801
1190,232,228,257,277,217,207,196,209,185,175,196,196,220,253,239,234,252,222,220,193,231,224,194,236,224,212,145,109,70,48,28,36,42,44,74,109,173,240,224,184,125,66,41,45,54,55,85,85,93,96,106,56,50,37,37,40,34,34,32,33,30,34,56,82,85,88,72,49,21,17,3,2,0,0,0,0,0,0,0,0,0,0,0,0,0,0,0,0,0,1,1,0,0,0,9,13,33,36,815
1205,236,219,228,260,280,201,169,201,194,184,183,213,198,256,241,258,241,211,213,217,231,213,209,230,202,187,173,105,65,44,39,47,36,48,75,121,178,212,240,199,113,61,39,37,47,62,89,89,124,109,72,57,39,47,42,32,32,26,37,38,32,33,47,80,87,93,77,44,37,12,6,3,0,0,0,0,0,0,0,0,0,0,0,0,0,0,0,0,1,1,1,0,0,2,5,20,22,35,797
1183,234,229,194,286,234,232,189,179,199,207,185,185,200,250,250,262,231,218,233,209,196,249,205,192,197,195,170,131,54,47,38,41,45,54,75,130,158,247,230,160,104,67,60,31,39,62,79,106,105,109,91,46,37,35,39,42,43,38,27,29,38,49,52,83,108,100,59,51,28,20,6,0,2,0,0,0,0,0,0,0,0,0,0,0,0,0,0,0,0,0,0,1,2,2,9,12,23,46,781
1202,209,229,252,260,225,229,202,200,201,166,199,207,204,221,265,264,232,195,239,210,244,222,208,209,216,170,153,118,63,37,38,47,51,57,72,109,167,239,222,168,123,75,49,34,46,44,86,101,129,95,83,70,39,37,31,38,42,30,35,28,34,49,63,88,94,97,67,49,36,18,7,2,1,0,0,0,0,0,0,0,0,0,0,0,0,0,0,0,0,0,0,0,0,2,6,14,25,31,785
1196,211,228,220,263,239,219,186,203,198,190,186,199,225,230,258,240,210,201,230,219,243,221,204,214,207,217,144,88,53,39,31,43,47,66,95,103,168,218,225,179,131,83,56,29,44,45,81,103,132,99,68,69,52,34,28,22,39,40,39,30,37,43,75,84,111,96,69,53,31,12,5,1,0,0,0,0,0,0,0,0,0,0,0,0,0,0,0,0,0,0,0,0,0,2,4,7,28,40,752
1210,206,229,250,249,239,216,186,200,173,206,182,209,207,257,255,225,235,183,183,237,248,229,211,218,213,198,149,85,57,24,44,26,63,63,88,123,190,213,194,169,127,86,66,50,36,49,69,103,111,114,77,59,50,26,33,30,21,39,33,41,34,50,62,110,107,125,81,54,27,11,6,0,0,0,0,0,0,0,0,0,0,0,0,0,0,0,0,0,0,0,0,0,0,2,8,4,36,42,728
1238,206,225,261,238,255,216,188,168,197,198,212,175,194,246,254,267,224,215,189,248,223,219,202,222,214,172,161,92,52,51,36,35,53,58,85,127,186,220,221,161,130,87,52,47,43,54,78,111,130,110,104,51,40,36,27,24,22,37,37,29,35,48,54,97,115,140,79,50,29,11,7,1,0,1,0,0,0,0,0,0,0,0,0,0,0,0,0,0,0,0,0,0,0,3,4,7,31,45,681
1237,216,229,217,243,240,241,177,176,215,200,163,204,197,221,268,272,244,201,232,215,225,220,209,212,194,199,165,100,51,26,35,31,52,63,84,131,193,219,221,154,108,90,71,35,47,59,92,104,112,118,97,55,32,34,24,32,32,41,23,24,33,48,72,96,137,135,100,50,25,4,6,1,0,1,0,0,0,0,0,0,0,0,0,0,0,0,0,0,0,0,0,0,0,1,7,13,17,35,685
1231,222,234,231,242,254,225,178,191,194,200,186,186,210,222,258,289,220,213,227,206,213,239,210,207,199,212,141,116,45,33,32,38,42,70,103,120,172,230,205,179,108,94,56,47,63,64,88,95,131,105,99,52,35,32,22,25,25,25,35,28,36,42,81,102,143,123,105,51,37,9,3,2,0,0,0,0,0,0,0,0,0,0,0,0,0,0,0,0,0,0,0,0,0,1,2,7,15,26,688
1230,207,229,233,245,262,222,177,175,206,180,207,181,217,216,271,275,230,229,190,227,203,237,212,209,235,193,156,91,59,26,16,40,40,73,94,134,165,225,213,151,114,84,55,47,51,64,93,121,132,123,84,56,41,26,28,28,22,21,22,29,45,34,66,115,127,132,100,68,34,11,4,1,0,0,0,0,0,0,0,0,0,0,0,0,0,0,0,0,0,0,0,0,0,0,3,6,17,25,680
1257,196,207,223,276,282,204,171,175,202,185,199,188,186,249,271,258,242,213,196,237,249,205,203,206,224,217,130,90,48,35,20,25,43,61,94,136,176,220,215,161,117,82,63,43,53,72,92,114,135,122,61,64,41,41,33,33,19,24,20,27,30,49,78,114,136,131,99,63,39,14,6,1,1,0,0,0,0,0,0,0,0,0,0,0,0,0,0,0,0,0,0,0,0,1,1,9,10,24,641
1241,220,204,189,256,251,248,191,174,174,226,173,192,220,215,268,260,252,204,217,229,233,202,195,217,237,222,146,81,39,40,34,32,36,49,97,115,170,232,214,151,120,78,62,54,51,73,119,110,113,110,83,44,49,39,34,23,27,25,18,29,32,51,74,117,140,135,96,74,41,12,3,2,0,0,0,0,0,0,0,0,0,0,0,0,0,0,0,0,0,0,0,0,0,0,0,7,10,15,677
1210,219,241,220,243,243,204,193,191,195,197,185,188,201,231,274,266,218,212,202,236,245,218,192,201,217,212,158,101,52,33,24,33,30,72,86,104,166,237,222,167,110,78,53,60,61,59,91,127,136,118,91,48,34,35,40,25,22,20,23,24,26,44,81,108,167,134,109,64,45,22,7,1,0,0,0,0,0,0,0,0,0,0,0,0,0,0,0,0,0,0,0,0,0,1,1,6,9,15,663
1204,213,228,232,238,246,241,178,193,202,169,181,210,207,228,259,276,240,162,203,238,250,237,178,244,231,202,132,96,70,28,28,39,34,61,76,107,160,250,223,162,119,82,60,46,50,71,78,125,159,111,94,55,31,23,36,30,24,26,19,31,23,37,93,121,147,150,102,75,33,18,11,0,0,0,0,0,0,0,0,0,0,0,0,0,0,0,0,0,0,0,0,0,1,1,0,3,7,17,658
1188,232,227,230,248,275,226,182,173,210,186,173,199,188,228,256,290,235,183,182,210,246,213,212,225,219,206,142,99,56,28,25,27,47,67,75,112,176,208,235,182,113,75,48,46,42,70,90,154,127,103,94,71,32,33,30,21,31,23,24,20,23,49,82,125,150,158,117,75,44,18,4,0,0,0,0,0,0,0,0,0,0,0,0,0,0,0,0,0,0,0,0,0,0,1,2,3,11,14,626
1204,234,208,214,238,266,219,176,180,204,182,182,190,213,215,256,289,237,166,189,224,245,211,201,216,243,188,169,79,36,28,37,23,42,63,91,119,158,201,246,192,110,75,52,52,46,67,103,132,145,122,79,67,37,35,23,24,27,23,21,25,23,51,69,123,134,157,121,78,48,17,3,1,0,0,0,0,0,0,0,0,0,0,0,0,0,0,0,0,0,0,0,0,0,0,1,4,12,19,603
1193,223,208,220,263,250,230,190,162,195,197,182,188,210,227,245,286,232,207,197,211,259,211,185,221,216,215,170,104,48,26,17,42,50,61,96,104,171,235,206,173,105,86,55,45,43,64,100,136,141,112,93,69,51,26,34,24,20,15,21,25,27,37,71,127,173,145,123,73,34,27,10,4,0,0,0,0,0,0,0,0,0,0,0,0,0,0,0,0,0,0,0,0,0,1,1,6,8,23,597
1190,226,217,216,262,252,219,208,195,178,185,209,189,197,229,252,277,243,165,190,260,221,210,206,184,235,210,164,106,55,26,19,30,42,55,98,129,168,228,218,163,129,78,43,47,39,61,113,135,151,129,100,51,40,38,31,26,15,20,21,23,25,46,74,140,155,168,126,82,39,21,14,2,0,0,0,0,0,0,0,0,0,0,0,0,0,0,0,0,0,0,0,0,1,2,0,5,6,15,595
1191,241,214,210,264,248,224,196,199,147,172,203,201,197,238,250,256,223,185,188,236,242,229,199,211,203,199,173,107,53,25,22,24,34,51,83,130,154,257,224,172,122,65,49,52,47,68,92,126,164,150,93,58,43,34,26,18,29,21,13,19,25,50,70,119,150,166,145,82,48,21,12,6,0,0,0,0,0,0,0,0,0,0,0,0,0,0,0,0,0,0,0,0,2,1,1,4,3,10,602
1167,251,215,197,240,246,260,176,182,178,186,204,187,199,222,241,271,245,178,196,216,239,239,193,198,198,213,170,119,49,23,19,15,31,46,92,118,170,215,240,191,120,65,45,41,63,67,94,139,147,160,98,65,43,27,27,24,15,21,22,21,23,43,86,107,172,159,131,91,47,17,8,0,0,0,0,0,0,0,0,0,0,0,0,0,0,0,0,0,0,0,0,0,2,0,1,3,2,5,604
1149,236,230,192,224,258,253,215,161,179,190,204,197,163,222,271,267,216,219,198,208,272,233,180,169,235,220,171,102,56,29,30,19,35,60,60,110,149,241,263,192,100,70,40,43,60,64,90,142,167,133,104,59,62,27,27,18,19,19,24,11,30,36,80,131,179,202,138,78,41,25,6,0,0,0,0,0,0,0,0,0,0,0,0,0,0,0,0,0,0,0,0,0,0,2,3,0,3,6,607
1167,251,229,235,222,233,229,226,152,189,168,216,199,182,222,261,280,228,184,197,211,248,247,190,173,206,208,192,109,52,29,26,23,31,51,70,116,142,255,242,179,119,47,42,45,57,76,100,133,163,160,94,59,51,39,27,25,15,20,24,9,19,49,79,131,163,167,114,94,49,22,5,3,1,0,0,0,0,0,0,0,0,0,0,0,0,0,0,0,0,0,0,0,0,0,2,1,5,11,545
1164,248,240,231,205,224,276,199,165,152,198,200,221,184,211,274,262,222,184,187,233,237,231,199,169,198,220,177,121,55,29,24,22,32,55,73,105,182,258,235,177,85,51,57,53,69,81,91,139,166,159,106,62,40,41,22,19,22,22,17,9,26,38,67,152,168,156,129,103,54,34,10,0,2,0,0,0,0,0,0,0,0,0,0,0,0,0,0,0,0,0,0,0,0,0,0,0,5,11,518
1176,241,234,210,212,236,249,223,169,141,193,229,190,213,224,262,283,222,184,206,211,246,237,198,178,212,223,172,101,63,38,21,32,26,56,61,116,185,233,236,163,103,56,47,48,67,71,106,140,173,149,104,64,50,27,25,26,19,24,15,15,29,48,61,123,158,198,140,96,52,25,10,3,0,0,0,0,0,0,0,0,0,0,0,0,0,0,0,0,0,0,0,0,0,0,0,0,1,10,504
1137,250,271,210,211,240,257,202,160,146,176,219,203,195,223,262,292,213,185,208,228,223,210,214,215,207,212,175,122,73,25,23,25,39,36,60,126,180,244,226,177,113,59,39,43,65,81,95,150,168,131,116,71,49,34,23,20,22,16,14,24,23,42,72,96,170,220,139,111,50,30,15,1,0,0,0,0,0,0,0,0,0,0,0,0,0,0,0,0,0,0,0,0,0,0,0,1,1,12,504
1151,244,260,210,228,264,251,191,178,154,184,208,178,208,215,226,289,248,192,177,234,252,244,204,191,194,193,201,122,68,33,29,26,32,44,58,124,187,227,208,190,107,56,44,52,57,64,120,141,163,132,122,72,40,37,24,22,16,14,15,21,27,48,65,112,186,185,155,93,55,33,11,3,0,0,0,0,0,0,0,0,0,0,0,0,0,0,0,0,0,0,0,0,0,0,0,0,0,9,478
1167,241,213,223,205,255,246,190,201,161,149,208,196,192,206,253,294,243,180,182,204,262,229,207,202,182,222,171,127,66,53,23,21,39,37,65,85,208,230,227,196,107,77,56,42,58,70,115,152,185,158,108,67,44,28,28,28,26,12,8,19,21,46,65,122,176,212,154,97,56,20,12,6,0,0,0,0,0,0,0,0,0,0,0,0,0,0,0,0,0,0,0,0,0,0,0,1,1,7,466
1145,251,246,224,216,231,227,241,179,163,166,169,191,216,216,247,277,268,175,169,198,240,269,208,190,226,165,200,129,75,35,26,30,36,40,54,117,157,230,237,175,114,78,52,26,55,76,102,150,160,193,129,60,46,25,21,18,22,23,17,18,28,37,73,121,162,212,169,106,47,20,9,6,0,0,0,0,0,0,0,0,0,0,0,0,0,0,0,0,0,0,0,0,0,0,0,1,1,5,450
1144,230,234,240,231,225,233,200,167,165,190,185,195,225,211,242,294,234,211,181,197,247,233,210,210,190,221,174,130,66,47,31,25,28,43,68,93,182,225,230,175,126,74,52,55,37,75,103,128,172,163,128,69,53,41,25,26,13,15,18,18,24,39,63,119,174,207,178,114,58,31,7,6,0,0,0,0,0,0,0,0,0,0,0,0,0,0,0,0,0,0,0,0,0,0,0,0,0,1,426
1129,236,222,256,223,231,267,199,154,174,168,212,203,222,193,258,265,262,198,147,229,239,223,207,189,215,219,178,116,77,42,29,43,28,44,43,103,166,254,221,186,120,71,51,45,52,82,100,138,169,185,116,72,55,26,29,27,21,18,18,10,21,31,64,102,174,208,172,127,61,36,6,7,2,0,0,0,0,0,0,0,0,0,0,0,0,0,0,0,0,0,0,0,0,0,0,0,1,2,386
1115,265,249,178,233,250,223,202,164,166,170,178,248,192,208,277,257,243,189,186,221,258,221,200,198,192,240,160,106,77,56,32,36,47,48,57,94,163,242,249,178,137,68,47,24,45,74,96,153,163,177,125,77,50,46,25,21,21,27,16,11,22,27,53,106,175,232,193,127,65,40,11,3,0,0,0,0,0,0,0,0,0,0,0,0,0,0,0,0,0,0,0,0,0,0,0,2,0,3,400
1090,266,250,216,217,234,246,199,161,135,151,187,219,198,214,248,274,223,214,204,224,227,231,212,180,206,195,180,132,69,55,44,35,43,52,56,114,145,221,236,198,126,77,53,31,46,57,91,157,166,176,127,72,54,38,34,29,23,22,15,14,16,29,54,96,175,187,207,145,67,33,9,5,2,0,0,0,0,0,0,0,0,0,0,0,0,0,0,0,0,0,0,0,0,0,0,2,0,3,363
1110,270,226,206,197,237,248,212,171,127,152,188,217,233,205,268,264,223,214,191,226,218,261,205,185,215,204,198,118,68,52,52,29,55,46,69,95,145,228,255,204,107,54,54,46,60,65,77,141,172,174,124,92,63,39,49,25,18,19,15,17,24,32,43,113,159,191,203,138,77,41,12,4,1,0,0,0,0,0,0,0,0,0,0,0,0,0,0,0,0,0,0,0,0,0,0,2,0,0,345
1094,254,249,213,194,227,240,211,156,161,157,197,193,206,223,243,283,263,206,163,222,216,241,227,210,206,199,181,117,85,36,40,40,53,54,55,103,169,215,264,188,116,61,50,53,45,64,85,118,194,162,150,86,62,57,43,40,22,17,17,12,16,28,56,103,153,212,193,140,92,36,28,7,3,0,0,0,0,0,0,0,0,0,0,0,0,0,0,0,0,0,0,0,0,0,1,1,0,1,316
1094,237,252,219,200,232,232,184,181,164,182,175,198,242,215,233,250,272,227,187,197,229,243,208,197,203,215,214,127,71,30,33,40,52,61,70,99,152,224,242,189,129,85,54,44,54,57,83,138,172,166,122,91,62,68,46,45,21,19,13,12,13,26,65,112,147,188,193,148,83,43,19,13,6,3,0,0,0,0,0,0,0,0,0,0,0,0,0,0,0,0,0,0,0,0,0,0,2,0,287
1102,223,242,228,218,212,219,202,189,149,150,180,228,211,230,223,261,269,205,188,224,220,259,233,189,191,200,195,140,71,39,28,34,45,69,74,109,161,205,230,196,118,72,51,63,58,66,73,132,185,165,130,80,60,48,61,44,39,23,15,10,17,31,45,109,154,197,196,119,110,53,34,10,5,5,1,0,0,0,0,0,0,0,0,0,0,0,0,0,0,0,0,0,0,0,0,0,0,2,271
1056,208,260,248,203,225,223,215,170,172,151,169,188,224,225,251,256,239,211,220,200,258,232,213,200,213,219,179,151,78,48,27,35,47,63,73,113,158,202,211,214,140,71,45,64,67,66,85,134,175,154,129,87,51,63,61,57,37,26,16,14,17,23,57,87,144,184,163,137,100,62,44,20,7,7,3,1,1,0,0,0,0,0,0,0,0,0,0,0,0,0,0,0,0,0,0,0,0,1,268
1072,193,241,219,242,219,205,203,190,159,165,141,191,240,254,223,249,234,217,197,224,217,249,226,202,191,224,179,141,87,41,35,47,40,66,90,115,147,211,229,176,137,84,64,43,58,79,84,142,148,158,143,72,61,61,67,64,48,29,24,15,15,32,48,79,139,175,170,153,111,65,44,31,16,8,5,3,0,2,0,0,0,0,0,0,0,0,0,0,0,0,0,0,0,0,0,0,0,1,236
1076,184,243,238,225,202,191,211,195,161,165,172,156,219,244,231,242,263,203,217,188,253,259,232,197,182,201,208,164,84,53,40,39,57,63,78,115,138,204,226,187,139,94,59,52,65,66,86,115,148,166,143,82,79,70,66,53,63,31,26,24,18,25,52,74,152,163,141,133,112,60,42,27,31,12,5,4,2,2,3,0,0,0,0,0,0,0,0,0,0,0,0,0,0,0,0,1,1,0,192
1017,231,226,228,227,195,188,192,192,165,171,162,186,216,243,242,219,232,237,206,193,244,221,273,203,199,214,189,156,89,73,34,49,57,55,82,89,135,192,223,170,127,101,65,60,58,62,81,111,134,150,150,88,81,60,55,53,53,44,23,23,31,20,42,87,117,177,152,115,86,75,57,32,17,15,11,7,4,3,1,3,2,0,0,0,0,0,0,0,0,0,0,0,0,0,1,0,2,0,184
988,181,228,264,222,184,194,188,170,173,169,153,186,206,249,233,237,244,196,233,198,223,267,225,195,184,205,169,149,115,67,62,40,44,58,57,89,122,195,204,178,134,87,71,63,49,44,64,92,104,127,122,115,62,67,58,38,48,41,30,27,15,25,37,72,94,131,101,92,88,73,61,37,16,5,13,3,4,3,2,0,1,3,0,0,0,0,0,0,0,0,0,0,0,0,0,0,1,2,153
843,175,233,232,197,198,182,166,160,152,151,148,169,192,192,217,228,237,189,180,179,212,266,203,180,177,150,167,139,69,63,48,42,41,46,58,64,89,146,160,156,109,76,55,42,38,43,52,63,73,112,101,80,53,26,52,40,20,32,22,9,22,14,35,43,67,90,82,61,58,49,44,17,16,5,11,8,4,1,2,0,1,1,0,0,0,0,0,0,0,0,0,0,0,0,0,0,2,1,117
629,139,167,207,195,170,143,154,107,131,121,126,128,153,167,183,199,210,177,180,147,190,211,180,138,127,127,119,94,75,31,26,16,23,30,35,39,54,86,68,79,84,62,44,21,21,31,30,29,48,49,54,46,30,17,18,18,15,5,18,7,9,8,14,24,36,37,44,42,27,13,18,14,10,2,2,1,2,3,0,2,1,2,0,0,0,0,0,0,0,0,0,0,0,0,0,0,1,1,84
315,79,120,131,138,109,97,85,100,78,58,72,72,90,116,126,114,119,135,103,97,106,145,131,94,69,85,52,41,32,17,6,8,6,13,20,20,18,20,34,35,26,26,16,12,8,5,12,12,19,13,22,7,9,6,3,1,3,6,1,4,2,4,5,10,5,11,20,15,5,5,2,4,2,3,0,0,1,1,0,0,1,0,0,0,0,0,0,0,0,0,0,0,0,0,0,0,0,0,35
66,39,37,53,62,65,53,33,42,27,26,24,24,50,51,57,51,67,56,41,49,45,48,62,42,39,39,18,13,17,6,1,1,0,3,7,3,4,12,6,8,7,12,2,4,1,0,1,0,4,2,4,1,2,0,0,0,1,0,0,0,0,0,3,0,0,3,3,0,1,2,0,0,0,0,0,0,0,2,0,0,0,0,0,0,0,0,0,0,0,0,0,0,0,0,0,0,0,0,8
4,5,8,12,14,12,23,11,8,9,5,3,6,15,5,16,17,19,11,8,19,11,13,13,8,12,5,6,2,0,0,0,0,2,2,3,0,0,1,2,0,0,0,0,1,0,0,0,0,0,0,0,0,1,0,0,0,0,0,0,0,0,0,0,0,0,0,0,0,0,0,0,0,0,0,0,0,0,0,0,0,0,0,0,0,0,0,0,0,0,0,0,0,0,0,0,0,0,0,3
0,0,0,2,1,3,1,2,2,2,0,0,2,1,0,1,3,0,2,0,1,1,0,3,1,1,0,1,0,0,0,0,0,0,0,0,0,0,0,2,0,0,0,0,0,0,0,0,0,0,0,0,0,0,0,0,0,0,0,0,0,0,0,0,0,0,0,0,0,0,0,0,0,0,0,0,0,0,0,0,0,0,0,0,0,0,0,0,0,0,0,0,0,0,0,0,0,0,0,2
0,0,0,0,0,0,0,0,0,0,0,0,0,0,0,0,0,0,0,0,0,0,0,0,0,0,0,0,0,0,0,0,0,0,0,0,0,0,0,0,0,0,0,0,0,0,0,0,0,0,0,0,0,0,0,0,0,0,0,0,0,0,0,0,0,0,0,0,0,0,0,0,0,0,0,0,0,0,0,0,0,0,0,0,0,0,0,0,0,0,0,0,0,0,0,0,0,0,0,1
0,0,0,0,0,0,0,0,0,0,0,0,0,0,0,0,0,0,0,0,0,0,0,0,0,0,0,0,0,0,0,0,0,0,0,0,0,0,0,0,0,0,0,0,0,0,0,0,0,0,0,0,0,0,0,0,0,0,0,0,0,0,0,0,0,0,0,0,0,0,0,0,0,0,0,0,0,0,0,0,0,0,0,0,0,0,0,0,0,0,0,0,0,0,0,0,0,0,0,0
0,0,0,0,0,0,0,0,0,0,0,0,0,0,0,0,0,0,0,0,0,0,0,0,0,0,0,0,0,0,0,0,0,0,0,0,0,0,0,0,0,0,0,0,0,0,0,0,0,0,0,0,0,0,0,0,0,0,0,0,0,0,0,0,0,0,0,0,0,0,0,0,0,0,0,0,0,0,0,0,0,0,0,0,0,0,0,0,0,0,0,0,0,0,0,0,0,0,0,0
0,0,0,0,0,0,0,0,0,0,0,0,0,0,0,0,0,0,0,0,0,0,0,0,0,0,0,0,0,0,0,0,0,0,0,0,0,0,0,0,0,0,0,0,0,0,0,0,0,0,0,0,0,0,0,0,0,0,0,0,0,0,0,0,0,0,0,0,0,0,0,0,0,0,0,0,0,0,0,0,0,0,0,0,0,0,0,0,0,0,0,0,0,0,0,0,0,0,0,0
0,0,0,0,0,0,0,0,0,0,0,0,0,0,0,0,0,0,0,0,0,0,0,0,0,0,0,0,0,0,0,0,0,0,0,0,0,0,0,0,0,0,0,0,0,0,0,0,0,0,0,0,0,0,0,0,0,0,0,0,0,0,0,0,0,0,0,0,0,0,0,0,0,0,0,0,0,0,0,0,0,0,0,0,0,0,0,0,0,0,0,0,0,0,0,0,0,0,0,0
