parameters (x,y,w,h,rx,ry):-5,0,10.000000,40.000000,100,100
230,66,44,41,32,26,35,27,37,27,35,51,47,40,48,31,37,29,27,27,38,40,49,38,39,37,40,36,34,30,25,35,32,39,46,54,64,47,38,40,29,36,48,38,46,45,59,64,48,46,30,49,49,44,65,55,63,58,61,57,36,45,45,23,31,45,55,64,48,48,48,59,50,36,41,42,52,51,64,56,65,55,58,51,33,44,56,52,55,58,57,67,50,49,63,45,41,42,40,329
495,95,100,119,102,63,61,68,63,98,74,84,130,102,116,94,74,76,58,58,71,89,103,90,105,83,103,81,79,83,69,72,59,88,117,124,116,116,104,74,76,68,72,110,117,111,123,117,140,104,96,102,100,90,99,143,135,131,146,135,132,112,64,78,85,98,99,133,112,106,123,118,95,82,82,82,92,124,129,165,154,123,122,117,91,88,85,121,117,128,140,143,108,132,110,104,89,75,90,759
502,81,130,112,93,90,64,49,46,79,93,107,108,129,107,94,82,75,70,57,66,85,84,108,102,94,102,77,83,81,65,68,77,72,106,138,132,121,93,61,70,75,75,99,92,137,117,124,118,140,88,101,98,80,72,128,141,135,161,146,106,102,94,75,97,87,93,113,116,111,128,121,100,78,69,76,106,104,142,136,155,138,148,112,89,94,87,104,110,118,156,170,133,109,116,108,96,94,82,740
488,112,115,109,92,93,82,59,40,68,77,102,115,103,123,106,82,80,67,69,60,81,82,87,118,100,106,99,98,80,60,64,61,98,83,116,145,121,126,73,64,68,72,74,99,115,134,127,135,117,121,99,80,66,98,117,124,142,163,150,131,104,86,74,79,101,104,99,120,133,121,105,96,76,92,73,80,117,132,151,154,145,139,116,90,88,81,111,100,137,142,144,157,128,112,95,100,71,91,753
468,103,129,123,99,100,82,62,58,48,69,84,112,124,113,119,92,78,54,60,55,75,99,74,106,111,123,113,93,76,59,62,74,72,114,107,98,148,131,104,72,47,64,69,88,109,128,153,138,140,117,91,88,84,98,98,107,142,157,152,144,107,105,79,70,91,85,115,128,133,107,133,87,80,94,54,83,106,130,150,164,146,140,108,108,83,95,122,92,112,169,136,126,147,138,99,85,79,83,769
460,97,121,121,114,109,69,58,58,51,72,81,92,108,144,117,100,70,58,57,48,64,83,93,105,105,135,101,95,69,77,50,76,67,95,109,120,149,108,93,75,73,62,63,73,87,136,136,147,143,125,104,87,95,66,118,125,123,141,169,120,116,99,80,86,93,92,110,108,141,125,93,115,85,85,85,87,100,116,145,161,163,133,107,81,107,98,106,92,117,151,148,146,150,119,115,93,87,59,796
486,106,112,119,113,103,83,52,64,58,51,75,105,108,136,140,98,66,50,65,50,56,70,115,118,110,112,92,85,76,70,53,67,64,87,97,143,151,119,97,68,57,58,63,104,86,122,132,129,157,136,92,95,83,93,87,101,156,144,154,129,111,86,81,90,92,106,101,128,140,102,112,84,85,74,81,81,115,115,142,163,165,131,112,80,71,107,120,94,104,152,151,153,118,130,112,89,79,82,763
478,95,140,132,110,87,84,54,65,63,58,62,109,136,120,132,93,83,61,52,41,49,64,121,115,112,106,112,93,78,73,66,63,56,81,109,129,147,138,92,73,44,65,71,84,93,105,140,146,154,117,98,105,89,67,93,106,142,160,153,130,111,79,78,73,85,141,116,128,112,121,102,92,78,66,70,71,122,126,144,164,159,139,121,77,81,78,113,95,113,133,150,148,144,138,117,95,109,68,755
477,91,115,142,120,97,81,71,51,57,55,86,99,110,148,124,97,83,53,56,38,47,81,92,121,124,106,114,95,65,77,66,62,74,89,105,143,141,124,113,73,54,57,62,68,86,121,140,123,147,120,110,93,76,93,98,98,154,145,161,134,110,90,68,67,80,117,131,135,130,119,120,93,71,63,75,80,89,130,144,172,169,135,123,86,83,87,96,105,110,142,150,133,140,117,142,84,93,94,800
481,84,106,117,136,102,75,62,56,56,68,72,101,123,134,146,109,67,66,60,44,47,73,90,114,111,133,104,85,65,70,72,58,60,86,113,109,141,144,104,93,54,64,64,57,91,109,139,142,137,109,110,92,94,88,117,114,134,131,157,147,114,100,71,65,61,102,142,148,121,127,108,103,81,62,79,51,89,115,153,154,152,141,126,113,83,89,95,90,116,131,165,154,131,126,101,99,87,93,782
524,92,116,123,120,101,82,66,49,50,74,77,102,108,131,138,119,72,67,50,52,58,58,97,112,128,115,96,91,65,72,64,79,68,78,108,127,133,123,93,83,63,62,61,91,75,93,143,151,128,132,104,87,92,91,113,120,128,149,154,153,116,89,74,65,80,89,114,144,146,140,91,82,101,76,80,66,93,117,137,155,164,136,132,88,108,91,89,88,123,123,163,168,150,113,94,95,87,84,772
532,75,103,123,117,86,91,70,61,56,52,82,93,109,125,134,116,88,63,53,78,57,57,85,114,109,102,101,99,84,82,57,60,80,96,101,130,136,130,99,69,82,50,52,78,81,108,122,148,135,137,114,87,77,80,96,139,148,138,171,128,111,72,63,68,85,95,111,134,127,133,128,78,78,85,81,76,88,92,148,153,159,153,112,100,88,92,78,106,109,142,136,166,141,129,96,97,93,82,762
546,73,116,110,132,124,82,58,58,59,48,81,85,108,115,134,112,78,92,65,47,63,56,102,107,122,104,107,90,91,62,60,72,65,104,102,129,145,124,123,71,58,67,45,66,80,104,128,131,146,123,113,94,82,86,104,134,135,168,149,146,105,99,73,64,70,93,112,120,133,137,129,90,79,87,73,84,106,119,121,133,164,129,143,101,106,81,89,84,111,142,149,158,139,123,114,95,79,92,777
539,91,102,142,121,97,82,67,65,60,61,63,101,116,117,117,100,91,84,78,61,66,73,84,112,102,106,105,91,87,65,88,56,82,91,98,136,129,111,112,77,69,67,58,66,73,85,136,136,156,109,113,93,75,99,111,118,149,148,160,129,121,91,86,71,69,67,110,127,146,135,131,82,82,92,66,72,109,118,147,122,130,157,127,118,106,94,93,94,91,118,154,165,168,117,101,94,91,80,785
559,97,109,131,115,113,82,77,56,56,77,73,93,116,128,97,110,86,66,75,84,55,80,72,106,110,105,97,79,79,80,82,72,69,73,95,116,150,120,103,76,82,59,52,68,78,102,118,141,140,132,110,92,71,87,112,130,124,157,150,150,117,101,75,67,72,81,113,113,131,148,103,110,78,64,71,82,93,123,148,139,146,121,126,103,110,97,88,85,107,134,125,150,162,138,86,93,84,94,743
528,100,105,114,126,122,97,54,55,52,59,65,109,121,103,113,116,80,65,73,58,65,88,85,87,112,95,115,97,70,74,68,87,70,84,96,112,111,135,116,95,66,61,54,53,85,83,150,136,135,121,115,93,83,99,87,122,159,178,123,121,120,95,95,73,57,95,92,130,153,128,122,108,82,72,64,82,91,113,127,151,165,139,88,103,92,96,95,90,92,156,156,153,153,127,97,84,85,67,816
532,96,113,124,114,111,100,64,61,61,81,57,98,117,118,98,113,97,82,66,69,69,79,79,99,111,112,101,96,73,67,69,66,88,92,100,110,127,118,108,85,79,68,53,70,71,93,140,123,149,121,92,94,79,82,94,116,150,165,162,127,123,91,77,72,79,81,81,132,131,148,138,112,54,64,84,78,89,107,113,135,169,139,119,112,85,84,89,96,101,124,153,174,155,135,114,80,73,70,800
508,100,125,133,117,107,103,70,68,55,52,91,91,107,121,126,104,87,75,61,62,68,74,83,98,117,110,117,73,86,46,67,63,92,93,122,89,120,114,103,90,76,77,64,59,78,95,128,117,131,146,94,90,96,84,97,118,103,174,171,155,124,90,74,67,83,97,101,114,110,138,121,121,83,72,61,91,93,87,133,153,134,123,129,105,109,77,85,96,122,138,130,173,140,154,123,85,74,72,782
503,108,116,150,118,94,100,69,65,60,67,75,93,89,120,117,103,88,80,59,60,70,77,85,95,87,129,109,77,83,71,72,63,85,91,116,110,116,115,84,98,78,78,69,70,88,112,104,128,127,148,103,77,91,102,97,104,101,164,179,150,141,102,74,67,91,86,102,117,128,110,116,121,93,80,66,76,92,107,127,138,138,151,123,86,104,65,94,114,102,127,146,175,164,146,123,98,77,71,787
501,85,140,132,138,116,97,68,60,55,77,81,86,102,118,108,102,86,75,64,51,74,96,84,93,103,128,99,82,87,69,74,54,88,92,111,121,112,106,94,86,81,65,61,89,82,98,134,109,119,120,130,88,94,93,93,117,119,143,170,144,129,106,80,82,78,90,111,108,132,113,103,102,104,86,75,85,84,108,133,132,130,172,119,111,89,79,71,81,102,130,143,174,169,153,106,99,78,77,800
508,76,119,143,157,107,94,73,60,58,74,73,64,126,126,106,116,81,70,51,65,67,97,88,104,111,110,97,73,83,86,69,73,81,95,108,125,125,95,89,66,80,81,65,82,97,107,104,126,106,113,112,108,92,111,87,109,139,150,153,155,133,104,70,77,82,87,112,131,131,114,108,94,89,89,71,73,98,114,121,148,125,144,139,112,82,77,88,79,94,125,155,157,189,149,125,85,87,73,794
529,89,100,152,130,126,92,70,57,58,66,71,91,99,122,115,108,79,67,69,51,63,76,79,125,114,94,92,74,79,91,72,69,90,107,103,121,127,97,89,59,64,76,67,70,116,103,125,111,116,99,109,105,103,90,98,122,135,150,132,155,120,120,91,88,88,82,112,132,126,120,96,89,109,77,72,88,87,120,124,130,127,135,140,120,97,81,86,80,88,131,152,164,161,149,108,113,71,77,781
522,104,104,127,145,117,109,74,70,57,76,84,81,102,119,113,96,67,69,81,59,66,88,85,97,119,106,93,76,71,73,65,80,90,119,101,116,126,102,73,79,69,66,56,78,92,113,128,132,117,99,97,94,88,88,110,131,142,126,139,136,118,123,94,90,85,97,116,129,129,112,88,106,90,83,76,67,106,122,120,127,142,123,137,127,105,66,73,87,102,110,150,157,178,155,114,99,84,72,782
522,94,122,120,122,120,112,79,68,76,75,67,86,105,109,100,102,97,64,66,55,64,92,115,112,122,90,99,77,78,74,66,73,92,118,103,112,113,115,86,76,52,77,63,82,78,108,113,146,124,105,84,74,90,94,99,133,139,160,131,123,112,109,108,90,95,97,102,128,130,112,107,103,83,82,83,70,93,128,130,131,132,118,140,111,86,74,79,87,87,138,145,175,150,153,119,107,79,73,786
555,95,121,110,145,113,79,82,82,63,80,64,88,104,106,109,100,87,75,55,60,62,79,103,120,106,100,80,92,65,73,59,69,84,121,107,119,121,108,81,75,55,72,52,84,72,116,132,153,126,100,91,86,76,97,114,125,144,142,131,138,109,101,110,90,98,93,106,113,133,136,112,100,98,69,84,84,99,112,123,134,141,128,127,125,109,71,74,98,105,110,167,149,152,131,126,120,92,64,745
556,82,106,129,147,113,84,93,77,71,86,82,74,109,107,114,101,87,53,70,74,66,80,80,122,117,126,85,75,66,66,56,70,88,104,127,122,119,105,79,65,75,76,66,68,82,99,129,146,129,100,105,79,79,89,121,109,144,147,169,126,100,92,98,84,88,104,98,122,119,122,122,109,90,81,74,73,101,110,113,121,148,144,126,112,115,77,98,79,105,134,134,142,129,137,148,110,96,86,730
526,85,121,129,145,92,93,90,71,67,84,75,87,95,116,115,88,82,78,54,69,67,77,94,125,110,125,94,81,77,46,42,79,92,109,118,119,129,97,101,64,61,63,74,71,83,93,104,146,125,116,84,96,90,87,81,128,161,155,143,143,84,97,88,90,77,118,118,118,123,127,116,99,103,74,73,70,88,118,130,126,136,128,126,112,101,87,86,86,121,132,138,134,137,142,129,113,107,89,751
550,91,120,123,136,109,88,86,69,72,70,76,87,114,111,100,99,90,78,64,68,56,71,95,103,134,115,120,86,65,58,51,65,85,99,119,126,132,110,80,78,63,61,63,91,84,93,125,134,140,102,98,99,88,87,98,109,143,158,158,129,110,93,97,71,71,112,121,122,141,111,132,98,69,80,87,74,102,116,123,126,149,113,124,118,111,83,81,99,115,135,137,143,142,142,116,114,95,89,738
566,81,120,138,126,85,90,97,75,65,74,84,87,103,108,103,104,71,70,56,59,72,61,77,108,117,114,116,91,71,66,64,68,79,98,124,135,115,119,90,72,57,62,60,64,84,125,127,127,114,103,113,90,88,82,104,110,152,140,133,146,107,95,75,74,96,92,110,136,139,135,114,99,68,69,78,92,96,135,123,129,134,118,119,122,105,99,82,102,107,134,147,130,145,137,113,112,94,89,753
557,100,131,119,105,105,73,103,67,75,68,83,102,85,105,130,103,83,62,77,54,55,87,84,108,109,124,100,102,71,56,46,63,85,89,128,135,116,107,111,67,59,60,49,68,83,100,145,129,124,109,109,96,75,73,107,126,144,138,147,131,125,87,75,62,79,105,109,119,159,133,96,95,63,80,75,82,107,134,126,151,135,102,118,99,108,105,95,110,113,123,128,138,151,132,140,93,83,72,760
554,97,130,132,128,95,83,83,76,74,81,71,111,116,88,117,100,94,76,60,57,56,77,94,108,120,120,103,91,62,67,54,61,58,105,118,123,119,130,97,87,68,51,62,59,85,104,118,153,125,117,102,88,89,78,104,121,155,165,163,125,97,94,63,85,76,84,117,134,162,131,111,100,66,68,82,77,101,120,151,148,143,136,98,87,75,94,85,125,129,120,105,151,165,138,122,96,103,90,752
568,82,113,139,116,95,92,70,84,74,76,77,101,100,126,112,102,64,62,80,61,55,71,77,112,116,130,108,93,62,71,70,65,67,94,113,123,123,106,104,78,71,52,62,66,78,119,122,120,160,106,99,66,82,80,89,118,164,172,149,130,102,86,75,67,72,101,125,138,149,125,108,97,71,81,69,72,108,114,151,152,154,123,125,91,87,83,98,107,121,135,113,145,159,140,132,82,97,82,744
559,76,136,118,107,101,79,84,77,77,57,90,99,130,107,99,111,86,67,60,61,47,63,90,121,103,107,125,103,74,67,55,63,57,107,95,140,127,108,81,77,74,68,51,75,72,100,126,124,142,125,103,77,76,89,97,130,157,164,146,132,109,93,74,81,83,84,115,143,127,137,104,106,93,66,83,87,92,112,150,146,135,153,107,112,87,101,87,97,100,128,126,171,157,130,118,88,99,99,767
567,88,108,123,109,101,81,78,82,78,72,71,110,114,123,136,86,81,76,55,70,62,78,85,103,104,111,119,80,82,66,70,65,76,89,117,114,121,122,84,73,65,67,66,72,76,109,128,139,144,107,105,93,73,87,107,132,115,174,145,131,108,89,77,90,77,97,100,114,135,128,130,91,93,64,65,87,86,114,168,158,149,120,107,89,102,98,85,96,105,124,156,158,157,111,99,98,97,87,777
538,98,113,116,101,93,103,85,57,67,69,82,119,127,121,109,86,89,76,72,72,60,74,86,96,85,101,126,107,87,63,61,77,85,85,127,117,115,100,91,69,71,53,64,68,80,106,116,143,133,112,96,85,75,85,109,132,124,157,146,129,98,91,87,86,83,82,107,137,132,132,116,100,85,89,63,76,83,123,152,170,154,109,115,112,81,78,90,94,124,127,175,164,142,121,106,97,78,97,777
548,83,104,115,107,114,103,86,73,68,57,59,97,135,129,110,111,79,61,66,51,71,71,86,107,108,116,107,99,82,66,75,77,82,89,113,123,115,100,92,74,63,68,59,69,93,96,108,144,132,131,87,68,77,86,98,114,147,141,145,150,118,81,88,83,100,95,114,115,135,142,116,84,76,68,88,72,91,104,154,181,140,132,109,108,91,75,79,119,99,142,164,170,149,122,100,89,89,91,805
554,99,134,113,92,122,84,68,70,63,77,82,94,120,130,129,114,76,66,48,59,79,67,74,103,121,109,112,95,79,76,50,80,68,106,115,122,122,106,83,74,71,62,69,48,85,108,122,141,133,106,97,102,93,72,109,103,134,126,162,141,127,77,69,95,91,86,115,142,113,128,125,104,70,68,61,76,91,104,138,156,157,165,126,90,91,90,95,73,89,139,173,180,153,143,97,84,88,80,792
565,103,115,117,119,104,90,84,62,64,72,89,108,108,124,138,103,86,62,47,52,75,84,89,99,110,116,101,89,74,78,64,59,66,82,114,146,119,97,84,75,66,58,54,68,102,96,108,129,140,109,115,84,81,87,100,103,122,149,156,147,111,94,94,85,79,90,106,117,130,124,100,118,91,78,68,60,103,109,119,146,166,140,120,111,83,68,94,83,93,134,170,187,163,132,91,95,82,87,785
559,105,109,104,110,124,94,61,69,65,87,97,91,118,143,120,94,96,65,48,44,70,86,92,98,110,108,103,95,75,74,76,78,73,92,103,118,120,101,93,96,65,43,58,62,109,86,120,135,137,109,117,93,81,89,78,100,140,123,168,131,128,91,83,93,84,106,113,126,133,116,114,131,92,60,70,76,73,116,122,137,171,170,114,112,83,77,90,69,107,128,160,175,183,133,112,84,77,81,760
536,112,126,116,117,109,94,59,59,64,71,85,123,124,126,128,95,97,61,51,50,51,59,106,109,95,120,114,79,87,76,73,73,74,91,104,123,113,99,102,75,68,57,63,74,78,122,115,121,127,104,110,106,84,92,95,91,117,125,163,133,133,107,74,64,96,96,117,112,125,133,120,114,99,65,69,88,84,101,152,128,121,146,152,117,83,91,71,73,99,134,156,206,156,145,84,78,81,83,769
524,102,126,129,119,102,89,73,70,70,69,81,101,113,143,135,98,78,52,66,52,56,55,100,97,111,120,119,93,87,76,62,80,80,105,114,117,109,99,83,83,72,64,56,75,82,110,115,137,110,108,110,95,98,92,94,91,131,126,140,139,132,111,82,77,72,84,116,120,133,113,137,128,97,78,78,67,90,105,126,140,124,160,118,136,87,93,76,75,100,135,165,160,182,153,103,73,72,85,813
520,91,127,141,136,117,107,79,56,62,68,73,98,129,145,118,126,68,76,56,46,64,72,75,90,108,111,102,91,85,90,63,79,78,113,106,118,97,100,91,94,81,70,68,81,74,103,132,129,116,106,94,82,115,85,91,101,127,151,142,135,107,109,88,76,82,82,113,105,146,131,108,118,92,84,72,76,96,96,137,140,146,124,143,107,117,86,92,89,97,126,126,176,175,158,109,80,69,85,800
495,91,107,141,135,120,85,82,68,68,61,85,87,119,129,117,121,85,65,73,55,68,68,72,95,94,106,110,82,84,79,66,57,87,101,126,108,110,101,93,76,67,65,82,76,84,114,119,117,118,101,107,85,100,84,105,113,115,148,156,121,110,100,104,75,79,75,117,124,133,122,122,109,100,75,81,77,86,104,129,140,145,149,110,93,93,96,92,97,105,129,142,168,171,160,108,77,85,85,781
510,91,107,127,122,100,112,72,72,62,71,81,96,117,126,133,85,92,72,65,77,48,73,81,95,102,109,103,83,75,86,72,74,70,84,117,141,107,86,97,80,76,51,70,79,87,109,117,115,133,112,102,86,83,97,105,129,131,117,164,147,107,97,87,64,89,83,105,127,128,133,109,107,99,93,83,79,80,97,132,144,147,154,108,110,113,82,86,81,108,134,154,158,166,137,129,104,84,65,803
553,91,126,127,117,99,95,88,64,74,63,77,108,113,132,136,81,93,69,68,72,55,69,80,115,106,108,99,98,76,75,66,84,73,92,119,115,109,103,94,70,63,72,62,70,94,94,127,116,128,93,119,93,82,95,101,106,121,140,154,123,111,110,83,71,86,97,98,109,123,140,115,111,90,89,93,74,87,99,125,135,165,142,94,104,103,82,84,102,94,135,158,156,158,141,123,111,88,85,779
558,104,119,124,139,114,89,72,54,63,76,89,98,97,126,127,98,85,72,60,56,69,78,86,100,106,97,101,87,87,83,64,69,93,92,106,120,110,107,92,78,73,70,67,64,100,98,119,117,109,108,109,92,92,82,109,115,134,153,167,112,91,96,87,88,81,93,113,123,134,119,103,100,96,86,86,76,115,114,129,140,148,136,118,97,113,84,81,76,94,120,148,177,145,140,142,110,107,79,739
540,114,120,126,127,128,96,78,52,58,66,90,97,129,121,107,97,95,73,75,60,69,76,85,96,98,116,82,88,87,69,79,64,70,78,131,113,111,95,102,89,73,62,72,70,94,105,133,114,120,96,77,102,107,90,99,104,140,161,158,130,104,81,67,73,91,99,118,135,111,138,106,103,98,81,78,91,98,96,128,151,146,143,128,100,92,93,91,85,95,113,157,143,158,137,127,106,92,96,758
549,92,113,126,138,99,110,72,63,44,63,90,106,125,123,118,102,74,82,61,59,58,94,86,92,107,120,74,74,80,76,72,77,74,74,104,118,133,102,100,79,77,75,63,75,88,93,116,134,96,111,81,96,81,94,99,112,140,156,149,135,117,85,70,70,80,98,131,125,132,96,118,107,109,72,90,80,97,99,136,139,136,147,122,113,81,78,103,99,95,138,128,173,154,131,141,90,102,96,761
560,118,116,103,101,131,98,82,81,61,67,68,88,129,139,117,94,78,87,65,59,74,69,87,91,115,111,108,74,62,74,89,58,71,84,108,120,104,118,84,84,71,58,89,72,77,102,118,130,110,103,83,93,95,95,122,123,121,138,154,137,115,98,90,66,72,97,104,124,128,133,98,122,81,94,78,101,109,114,124,127,143,141,142,117,92,74,86,102,114,123,147,145,140,146,129,96,92,93,768
531,82,98,123,128,120,101,78,83,74,64,69,109,128,139,105,87,78,81,75,72,61,73,76,90,102,101,107,80,68,69,70,69,76,86,137,132,117,90,80,77,63,89,62,76,96,83,129,131,115,94,105,100,84,94,84,108,129,143,148,129,112,114,73,65,77,91,120,139,111,113,106,114,89,92,89,95,102,123,128,123,127,136,137,122,98,70,85,86,118,147,129,140,174,149,115,92,75,89,825
531,100,107,107,107,104,117,77,76,80,69,70,98,132,142,113,99,75,56,64,65,71,75,89,93,109,109,103,76,64,62,75,78,76,91,124,140,119,96,87,58,59,65,61,82,74,103,114,137,116,95,111,98,95,82,108,119,117,136,154,149,106,104,72,80,85,80,117,133,125,114,92,111,97,88,76,84,122,112,117,124,139,138,141,108,91,92,75,94,109,132,154,155,155,148,143,93,76,77,830
547,99,100,113,113,121,96,61,81,89,85,77,99,103,127,141,104,74,60,58,59,72,70,95,93,105,109,115,89,69,55,69,76,87,100,113,142,107,100,74,78,68,71,69,59,82,85,119,127,130,104,94,85,100,98,87,99,149,149,166,119,120,98,89,73,91,83,96,124,123,134,110,116,80,83,73,78,100,103,140,122,129,146,132,123,90,100,85,79,94,130,142,186,133,153,137,115,78,80,792
551,97,109,128,129,94,95,74,79,64,95,78,84,125,128,132,96,73,71,57,58,59,71,79,130,77,114,91,86,66,74,60,65,97,94,121,126,111,113,86,65,74,58,62,78,74,94,111,126,146,104,83,86,87,88,93,102,131,160,138,151,125,86,86,75,90,74,89,154,136,135,110,103,84,79,78,86,93,125,126,133,131,135,140,116,101,87,78,76,99,148,145,152,156,150,137,89,71,98,786
595,96,109,126,129,111,85,85,77,72,76,70,107,129,130,123,112,71,64,32,82,52,80,91,89,105,117,88,87,72,53,68,83,87,87,122,123,116,100,99,69,55,63,51,79,98,88,120,129,130,115,75,83,88,76,90,101,119,156,169,152,122,96,81,73,93,100,97,118,150,127,115,93,87,76,77,86,104,107,139,131,133,118,129,120,90,116,78,79,106,142,132,185,145,150,124,103,72,93,768
565,106,121,131,143,116,85,82,68,56,70,80,93,148,124,126,97,81,67,56,68,66,73,85,93,101,114,97,79,79,55,59,92,89,105,106,130,113,113,94,62,58,51,55,77,87,96,143,119,131,108,85,80,75,84,101,105,98,164,159,154,128,96,81,63,84,99,106,108,137,150,101,101,89,87,88,73,92,107,134,147,134,130,118,100,86,107,91,86,103,130,166,157,127,165,125,106,88,75,749
552,112,127,128,139,97,102,92,66,55,67,67,103,123,143,126,117,67,61,62,68,62,71,77,100,103,109,88,85,67,64,68,73,79,118,107,126,121,110,84,78,57,67,61,68,89,117,105,145,116,103,83,73,83,77,100,100,115,160,155,138,118,104,78,80,89,85,109,103,141,146,107,103,94,73,73,98,125,96,144,124,140,122,114,92,88,90,88,115,102,130,137,155,143,129,150,98,110,101,771
545,117,116,137,132,95,107,105,66,70,56,60,94,130,134,135,116,77,57,44,71,67,66,70,89,133,108,105,66,80,54,75,70,89,98,113,124,102,105,87,72,59,70,59,71,92,87,144,126,129,106,84,77,76,81,94,106,105,171,150,140,120,100,84,79,75,96,105,100,129,135,122,121,90,70,82,70,116,139,136,128,148,135,110,94,92,83,86,101,114,128,157,152,140,143,147,104,78,96,770
551,120,131,133,129,100,106,102,75,58,62,76,99,124,135,133,85,79,57,65,53,66,82,86,90,112,124,102,64,62,66,70,73,67,109,107,136,104,110,85,72,61,67,53,60,79,118,134,139,118,106,84,85,94,84,92,100,137,155,124,139,125,84,67,92,93,92,94,124,122,149,126,112,95,76,79,72,110,124,123,157,129,119,118,100,81,68,96,101,131,128,143,171,140,139,111,117,88,91,763
555,122,113,139,124,105,102,80,80,61,59,73,111,108,121,141,111,70,67,56,54,73,86,82,102,106,120,98,79,62,50,65,74,84,97,124,124,124,92,90,71,56,67,57,48,92,109,132,128,145,119,84,76,85,113,91,100,121,149,138,143,104,94,74,81,78,88,95,109,127,129,122,108,83,82,66,99,103,114,124,136,155,149,109,86,89,87,91,102,108,127,156,163,130,139,104,113,89,84,790
546,111,134,131,145,108,96,87,70,60,61,79,87,127,130,140,118,78,91,59,52,54,70,82,103,122,103,107,101,65,50,56,72,79,104,123,127,107,104,113,73,82,52,50,56,66,117,125,135,144,119,81,93,88,86,110,99,117,131,140,143,113,87,88,72,73,98,87,118,110,133,123,109,96,90,76,96,111,121,134,132,154,158,110,104,88,71,83,94,138,123,168,158,145,114,106,115,101,89,759
568,126,128,120,127,110,110,72,74,69,69,76,96,110,124,134,114,89,86,61,58,48,63,72,116,130,118,105,94,74,64,59,57,67,99,106,120,119,109,98,95,68,46,50,53,72,108,122,143,125,112,93,86,85,109,91,106,118,137,136,128,109,87,79,87,76,76,94,122,116,124,113,113,88,87,83,92,91,120,114,151,156,113,136,92,78,76,93,90,110,129,167,167,154,138,97,107,93,96,772
537,94,130,160,127,106,95,89,71,68,75,78,79,120,126,143,110,87,76,74,48,65,45,84,98,115,119,105,89,83,58,58,67,68,82,95,110,142,97,116,73,77,50,50,72,63,103,137,159,123,110,97,66,87,80,98,117,140,127,146,114,129,81,84,76,81,81,109,117,123,128,103,106,91,85,81,101,96,109,124,136,148,163,120,99,69,94,93,120,108,122,161,158,156,115,128,78,89,109,794
542,90,147,146,128,111,105,73,58,69,70,82,90,97,128,149,125,84,63,59,69,58,65,74,102,110,138,103,70,73,85,72,70,87,61,97,101,142,116,89,84,78,64,53,62,72,107,112,145,160,109,79,87,82,83,94,99,131,139,132,154,114,86,69,82,65,83,99,123,117,117,121,102,92,88,79,102,92,118,125,131,158,146,123,98,83,91,81,104,112,135,167,159,138,142,89,95,84,107,803
540,113,132,139,142,120,98,77,60,61,66,83,88,113,115,167,124,90,65,55,48,74,59,91,102,100,123,118,78,69,76,66,61,68,80,88,100,127,111,95,97,78,73,60,61,92,98,115,120,118,132,110,87,74,82,80,116,125,149,146,144,111,74,79,74,81,91,91,105,147,115,114,87,94,87,90,78,104,123,128,142,147,139,113,111,107,62,71,110,103,144,171,151,149,141,107,90,82,86,816
526,120,140,156,136,119,85,75,61,51,69,86,95,106,116,142,127,115,65,52,41,58,61,95,111,106,102,117,97,67,61,61,75,62,79,96,112,119,105,108,95,69,51,67,70,83,112,124,123,125,103,114,89,93,79,75,95,121,151,152,163,122,89,58,72,70,95,95,113,136,135,119,93,83,89,83,79,87,118,142,144,145,130,125,111,93,83,81,108,105,131,172,167,166,122,113,84,82,82,837
521,112,138,150,144,108,106,74,70,58,55,72,94,134,132,111,109,103,92,45,52,53,73,77,107,124,118,95,94,77,55,66,65,77,71,101,108,118,117,113,97,63,46,72,79,79,90,122,118,125,107,85,98,86,101,90,86,136,133,165,141,117,98,63,71,67,81,92,121,150,138,107,93,94,93,94,81,101,120,137,131,154,131,125,113,87,84,72,91,114,143,148,180,148,158,115,87,82,70,807
531,119,137,146,117,128,108,77,67,73,56,67,99,126,140,120,100,104,86,52,43,58,80,70,110,100,115,110,83,87,70,50,54,59,79,103,120,121,120,83,98,77,63,59,75,77,109,118,114,99,120,96,97,91,95,88,118,128,149,143,154,105,89,69,77,78,80,103,99,133,119,118,97,90,69,89,90,107,119,134,131,151,123,123,106,95,82,93,88,105,126,170,152,159,142,152,89,76,84,771
547,106,138,138,149,112,101,79,62,67,69,71,100,131,130,132,89,98,78,63,55,48,61,91,103,105,115,106,79,75,68,68,74,55,77,101,110,117,123,91,84,57,73,59,65,82,115,108,111,118,116,105,108,89,81,95,103,136,142,170,121,116,103,67,72,89,77,103,96,104,133,124,108,81,83,77,96,117,128,137,151,134,137,108,102,99,97,90,85,124,145,133,155,148,148,130,116,78,94,788
557,99,120,151,145,116,81,74,65,79,66,68,113,120,130,128,116,73,64,65,64,58,65,93,102,105,115,107,88,73,59,64,64,73,74,103,118,125,113,70,76,58,72,67,61,84,91,128,146,125,119,109,83,76,98,99,106,129,129,155,158,89,95,82,72,76,78,90,116,114,125,118,102,80,70,70,82,109,136,141,151,134,142,101,78,86,106,108,109,94,123,127,186,143,156,111,109,96,73,763
567,100,121,148,146,106,103,78,70,73,65,81,87,100,115,144,108,103,63,61,60,66,61,97,104,115,118,102,70,84,58,61,53,78,90,100,116,109,103,88,58,68,69,62,63,65,93,116,151,122,118,102,89,103,90,108,94,119,156,145,134,103,92,93,79,81,91,94,118,115,109,112,105,84,90,74,71,83,117,155,143,146,155,94,95,107,92,110,111,98,134,140,157,193,141,125,111,88,79,776
555,82,106,146,134,134,109,97,69,64,69,74,77,114,144,138,106,107,60,58,62,55,78,77,103,127,110,96,95,70,70,58,69,68,92,96,121,98,106,76,68,70,55,58,87,81,89,122,127,104,123,115,95,84,87,91,115,130,154,129,126,103,103,85,80,70,96,95,103,136,119,97,101,93,80,76,80,87,127,139,126,165,136,120,104,107,84,93,117,120,129,131,169,167,143,112,98,87,82,792
547,109,110,156,133,117,105,81,80,76,66,76,78,115,128,135,102,88,79,59,67,62,65,71,101,126,118,102,101,70,54,65,64,61,78,113,123,122,100,78,87,72,50,51,66,100,86,112,133,124,118,110,88,93,90,97,98,133,135,138,128,112,102,98,70,92,85,101,106,118,112,114,95,104,98,76,69,109,117,133,154,142,123,117,101,95,83,76,103,134,121,166,142,160,127,131,89,104,92,800
541,119,117,136,143,120,92,91,75,65,84,56,76,93,152,137,112,76,70,71,72,71,62,77,115,124,105,98,90,85,62,58,59,64,74,98,112,121,100,100,67,68,43,49,73,80,100,110,135,116,121,98,90,108,93,97,117,132,137,127,125,113,101,91,72,108,75,88,120,128,117,111,92,92,88,95,74,86,122,127,147,151,134,116,105,91,72,75,79,119,148,173,168,152,136,96,106,102,107,795
542,109,125,133,139,113,97,84,94,71,75,75,90,111,137,116,98,85,72,64,63,69,74,80,109,120,118,107,69,80,68,64,54,66,79,99,109,121,114,79,68,62,53,61,53,94,108,109,126,131,122,107,86,98,92,106,96,142,119,133,108,109,98,74,88,84,94,106,105,139,106,123,93,79,79,90,104,100,118,128,129,151,136,117,86,96,79,81,80,116,131,167,192,141,127,113,110,106,101,788
574,111,125,143,133,114,100,80,90,78,78,71,100,116,134,134,82,80,67,72,75,76,74,75,93,128,120,101,78,58,76,56,71,57,80,92,116,129,125,78,72,59,52,52,62,64,110,134,103,143,124,94,83,88,94,100,104,105,138,126,127,103,104,71,73,68,88,107,138,127,115,114,97,80,80,73,88,132,119,123,135,158,134,132,83,94,87,77,85,98,133,168,164,158,130,108,119,96,94,808
569,93,122,130,152,112,105,86,87,76,70,92,84,119,148,128,106,58,76,74,71,75,74,73,115,130,127,95,74,59,58,64,67,70,90,99,116,133,107,80,59,54,51,55,59,74,92,125,140,129,115,112,86,85,94,115,94,132,116,139,128,108,100,81,86,72,94,94,112,131,129,108,98,89,72,82,81,109,117,124,154,150,132,125,83,95,91,60,100,114,131,159,141,160,127,125,130,75,88,806
586,93,137,147,143,121,83,89,70,94,76,89,102,117,117,123,117,74,62,60,81,53,71,84,126,103,129,105,84,60,56,60,71,87,85,106,116,137,115,69,57,54,39,46,70,67,96,119,120,127,110,101,100,80,109,107,100,116,139,134,120,117,90,82,69,62,97,105,108,135,127,118,111,75,79,91,72,86,108,151,138,141,135,135,100,83,92,82,88,108,140,145,167,141,147,111,93,107,88,800
572,103,147,149,140,103,85,75,102,67,59,82,134,133,109,126,114,81,56,55,64,71,79,85,112,113,144,113,82,65,52,62,76,84,87,98,121,122,108,99,55,45,44,63,44,76,97,127,130,118,117,71,108,82,100,98,113,126,154,147,132,105,88,69,73,73,81,106,131,126,115,97,101,99,68,85,72,96,135,143,133,144,134,131,92,90,76,91,120,97,114,161,157,145,125,130,101,100,108,790
539,108,128,158,129,124,94,103,94,73,64,73,106,128,135,122,102,78,76,62,61,73,61,91,83,142,115,99,81,68,56,64,54,92,83,95,112,137,99,113,66,38,50,61,55,67,87,133,125,111,116,76,96,85,102,98,114,128,137,151,127,109,86,60,63,68,85,111,150,132,115,96,73,88,83,75,76,88,140,124,155,161,115,108,100,100,80,88,115,121,126,150,141,165,124,123,105,101,100,798
588,104,121,157,141,115,100,95,85,71,90,83,86,126,117,121,116,84,70,66,55,65,77,90,103,127,121,112,83,62,59,60,67,74,81,108,129,133,123,88,58,57,58,58,42,55,90,126,124,124,111,93,92,76,96,101,114,117,135,155,146,113,94,60,68,66,86,117,126,151,130,84,79,72,71,86,76,99,124,125,166,155,119,110,104,101,74,99,105,122,118,155,134,151,144,115,92,99,108,784
583,93,119,146,165,118,103,84,80,74,77,79,76,100,148,132,95,113,74,72,52,55,81,85,99,146,117,103,91,68,56,52,64,71,91,131,130,125,108,88,55,48,56,55,59,57,63,104,138,146,95,108,80,80,88,99,125,123,137,149,138,130,64,73,59,66,85,115,129,144,125,111,77,67,78,77,83,111,91,124,153,165,135,112,101,97,87,77,110,111,148,147,164,157,142,98,107,104,88,766
586,97,134,146,169,126,101,78,69,75,88,91,80,121,137,137,121,83,73,69,48,56,71,101,89,133,112,115,75,81,57,65,51,65,82,137,122,125,118,95,67,49,51,55,63,63,83,97,123,153,96,94,84,88,66,106,104,139,148,132,130,107,100,64,67,56,97,97,129,144,128,116,73,73,71,70,64,102,108,132,148,149,144,127,103,89,68,93,101,126,133,151,163,151,147,120,101,103,91,786
557,103,125,153,151,125,111,82,74,75,63,89,96,136,116,108,136,86,69,70,61,75,72,76,115,131,111,103,84,88,65,60,53,56,76,122,153,121,121,93,72,63,44,40,63,70,95,98,109,124,91,91,93,87,80,101,98,141,130,130,128,144,82,78,67,78,79,105,114,136,145,105,85,70,75,62,70,73,114,126,160,139,145,128,97,90,85,96,110,112,125,145,176,144,158,116,106,85,97,783
608,101,112,170,151,144,115,73,53,75,81,63,101,122,142,124,125,86,75,76,58,64,90,96,102,117,130,97,95,65,74,49,71,62,91,106,119,128,114,92,71,65,60,60,69,62,90,100,104,120,111,78,86,84,87,84,111,129,143,134,140,133,102,69,66,64,99,81,128,129,141,125,98,64,77,69,50,74,102,138,164,141,153,117,106,90,77,72,107,89,150,158,156,152,154,110,100,102,88,788
592,107,118,129,139,147,136,73,52,72,67,84,107,118,116,139,120,101,77,56,71,65,72,87,117,107,125,96,90,83,57,55,68,73,82,111,131,108,128,94,73,60,54,57,63,66,87,93,108,134,104,79,90,89,66,82,105,143,143,132,137,137,91,70,61,83,77,94,139,136,136,108,94,105,63,60,56,69,99,113,125,165,153,136,115,88,88,76,84,123,131,132,178,172,163,107,102,70,91,775
640,102,120,150,147,134,141,89,68,59,65,66,94,130,128,116,123,115,88,60,61,72,71,80,93,104,121,118,91,74,67,62,65,77,80,105,126,115,114,107,75,60,63,49,60,66,87,93,109,107,99,94,91,75,71,93,96,135,157,139,105,127,94,74,78,86,72,103,114,128,123,118,120,89,77,70,66,66,103,125,122,159,143,125,115,107,73,79,80,112,131,148,147,169,152,134,95,74,91,764
666,106,111,135,149,134,122,96,66,63,69,72,78,107,122,137,132,114,98,59,63,69,74,95,85,86,112,121,88,89,67,62,53,73,66,116,112,125,111,100,80,75,58,66,53,52,94,105,103,106,109,83,87,91,70,83,96,127,142,142,140,123,93,76,70,72,91,78,115,122,138,116,97,87,66,76,63,76,98,107,134,142,152,159,105,94,81,92,83,89,148,131,156,159,145,116,96,81,101,738
671,83,112,142,135,133,120,85,71,66,58,76,82,100,108,134,129,117,82,57,66,58,61,82,98,91,102,103,92,84,61,57,50,50,72,88,99,119,123,109,73,60,46,54,62,52,76,87,97,99,89,84,73,75,75,81,81,121,138,119,122,101,102,62,64,84,58,88,96,126,127,100,93,78,80,77,69,82,87,103,119,155,122,127,121,93,83,83,89,103,116,128,150,137,142,100,83,93,85,704
560,79,106,105,117,122,94,81,62,66,52,70,72,63,97,90,99,85,73,65,52,50,48,58,83,59,95,95,72,56,61,49,42,49,49,60,85,81,83,98,75,53,54,46,37,56,60,66,77,76,61,74,84,69,57,69,67,86,120,92,92,81,84,65,51,58,61,64,84,107,102,79,68,83,70,56,60,58,73,76,98,133,132,120,101,92,84,71,74,77,90,108,124,125,119,80,85,84,49,621
352,74,67,72,85,87,78,49,53,44,41,39,43,50,64,56,63,57,46,37,41,29,27,38,49,52,60,52,30,36,42,33,28,23,33,47,60,54,47,69,53,46,23,26,25,32,45,42,49,51,46,43,43,54,34,41,34,46,79,83,63,67,49,52,33,42,38,59,48,67,64,61,43,57,42,41,30,38,68,52,67,71,114,71,70,58,62,42,53,50,54,72,76,87,68,56,53,57,42,413
172,34,35,27,23,42,34,28,23,21,19,22,21,21,19,22,29,24,20,12,25,12,10,14,16,26,34,16,11,13,9,10,7,6,8,11,26,15,20,21,19,14,12,8,10,19,14,25,16,26,17,22,11,11,16,16,18,20,24,34,42,35,23,20,14,13,25,19,27,31,26,25,29,25,14,18,16,19,29,29,30,46,54,32,30,24,24,22,21,22,21,36,43,37,34,21,28,24,25,202
47,8,8,7,10,5,11,6,4,3,9,7,6,5,4,7,10,4,8,5,6,4,5,2,8,4,7,6,6,2,1,2,3,1,1,5,2,4,4,6,3,1,2,5,5,8,3,5,5,3,5,7,3,6,8,7,6,2,6,7,13,10,11,6,3,2,10,4,2,11,8,5,5,2,3,5,5,1,3,8,9,10,14,9,10,8,5,6,5,2,8,6,11,13,10,7,5,10,3,75
4,0,1,2,2,2,1,0,1,0,1,1,2,0,0,2,1,3,1,2,0,1,3,1,1,0,0,0,0,0,0,0,0,0,0,1,0,0,0,1,0,0,1,1,0,3,0,1,2,2,1,0,0,1,3,1,0,1,0,2,2,0,0,1,1,1,0,0,1,0,1,0,1,1,0,0,1,1,3,0,0,2,4,2,0,0,0,2,0,0,2,0,0,2,4,1,0,0,2,10
0,0,0,1,0,0,0,0,0,0,0,0,0,0,0,0,0,2,0,0,0,0,0,0,0,0,0,0,0,0,0,0,0,0,0,0,0,0,0,0,0,0,0,1,0,0,1,0,0,0,0,0,0,0,0,0,0,0,0,0,0,0,0,0,1,0,0,0,0,0,0,0,1,0,0,0,0,0,0,0,0,0,0,0,0,0,0,0,0,0,0,0,0,0,0,0,0,0,0,1
0,0,0,0,0,0,0,0,0,0,0,0,0,0,0,0,0,0,0,0,0,0,0,0,0,0,0,0,0,0,0,0,0,0,0,0,0,0,0,0,0,0,0,0,0,0,0,0,0,0,0,0,0,0,0,0,0,0,0,0,0,0,0,0,0,0,0,0,0,0,0,0,0,0,0,0,0,0,0,0,0,0,0,0,0,0,0,0,0,0,0,0,0,0,0,0,0,0,0,0
0,0,0,0,0,0,0,0,0,0,0,0,0,0,0,0,0,0,0,0,0,0,0,0,0,0,0,0,0,0,0,0,0,0,0,0,0,0,0,0,0,0,0,0,0,0,0,0,0,0,0,0,0,0,0,0,0,0,0,0,0,0,0,0,0,0,0,0,0,0,0,0,0,0,0,0,0,0,0,0,0,0,0,0,0,0,0,0,0,0,0,0,0,0,0,0,0,0,0,0
0,0,0,0,0,0,0,0,0,0,0,0,0,0,0,0,0,0,0,0,0,0,0,0,0,0,0,0,0,0,0,0,0,0,0,0,0,0,0,0,0,0,0,0,0,0,0,0,0,0,0,0,0,0,0,0,0,0,0,0,0,0,0,0,0,0,0,0,0,0,0,0,0,0,0,0,0,0,0,0,0,0,0,0,0,0,0,0,0,0,0,0,0,0,0,0,0,0,0,0
0,0,0,0,0,0,0,0,0,0,0,0,0,0,0,0,0,0,0,0,0,0,0,0,0,0,0,0,0,0,0,0,0,0,0,0,0,0,0,0,0,0,0,0,0,0,0,0,0,0,0,0,0,0,0,0,0,0,0,0,0,0,0,0,0,0,0,0,0,0,0,0,0,0,0,0,0,0,0,0,0,0,0,0,0,0,0,0,0,0,0,0,0,0,0,0,0,0,0,0
0,0,0,0,0,0,0,0,0,0,0,0,0,0,0,0,0,0,0,0,0,0,0,0,0,0,0,0,0,0,0,0,0,0,0,0,0,0,0,0,0,0,0,0,0,0,0,0,0,0,0,0,0,0,0,0,0,0,0,0,0,0,0,0,0,0,0,0,0,0,0,0,0,0,0,0,0,0,0,0,0,0,0,0,0,0,0,0,0,0,0,0,0,0,0,0,0,0,0,0
0,0,0,0,0,0,0,0,0,0,0,0,0,0,0,0,0,0,0,0,0,0,0,0,0,0,0,0,0,0,0,0,0,0,0,0,0,0,0,0,0,0,0,0,0,0,0,0,0,0,0,0,0,0,0,0,0,0,0,0,0,0,0,0,0,0,0,0,0,0,0,0,0,0,0,0,0,0,0,0,0,0,0,0,0,0,0,0,0,0,0,0,0,0,0,0,0,0,0,0
