parameters (x,y,w,h,rx,ry):-5,0,10.000000,40.000000,100,100
85,95,54,64,60,64,82,62,83,84,53,54,43,42,53,69,66,63,71,39,41,37,40,44,39,58,56,71,50,47,42,33,36,41,41,44,66,64,55,65,53,54,44,45,49,44,54,47,50,46,32,23,19,7,10,9,16,23,23,17,22,12,13,19,28,35,56,65,75,90,66,53,43,35,38,51,62,59,64,52,34,20,39,35,43,41,48,61,59,81,56,64,71,65,73,84,80,96,99,89
170,170,114,120,137,166,186,188,146,145,105,80,83,96,118,114,163,149,122,102,90,79,81,81,81,96,114,150,141,112,86,76,85,84,82,89,107,152,171,148,122,116,78,79,100,112,111,127,125,109,62,40,27,25,21,41,42,48,48,46,31,37,27,52,61,72,113,154,173,195,152,102,70,65,99,103,140,133,148,117,109,74,58,73,90,105,143,152,157,160,130,132,142,159,148,162,155,201,213,179
191,130,105,124,135,161,199,222,173,122,101,81,65,85,137,124,165,161,141,98,91,70,62,75,80,83,123,154,161,122,95,79,68,69,94,85,120,148,179,165,142,100,77,70,88,95,117,149,132,115,70,54,29,19,29,36,35,51,36,51,32,34,35,34,53,67,107,176,208,169,164,101,60,63,80,95,137,169,162,123,93,65,77,69,72,101,124,150,176,175,152,137,135,155,148,133,176,209,197,216
192,161,113,98,119,161,216,213,177,124,98,91,62,80,95,162,153,178,138,108,78,58,67,71,74,86,118,143,160,137,109,67,53,61,82,88,128,148,192,162,122,108,80,79,76,95,138,150,130,130,86,48,27,20,25,18,37,46,60,49,41,25,24,23,45,70,97,159,203,223,160,96,55,59,82,101,120,165,190,132,96,59,63,73,68,88,149,141,164,175,145,137,127,167,155,151,184,197,209,208
167,147,107,113,136,163,199,210,187,135,111,76,75,71,94,156,181,169,139,101,78,65,68,63,85,106,111,146,167,139,92,76,51,43,60,80,139,169,205,182,122,84,69,54,89,87,147,144,142,142,74,54,31,23,24,24,41,41,56,39,41,28,22,31,33,61,105,177,195,216,164,103,57,50,70,102,126,169,178,151,80,66,53,58,79,82,125,168,170,161,142,151,137,134,143,162,159,190,242,218
185,131,119,116,127,157,179,227,184,159,104,61,56,88,90,147,161,174,161,105,86,66,63,67,91,89,113,142,165,157,96,81,54,58,50,79,128,164,197,155,140,106,64,62,70,86,121,175,172,139,77,46,28,24,11,34,33,56,41,44,40,23,26,32,22,55,95,181,216,218,152,90,61,61,67,89,128,204,179,127,91,62,45,55,83,92,127,151,170,174,161,149,119,144,129,174,185,181,223,206
146,150,132,109,134,162,184,219,189,133,109,80,63,73,99,125,171,182,168,121,81,46,55,67,76,93,109,146,169,141,115,79,64,39,49,88,104,160,200,177,159,121,64,65,70,93,107,185,178,140,96,41,13,15,19,30,49,55,49,39,31,27,27,20,27,37,106,185,199,239,154,99,59,43,73,82,121,185,187,136,115,46,59,50,55,82,131,155,177,169,151,156,132,130,156,146,161,223,216,214
188,146,129,121,127,155,209,220,172,156,105,74,78,60,98,141,161,204,162,132,65,47,45,48,62,93,114,147,175,156,116,79,57,44,33,60,107,166,213,210,168,100,56,56,67,85,125,162,186,158,79,40,20,15,11,31,43,58,42,44,32,24,32,21,27,45,97,162,231,223,155,96,55,43,50,81,115,189,188,157,91,69,52,53,64,68,114,163,177,180,152,148,118,141,144,157,191,205,240,183
171,151,117,125,129,162,193,202,179,161,95,84,61,72,90,145,183,186,156,139,70,57,47,40,63,85,118,159,183,161,128,79,48,32,44,67,106,154,206,241,147,87,57,55,56,87,124,168,191,162,99,43,19,12,17,28,37,52,50,37,33,30,20,27,30,45,92,174,226,213,170,107,45,36,47,91,123,184,181,152,99,63,45,54,71,94,105,143,199,159,149,124,139,132,158,143,191,213,226,220
165,144,134,123,117,150,163,214,193,153,101,74,56,58,97,137,216,194,147,114,78,57,46,42,58,81,108,158,190,163,129,71,52,27,48,58,120,148,195,208,170,89,60,47,52,84,127,190,192,150,91,49,23,14,20,24,37,44,48,45,28,27,25,22,32,51,76,179,235,215,168,109,37,36,38,75,126,171,202,171,89,56,53,46,53,78,117,144,213,174,152,119,121,144,134,187,164,211,232,217
168,170,135,108,139,136,204,172,215,168,102,95,54,54,105,143,167,192,172,110,83,58,42,44,53,68,102,163,205,179,118,74,59,34,38,68,109,164,191,227,141,114,54,52,53,78,106,192,205,190,86,38,16,19,16,26,35,38,47,39,24,28,23,30,26,40,90,159,242,227,175,99,57,34,33,76,127,179,190,171,84,60,58,35,47,75,142,155,174,184,175,122,121,135,141,167,204,212,205,188
170,167,131,113,139,158,141,202,229,188,109,83,65,58,83,137,175,186,182,134,80,46,52,33,52,79,102,154,188,185,141,88,43,49,44,54,112,137,193,214,184,88,52,54,41,67,124,202,197,174,99,42,24,24,11,20,31,42,50,39,30,29,27,22,26,35,81,189,204,256,165,94,58,37,46,83,108,170,173,174,97,61,47,44,50,66,115,164,201,175,166,116,118,110,138,174,207,212,223,193
173,167,124,120,136,161,173,216,195,180,118,83,64,47,65,130,175,207,180,111,106,64,44,38,57,74,105,167,198,182,133,73,32,36,55,69,97,149,218,205,175,106,46,61,54,66,127,173,207,193,108,51,22,17,8,23,46,36,49,28,31,22,23,22,29,34,80,168,231,235,173,92,62,39,41,89,107,162,188,163,116,53,50,37,61,78,105,158,206,184,148,132,114,100,166,163,185,214,195,202
182,152,148,127,142,152,199,204,208,155,104,82,64,60,72,94,186,185,198,133,96,65,40,42,53,60,114,142,200,200,129,72,41,36,59,63,91,149,211,215,157,89,51,43,48,73,137,164,203,179,118,62,22,9,14,30,37,38,40,31,29,31,22,18,28,42,81,187,223,229,162,89,59,36,36,79,117,182,167,160,105,64,41,49,54,83,120,150,196,198,159,121,115,134,137,160,190,201,214,186
190,178,148,108,146,159,185,226,202,160,97,92,62,52,69,133,179,205,162,134,84,59,47,46,50,68,95,157,193,191,154,75,41,35,43,68,90,155,203,244,144,92,52,44,45,84,133,183,199,187,107,50,28,8,12,23,39,32,33,38,35,25,18,22,22,46,81,173,241,239,187,83,46,40,40,48,101,205,191,179,94,48,44,47,71,71,97,150,184,198,159,136,113,118,124,170,194,210,216,163
168,163,160,120,128,144,179,213,215,157,120,62,61,72,70,135,177,210,157,137,92,74,41,35,41,73,109,155,202,185,139,73,48,46,52,59,111,146,220,214,165,94,44,37,33,82,127,194,215,181,96,49,21,13,20,20,26,31,38,40,30,26,16,24,27,36,88,160,258,250,190,79,37,41,45,64,117,160,213,163,89,56,38,38,54,87,112,125,189,200,181,145,127,116,146,167,202,187,221,197
188,164,137,125,146,136,202,203,206,169,107,70,66,59,73,134,177,190,160,160,93,56,42,29,42,70,104,167,171,198,134,95,48,40,46,67,108,171,207,206,159,97,58,42,55,66,122,175,230,180,92,52,22,11,13,22,36,41,33,41,30,22,23,21,18,42,68,171,219,239,187,95,52,29,37,60,110,178,208,146,114,67,33,38,48,73,118,149,179,210,174,144,113,131,126,189,176,194,209,192
182,175,132,136,144,133,195,208,208,158,107,73,56,68,95,127,169,186,183,167,105,59,30,38,41,62,91,157,188,195,127,93,48,43,35,72,95,171,218,203,158,107,58,37,40,83,126,172,231,181,112,42,15,5,13,28,42,28,44,21,32,27,19,17,27,39,79,157,225,249,168,104,64,31,35,55,126,160,205,160,117,50,37,38,60,67,105,165,178,201,180,126,112,125,143,157,183,199,225,185
171,154,151,129,131,172,202,197,196,151,112,79,61,49,88,122,158,211,177,151,110,71,38,27,38,54,111,160,192,188,146,81,56,36,45,63,127,166,196,219,167,108,40,48,46,72,128,178,224,194,120,42,16,10,11,22,33,39,33,29,33,27,17,21,19,32,95,140,234,269,154,98,71,34,30,72,106,160,210,154,101,54,39,36,61,70,103,145,210,194,148,144,115,106,146,164,184,223,192,209
169,134,147,131,161,188,187,200,174,169,105,84,54,62,73,103,167,201,215,144,109,75,32,37,28,57,105,160,174,202,161,100,49,39,48,75,102,165,175,230,157,100,51,37,51,73,146,197,222,170,118,38,17,12,8,21,28,44,31,45,20,29,22,19,22,41,81,137,229,251,179,94,55,34,35,69,121,144,204,170,104,50,38,46,48,69,95,154,189,186,188,107,143,108,130,158,169,236,213,195
163,146,144,153,151,167,182,208,191,162,131,73,67,65,70,102,164,207,201,163,90,70,33,31,43,62,99,161,187,195,127,87,55,44,43,74,108,165,167,216,181,109,62,45,52,64,122,193,230,169,118,56,14,8,15,14,22,34,43,32,38,22,24,20,25,33,72,157,233,242,176,97,55,53,56,66,103,163,201,166,104,59,28,44,43,63,89,167,184,214,162,140,103,119,131,140,208,200,213,194
162,150,147,143,175,164,183,188,203,184,141,72,58,55,77,103,175,201,197,142,100,58,36,36,41,67,99,138,203,192,149,80,51,43,46,61,102,168,206,199,171,90,75,46,62,61,98,199,250,179,92,47,29,12,9,19,23,28,32,48,33,21,19,12,21,38,62,144,239,227,187,101,76,37,45,75,112,155,200,155,107,55,38,34,48,64,93,140,193,225,149,145,118,120,128,144,185,226,215,196
151,153,143,152,147,169,172,204,195,187,135,88,61,54,71,114,179,190,208,145,112,62,39,37,47,66,106,137,216,183,131,91,57,42,33,66,111,155,180,180,181,119,65,66,40,72,116,192,228,209,109,45,21,17,4,11,23,35,36,46,25,28,17,12,20,35,77,158,224,239,191,106,53,33,41,73,131,161,190,155,110,45,38,34,55,52,80,148,192,227,182,119,107,115,141,136,187,220,219,206
177,151,155,162,141,161,176,198,193,187,125,83,59,42,78,137,182,200,175,154,110,73,45,31,47,58,86,168,206,201,145,85,42,37,44,53,96,155,211,219,164,118,76,51,48,69,116,174,240,201,120,36,33,12,9,17,12,26,40,41,37,27,17,12,16,29,70,166,232,227,183,119,49,24,39,71,123,178,211,148,121,55,28,30,47,48,85,143,207,193,176,127,119,122,132,163,203,214,198,189
199,160,143,144,150,157,186,190,214,167,121,98,55,51,71,134,161,215,176,153,119,60,37,39,54,60,100,132,197,192,152,92,59,27,36,72,96,164,199,225,149,114,79,51,47,72,111,186,244,184,111,56,21,15,15,11,10,28,36,49,32,23,21,21,14,32,72,142,250,229,180,109,52,38,35,61,100,186,187,169,99,66,28,23,50,56,95,134,198,195,186,117,105,126,133,184,191,179,194,182
181,170,138,143,131,178,158,224,218,161,122,86,53,43,77,109,156,199,208,167,103,61,31,37,44,59,101,177,190,183,133,99,53,35,36,74,86,162,199,213,168,118,79,58,53,59,121,205,234,191,101,51,27,14,16,9,16,27,37,30,32,20,25,18,14,40,71,153,219,225,210,115,57,26,33,55,110,157,196,176,98,55,50,24,44,56,96,157,172,195,165,138,121,86,161,184,172,185,221,202
155,175,141,139,135,146,191,212,209,162,120,90,48,54,72,121,152,221,186,165,117,61,39,36,38,65,95,151,197,206,122,81,52,46,42,64,96,156,204,206,161,108,92,63,45,68,115,193,231,184,119,49,24,13,10,11,20,31,36,35,17,17,15,21,28,28,69,153,210,274,186,123,46,32,30,60,114,156,181,149,118,78,41,29,37,59,78,160,172,188,171,144,108,112,139,168,180,203,217,222
169,134,141,151,138,162,181,212,226,190,120,79,60,55,66,127,168,197,191,141,127,71,38,39,53,64,114,149,218,177,127,103,53,37,41,52,97,153,174,210,198,113,76,59,57,78,128,177,203,181,137,48,20,10,12,16,15,28,41,24,28,19,16,22,15,35,84,134,225,263,204,98,49,26,33,50,114,175,196,162,106,64,45,31,40,44,98,135,179,188,204,124,93,132,140,152,190,215,235,208
162,146,133,148,141,166,185,221,192,169,150,65,75,41,68,120,156,192,184,152,126,80,38,32,47,58,105,196,213,166,127,87,50,30,36,52,100,142,170,217,200,125,86,51,69,69,130,181,216,180,106,67,25,13,12,10,22,20,23,42,24,18,18,21,23,37,69,151,231,240,200,107,50,33,36,55,104,186,196,168,105,61,47,22,31,50,89,135,204,205,159,129,103,100,135,168,199,211,209,211
184,149,140,123,140,160,208,196,207,186,132,86,59,46,68,116,161,175,197,167,117,82,50,23,32,65,119,168,179,200,149,95,48,38,35,69,109,156,179,194,174,127,87,61,67,80,133,198,190,184,101,60,22,18,11,7,16,18,25,30,34,18,18,22,20,36,81,165,217,236,175,108,57,31,43,48,113,183,208,141,97,71,50,32,32,42,83,139,179,221,185,138,74,110,143,161,190,208,229,182
187,155,136,129,142,154,189,208,204,188,128,77,61,50,60,121,154,223,190,146,104,61,51,28,50,59,99,166,197,198,142,83,54,36,34,83,106,165,188,200,171,114,75,67,62,92,134,191,213,167,103,63,22,19,10,9,18,26,19,20,32,15,21,21,23,35,79,155,240,260,155,108,71,33,32,62,104,167,191,180,93,69,45,31,34,61,84,146,162,219,167,136,92,112,136,174,180,208,208,197
172,159,135,144,140,132,199,198,208,185,156,79,52,60,74,116,170,210,197,129,108,73,38,35,52,63,98,177,177,190,148,90,49,26,32,69,106,176,203,181,160,122,65,52,69,87,139,186,229,181,95,70,18,12,14,13,13,15,21,18,25,32,21,25,26,43,86,148,226,225,183,94,69,36,48,55,105,166,181,162,115,71,42,26,42,51,87,145,168,209,161,149,103,98,123,170,189,210,208,203
172,160,129,139,138,179,148,217,215,190,123,94,67,60,65,113,176,185,178,154,107,76,48,45,48,57,108,160,186,207,134,82,50,36,43,68,100,165,197,203,179,102,72,42,71,86,148,190,224,169,113,50,28,15,13,16,11,19,14,22,28,26,21,10,23,39,90,147,224,228,166,109,69,35,42,56,95,166,222,158,97,82,40,24,46,47,79,139,171,213,175,140,107,102,145,152,204,207,196,204
167,150,139,129,161,151,167,213,212,175,133,103,69,55,84,111,171,225,177,137,107,86,56,29,51,53,104,163,208,195,135,91,51,39,45,63,108,169,183,206,182,107,70,55,57,96,144,160,216,186,119,45,25,20,22,11,18,21,18,17,30,17,21,11,16,45,69,167,208,260,158,117,68,33,42,63,88,176,208,165,96,85,34,28,39,44,99,122,187,178,175,130,121,100,118,169,193,207,224,185
156,163,144,153,145,155,177,198,204,174,136,90,73,72,78,102,171,189,203,157,104,80,49,39,48,65,111,152,203,205,147,97,53,36,36,58,105,165,220,205,161,114,70,46,65,91,137,175,194,180,116,57,25,24,17,19,25,18,21,24,19,18,10,15,20,37,101,144,196,218,192,119,74,40,26,61,103,162,197,175,117,60,59,31,36,55,75,128,184,206,165,123,126,107,119,151,191,230,203,200
155,154,139,139,134,186,187,206,201,175,140,87,70,45,74,114,165,200,231,148,102,80,43,43,68,66,109,134,177,178,154,97,67,54,38,57,84,162,219,208,184,108,56,63,64,72,115,197,194,176,126,57,25,18,20,17,20,17,23,25,10,24,12,16,22,37,79,146,199,226,191,130,56,49,40,57,98,169,196,160,101,70,46,51,42,60,77,131,162,204,175,118,97,114,125,166,161,240,215,219
170,142,136,123,156,159,188,197,209,175,140,74,59,51,71,114,177,193,205,148,106,75,58,45,49,61,104,165,179,178,134,106,74,38,36,53,103,152,214,226,159,114,74,51,48,98,139,168,223,155,119,63,35,18,17,22,17,18,33,25,10,8,8,19,23,47,83,128,203,260,192,117,58,32,58,59,108,162,188,166,104,57,40,36,57,68,84,142,172,179,169,138,115,104,143,152,188,205,226,202
163,152,143,132,148,153,180,199,208,185,131,66,43,43,62,127,172,197,213,174,84,82,45,46,62,62,105,169,185,201,124,91,83,51,39,52,88,155,226,204,183,104,70,45,55,87,126,184,194,182,112,64,38,27,21,13,22,24,33,18,18,4,10,16,18,57,81,146,216,248,184,100,51,40,37,69,99,158,211,173,113,64,39,35,41,71,83,144,154,189,174,133,101,128,135,171,187,212,213,190
144,162,143,136,167,148,184,214,202,194,137,79,50,51,62,121,162,193,190,193,110,72,52,39,61,59,109,152,167,193,135,92,63,60,41,63,101,153,216,203,184,125,61,46,40,91,123,200,186,176,117,63,41,26,21,19,25,26,24,20,14,8,9,15,17,35,79,145,239,227,185,97,61,38,39,62,96,190,205,168,96,61,41,38,39,58,96,137,183,162,157,140,121,128,140,142,221,195,218,185
183,165,142,148,144,152,188,193,204,189,134,85,42,50,66,126,174,206,197,165,94,71,54,52,57,64,96,165,204,162,144,96,70,38,52,68,111,159,200,189,183,127,68,44,66,78,118,170,191,177,118,75,34,27,20,19,20,26,31,21,15,10,11,13,19,26,67,159,229,226,180,105,55,26,39,60,116,183,218,153,105,41,31,34,56,72,100,130,168,183,175,130,115,109,143,157,189,209,209,177
178,156,160,139,153,139,189,201,220,176,121,79,62,45,74,122,170,198,202,165,86,66,47,58,49,67,102,181,202,166,138,103,56,49,55,60,95,160,187,201,172,138,58,64,53,71,149,184,184,163,127,70,32,23,29,27,16,20,20,18,15,14,15,18,20,30,84,174,225,220,165,117,59,26,36,65,127,169,220,142,81,67,39,35,43,75,93,122,179,169,160,150,102,125,128,157,203,219,205,157
175,151,167,147,121,145,195,203,212,171,125,91,62,55,72,116,150,186,210,155,98,69,67,48,51,85,117,135,200,190,131,92,66,31,48,64,116,157,182,203,187,114,68,51,53,91,129,190,209,154,125,63,32,18,24,22,24,26,22,25,14,11,11,16,19,35,80,155,235,226,171,96,62,30,29,67,128,182,189,150,93,61,41,28,38,59,82,137,161,190,174,111,132,105,135,193,192,221,184,183
162,192,144,140,126,133,176,229,214,194,121,91,71,57,56,92,177,219,176,147,97,69,62,53,39,68,135,154,185,194,148,80,52,45,46,59,106,148,226,204,190,109,61,53,64,68,148,188,186,180,119,62,40,17,15,18,31,20,28,20,17,13,14,10,20,35,73,141,241,256,152,110,61,27,46,72,130,166,193,157,97,57,47,34,42,68,86,132,168,170,175,138,109,117,126,158,205,236,194,191
160,175,150,148,152,132,186,228,232,183,114,92,82,57,54,115,154,196,202,143,87,73,72,49,58,60,112,136,195,203,136,90,53,39,55,67,113,126,195,243,188,114,60,53,59,66,134,183,220,170,120,70,44,14,14,21,29,28,31,25,16,14,10,11,14,28,68,170,240,255,160,92,44,41,43,81,116,165,205,150,87,51,35,40,41,77,78,124,152,197,172,137,108,111,122,168,191,197,234,176
158,147,139,167,148,147,170,212,218,176,137,85,68,59,68,107,170,208,200,145,97,66,73,57,53,70,108,165,192,165,136,92,57,40,42,74,112,140,192,220,169,121,71,58,52,80,138,164,205,199,114,63,19,20,13,16,24,30,35,22,13,13,16,9,18,25,74,173,210,249,187,84,41,36,41,74,119,168,202,162,87,42,38,42,43,64,74,121,162,177,177,142,121,115,136,149,216,212,212,177
175,136,139,137,133,158,205,201,204,176,146,88,68,58,70,109,168,204,198,144,104,77,64,69,61,67,111,152,180,183,134,84,54,48,60,64,103,142,201,235,168,103,74,58,55,81,130,188,191,187,140,66,18,14,11,16,28,32,32,20,16,17,16,8,13,31,69,159,251,241,161,110,35,37,39,74,107,175,181,159,99,46,35,37,42,52,70,112,183,202,163,142,106,100,146,152,195,248,207,191
161,143,154,136,148,144,173,207,193,209,137,88,65,65,73,96,156,208,197,147,108,84,53,53,66,79,105,148,197,177,142,79,63,32,34,62,101,151,210,222,172,114,69,46,53,89,144,174,226,181,108,55,35,16,13,19,32,30,25,27,17,14,11,12,15,29,81,138,230,256,183,101,47,22,37,80,112,175,188,146,89,59,39,39,35,54,88,121,168,198,167,141,101,101,124,139,211,240,224,177
163,150,156,154,140,149,194,202,182,199,144,102,81,63,68,106,144,224,194,150,103,83,58,46,53,78,111,168,205,182,132,86,49,41,33,59,94,157,219,205,164,122,82,44,43,70,136,190,208,196,118,71,29,18,9,23,20,27,28,35,17,17,13,15,13,25,74,141,237,252,196,100,42,30,34,67,129,174,172,151,88,70,38,31,48,47,82,136,151,185,185,150,87,101,137,154,198,233,189,198
184,143,140,145,161,170,186,211,202,189,130,114,62,55,71,98,170,203,197,152,112,63,72,39,51,84,104,159,212,178,129,90,54,35,37,54,92,164,202,232,168,123,71,53,48,74,115,188,227,190,129,59,27,16,16,12,18,30,30,31,27,12,7,20,15,35,82,157,230,249,173,95,54,38,38,60,109,157,188,169,76,64,35,45,38,56,87,125,177,194,156,131,120,103,121,145,190,215,220,165
165,155,168,147,166,186,170,182,203,185,138,112,69,48,66,109,151,234,193,149,101,82,53,63,50,58,106,173,211,173,151,86,51,29,35,53,91,160,202,224,165,132,69,40,47,78,120,179,229,208,122,60,45,15,10,14,17,24,27,32,23,16,9,14,21,40,75,149,221,263,170,98,52,40,34,55,104,148,193,147,95,65,52,39,44,65,96,123,168,201,145,117,141,103,109,144,185,253,220,160
136,162,150,144,170,197,187,179,207,163,134,121,79,51,68,99,177,217,203,157,92,82,51,53,59,63,98,159,222,200,139,87,49,35,35,64,105,162,223,196,171,139,57,50,44,70,121,180,253,160,147,77,25,17,14,13,18,27,27,32,17,24,6,9,24,41,84,159,224,261,170,94,39,32,38,58,92,124,220,153,109,68,36,20,45,73,101,121,178,182,155,147,116,101,100,142,213,243,217,162
151,149,146,150,173,179,174,185,188,190,153,112,71,53,61,107,167,193,198,171,104,69,60,47,64,56,102,163,175,222,155,88,53,35,51,56,108,167,224,196,164,110,52,47,50,62,113,195,230,193,131,68,24,14,14,16,16,27,31,30,27,14,12,7,29,35,78,146,242,220,167,117,47,35,33,71,84,146,190,158,108,66,35,25,37,56,92,133,211,172,161,130,112,106,110,138,196,240,224,188
178,123,176,165,154,149,193,200,226,196,124,96,63,67,75,94,141,188,223,183,109,76,55,60,43,48,92,154,197,210,137,103,50,46,38,68,101,147,218,228,177,108,44,44,47,72,111,197,221,204,125,66,22,14,9,11,19,31,28,26,16,18,12,15,19,51,83,146,215,239,161,119,61,28,24,56,101,156,185,148,103,54,36,33,44,53,86,140,188,192,194,130,103,100,111,140,181,223,221,194
130,155,165,181,146,168,171,183,214,178,162,83,89,71,68,97,121,206,207,176,127,79,56,43,48,74,96,155,204,192,133,110,54,35,33,62,103,173,207,234,159,92,57,44,54,79,113,211,207,198,147,43,25,9,10,9,24,35,28,20,18,18,22,15,28,38,78,160,211,249,179,98,53,36,36,42,95,169,181,165,108,54,42,38,43,44,75,135,180,193,176,153,100,88,122,142,196,236,219,173
136,137,178,144,162,167,193,172,215,185,159,105,96,49,63,87,140,191,205,182,105,92,73,54,52,62,115,154,197,207,126,106,63,27,31,64,96,175,230,220,177,79,63,40,43,68,127,190,240,201,119,61,19,15,11,15,15,27,28,24,15,15,8,20,23,35,79,153,207,245,169,113,50,46,31,48,108,149,172,145,99,53,55,47,29,37,106,121,163,206,186,127,110,74,112,148,202,230,234,192
147,144,147,147,173,188,179,149,185,199,143,116,69,74,61,91,141,202,221,151,121,91,62,60,64,62,86,165,207,185,137,91,66,38,38,51,104,165,218,221,171,113,63,39,59,61,116,196,240,191,127,42,31,10,14,20,16,24,25,22,17,11,10,16,19,44,78,149,232,228,191,97,73,40,34,54,89,163,164,144,100,62,57,38,31,49,84,124,154,206,200,156,98,75,126,162,187,230,229,195
148,149,131,171,167,174,175,175,209,160,164,114,70,72,91,101,160,175,198,158,107,79,70,45,63,62,100,135,206,209,154,88,69,42,47,69,101,143,189,242,182,109,50,36,57,79,111,180,259,197,109,49,34,9,11,20,16,17,26,26,16,16,8,21,19,41,72,153,251,228,169,88,54,44,44,62,97,145,169,158,89,64,41,37,39,58,82,109,183,197,193,145,107,84,127,139,168,206,243,206
159,134,153,171,147,166,174,193,198,177,149,123,86,70,94,112,151,176,190,158,112,96,60,49,65,74,101,164,200,171,137,100,73,43,40,73,90,150,201,210,176,106,77,41,39,77,137,204,223,201,122,40,24,17,13,12,12,24,24,21,18,14,13,18,28,36,71,171,221,243,156,116,51,40,48,51,110,147,170,146,96,59,49,34,37,59,87,133,151,212,174,150,119,74,100,155,184,233,219,177
156,128,156,156,137,163,180,186,185,167,153,133,104,66,72,124,162,193,182,124,120,96,56,52,70,68,98,179,203,166,158,102,67,47,43,59,83,147,204,222,201,114,69,46,46,72,129,202,228,192,105,55,17,16,19,14,18,21,13,20,22,12,23,17,20,39,73,152,238,228,202,94,50,28,40,68,88,138,171,145,108,80,37,23,34,65,87,113,169,214,161,130,120,94,119,136,205,216,236,179
164,117,164,186,132,165,171,191,206,170,129,128,94,82,64,128,149,188,174,151,124,91,73,50,47,64,114,166,195,181,157,106,63,49,46,61,72,137,207,225,183,129,81,40,59,68,129,217,229,171,109,53,31,27,19,12,14,10,19,15,16,25,26,17,24,49,82,147,200,252,164,107,51,37,38,56,93,155,168,151,104,85,46,29,34,72,85,123,182,167,179,147,119,91,116,134,208,213,236,179
153,133,140,145,175,170,195,160,205,167,148,119,78,76,72,101,175,193,178,157,121,94,67,59,39,56,125,155,197,197,139,104,70,49,43,59,77,147,194,214,191,122,66,55,51,72,131,208,238,156,108,59,42,20,26,14,14,8,18,16,15,27,24,14,29,46,76,147,202,222,185,110,51,25,32,70,98,143,168,155,108,68,42,27,33,48,92,122,169,216,177,131,102,108,118,149,190,217,214,188
153,140,149,134,156,179,206,192,187,172,155,110,83,81,73,112,156,199,184,180,119,80,65,53,44,61,112,146,205,193,156,113,63,46,39,60,94,149,194,190,188,133,68,49,38,79,127,192,200,207,109,50,39,19,23,10,8,18,10,15,23,19,24,20,32,40,76,146,207,247,176,109,48,27,24,61,92,172,154,138,112,73,41,23,32,49,118,118,154,198,174,140,97,97,115,165,176,246,208,183
153,139,146,148,166,165,192,232,187,191,131,102,67,64,107,106,162,179,173,179,117,103,83,53,46,59,109,159,201,189,164,110,65,50,54,43,92,151,215,197,174,136,66,49,48,94,106,156,244,198,118,60,24,30,14,16,10,15,8,11,18,22,22,11,23,40,94,150,213,249,178,108,44,33,28,50,99,142,164,152,125,51,51,30,28,45,101,151,152,211,159,130,112,89,109,148,190,225,224,196
152,126,144,139,177,163,189,171,213,192,137,109,83,72,108,138,164,175,172,156,115,109,78,60,44,62,99,155,207,199,143,92,70,51,49,55,80,154,187,223,201,112,80,48,46,79,127,185,225,188,112,61,26,22,18,24,17,15,8,13,13,17,16,18,22,37,86,163,201,237,182,107,50,37,32,51,95,145,169,156,104,60,40,39,37,46,84,125,167,188,176,147,96,117,91,135,210,226,242,191
152,133,104,141,172,154,186,194,192,184,154,116,91,68,86,138,156,200,168,130,125,89,84,65,57,56,102,169,195,181,140,103,78,55,57,59,107,131,197,213,182,128,69,45,52,71,134,184,205,186,122,67,41,16,19,12,23,16,6,10,16,14,9,28,19,35,83,161,189,267,157,110,63,41,32,48,95,158,164,141,107,60,40,34,48,56,67,129,153,195,183,146,107,107,88,161,167,249,233,206
148,133,135,130,154,168,185,189,182,188,142,123,89,76,86,112,178,210,169,122,117,92,83,64,58,61,86,152,200,183,149,108,75,65,51,80,97,164,192,193,183,123,77,42,47,86,120,204,190,185,117,72,30,12,11,19,25,25,10,14,10,17,14,14,21,26,75,145,248,229,184,96,54,32,44,47,111,154,163,139,108,60,35,43,50,65,75,124,160,193,160,139,121,92,111,145,189,231,231,205
141,132,141,145,149,168,197,176,196,175,140,112,99,82,87,136,156,191,163,147,115,86,81,74,50,65,109,147,191,171,139,122,71,62,74,76,105,148,203,214,170,128,77,37,33,77,135,182,224,167,113,65,35,17,14,16,13,19,21,17,14,15,14,9,24,36,74,166,210,260,168,93,56,41,29,58,107,130,177,147,99,64,45,31,45,57,71,126,158,189,173,152,108,80,120,142,166,253,225,185
180,135,140,124,149,165,201,192,195,168,144,93,91,83,81,121,179,194,189,135,112,101,71,67,51,75,92,150,172,203,151,93,71,63,61,80,104,163,197,203,167,135,73,34,46,74,147,177,214,172,119,71,42,21,17,10,23,22,14,20,13,9,11,10,18,41,77,134,234,244,169,106,62,34,36,52,100,142,166,149,104,59,49,36,42,56,88,105,163,198,167,137,117,100,83,137,208,227,219,176
157,139,113,146,181,150,181,180,194,180,133,108,96,81,97,123,181,186,172,168,107,90,84,59,60,69,103,153,188,205,136,102,55,56,71,90,121,151,186,238,151,127,77,45,40,68,138,193,214,164,128,65,30,27,23,12,18,23,19,14,14,11,11,5,23,40,90,155,218,245,161,108,57,38,35,50,96,120,180,172,104,54,42,37,38,56,88,122,159,202,160,145,121,92,85,151,188,221,221,203
153,137,118,142,150,182,162,205,188,163,149,101,80,97,81,117,181,209,172,170,121,99,67,51,44,66,96,148,204,199,147,95,65,56,65,86,113,143,200,203,186,114,88,58,42,71,137,194,225,169,98,78,35,24,18,18,23,12,20,23,15,12,7,8,13,38,76,151,204,251,182,100,50,38,34,45,94,143,177,167,95,44,42,36,42,57,79,124,157,183,158,150,106,109,102,150,173,235,207,195
150,155,123,130,136,171,195,167,182,169,150,127,78,81,90,113,173,202,190,143,113,105,62,50,52,67,107,150,176,214,147,96,69,56,51,80,116,158,174,221,182,128,74,53,51,88,116,188,195,177,115,74,30,21,18,19,22,18,23,19,13,14,9,6,11,47,85,131,218,238,190,110,49,38,28,40,86,155,192,166,107,51,40,34,49,50,97,105,166,167,165,138,129,101,103,143,178,229,226,201
183,134,126,123,156,169,163,191,190,172,139,135,76,62,100,106,156,183,189,168,122,101,72,59,42,62,103,165,195,188,157,103,69,59,75,65,116,150,198,209,172,120,91,68,56,74,119,150,201,200,127,63,37,22,20,19,10,28,19,21,13,14,12,13,8,37,75,148,196,254,191,104,49,24,31,46,85,139,176,163,105,55,46,40,35,56,64,113,171,163,176,134,109,113,128,155,172,239,211,214
163,140,144,132,128,178,186,208,184,156,152,126,72,78,101,104,131,185,192,183,128,95,73,61,60,69,105,134,195,207,153,100,63,61,71,72,104,174,178,189,183,140,81,58,61,73,106,154,214,218,139,59,35,19,26,20,25,20,20,19,14,12,14,14,21,28,75,161,222,247,175,107,37,23,32,57,94,137,157,166,97,52,47,46,44,45,74,105,141,202,174,139,125,128,122,145,167,222,220,176
172,144,114,117,152,186,198,203,183,162,131,116,99,70,74,136,154,198,186,156,130,100,83,61,60,72,101,139,189,190,159,97,80,54,64,72,133,162,201,221,154,118,78,57,68,70,89,177,202,215,140,75,32,17,24,22,23,17,20,19,10,14,16,9,19,36,73,139,226,242,196,88,49,26,26,50,98,144,166,172,94,63,44,45,42,37,55,109,158,173,202,147,120,111,138,131,154,212,224,205
183,158,120,105,139,181,204,215,160,145,144,101,88,96,98,123,171,187,181,160,113,84,77,55,54,91,97,137,203,190,150,82,87,67,63,72,110,157,205,172,193,122,65,64,54,64,96,193,233,199,124,50,38,22,20,20,30,24,21,13,19,15,12,11,19,39,60,145,227,250,185,92,56,27,22,41,75,139,177,168,78,55,49,42,52,45,58,100,172,177,185,137,118,110,110,147,163,209,231,211
179,151,134,113,130,165,196,207,168,153,128,107,106,97,97,114,176,206,162,160,122,99,74,62,79,70,101,142,190,194,137,99,83,75,64,70,117,143,235,193,172,103,79,59,59,73,108,182,221,192,132,72,33,17,23,12,37,25,23,17,16,8,5,15,11,38,82,133,248,239,195,96,46,31,25,47,73,125,170,156,94,65,50,45,47,45,74,108,157,178,188,150,111,83,119,146,166,181,222,216
195,131,119,131,155,162,197,190,185,137,130,119,109,85,95,119,168,196,165,153,126,102,93,58,65,66,118,149,184,195,136,96,77,59,76,85,139,147,206,190,155,128,78,63,58,64,99,177,229,193,113,69,44,25,21,21,22,28,30,21,16,7,7,8,17,26,70,157,230,232,182,120,48,30,32,51,97,114,163,123,114,62,47,35,45,52,80,109,151,179,188,154,107,88,113,153,179,196,213,205
164,139,150,133,148,170,207,206,174,159,111,118,106,97,92,116,172,191,177,152,132,86,82,81,59,74,111,156,162,197,158,92,73,56,59,88,121,145,204,199,168,119,91,56,61,62,102,182,235,182,130,70,39,29,25,20,30,24,25,22,16,9,4,9,20,40,60,133,221,255,205,116,55,31,38,47,72,124,130,141,114,72,33,40,37,52,87,122,133,180,147,171,111,116,113,148,163,212,213,220
166,127,123,149,154,136,204,214,202,154,135,113,86,84,88,117,167,216,181,142,127,100,91,86,64,76,104,147,189,200,149,99,90,61,70,83,96,132,217,199,165,122,104,71,47,59,109,175,213,182,135,82,35,30,27,27,22,22,22,24,24,12,4,7,10,42,68,130,204,250,213,110,56,31,35,48,69,117,143,136,90,72,46,36,34,56,78,131,153,162,164,150,96,104,116,149,152,225,218,208
173,126,152,137,142,159,190,231,180,158,129,95,100,72,102,142,166,187,182,153,115,91,85,92,73,85,94,149,160,186,155,129,81,73,71,78,107,136,182,211,180,127,77,72,51,59,107,166,222,200,139,53,44,26,22,31,29,36,27,25,15,13,10,11,12,34,57,128,216,254,192,109,62,32,37,57,84,95,155,140,87,66,51,46,44,58,84,127,153,157,172,130,114,109,108,135,160,190,234,187
148,155,132,125,183,145,165,228,203,158,133,93,82,72,105,126,202,176,158,164,123,91,82,83,75,79,124,132,176,185,157,114,89,72,55,79,123,148,149,196,191,135,96,44,60,59,96,183,196,190,144,85,37,27,27,29,38,23,32,28,19,18,10,13,17,23,59,131,248,252,165,107,61,40,27,51,81,108,137,143,89,61,56,37,44,61,93,118,154,162,163,135,123,113,105,125,153,210,233,208
162,139,121,134,143,172,158,211,195,151,171,89,76,83,96,143,185,200,149,165,115,115,97,75,65,74,124,137,165,199,166,113,86,56,85,67,123,131,186,191,178,146,85,65,65,48,112,156,196,196,148,87,45,26,32,24,36,31,47,22,18,10,14,15,15,26,60,128,244,219,176,96,52,37,47,48,88,132,135,110,70,61,40,45,48,62,91,122,140,168,171,158,117,92,107,130,145,218,228,216
181,136,127,126,145,163,177,186,188,177,154,98,93,78,91,121,207,170,163,140,136,110,103,91,62,88,94,145,175,178,148,136,86,60,56,80,111,150,193,195,174,126,95,76,63,73,88,155,185,195,151,74,49,40,24,23,43,32,36,35,23,12,16,12,19,23,69,106,239,254,203,87,52,25,34,60,90,121,148,108,71,53,46,42,63,61,75,115,154,163,155,144,131,85,114,108,163,223,218,229
181,128,132,125,145,147,187,204,197,162,140,121,95,86,82,107,176,198,164,144,145,118,97,88,81,70,100,152,184,168,158,128,94,62,56,68,107,137,219,204,175,149,77,66,80,74,104,145,167,200,145,76,47,27,25,26,36,47,35,34,26,17,17,14,11,28,68,138,198,261,168,114,50,27,36,59,77,131,145,127,88,51,41,50,52,57,80,104,144,147,158,142,130,110,87,134,163,201,235,203
164,133,128,139,154,178,179,180,182,173,128,125,110,64,92,113,159,176,173,163,130,107,113,61,67,76,117,158,162,169,135,123,102,85,63,64,114,170,180,208,179,125,84,82,69,73,118,163,184,183,134,85,45,34,19,25,38,37,45,34,23,14,16,19,12,29,70,143,218,233,158,112,51,32,39,58,85,111,146,135,59,66,46,47,51,60,73,107,124,151,159,150,119,110,92,150,164,221,218,210
167,135,124,128,149,190,171,168,192,157,144,131,104,79,79,119,157,176,165,158,130,108,108,74,71,76,102,138,175,185,129,120,119,86,64,72,107,165,193,198,169,136,100,90,70,56,119,142,201,165,151,79,49,33,22,37,37,53,37,27,33,25,14,14,21,44,70,147,180,220,159,113,58,39,39,61,72,126,112,120,94,75,47,45,43,53,73,109,124,137,163,137,145,118,111,126,180,237,228,191
137,141,110,136,166,165,164,200,188,152,161,124,111,80,86,116,153,187,156,165,139,120,93,85,86,74,99,144,170,159,167,115,93,89,74,68,129,148,166,185,176,158,112,78,72,60,104,175,192,164,120,89,47,37,32,28,39,41,40,34,31,22,21,20,20,42,66,138,191,204,162,112,69,42,32,57,84,108,119,122,97,71,46,35,47,66,67,99,124,135,136,142,124,133,116,116,161,209,242,215
163,132,106,132,159,170,189,191,160,149,144,129,119,65,96,119,164,170,144,142,145,112,87,93,69,68,106,141,161,177,151,116,69,68,64,96,99,141,167,185,168,148,101,84,58,69,101,156,178,159,140,89,58,43,30,29,32,29,39,36,40,28,23,12,22,28,53,143,185,216,166,104,70,44,38,56,82,85,138,109,81,71,54,35,46,46,76,93,121,133,127,130,110,132,131,129,159,198,214,201
169,114,108,128,132,146,204,175,166,160,117,92,90,87,90,112,152,158,146,112,131,111,91,74,75,61,97,102,169,144,126,126,79,54,67,85,95,136,151,166,157,134,89,72,68,66,107,117,157,145,115,77,53,30,40,26,17,28,30,46,31,22,15,19,23,24,41,118,182,191,143,98,63,47,48,47,69,75,104,107,94,64,56,31,36,56,64,98,87,136,120,127,105,111,121,129,150,174,206,205
115,97,111,104,117,117,132,145,141,129,110,82,89,69,75,91,107,133,114,119,110,83,66,54,47,56,57,77,114,114,91,75,76,48,46,75,77,96,120,110,129,103,54,60,51,61,55,98,105,117,87,53,42,30,20,20,21,21,25,27,12,16,17,8,13,14,43,93,133,156,112,74,59,48,47,33,61,69,79,82,57,60,40,34,29,41,61,62,89,79,109,93,88,92,85,116,106,143,187,198
86,82,61,78,63,103,92,97,76,80,83,61,48,44,41,46,67,81,70,65,60,57,33,26,35,27,39,47,60,69,55,50,36,35,21,35,38,54,66,67,48,59,51,35,26,34,57,60,57,66,49,24,27,24,12,9,10,16,8,12,6,8,8,8,9,8,26,59,77,84,62,54,47,32,21,30,32,43,48,48,44,28,20,13,17,21,22,33,44,59,52,73,63,48,49,61,86,111,126,127
47,32,34,31,42,39,44,57,40,40,29,27,20,17,16,22,22,34,23,14,17,21,10,7,10,8,7,17,26,19,17,11,20,11,6,11,13,18,23,25,24,21,13,10,13,9,11,16,25,24,16,13,9,8,1,1,6,5,5,4,3,0,2,2,0,3,15,27,38,24,27,16,13,14,15,5,10,13,18,20,11,9,16,4,3,10,7,10,13,13,24,25,26,21,17,22,38,51,56,55
13,13,11,12,8,9,11,18,10,14,7,3,4,1,10,7,5,10,8,2,4,3,3,2,0,4,1,4,2,3,1,1,4,3,1,2,3,5,5,7,8,4,2,5,2,2,1,3,8,2,5,2,1,0,0,0,0,3,0,3,0,0,1,0,1,3,0,7,10,3,4,4,4,3,3,3,2,6,2,1,1,3,2,2,1,4,3,5,4,2,4,6,3,1,2,3,9,12,10,15
4,2,2,1,0,0,1,2,2,2,0,0,0,0,0,1,0,1,1,0,1,0,0,0,1,2,0,0,0,0,1,0,0,0,0,2,0,1,2,2,1,2,0,0,0,0,0,0,0,1,0,0,0,0,0,0,0,0,0,0,0,0,0,0,0,1,0,2,0,1,1,0,0,2,0,2,1,0,0,0,0,0,0,1,0,2,0,1,1,1,0,0,1,0,0,0,2,3,2,3
0,0,0,0,0,0,0,0,0,0,0,0,0,0,0,0,0,0,0,0,0,0,0,0,0,0,0,0,0,0,0,0,0,0,0,0,0,0,1,0,0,0,0,0,0,0,0,0,0,0,0,0,0,0,0,0,0,0,0,0,0,0,0,0,0,0,0,0,0,0,0,0,1,0,0,0,1,0,0,0,0,0,0,0,0,0,0,0,0,0,0,0,0,0,0,0,0,0,1,0
0,0,0,0,0,0,0,0,0,0,0,0,0,0,0,0,0,0,0,0,0,0,0,0,0,0,0,0,0,0,0,0,0,0,0,0,0,0,0,0,0,0,0,0,0,0,0,0,0,0,0,0,0,0,0,0,0,0,0,0,0,0,0,0,0,0,0,0,0,0,0,0,0,0,0,0,0,0,0,0,0,0,0,0,0,0,0,0,0,0,0,0,0,0,0,0,0,0,0,0
0,0,0,0,0,0,0,0,0,0,0,0,0,0,0,0,0,0,0,0,0,0,0,0,0,0,0,0,0,0,0,0,0,0,0,0,0,0,0,0,0,0,0,0,0,0,0,0,0,0,0,0,0,0,0,0,0,0,0,0,0,0,0,0,0,0,0,0,0,0,0,0,0,0,0,0,0,0,0,0,0,0,0,0,0,0,0,0,0,0,0,0,0,0,0,0,0,0,0,0
0,0,0,0,0,0,0,0,0,0,0,0,0,0,0,0,0,0,0,0,0,0,0,0,0,0,0,0,0,0,0,0,0,0,0,0,0,0,0,0,0,0,0,0,0,0,0,0,0,0,0,0,0,0,0,0,0,0,0,0,0,0,0,0,0,0,0,0,0,0,0,0,0,0,0,0,0,0,0,0,0,0,0,0,0,0,0,0,0,0,0,0,0,0,0,0,0,0,0,0
0,0,0,0,0,0,0,0,0,0,0,0,0,0,0,0,0,0,0,0,0,0,0,0,0,0,0,0,0,0,0,0,0,0,0,0,0,0,0,0,0,0,0,0,0,0,0,0,0,0,0,0,0,0,0,0,0,0,0,0,0,0,0,0,0,0,0,0,0,0,0,0,0,0,0,0,0,0,0,0,0,0,0,0,0,0,0,0,0,0,0,0,0,0,0,0,0,0,0,0
0,0,0,0,0,0,0,0,0,0,0,0,0,0,0,0,0,0,0,0,0,0,0,0,0,0,0,0,0,0,0,0,0,0,0,0,0,0,0,0,0,0,0,0,0,0,0,0,0,0,0,0,0,0,0,0,0,0,0,0,0,0,0,0,0,0,0,0,0,0,0,0,0,0,0,0,0,0,0,0,0,0,0,0,0,0,0,0,0,0,0,0,0,0,0,0,0,0,0,0
