parameters (x,y,w,h,rx,ry):-5,0,10.000000,40.000000,100,100
208,43,46,56,43,44,23,29,34,38,30,46,49,60,45,42,37,37,25,25,28,40,42,47,53,43,55,55,44,44,39,49,43,47,51,67,74,41,43,41,44,43,32,58,64,69,46,52,53,51,52,45,31,48,50,58,77,65,67,48,55,43,50,57,32,48,44,65,63,52,68,65,54,40,40,50,40,47,53,64,58,59,35,50,41,29,32,39,38,43,58,50,40,42,29,34,32,26,42,265
416,98,124,112,105,98,74,69,58,65,79,99,118,121,117,97,96,80,76,56,80,83,96,101,103,129,142,113,104,83,91,90,109,89,133,149,128,133,113,82,92,88,78,104,119,147,122,127,137,124,106,85,102,83,100,129,141,141,142,113,90,116,108,94,90,103,125,106,147,133,145,136,107,91,98,91,87,96,118,139,133,109,88,100,98,77,61,79,98,111,124,109,121,74,70,65,61,73,76,605
417,102,133,99,112,106,88,52,70,65,76,86,99,110,157,112,113,90,78,53,67,78,106,85,103,143,130,122,111,73,87,83,99,108,128,143,145,146,118,86,80,90,92,113,96,141,141,137,132,109,110,85,85,88,103,108,137,134,169,152,106,112,98,87,87,106,112,122,124,161,151,125,123,114,84,92,95,89,132,121,134,133,105,78,102,87,64,65,108,99,114,104,120,106,80,64,71,51,66,629
401,93,132,133,135,79,100,56,60,46,66,78,110,116,135,134,114,94,68,63,47,89,95,88,125,131,142,111,104,88,74,78,96,104,114,145,148,164,107,99,81,77,88,92,117,145,136,140,125,105,118,78,91,101,101,117,107,138,160,176,114,117,73,100,89,94,106,132,142,149,147,117,120,98,97,86,95,107,114,124,143,127,106,90,81,77,73,80,78,101,108,133,120,106,74,63,56,64,68,618
395,82,101,150,117,115,87,68,56,61,61,83,100,130,141,126,116,89,82,54,44,81,88,86,141,136,130,112,108,91,65,78,77,90,121,127,164,148,151,90,79,94,93,81,102,123,155,149,131,109,102,91,103,83,101,96,125,132,130,161,146,116,91,78,78,84,106,141,142,159,146,132,105,104,104,88,93,92,108,110,136,124,132,102,70,84,76,63,101,90,99,112,135,103,86,66,65,65,60,612
378,97,96,116,132,114,110,65,63,42,53,90,115,114,127,126,102,104,85,65,75,61,70,102,123,145,116,142,109,96,65,55,78,95,115,125,149,159,129,113,69,84,83,81,97,134,157,145,145,116,84,112,93,71,105,99,116,139,169,134,130,126,101,90,80,88,103,132,125,170,146,140,121,79,98,100,84,92,112,112,146,108,130,108,79,85,86,66,80,91,132,123,108,93,108,78,59,62,50,645
424,72,101,119,130,101,111,72,62,52,52,76,97,110,123,129,114,102,89,62,60,63,67,99,105,141,146,114,127,95,66,61,84,104,115,140,155,148,133,119,91,61,95,83,76,122,150,166,146,136,89,98,81,89,87,117,115,125,160,151,154,115,89,91,111,81,96,129,144,142,151,138,123,111,90,98,76,79,113,111,132,132,115,121,89,82,69,78,78,95,116,119,112,130,82,94,74,46,52,644
439,76,102,104,121,112,115,85,59,53,53,75,84,116,113,139,113,107,81,61,67,65,80,92,108,150,140,129,114,86,60,62,86,81,109,127,141,158,124,123,81,88,80,80,85,107,147,156,143,131,111,90,86,65,87,97,144,124,159,181,130,117,101,83,72,104,104,112,126,167,156,132,126,113,104,92,85,83,101,123,136,150,112,112,87,83,67,76,82,84,95,117,135,123,92,93,70,56,58,636
407,108,94,120,122,111,107,79,53,54,63,66,84,120,107,137,143,91,91,67,59,74,69,91,110,137,153,145,103,92,76,58,74,86,102,139,136,142,128,130,101,81,79,78,80,113,140,147,137,162,102,105,58,85,74,97,129,145,143,157,146,130,95,81,85,82,101,114,150,177,143,133,135,96,82,77,82,89,101,138,134,161,133,94,87,81,74,63,71,91,95,122,119,128,93,89,56,73,43,643
421,80,120,123,107,101,99,72,65,52,56,82,65,118,117,120,144,103,103,76,57,61,69,76,103,135,138,122,117,107,95,66,74,67,113,144,144,155,147,120,91,85,75,100,82,99,133,154,173,127,107,102,73,74,77,84,140,146,144,143,162,110,98,101,76,77,97,115,171,168,164,128,121,103,84,58,85,89,109,122,118,158,148,117,88,87,57,72,56,96,104,125,123,102,104,85,65,64,66,610
432,86,111,117,132,101,87,78,82,53,60,65,75,92,124,120,122,104,88,80,67,66,77,92,108,126,114,156,104,94,70,81,76,85,99,137,133,137,128,144,92,58,71,90,85,102,125,160,162,150,103,81,74,85,74,93,113,120,161,169,156,125,96,98,85,83,97,112,124,155,182,164,115,74,84,85,84,96,118,123,129,132,129,132,96,77,70,63,78,87,104,130,136,104,93,81,73,57,76,593
430,95,109,117,129,112,96,76,69,65,74,67,84,80,112,149,142,90,83,74,64,51,72,86,109,137,146,125,107,100,80,72,74,87,99,113,136,145,156,130,93,93,70,78,83,111,124,136,171,144,118,95,77,62,71,99,110,135,165,185,145,116,104,103,91,77,98,136,118,153,158,172,116,89,101,79,84,101,96,124,141,156,114,118,72,84,88,63,70,100,103,136,115,113,102,78,68,66,69,608
425,83,90,134,122,111,103,78,62,58,66,67,86,96,116,118,122,105,84,76,70,53,64,86,111,140,132,142,111,71,80,86,85,93,99,119,123,136,142,121,103,100,73,74,93,88,133,146,149,138,125,98,85,68,70,99,91,146,135,155,154,129,133,94,87,80,91,116,134,163,151,142,136,98,81,78,79,92,110,115,160,149,133,107,83,67,70,76,79,99,116,135,126,110,91,77,79,58,62,631
435,92,87,112,125,115,102,75,77,63,61,63,97,101,110,110,107,118,92,77,63,64,65,83,102,131,145,126,119,90,79,68,94,104,119,109,127,137,127,118,115,91,94,75,89,88,114,138,165,160,113,83,81,85,80,93,122,140,151,126,129,140,142,113,79,82,107,124,138,147,149,158,122,96,86,89,88,92,100,124,128,131,142,133,101,68,63,80,85,88,121,136,111,119,96,80,63,68,62,625
431,84,87,108,125,120,105,61,74,73,61,77,76,100,103,113,115,101,97,78,67,69,82,74,95,123,142,126,103,96,89,82,93,119,88,113,119,150,132,145,109,85,70,90,75,100,114,168,153,146,121,90,101,88,67,89,109,145,142,136,121,128,122,103,104,81,104,126,144,144,140,156,139,99,67,66,84,111,112,128,140,132,121,129,98,77,71,73,59,91,106,141,122,105,95,89,81,67,65,616
425,93,117,98,109,111,116,87,68,69,73,73,82,104,122,110,103,87,93,71,75,75,78,92,102,119,137,103,107,105,90,79,85,100,122,125,126,131,142,100,123,100,71,91,79,95,122,154,163,122,131,101,88,66,83,106,99,133,161,116,137,125,116,104,93,90,89,94,143,190,151,141,123,94,90,78,84,87,104,157,130,118,132,104,103,95,63,68,76,84,127,117,147,111,86,80,86,83,68,585
448,76,103,110,105,102,106,91,66,57,65,79,75,92,112,116,118,98,95,92,63,71,60,101,130,131,109,121,105,85,82,86,69,96,115,113,144,149,120,109,95,107,78,85,98,96,141,145,129,152,121,124,84,77,82,83,124,123,137,144,139,124,107,102,115,91,87,99,134,165,157,156,95,102,98,87,76,105,111,130,147,135,126,109,90,77,82,86,83,90,90,129,140,109,87,101,76,81,65,601
442,81,100,111,112,116,98,70,56,60,63,89,75,90,93,120,103,98,113,70,61,75,78,98,110,141,106,107,108,84,74,74,85,101,109,115,149,128,120,131,107,94,89,74,105,104,115,136,120,137,130,109,103,73,72,90,113,132,143,155,117,110,126,101,93,93,105,94,143,159,157,128,133,107,100,80,74,88,102,130,117,146,155,126,75,68,70,89,104,86,110,118,132,98,94,82,89,75,80,601
438,71,104,111,124,107,91,74,61,59,61,73,97,83,109,122,98,99,90,76,71,75,75,104,117,138,117,117,91,91,75,81,77,92,110,109,148,140,126,127,115,77,80,90,104,98,141,135,127,131,118,123,93,110,89,93,117,113,130,144,136,109,100,108,100,95,97,107,139,143,161,138,131,117,83,83,68,95,95,130,135,168,124,121,87,68,64,79,97,102,107,122,135,101,92,74,85,74,82,598
432,84,109,116,120,122,80,74,57,60,60,75,97,92,103,130,109,95,84,58,81,76,89,91,108,120,136,111,91,82,92,70,94,81,112,110,135,149,150,121,102,78,82,85,105,111,124,126,126,122,129,117,95,83,104,107,111,128,131,143,137,104,90,91,121,103,100,94,119,160,176,147,131,112,102,89,85,80,112,116,159,143,125,112,86,73,61,68,89,104,121,130,134,110,100,78,63,72,92,616
447,94,107,111,126,110,88,62,59,69,52,77,85,106,113,110,119,92,63,72,65,75,79,106,102,133,113,120,95,70,85,82,79,84,121,131,133,131,126,120,100,94,97,83,94,127,122,140,126,104,144,110,96,86,84,95,115,132,142,151,110,131,86,103,94,91,119,93,118,155,176,145,117,91,96,93,95,92,102,115,129,175,129,116,89,68,57,73,84,92,101,139,131,146,102,77,62,64,86,588
439,98,110,122,106,107,113,81,55,51,72,79,90,89,110,126,112,87,69,71,67,66,79,93,125,138,122,126,102,74,78,72,79,89,128,118,127,137,118,116,106,89,80,70,127,104,128,146,140,126,109,122,93,90,80,79,126,126,129,149,127,123,102,105,99,93,97,116,118,139,167,165,123,102,84,104,88,70,95,119,139,138,152,140,100,77,61,67,87,100,116,136,136,126,109,82,67,55,88,606
463,87,99,118,118,97,103,78,66,62,64,68,105,91,124,95,100,92,78,59,82,72,71,89,115,134,129,116,101,81,62,64,86,105,104,130,124,147,110,127,101,100,91,77,96,97,151,133,140,136,105,98,95,124,85,96,115,128,152,151,160,90,94,94,107,74,106,104,153,147,143,154,130,133,85,81,81,85,90,113,154,134,132,110,107,80,55,69,77,79,136,132,123,131,99,97,67,56,64,601
426,95,104,112,121,90,94,99,62,68,67,75,78,101,113,132,104,86,84,55,75,69,68,76,117,140,133,118,91,88,78,70,96,77,104,130,132,130,143,122,95,100,70,77,99,99,144,145,133,130,102,94,88,100,103,94,104,121,140,162,143,115,90,99,92,93,104,118,147,141,164,163,125,106,89,97,71,87,109,136,134,154,133,115,79,76,83,62,86,82,126,134,124,117,102,97,80,55,52,585
408,89,93,114,140,116,87,69,74,62,74,61,86,104,110,103,117,106,74,54,72,61,83,111,117,126,134,111,82,79,75,89,81,91,106,113,153,135,136,113,90,98,76,77,95,113,146,130,140,127,122,83,88,86,89,105,124,130,132,150,147,117,97,102,88,86,113,125,142,151,149,158,115,111,98,91,80,91,108,136,126,135,139,146,79,73,78,60,79,96,116,142,134,121,109,110,70,60,56,600
426,97,95,113,121,107,96,70,78,58,58,70,100,106,120,113,112,92,79,61,56,63,68,103,122,134,116,127,98,64,78,73,82,100,109,117,148,135,133,124,96,74,80,99,94,97,148,142,140,130,102,94,84,77,85,99,119,133,145,147,153,116,88,100,89,106,122,125,132,168,175,143,99,99,89,96,94,82,101,123,141,145,134,144,116,76,58,60,85,100,130,122,108,119,124,93,90,74,55,587
407,89,111,105,129,110,109,80,65,78,69,67,81,132,122,120,84,104,69,64,61,65,71,87,136,117,135,122,95,65,68,72,78,98,115,118,133,153,133,118,79,92,65,87,92,111,134,160,168,127,90,90,84,92,91,85,111,135,154,150,129,120,110,94,80,94,98,116,143,162,172,137,114,90,68,96,99,106,109,97,141,158,137,129,115,70,77,58,89,97,125,116,122,105,108,103,77,78,64,582
415,88,108,117,105,103,96,70,81,81,63,92,92,92,110,108,122,93,91,61,59,60,64,98,112,141,146,110,104,75,63,66,84,100,92,119,134,154,146,110,102,86,80,69,93,107,137,159,168,147,95,90,71,69,103,92,110,139,147,136,154,117,94,99,92,87,116,113,133,133,189,143,101,103,75,89,102,111,105,111,129,138,129,119,117,97,58,68,60,94,112,134,125,130,107,96,68,61,71,590
425,75,114,131,101,81,89,84,73,71,84,90,88,92,116,102,118,111,84,69,67,66,64,86,105,137,140,131,111,77,69,68,79,67,103,138,138,146,124,115,95,78,73,81,88,97,129,174,156,156,118,92,84,83,69,86,121,128,147,148,164,124,90,96,85,90,91,136,119,153,175,140,129,101,83,78,102,112,122,114,128,134,139,131,120,88,62,64,71,73,102,146,124,114,122,83,74,65,73,593
414,79,111,116,140,100,79,77,76,56,55,98,92,125,105,109,107,86,76,71,56,71,80,83,103,155,123,125,103,92,65,57,62,86,93,131,166,127,123,126,121,76,64,66,85,121,125,165,156,147,101,125,82,88,70,95,86,152,141,159,142,119,107,74,93,86,90,113,144,141,166,141,126,114,83,96,85,110,132,128,122,119,148,123,121,98,69,60,72,85,110,143,127,125,99,81,74,59,80,615
399,91,98,133,124,95,89,75,63,64,60,76,100,123,125,118,98,96,76,67,57,62,80,103,109,131,139,123,106,87,67,70,62,64,104,127,156,131,138,136,108,97,62,58,89,108,141,143,163,158,121,76,81,85,85,75,107,135,180,158,142,117,95,80,69,109,86,138,151,160,139,140,108,111,90,91,96,108,137,123,118,131,125,129,111,98,74,67,92,91,106,146,146,121,80,74,77,59,75,607
398,94,113,105,112,112,91,78,73,56,45,81,99,100,140,119,98,79,74,65,72,69,74,86,112,147,111,120,125,90,68,74,56,68,104,129,156,140,136,109,107,87,84,69,92,95,124,150,177,146,135,94,74,84,91,73,124,136,151,161,131,130,86,75,87,95,95,127,152,133,136,158,117,107,87,80,96,95,148,169,128,108,127,107,107,78,93,83,79,90,101,136,142,118,117,89,63,60,73,605
392,75,108,107,120,110,93,77,76,46,54,69,93,119,105,129,113,83,64,59,68,78,79,93,102,131,132,124,108,92,85,66,57,72,82,112,144,166,139,119,102,90,89,67,80,96,133,140,158,166,126,91,77,78,88,91,102,137,140,162,136,119,95,61,93,105,107,142,125,132,133,147,129,109,79,87,101,102,139,143,163,131,108,121,84,82,85,91,82,88,110,123,130,121,103,105,81,59,66,632
379,77,109,115,130,108,92,74,53,75,56,82,81,98,135,126,111,100,67,53,57,74,91,76,110,141,141,107,118,80,78,77,67,86,66,100,143,172,150,128,104,88,83,74,90,82,122,169,161,151,108,88,70,110,83,90,109,135,144,166,147,116,77,80,73,100,103,152,134,137,137,117,155,119,92,81,79,107,142,141,162,141,112,92,108,83,64,96,91,79,112,114,132,131,89,96,88,77,62,631
404,71,102,119,108,130,82,77,73,69,66,81,65,103,108,110,95,94,95,67,68,68,80,104,108,115,137,110,107,91,75,76,71,86,91,101,119,131,178,134,121,93,74,56,78,97,114,138,175,162,111,96,82,84,85,85,120,128,142,159,137,126,93,74,93,65,109,123,135,150,144,125,125,136,86,82,92,105,133,139,155,156,148,69,78,87,88,86,91,92,119,99,134,117,112,93,68,80,66,617
392,84,98,109,126,132,96,62,42,63,82,80,83,88,101,117,122,79,90,68,67,77,80,95,103,132,149,105,99,88,84,82,67,97,103,111,137,140,133,136,115,101,74,59,80,94,116,133,162,162,132,109,76,95,77,86,115,126,167,156,124,119,87,92,84,77,96,139,141,148,145,134,150,91,88,78,92,101,107,146,145,162,122,91,89,67,94,77,82,115,105,131,116,106,113,104,56,77,91,637
392,88,101,112,133,122,100,69,54,66,58,72,76,87,109,114,109,91,100,72,42,53,96,97,95,131,151,94,91,85,82,67,76,88,103,120,119,150,131,120,105,133,79,74,71,104,102,134,164,149,133,111,84,83,80,98,114,114,143,150,146,126,99,83,81,63,95,137,129,153,159,144,150,98,69,85,105,86,112,135,160,159,115,108,70,90,71,57,94,102,111,127,138,115,106,83,71,70,75,664
396,79,106,140,113,105,100,79,62,56,64,70,66,77,118,106,109,94,95,83,52,45,73,107,107,117,148,143,90,73,81,82,75,108,99,111,134,143,134,116,119,108,78,83,78,108,105,140,150,142,137,123,100,68,66,75,96,135,159,160,164,107,103,69,77,88,98,123,148,148,177,148,119,87,72,81,81,109,120,140,153,162,148,98,88,91,75,67,85,89,109,132,132,139,103,86,73,68,74,639
388,73,100,141,124,106,90,86,55,71,62,75,76,96,94,116,100,100,88,81,65,53,66,89,118,141,129,103,98,89,72,79,86,79,108,123,128,127,135,138,111,101,99,100,78,99,115,140,127,126,149,131,96,84,78,65,88,131,157,160,150,128,90,83,72,85,110,109,150,151,165,155,141,100,66,68,84,82,108,144,159,153,158,114,86,79,67,83,88,69,116,142,145,111,97,82,77,70,82,643
398,83,93,108,113,115,91,83,78,56,54,62,86,109,94,108,97,98,91,74,68,67,83,80,105,128,145,96,102,88,75,78,92,89,103,128,133,125,122,141,126,97,73,86,84,111,103,151,132,138,145,115,96,79,84,81,85,115,149,183,147,116,104,77,81,84,111,115,131,144,160,152,152,111,88,64,70,69,108,142,139,166,171,125,88,81,66,91,79,79,124,159,105,115,106,77,67,83,60,674
430,66,97,104,119,115,99,81,71,52,55,79,84,95,119,94,105,104,74,69,66,78,86,85,97,113,128,135,91,63,81,81,68,99,107,128,128,110,149,143,100,97,86,80,80,93,133,157,145,127,120,124,92,81,82,89,113,103,140,156,167,124,105,82,77,77,113,119,128,125,150,169,154,102,79,85,69,94,108,121,129,177,151,119,98,79,68,86,72,88,123,155,113,114,106,92,71,77,51,646
444,59,95,116,110,109,93,85,68,61,69,75,80,77,99,107,107,86,82,80,65,80,83,102,94,116,126,126,96,67,79,70,76,115,107,115,121,135,143,137,100,104,92,87,79,94,125,134,129,157,114,115,87,76,112,105,84,135,141,146,128,160,91,85,71,95,78,116,135,131,143,150,130,105,97,98,88,83,103,140,138,142,158,134,102,76,69,77,89,96,110,123,154,119,97,106,87,58,68,638
466,61,77,110,120,105,106,76,72,59,69,78,80,83,108,105,91,103,80,65,67,91,91,89,115,112,124,126,96,91,74,69,75,80,120,123,125,136,134,98,108,109,105,74,88,102,110,145,122,141,150,80,80,82,109,115,106,113,137,132,162,139,110,88,80,70,104,106,129,164,149,155,132,86,106,83,106,105,93,124,150,133,131,144,106,85,69,89,94,94,120,131,126,112,99,86,84,77,74,600
467,86,98,106,100,100,97,75,69,81,66,82,74,84,97,97,95,97,83,80,67,59,93,99,117,119,134,109,96,84,82,67,66,83,111,134,131,122,132,112,98,91,101,83,102,121,113,133,123,123,125,129,92,82,87,96,124,118,131,161,157,124,113,106,68,83,91,105,145,152,149,130,127,110,107,85,84,100,110,128,126,132,117,145,99,98,73,87,80,97,109,119,134,104,105,94,87,84,79,580
465,83,86,104,107,121,97,68,60,75,66,69,95,104,91,95,73,89,90,80,61,70,93,89,124,120,132,134,104,77,72,69,68,74,82,128,137,146,128,123,103,76,92,105,105,130,96,150,127,118,113,117,100,98,80,89,111,125,147,144,130,124,129,99,83,81,89,120,127,166,145,130,130,107,85,101,102,77,101,122,139,139,120,125,112,105,71,82,86,99,101,138,130,103,106,95,91,87,72,587
458,98,103,89,96,108,101,77,61,60,77,74,91,102,105,91,85,76,71,89,69,77,71,93,123,109,130,128,112,79,74,72,65,84,86,124,131,145,129,98,94,84,86,102,106,118,136,149,121,118,116,96,93,93,89,100,107,138,144,133,139,123,120,98,83,83,85,128,150,158,140,143,122,107,105,89,87,97,105,125,127,147,116,127,116,94,79,82,83,108,108,128,120,117,101,92,98,78,84,575
431,106,100,107,103,112,70,88,78,59,62,90,90,109,101,107,75,75,84,94,70,74,66,78,128,139,128,119,104,89,87,74,77,66,77,120,150,138,121,100,89,87,88,95,111,118,127,154,150,124,96,111,85,89,90,96,110,135,152,151,134,112,111,106,78,87,85,113,130,148,164,144,128,99,98,103,75,100,109,143,126,129,123,131,114,80,74,84,71,87,144,116,112,121,111,101,86,82,73,623
419,100,106,105,117,109,95,70,62,67,52,92,87,119,119,94,73,61,74,66,77,69,78,95,113,144,123,109,104,93,83,74,76,84,86,118,128,135,132,91,108,80,79,94,117,114,149,156,109,130,124,88,91,95,99,102,112,119,162,156,130,113,112,107,92,76,91,97,152,162,140,151,142,96,101,100,74,82,113,131,137,130,144,137,115,85,86,72,83,98,126,117,132,99,111,79,82,78,74,622
400,82,109,118,134,112,81,71,72,63,59,81,94,116,112,122,63,83,65,49,72,77,79,89,115,138,138,130,96,96,86,58,70,80,95,123,114,123,144,105,92,75,78,77,97,129,152,147,150,130,121,80,78,92,102,84,114,146,150,164,126,111,119,103,100,92,96,99,124,166,136,145,132,109,102,121,64,79,114,124,144,161,142,116,108,94,77,79,66,115,102,125,121,104,117,85,83,62,78,620
418,74,105,104,132,128,85,75,69,53,62,80,105,107,109,107,84,68,66,60,56,73,88,107,107,115,126,121,133,91,67,71,70,73,100,111,139,119,130,97,108,78,76,84,104,133,127,149,152,118,124,99,87,83,84,96,120,132,139,155,135,133,99,96,110,83,97,101,110,134,169,157,119,106,105,102,92,92,106,128,149,151,125,138,99,88,81,90,104,90,112,104,108,114,119,101,91,52,75,621
416,76,112,120,123,119,92,79,74,61,64,71,103,111,100,109,91,72,70,55,60,60,82,90,95,142,121,142,116,88,88,84,69,75,103,120,145,139,110,106,87,81,69,88,100,109,142,137,161,131,127,95,65,68,72,107,124,124,148,165,147,139,105,101,88,92,104,131,121,145,135,141,146,101,90,91,91,92,106,124,144,145,117,113,116,104,83,82,86,109,100,124,140,107,91,94,91,69,80,627
442,73,99,112,129,103,99,91,69,68,50,83,108,117,110,90,120,65,64,51,67,65,51,87,111,141,163,111,89,75,70,86,71,88,76,118,138,140,123,139,83,76,74,68,97,112,129,143,157,140,119,100,96,70,63,96,124,135,147,168,136,140,100,103,85,92,118,111,129,139,153,141,110,101,100,95,95,104,118,124,144,127,129,137,128,92,93,42,74,96,117,106,154,123,89,94,64,68,90,624
419,76,100,115,121,96,110,85,60,79,80,61,94,109,111,115,103,77,67,68,50,62,67,83,130,111,146,127,91,83,60,74,81,67,93,124,112,149,133,114,106,95,69,61,88,110,131,163,147,119,122,95,88,71,80,96,130,138,158,143,138,143,111,90,78,96,99,131,142,144,165,121,115,93,89,98,89,109,114,140,127,144,133,113,118,89,75,63,70,100,112,128,149,124,95,74,84,73,88,636
414,78,102,103,120,110,87,80,70,72,82,72,86,85,116,121,110,82,62,68,63,62,66,96,107,126,148,117,96,81,72,61,83,73,86,111,140,130,123,127,91,89,95,77,63,122,144,150,145,146,110,101,76,72,87,103,118,143,151,147,146,120,105,100,89,78,85,138,138,171,141,143,119,104,83,73,98,116,114,119,137,145,123,117,110,95,73,78,77,98,105,135,136,122,104,88,76,67,66,673
448,84,90,104,107,108,104,94,67,58,80,67,82,103,100,120,101,108,71,69,54,61,67,83,117,132,133,132,100,76,75,55,79,90,101,91,112,149,152,114,105,85,70,71,82,135,107,136,165,130,122,100,89,73,60,90,134,135,129,148,132,128,112,102,103,86,96,129,151,151,142,150,112,100,82,99,83,109,138,122,138,125,136,125,106,112,79,63,77,96,107,120,137,122,101,74,74,72,76,693
474,83,88,115,95,106,101,88,67,67,76,68,89,101,131,102,84,99,77,69,53,65,53,82,130,143,147,112,96,70,68,71,82,84,91,99,94,146,145,124,102,81,75,67,91,120,117,138,156,140,114,92,92,77,89,102,112,122,134,149,169,126,102,89,84,97,86,135,159,150,147,144,114,112,94,100,94,99,108,111,136,140,130,125,120,86,92,82,68,102,110,122,127,115,101,79,77,60,93,652
456,94,96,108,122,112,83,83,63,67,62,87,96,105,117,91,108,95,68,66,76,64,63,76,119,131,148,129,99,90,63,59,68,98,102,107,122,118,121,139,106,89,77,72,79,106,120,152,165,134,99,75,91,104,76,109,115,120,158,135,151,121,106,85,86,86,98,132,147,145,133,130,128,130,82,100,103,89,104,96,142,143,147,128,120,88,69,70,79,92,99,129,131,142,97,83,71,70,67,679
432,102,97,104,129,123,82,73,59,73,61,78,95,81,122,113,105,105,67,73,63,56,66,81,102,137,141,114,105,89,74,53,64,71,106,122,128,126,126,105,95,96,69,77,99,102,124,160,151,137,109,99,63,98,100,90,117,139,133,142,160,122,102,91,74,98,106,111,148,150,148,140,139,128,83,104,98,97,85,111,129,146,154,125,108,97,74,77,78,95,103,120,126,149,111,76,77,65,64,681
456,87,112,102,138,106,102,58,56,73,73,78,86,107,107,99,110,83,78,65,69,71,65,100,113,126,146,123,102,83,81,66,52,74,105,113,131,128,115,131,76,72,93,97,65,115,133,149,138,131,127,91,90,75,111,108,130,110,139,159,137,118,104,94,78,92,98,144,125,152,176,139,107,125,101,103,101,95,93,132,131,157,127,109,106,95,88,95,81,95,116,117,119,144,95,84,70,73,65,647
450,86,109,119,135,96,93,66,68,62,74,80,83,120,123,105,101,89,69,74,43,67,74,91,110,124,131,121,110,97,70,65,69,67,80,121,115,137,132,128,79,77,70,104,83,110,126,128,147,139,129,83,75,99,95,125,110,126,129,143,157,118,107,84,95,92,94,126,137,156,155,134,118,99,113,112,93,90,102,119,151,137,135,127,85,97,85,89,98,96,114,105,134,116,108,89,75,71,68,663
490,77,82,109,146,125,94,93,56,64,71,71,97,99,132,134,96,71,62,61,59,80,56,94,95,128,123,128,109,80,71,71,63,68,81,105,109,142,141,129,87,78,68,78,88,121,126,135,144,132,115,96,77,109,97,85,119,131,140,148,145,116,111,97,77,92,99,105,146,145,155,151,145,109,94,102,89,91,99,125,153,142,129,129,87,74,107,84,81,119,110,112,125,123,109,93,77,68,82,602
486,91,116,114,103,113,93,97,74,68,56,67,86,96,146,114,117,93,50,48,73,81,67,80,106,127,111,132,121,75,63,81,58,67,81,92,122,164,134,109,86,77,84,89,101,96,136,144,139,134,118,85,88,89,87,91,110,129,155,175,150,104,89,91,89,99,101,97,116,160,171,139,135,106,109,84,90,92,115,122,152,166,136,120,101,80,83,82,84,122,128,106,109,125,100,99,71,69,88,586
511,80,92,126,125,107,99,82,74,64,57,71,87,118,121,115,119,76,69,51,60,69,85,83,97,123,122,112,117,89,76,62,72,81,88,98,130,136,140,112,96,70,76,76,100,102,132,143,160,136,104,91,90,98,84,94,113,144,138,160,146,106,111,91,97,87,108,103,125,141,181,149,128,126,109,88,89,94,114,125,137,149,144,131,84,80,91,78,87,114,115,120,112,121,107,79,91,68,69,594
477,90,90,130,115,117,106,70,69,61,57,62,98,104,118,124,88,97,63,57,69,76,76,87,115,110,123,113,90,102,74,78,74,71,99,112,115,116,122,126,82,81,92,69,79,96,134,144,156,125,111,102,90,93,91,96,103,128,138,172,153,110,111,93,80,103,101,117,124,122,165,144,150,105,101,95,96,93,110,143,150,136,130,126,108,68,69,77,98,108,119,130,112,116,117,85,89,69,79,624
485,94,88,106,154,102,111,82,81,63,55,67,90,83,126,111,88,87,76,71,64,66,67,65,118,130,121,113,98,96,66,76,74,80,100,113,114,127,140,103,95,94,83,79,86,99,125,146,154,126,109,109,90,83,98,87,86,128,144,170,151,133,91,84,91,109,89,99,133,139,155,137,158,119,99,98,88,110,97,126,153,129,136,121,110,78,77,81,71,93,128,148,107,123,96,79,89,83,84,603
487,88,91,121,123,120,102,80,82,66,70,72,83,107,103,110,106,85,79,80,60,54,76,86,111,107,128,112,88,85,76,73,74,72,87,105,128,129,145,102,77,89,81,80,100,95,116,143,132,159,104,108,102,89,93,86,88,117,142,148,154,121,120,90,92,100,87,106,137,147,153,164,146,105,100,90,111,98,102,121,136,145,135,112,111,72,83,92,90,109,132,140,129,122,89,68,77,82,85,609
469,82,95,105,122,117,98,69,71,58,86,76,93,112,108,107,89,83,71,74,79,55,76,97,103,132,105,98,103,81,71,72,75,85,84,115,114,136,140,102,91,96,75,74,97,98,113,153,137,148,108,96,85,104,77,97,103,114,145,143,129,145,116,96,98,96,96,113,130,134,155,144,137,125,106,87,110,101,103,126,145,143,135,126,117,62,72,75,90,109,132,119,137,112,94,83,73,77,76,640
435,104,93,104,119,128,77,83,88,62,76,80,116,97,112,122,107,83,72,57,59,65,76,97,121,124,114,112,90,88,76,70,69,85,76,99,118,166,143,106,66,84,88,79,82,102,111,151,155,142,109,91,93,81,101,108,100,116,141,132,175,126,97,103,91,87,97,120,124,147,137,147,129,117,117,111,79,101,108,117,140,149,137,117,112,80,78,83,71,88,126,149,121,105,93,108,82,66,81,641
423,78,123,118,111,122,78,70,75,67,80,92,110,101,116,98,104,84,86,76,50,73,89,88,113,100,116,114,91,87,76,69,68,91,73,92,105,150,141,115,71,78,78,94,88,88,145,140,143,139,116,102,88,79,79,99,122,102,130,158,145,128,113,87,94,82,102,111,131,158,129,150,126,130,97,104,84,113,118,136,132,156,130,129,90,92,77,69,86,105,117,131,142,135,101,97,78,66,86,655
450,101,91,119,127,94,103,84,69,74,71,80,96,112,106,102,103,80,70,81,73,61,77,107,130,120,90,105,94,87,70,83,63,82,94,105,112,135,124,95,98,82,73,83,96,108,131,151,131,138,94,95,84,99,83,92,112,122,147,133,145,132,93,95,94,89,86,127,141,162,133,134,134,120,93,94,100,96,113,132,135,136,155,122,96,81,80,76,89,107,102,129,149,109,106,103,73,64,75,673
462,93,100,122,119,88,94,87,73,73,73,69,93,101,142,117,86,73,66,73,65,76,75,128,118,113,123,88,103,70,74,67,77,73,98,81,124,139,138,116,88,66,72,72,107,128,120,136,143,127,105,93,96,72,92,91,128,134,120,143,155,114,105,88,100,83,113,116,143,156,157,133,112,120,99,98,109,95,113,123,130,139,136,141,103,75,78,84,98,103,103,141,131,103,102,97,75,77,62,652
474,89,104,122,120,108,91,62,81,66,70,96,92,121,122,107,104,85,73,47,60,59,68,112,130,123,99,102,107,92,74,48,78,81,80,106,123,122,120,127,90,79,67,79,105,118,153,126,145,119,102,96,78,75,91,95,118,144,141,139,123,114,109,95,70,98,106,123,173,157,148,141,123,103,90,92,96,117,128,124,132,139,136,125,107,84,66,80,94,86,116,142,125,148,94,98,79,72,88,615
455,81,119,138,128,108,86,73,62,55,72,85,96,113,135,134,98,73,70,70,55,63,72,101,117,124,136,91,89,85,82,56,76,72,90,95,135,124,105,121,103,89,76,70,124,131,123,137,140,122,99,89,68,100,97,100,107,153,135,167,99,108,93,81,85,82,107,140,161,152,171,129,119,111,85,87,100,113,117,137,131,129,127,118,113,98,78,88,97,91,117,138,137,121,116,86,90,73,63,636
447,103,104,114,123,121,82,80,72,71,62,81,94,126,128,122,106,88,63,67,55,62,73,98,106,125,121,106,110,80,63,67,73,70,84,90,147,120,114,107,95,107,81,83,106,97,147,121,147,137,91,81,76,99,79,102,146,128,142,123,134,102,85,89,94,96,91,111,146,180,167,137,117,107,90,88,85,122,135,124,127,126,149,129,92,99,85,79,91,97,121,141,120,130,110,92,68,78,70,640
439,89,101,145,123,116,113,85,50,67,64,73,101,116,114,117,103,86,80,71,61,57,79,91,118,116,118,106,99,79,75,60,70,72,91,115,117,135,109,103,90,84,80,82,99,121,115,123,165,137,114,80,77,89,78,91,130,137,155,148,112,97,82,70,97,101,96,110,128,155,175,162,131,101,77,87,83,96,115,142,133,139,146,135,99,98,87,91,80,103,124,124,128,143,101,81,86,67,76,639
425,93,112,142,130,116,88,77,63,62,58,81,88,104,130,116,110,84,86,56,67,79,73,92,110,117,114,123,87,71,85,58,78,79,91,121,124,124,111,117,83,77,80,80,81,111,129,150,158,138,109,104,61,74,88,93,117,138,168,142,140,107,69,87,82,81,112,101,135,161,174,154,127,132,100,67,78,93,128,128,152,129,126,109,111,87,97,92,104,82,122,127,119,138,103,84,82,76,63,648
431,82,116,117,118,132,113,81,71,46,61,79,93,100,114,128,104,90,79,60,56,70,72,98,107,127,138,116,93,78,55,80,75,72,82,96,142,134,109,89,103,77,60,84,84,107,134,160,153,130,121,100,64,80,86,98,113,135,163,153,133,94,82,77,81,79,114,119,138,147,162,147,128,107,87,86,91,108,106,137,138,135,133,113,98,81,97,103,109,91,109,129,146,140,99,89,70,73,83,668
407,78,104,137,153,133,102,87,61,54,56,85,96,101,119,134,95,83,82,56,39,90,62,89,126,112,145,106,111,77,72,58,83,69,93,107,140,124,105,107,93,87,61,59,72,104,146,140,163,140,124,100,87,78,65,85,112,142,170,137,142,127,81,66,74,95,92,114,159,153,155,156,135,100,90,86,89,96,134,115,134,155,119,116,95,94,72,86,104,106,126,127,130,114,119,95,79,65,87,665
403,91,122,127,138,115,103,82,59,63,59,81,86,102,116,129,102,84,86,51,57,50,68,80,136,149,119,104,99,86,74,59,64,73,78,117,134,135,107,105,85,85,65,74,83,81,118,170,157,144,111,114,93,71,61,82,106,138,173,150,160,111,89,75,70,93,98,122,138,144,162,156,142,102,91,72,82,97,124,137,144,161,124,109,104,79,83,92,94,122,123,134,130,129,105,101,75,71,85,690
401,89,115,144,144,124,83,85,73,59,74,58,92,89,137,102,97,97,65,63,54,62,69,95,92,139,146,114,87,80,67,77,67,64,86,93,140,139,105,100,107,68,75,63,88,100,126,125,148,162,124,95,87,71,73,81,111,119,182,162,137,128,88,70,72,81,85,116,151,157,152,151,151,114,91,84,70,98,122,130,145,141,134,132,101,78,82,79,99,121,122,120,129,109,125,106,80,70,74,696
422,74,121,151,146,122,90,69,68,62,71,79,70,93,127,118,105,98,75,52,61,64,57,93,110,127,145,122,83,70,76,67,69,72,85,103,121,131,131,107,87,70,72,61,80,100,100,172,163,135,135,113,92,53,79,75,100,122,155,179,138,125,102,81,64,63,85,115,144,130,173,167,140,92,109,93,80,86,117,121,139,151,154,114,103,84,68,85,88,133,121,123,125,122,106,99,80,87,73,672
426,76,112,131,147,131,106,87,59,50,75,82,88,81,113,114,112,108,90,62,62,61,61,73,116,149,132,118,98,68,65,59,68,87,99,105,129,116,137,112,94,80,64,66,63,95,116,151,176,152,113,115,84,77,64,96,105,111,131,167,155,119,98,89,72,60,84,111,154,159,156,132,137,121,102,93,85,83,94,127,133,139,165,141,97,82,83,65,94,129,115,138,126,114,122,106,84,70,66,670
430,71,124,132,137,123,102,89,65,57,66,76,88,81,117,118,101,96,82,78,61,64,67,75,90,135,141,134,101,75,76,55,52,68,100,124,118,125,133,125,78,79,78,82,72,102,112,141,176,150,122,94,90,73,72,83,107,120,142,171,148,124,102,87,72,77,80,110,139,157,172,142,141,104,96,91,88,93,108,121,132,166,158,130,95,84,83,76,73,104,136,151,146,128,104,97,103,75,67,704
465,94,103,126,137,104,103,90,79,61,71,60,85,86,105,123,137,81,84,65,54,54,72,69,112,111,121,146,106,81,76,56,55,78,87,103,127,127,142,105,101,69,78,71,73,104,101,139,155,161,116,91,100,85,76,77,90,126,165,142,152,96,109,81,81,71,81,109,116,160,167,170,146,112,102,85,94,87,120,123,149,148,152,124,86,83,51,77,94,93,119,147,152,134,103,103,100,81,61,687
447,99,99,124,124,106,103,89,90,63,56,63,72,111,105,119,108,90,89,68,59,69,52,70,99,123,136,116,101,87,69,48,62,82,82,120,119,129,114,114,102,73,69,75,81,95,104,130,145,150,130,103,97,73,76,86,94,119,135,147,165,128,96,83,80,72,86,95,133,129,175,152,129,123,99,90,77,102,114,113,161,152,144,132,110,69,80,59,78,103,141,132,143,132,101,108,79,73,73,707
448,91,102,123,119,125,102,90,70,88,62,57,80,92,102,98,99,90,77,86,80,57,63,67,84,123,132,105,120,98,71,58,47,64,92,114,120,136,123,116,101,82,74,77,77,116,110,121,152,139,122,113,84,86,90,80,97,107,152,145,162,120,94,81,83,75,77,98,127,161,162,154,138,104,112,90,76,98,117,118,135,146,138,138,107,86,71,65,68,100,133,135,158,132,117,98,72,83,76,716
481,82,80,128,126,133,98,97,74,67,60,69,78,95,121,106,94,85,73,70,75,79,72,71,96,110,93,112,97,104,86,59,57,52,86,102,125,126,129,104,106,82,77,73,75,97,103,123,158,139,112,121,96,96,75,100,95,109,122,137,150,129,91,80,87,84,84,95,122,151,155,157,130,124,97,96,92,91,109,123,134,147,139,131,98,76,76,62,79,83,101,134,157,157,110,102,83,81,76,676
460,77,79,99,123,109,118,95,75,74,53,60,74,85,110,95,82,81,72,58,76,83,55,70,92,103,86,97,106,90,91,66,53,58,74,109,123,96,117,98,99,89,78,65,87,73,108,118,128,131,128,116,95,105,66,82,91,112,125,132,131,120,111,81,69,84,76,124,111,131,146,141,107,104,94,98,102,82,108,111,111,123,129,118,126,106,57,40,59,93,95,137,139,139,115,100,86,79,59,638
389,63,57,70,97,105,83,72,63,62,47,68,50,79,80,70,65,69,62,50,55,70,59,50,79,78,75,74,83,87,61,64,45,54,60,83,85,106,75,96,72,66,67,71,52,70,77,101,100,104,103,95,74,81,74,79,70,87,110,114,113,104,83,71,67,69,61,84,108,102,125,122,125,85,73,89,85,81,84,94,95,114,115,116,102,69,68,63,36,67,84,106,107,135,84,88,100,79,54,528
268,35,29,50,78,65,54,56,26,25,37,37,37,51,59,43,41,50,45,28,37,41,47,48,43,46,41,49,44,48,52,36,38,36,39,43,57,59,44,58,53,38,31,51,37,26,46,53,66,63,73,71,54,41,44,65,57,64,74,75,86,77,52,58,50,38,38,51,86,83,74,88,83,51,52,46,49,53,59,59,75,77,76,79,69,60,37,35,34,35,56,67,98,81,61,49,49,54,48,350
111,11,12,16,29,33,24,30,14,8,14,9,24,26,17,14,21,22,12,13,12,8,12,20,20,18,17,21,25,16,19,17,5,22,17,28,23,21,20,19,16,22,23,11,18,16,21,31,30,25,28,28,22,21,17,22,24,13,27,52,30,41,37,22,24,25,16,26,34,36,49,45,41,27,28,16,22,21,25,26,36,43,39,35,28,27,21,12,15,17,26,21,32,42,26,30,28,21,20,166
31,3,1,0,9,8,7,8,6,6,0,2,6,4,4,3,8,7,5,5,3,2,8,6,4,3,8,5,2,4,2,6,3,2,5,7,4,7,3,2,3,4,9,1,1,3,8,5,11,4,4,7,3,6,6,6,4,3,2,14,10,13,9,2,3,4,6,8,11,12,14,18,15,10,6,2,2,6,6,5,12,5,10,7,8,9,4,5,2,7,4,9,4,6,4,3,4,10,4,41
4,0,0,1,0,0,2,1,1,0,0,0,1,0,0,1,2,0,1,0,1,0,0,1,0,0,1,1,0,0,0,1,0,1,3,0,0,0,1,1,3,3,0,0,0,0,3,0,1,0,0,0,1,0,0,0,0,0,1,1,1,1,1,0,0,0,1,2,3,4,8,4,1,0,1,0,0,2,2,0,1,1,0,0,1,0,1,0,0,1,2,1,0,0,2,1,0,2,1,2
0,0,0,0,0,0,0,0,0,0,0,0,0,0,0,0,0,1,0,0,0,0,0,0,0,0,0,0,0,0,0,0,0,0,1,0,0,0,0,0,0,1,0,0,0,0,0,0,0,0,0,0,0,0,0,0,0,0,0,0,0,1,0,0,0,0,0,1,1,0,0,2,0,0,0,0,0,0,0,0,0,0,0,0,0,0,0,0,0,0,0,0,0,0,0,0,0,0,1,0
0,0,0,0,0,0,0,0,0,0,0,0,0,0,0,0,0,0,0,0,0,0,0,0,0,0,0,0,0,0,0,0,0,0,0,0,0,0,0,0,0,0,0,0,0,0,0,0,0,0,0,0,0,0,0,0,0,0,0,0,0,0,0,0,0,0,0,0,0,0,0,0,0,0,0,0,0,0,0,0,0,0,0,0,0,0,0,0,0,0,0,0,0,0,0,0,0,0,0,0
0,0,0,0,0,0,0,0,0,0,0,0,0,0,0,0,0,0,0,0,0,0,0,0,0,0,0,0,0,0,0,0,0,0,0,0,0,0,0,0,0,0,0,0,0,0,0,0,0,0,0,0,0,0,0,0,0,0,0,0,0,0,0,0,0,0,0,0,0,0,0,0,0,0,0,0,0,0,0,0,0,0,0,0,0,0,0,0,0,0,0,0,0,0,0,0,0,0,0,0
0,0,0,0,0,0,0,0,0,0,0,0,0,0,0,0,0,0,0,0,0,0,0,0,0,0,0,0,0,0,0,0,0,0,0,0,0,0,0,0,0,0,0,0,0,0,0,0,0,0,0,0,0,0,0,0,0,0,0,0,0,0,0,0,0,0,0,0,0,0,0,0,0,0,0,0,0,0,0,0,0,0,0,0,0,0,0,0,0,0,0,0,0,0,0,0,0,0,0,0
0,0,0,0,0,0,0,0,0,0,0,0,0,0,0,0,0,0,0,0,0,0,0,0,0,0,0,0,0,0,0,0,0,0,0,0,0,0,0,0,0,0,0,0,0,0,0,0,0,0,0,0,0,0,0,0,0,0,0,0,0,0,0,0,0,0,0,0,0,0,0,0,0,0,0,0,0,0,0,0,0,0,0,0,0,0,0,0,0,0,0,0,0,0,0,0,0,0,0,0
0,0,0,0,0,0,0,0,0,0,0,0,0,0,0,0,0,0,0,0,0,0,0,0,0,0,0,0,0,0,0,0,0,0,0,0,0,0,0,0,0,0,0,0,0,0,0,0,0,0,0,0,0,0,0,0,0,0,0,0,0,0,0,0,0,0,0,0,0,0,0,0,0,0,0,0,0,0,0,0,0,0,0,0,0,0,0,0,0,0,0,0,0,0,0,0,0,0,0,0
0,0,0,0,0,0,0,0,0,0,0,0,0,0,0,0,0,0,0,0,0,0,0,0,0,0,0,0,0,0,0,0,0,0,0,0,0,0,0,0,0,0,0,0,0,0,0,0,0,0,0,0,0,0,0,0,0,0,0,0,0,0,0,0,0,0,0,0,0,0,0,0,0,0,0,0,0,0,0,0,0,0,0,0,0,0,0,0,0,0,0,0,0,0,0,0,0,0,0,0
