4.56846,0.191792
4.67917,0.346825
4.61326,0.531429
4.75384,0.666704
4.74938,0.867003
4.70553,1.0719
4.7512,1.27034
4.68274,1.45298
4.72287,1.64562
4.7735,1.84631
4.69119,2.0326
4.55471,2.17901
4.517,2.38072
4.46213,2.58258
4.54036,2.76406
4.56504,2.96235
4.6371,3.1486
4.65089,3.33797
4.75659,3.50802
4.59553,3.63911
4.80298,3.69267
4.73027,3.89881
4.92229,4.00702
4.98197,4.22614
4.92093,4.41427
4.84029,4.6046
4.93832,4.78325
4.88664,4.98683
-4.99676,5.17183
4.92311,5.36202
-4.99966,5.54668
4.91299,5.72985
4.9224,5.92913
-4.86667,5.93958
-4.87269,6.15092
-4.90517,6.36003
-4.89382,6.56932
-4.85376,6.77024
-4.98365,6.93714
4.94476,7.1351
4.89059,7.33497
4.79481,7.5176
4.87996,7.71247
4.74759,7.84634
4.75011,8.04332
4.77683,8.24937
4.80064,8.45889
4.91707,8.62436
-4.99306,8.78257
-4.96712,8.97393
4.89695,9.12889
4.81359,9.31185
4.7814,9.51518
4.62795,9.63427
4.50504,9.79651
4.5946,9.98571
4.62094,10.1929
4.71275,10.3657
4.79145,10.5565
4.87514,10.7243
-4.9787,10.8503
-4.93748,11.0484
-4.8972,11.2482
4.93099,11.3544
4.92733,11.5554
4.91746,11.7538
4.98266,11.9408
-4.92308,12.1318
-4.89648,12.333
-4.93289,12.5391
-4.88228,12.7263
4.92594,12.665
4.88354,12.8799
-4.94023,12.9829
-4.8392,13.1627
-4.92709,13.3525
-4.91277,13.5567
-4.76675,13.6723
-4.78143,13.8755
-4.79518,14.0784
-4.84041,14.2772
-4.7574,14.46
-4.87876,14.6367
-4.70614,14.7455
-4.70489,14.9588
-4.64849,15.1461
-4.57391,15.3224
-4.46264,15.4804
-4.38478,15.6781
-4.49669,15.8485
-4.56511,16.027
-4.61914,16.2153
-4.80984,16.2379
-4.91724,16.4134
-4.84972,16.6027
-4.79274,16.8128
-4.70187,16.9823
-4.7375,17.1927
-4.72202,17.4
-4.6792,17.5926
-4.62073,17.7868
-4.63964,17.9838
-4.60498,18.1951
-4.56868,18.3825
-4.76166,18.4662
-4.9482,18.5581
4.98517,18.7382
4.99592,18.9467
4.91325,19.1451
4.96739,19.3321
-4.9946,19.5343
-4.91907,19.7109
-4.86294,19.9107
4.99811,20.063
-4.86681,20.2096
-4.87985,20.4119
-4.72567,20.5411
-4.71837,20.7349
-4.8676,20.8698
-4.74971,21.0421
-4.74191,21.2484
-4.86709,21.4249
-4.72544,21.5615
-4.56103,21.6998
-4.67735,21.86
-4.84481,21.9643
-4.71436,22.1388
-4.63051,22.3101
-4.65783,22.5103
-4.67707,22.7178
-4.60376,22.9235
-4.46654,23.0611
-4.35401,23.2226
-4.39371,23.4262
-4.41554,23.631
-4.40961,23.8407
-4.59749,23.8849
-4.78487,23.9341
-4.73639,24.1419
-4.64723,24.333
-4.81702,24.442
-4.95758,24.599
4.95444,24.7819
4.95535,25.0059
4.87456,25.1873
4.87301,25.4106
4.97769,25.5884
-4.96872,25.7847
-4.9577,25.9842
-4.94973,26.1888
-4.91658,26.3978
-4.87063,26.6032
-4.94184,26.8053
-4.98855,27.0113
4.9102,27.1819
4.96755,27.3791
-4.84898,27.4364
-4.81056,27.6437
-4.94513,27.7872
-4.93273,27.9916
4.96828,28.1569
4.88632,28.355
4.79492,28.5285
4.7643,28.7261
4.74084,28.9316
4.79438,29.1218
4.8581,29.3287
4.92853,29.5323
-4.9779,29.7194
4.95117,29.9073
4.91076,30.0973
-4.96116,30.2869
-4.76433,30.2666
-4.76778,30.4864
-4.81164,30.6913
-4.87434,30.8895
-4.80328,31.0764
-4.80309,31.282
-4.74862,31.4796
-4.70428,31.6876
-4.88301,31.7952
-4.94622,31.9804
4.98259,32.1682
4.98381,32.3657
4.83971,32.5012
-4.97478,32.582
-4.98752,32.7774
4.84695,32.9084
4.90494,33.1105
4.90052,33.3249
-4.9774,33.4914
-4.98801,33.6954
-4.94578,33.8959
-4.94093,34.097
-4.72271,34.077
-4.72133,34.2968
-4.62722,34.4751
-4.64333,34.6567
-4.8106,34.7688
-4.96986,34.9055
-4.44208,0.268741
-4.47143,0.478688
-4.37503,0.680949
-4.27746,0.852985
-4.34936,1.04218
-4.52132,1.16213
-4.68484,1.28366
-4.67775,1.48154
-4.62204,1.67867
-4.57662,1.88885
-4.43612,2.0395
-4.6299,2.06962
-4.57064,2.27249
-4.63791,2.4767
-4.63132,2.66968
-4.53952,2.86206
-4.42864,3.02463
-4.41089,3.22566
-4.46339,3.43764
-4.61207,3.57392
-4.4691,3.72798
-4.64727,3.81347
-4.57455,4.00687
-4.51205,4.18814
-4.39521,4.35386
-4.19898,4.33426
-4.27433,4.51452
-4.20286,4.70311
-4.20473,4.89052
-4.24802,5.09667
-4.11931,5.24834
-4.08697,5.44127
-3.94103,5.58966
-3.97975,5.78332
-3.98898,5.98572
-4.15583,6.0832
-4.07054,6.27739
-3.99364,6.46196
-3.93951,6.6845
-3.90549,6.88974
-3.86777,7.09243
-3.73734,7.24923
-3.8585,7.42889
-3.80488,7.62065
-3.75487,7.81467
-3.85861,7.99987
-3.78155,8.18713
-3.69393,8.35793
-3.67161,8.55583
-3.56352,8.72386
-3.72621,8.83551
-3.62621,9.01612
-3.565,9.20752
-3.59771,9.41558
-3.63479,9.61577
-3.53537,9.79482
-3.57535,9.98843
-3.68317,10.1525
-3.68796,10.3557
-3.77024,10.5489
-3.85029,10.733
-3.80969,10.9201
-3.95529,11.0722
-4.00017,11.2608
-3.90952,11.4357
-3.90624,11.6394
-3.89518,11.8479
-3.97097,12.0276
-3.9033,12.2147
-4.00267,12.3909
-3.88496,12.5602
-3.8884,12.7571
-3.76004,12.9106
-3.86911,13.1078
-3.80315,13.3005
-3.82806,13.5112
-3.79698,13.7142
-3.79935,13.9221
-3.91724,14.0727
-3.9048,14.2702
-3.98269,14.4571
-3.97787,14.6521
-3.92087,14.8593
-4.05735,15.0067
-4.18049,15.1662
-4.12446,15.3582
-3.98495,15.5295
-4.04856,15.7161
-4.06971,15.9183
-4.04846,16.1123
-4.08997,16.3215
-4.10308,16.5372
-4.06321,16.7453
-4.04264,16.947
-4.00644,17.1623
-3.86536,17.3095
-3.87541,17.5115
-3.86687,17.718
-3.8032,17.9156
-3.72932,18.1155
-3.82119,18.2968
-3.69338,18.4614
-3.76873,18.649
-3.87107,18.8213
-3.86447,19.0312
-3.69141,19.131
-3.86737,19.2481
-3.86185,19.4309
-3.8864,19.6271
-3.8319,19.8084
-3.97907,19.9506
-3.99097,20.1718
-3.96566,20.3718
-3.80067,20.4719
-3.93219,20.6222
-3.8525,20.8077
-3.8056,21.0257
-4.02839,21.0439
-3.98968,21.2462
-3.82663,21.3922
-3.76425,21.5761
-3.68441,21.7684
-3.85138,21.8944
-3.88699,22.1036
-3.94813,22.2996
-3.84355,22.471
-3.83452,22.6732
-3.84606,22.8813
-3.87176,23.0876
-3.92861,23.2825
-3.95669,23.4851
-3.88993,23.6711
-3.90714,23.8725
-3.90817,24.0708
-3.9916,24.2403
-3.79876,24.3036
-3.71968,24.4872
-3.62399,24.6553
-3.6139,24.8659
-3.57738,25.0696
-3.69798,25.2371
-3.5388,25.3678
-3.52407,25.5609
-3.64578,25.7056
-3.68788,25.8941
-3.58793,26.0674
-3.6699,26.242
-3.68082,26.4522
-3.64025,26.6548
-3.68503,26.8632
-3.67748,27.0542
-3.73002,27.2409
-3.70368,27.4221
-3.65099,27.6094
-3.6938,27.7975
-3.74852,27.9861
-3.6911,28.1791
-3.71328,28.3789
-3.78427,28.5629
-3.64969,28.7219
-3.59503,28.9207
-3.5323,29.1204
-3.61121,29.3014
-3.65711,29.5146
-3.52195,29.6673
-3.64507,29.8313
-3.60144,30.0219
-3.59596,30.2427
-3.76876,30.3484
-3.81001,30.5587
-3.90686,30.7289
-3.86765,30.9413
-3.90459,31.1506
-3.90948,31.3666
-3.89166,31.5668
-3.86036,31.7679
-4.00266,31.9058
-4.04818,32.1153
-4.05749,32.3162
-3.95271,32.4734
-4.03983,32.6555
-4.1168,32.8513
-4.00099,33.0317
-3.92057,33.2191
-3.81167,33.4128
-3.99098,33.5139
-3.93978,33.7168
-3.95959,33.9255
-3.96833,34.1178
-4.02401,34.3059
-4.0742,34.5164
-4.08643,34.7272
-4.03128,34.9262
-3.83837,34.9507
-3.92561,35.1295
-3.79319,35.2919
-3.7327,35.4842
-3.85632,35.6471
-3.82617,35.8451
-3.74468,36.0522
-2.85039,0.490416
-3.03429,0.47661
-3.06977,0.677746
-3.13328,0.879355
-3.24642,1.07551
-3.28105,1.27944
-3.28239,1.48442
-3.21338,1.69207
-3.01411,1.76526
-3.09316,1.9361
-3.1248,2.13739
-3.0595,2.31735
-3.10588,2.51044
-3.13957,2.7105
-3.10581,2.8988
-3.09213,3.09453
-3.11209,3.29964
-3.27202,3.40718
-3.24029,3.59145
-3.29145,3.78288
-3.37231,3.96831
-3.24913,4.13261
-3.31327,4.31784
-3.25261,4.51602
-3.23485,4.72313
-3.14813,4.91172
-2.94779,4.86619
-2.83381,5.04435
-2.83272,5.2594
-2.97027,5.41144
-2.9686,5.61453
-3.05558,5.80481
-2.99563,5.99358
-2.95244,6.19002
-3.03462,6.39676
-3.09736,6.59849
-3.19204,6.77557
-3.23421,6.98579
-3.265,7.17604
-3.38216,7.34661
-3.34936,7.55933
-3.1438,7.5515
-3.09227,7.74997
-3.12642,7.95152
-3.20174,8.1272
-3.16223,8.33714
-3.14783,8.5373
-3.26463,8.69932
-3.21748,8.9079
-3.33428,9.08776
-3.36762,9.27886
-3.31197,9.48783
-3.20908,9.65813
-3.1197,9.8283
-3.13553,10.0415
-3.16377,10.2487
-3.07799,10.4254
-3.10308,10.6266
-2.96208,10.7733
-2.94918,10.9728
-2.9676,11.1812
-3.0311,11.3769
-3.13364,11.5768
-3.24007,11.7665
-3.28873,11.9565
-3.20223,12.1398
-3.20365,12.3299
-3.2614,12.5325
-3.17169,12.7275
-3.07758,12.907
-2.9652,13.0712
-2.99496,13.2867
-2.87342,13.4623
-2.77575,13.6418
-2.71685,13.8385
-2.71359,14.0458
-2.7635,14.2393
-2.78474,14.4393
-2.65653,14.5916
-2.72538,14.7749
-2.61656,14.9355
-2.57641,15.1243
-2.56916,15.3251
-2.58748,15.5197
-2.62938,15.7167
-2.58865,15.9134
-2.63834,16.1247
-2.61961,16.3163
-2.70146,16.5035
-2.56019,16.633
-2.72437,16.7539
-2.79656,16.9585
-2.7663,17.1616
-2.64624,17.3221
-2.82183,17.4346
-2.98155,17.5571
-2.92797,17.7593
-2.78063,17.8861
-2.85406,18.0731
-2.81957,18.2945
-2.86537,18.4875
-2.92942,18.6789
-2.76199,18.795
-2.60768,18.9297
-2.63084,19.1518
-2.71896,19.3398
-2.9207,19.3004
-3.07631,19.4173
-3.09207,19.6432
-3.0487,19.8513
-3.00726,20.0387
-3.121,20.2044
-3.00018,20.3766
-3.04809,20.5646
-3.0503,20.7711
-3.04759,20.9884
-3.11,21.1773
-3.11621,21.3779
-3.27642,21.5326
-3.18896,21.7345
-3.03748,21.8884
-3.01214,22.1048
-3.00711,22.3049
-3.06729,22.4992
-2.89675,22.6185
-3.01982,22.7807
-2.96493,22.9882
-2.95648,23.1827
-2.89566,23.3836
-2.87178,23.5928
-2.86092,23.8028
-2.96764,23.9765
-2.96052,24.1868
-3.02233,24.3798
-3.08859,24.5749
-3.1602,24.7845
-3.31612,24.9259
-3.24684,25.1165
-3.06527,25.1947
-2.89483,25.3067
-3.00602,25.4732
-2.90424,25.6455
-2.97524,25.8186
-2.99765,26.0182
-2.94279,26.2125
-2.81479,26.3905
-2.93492,26.562
-3.01594,26.7487
-3.14475,26.9034
-3.14892,27.1033
-3.02487,27.2587
-3.08373,27.4503
-2.96494,27.6258
-2.77573,27.6986
-2.87166,27.8915
-2.96719,28.0516
-2.87547,28.2255
-2.84022,28.421
-2.96352,28.5689
-2.93693,28.7596
-2.93669,28.9642
-2.93019,29.1771
-3.03832,29.3425
-2.92887,29.5158
-2.93012,29.7153
-3.02479,29.8863
-3.09431,30.0839
-3.04579,30.2962
-3.08089,30.5051
-3.1427,30.6992
-3.26087,30.8799
-3.30566,31.0681
-3.45369,31.2169
-3.30472,31.3371
-3.35852,31.5302
-3.35724,31.7265
-3.32218,31.942
-3.19076,32.0998
-3.15607,32.2976
-3.04918,32.4834
-3.02465,32.6809
-3.12807,32.8671
-3.09255,33.072
-3.07299,33.2805
-3.06903,33.4811
-3.08024,33.7013
-3.01775,33.8767
-2.91746,34.0612
-2.99424,34.2575
-3.04181,34.4649
-3.10474,34.6547
-3.14455,34.8608
-3.09975,35.0472
-2.96557,35.1896
-3.06625,35.3598
-3.15084,35.5353
-3.27145,35.6909
-3.2452,35.8972
-3.30261,36.0984
-3.22315,36.2746
-1.79277,0.487027
-1.72573,0.678197
-1.67389,0.863931
-1.77695,1.05889
-1.6728,1.2393
-1.68404,1.44185
-1.76279,1.63817
-1.75359,1.83312
-1.74982,2.04766
-1.86718,2.21784
-1.82911,2.42771
-1.87132,2.62713
-1.87312,2.81387
-1.9141,3.00643
-1.95547,3.21154
-1.98883,3.40847
-1.89132,3.58351
-1.84222,3.76866
-1.88692,3.97908
-1.8508,4.18184
-1.78719,4.3648
-1.7176,4.56903
-1.58535,4.73426
-1.72294,4.90089
-1.72526,5.08736
-1.8142,5.26448
-1.96625,5.39616
-1.98802,5.59743
-2.01798,5.79318
-1.87445,5.96757
-1.93716,6.15461
-1.8726,6.33858
-1.97222,6.51466
-1.87806,6.68058
-1.77386,6.85659
-1.86387,7.03341
-1.96607,7.20768
-1.8878,7.40034
-1.94002,7.60888
-1.8954,7.80789
-1.97985,7.9936
-1.90975,8.19548
-1.84109,8.3958
-1.89543,8.6106
-1.97059,8.80726
-1.97494,9.0164
-1.943,9.22766
-1.72978,9.26039
-1.77056,9.4722
-1.82237,9.67664
-1.68881,9.81459
-1.68035,10.0029
-1.86862,10.0656
-1.83776,10.2546
-1.86965,10.4513
-1.87787,10.6551
-1.76092,10.8223
-1.93602,10.9185
-2.0035,11.1167
-2.02776,11.3094
-2.1233,11.4941
-2.13479,11.6844
-2.12937,11.8966
-2.10466,12.0893
-2.17902,12.2794
-2.08246,12.4716
-2.09878,12.6739
-2.18189,12.8623
-2.24832,13.0543
-2.18939,13.2473
-2.17806,13.4398
-2.16727,13.643
-2.05243,13.7949
-2.13816,13.9649
-2.22501,14.1363
-2.30378,14.3154
-2.18834,14.4717
-2.20657,14.6721
-2.14841,14.8685
-2.2056,15.0558
-2.24065,15.2458
-2.2129,15.4431
-2.25815,15.6356
-2.14231,15.7896
-2.09168,15.9825
-2.05316,16.1816
-1.94668,16.3539
-1.93403,16.5398
-2.06629,16.6854
-1.97846,16.8809
-1.97299,17.0822
-2.00595,17.2919
-2.05149,17.4843
-2.04439,17.7051
-1.95521,17.892
-1.90819,18.0826
-1.90393,18.2967
-1.97523,18.4941
-2.00099,18.6957
-2.04674,18.9006
-2.14585,19.088
-2.04824,19.2828
-1.95582,19.4734
-1.96625,19.6693
-1.93538,19.8611
-1.9123,20.0513
-1.94711,20.2693
-2.01977,20.4624
-2.09973,20.6622
-1.99024,20.8232
-1.99183,21.0245
-1.84817,21.1638
-1.7399,21.3341
-1.71019,21.5381
-1.68226,21.7437
-1.71691,21.9753
-1.79369,22.1545
-1.78116,22.3379
-1.85775,22.5374
-1.85854,22.7381
-1.84336,22.9368
-1.76038,23.1308
-1.92867,23.2428
-2.00489,23.4401
-2.09803,23.6305
-2.0703,23.824
-2.09166,24.0147
-2.10946,24.208
-2.14704,24.4046
-2.07911,24.6057
-2.01712,24.7946
-2.1982,24.8898
-2.12703,25.071
-2.15692,25.2585
-2.18512,25.4623
-2.14122,25.6632
-1.99739,25.8095
-1.9248,26.0057
-1.96659,26.202
-2.07125,26.3745
-1.95091,26.5585
-1.89312,26.7562
-1.89393,26.9578
-1.82364,27.1433
-1.77983,27.3635
-1.7413,27.5674
-1.9149,27.6933
-1.94857,27.9065
-1.90528,28.09
-1.90882,28.31
-1.85698,28.5015
-1.80853,28.6979
-1.75491,28.8752
-1.6743,29.0601
-1.72372,29.2547
-1.68566,29.4657
-1.74189,29.6576
-1.77004,29.8724
-1.70151,30.0655
-1.88549,30.1418
-1.82676,30.332
-1.95041,30.489
-1.93751,30.686
-1.76028,30.7725
-1.64158,30.9311
-1.67998,31.1531
-1.77431,31.343
-1.94218,31.4802
-1.98708,31.684
-2.04807,31.8781
-2.18026,32.0385
-2.10489,32.2313
-2.23648,32.3951
-2.16436,32.5837
-2.19999,32.794
-2.19786,33.0066
-2.29669,33.1791
-2.20731,33.3629
-2.21623,33.5967
-2.19234,33.806
-2.27482,34.0033
-2.21781,34.1986
-2.1761,34.3838
-2.27689,34.5773
-2.30343,34.7827
-2.30552,34.9879
-2.28269,35.1844
-2.2754,35.369
-2.187,35.566
-2.17635,35.7772
-2.17624,35.9918
-2.15411,36.1928
-2.29825,36.3224
-2.16711,36.4755
-2.20432,36.6965
-2.14924,36.8931
-2.19745,37.0894
-2.27042,37.2887
-2.3743,37.4665
-2.41314,37.6652
-1.4901,0.395713
-1.49523,0.590313
-1.36709,0.753081
-1.33266,0.960437
-1.39118,1.15289
-1.37272,1.35141
-1.34394,1.53921
-1.42756,1.72877
-1.40359,1.93246
-1.50021,2.11427
-1.389,2.26601
-1.33029,2.46882
-1.41608,2.65153
-1.36648,2.85385
-1.27581,3.0376
-1.36918,3.22508
-1.25297,3.39495
-1.10623,3.51894
-0.96778,3.65387
-0.936953,3.86468
-0.826028,4.05142
-0.866735,4.26781
-0.888596,4.47014
-0.90935,4.66216
-1.02252,4.82733
-1.13044,5.02667
-1.24729,5.18373
-1.31869,5.38549
-1.32873,5.57705
-1.40034,5.77247
-1.32263,5.95804
-1.28063,6.15783
-1.27626,6.34807
-1.2394,6.54281
-1.2586,6.74668
-1.23488,6.9538
-1.10095,7.09586
-1.06737,7.30853
-1.0053,7.50108
-0.907984,7.67601
-0.954673,7.8794
-1.01994,8.06909
-1.04825,8.26851
-1.1167,8.47766
-1.14926,8.69466
-1.13827,8.89048
-1.13625,9.10545
-0.928108,9.12758
-0.805959,9.28553
-0.71171,9.47973
-0.805203,9.66204
-0.807144,9.84665
-0.776403,10.0446
-0.861267,10.238
-0.798986,10.4354
-0.86618,10.6289
-0.791594,10.8242
-0.95313,10.9445
-1.0797,11.1186
-1.08805,11.3415
-1.15872,11.5281
-1.12441,11.7302
-1.11409,11.9371
-1.19338,12.1279
-1.19979,12.3332
-1.26124,12.5429
-1.36514,12.7016
-1.44629,12.8797
-1.369,13.0562
-1.33967,13.2592
-1.45496,13.4213
-1.42789,13.6218
-1.30918,13.7822
-1.37725,13.9668
-1.2681,14.1279
-1.24177,14.3329
-1.25839,14.527
-1.16959,14.6948
-1.24492,14.8815
-1.40658,14.99
-1.36569,15.1802
-1.41157,15.3764
-1.39699,15.5943
-1.36952,15.8008
-1.18974,15.9097
-1.18718,16.1204
-1.14772,16.3218
-1.21253,16.5271
-1.0975,16.6948
-1.23783,16.829
-1.34561,16.9866
-1.24134,17.1526
-1.25905,17.3719
-1.23612,17.5777
-1.142,17.7629
-1.14354,17.9673
-1.12096,18.1682
-1.06029,18.3623
-1.16096,18.5416
-1.1335,18.7367
-1.11909,18.935
-1.03099,19.0999
-1.13902,19.2585
-1.28803,19.4033
-1.28336,19.6113
-1.20734,19.8057
-1.16211,20.0116
-1.2464,20.2056
-1.15572,20.3861
-1.03236,20.5372
-0.994677,20.7541
-0.916042,20.9388
-0.925994,21.1557
-0.914244,21.3541
-0.836161,21.5567
-0.767867,21.7496
-0.8717,21.9203
-0.88935,22.1199
-0.961448,22.3207
-1.0137,22.5217
-1.11079,22.6933
-1.20514,22.8767
-1.12719,23.0644
-1.13862,23.2587
-1.06792,23.4436
-1.02296,23.6344
-1.08335,23.8407
-0.970365,24.0071
-1.03104,24.2022
-1.07599,24.4146
-1.01513,24.5937
-0.962626,24.8039
-0.931168,25.0096
-0.941764,25.2128
-0.85426,25.4089
-0.783308,25.5894
-0.9222,25.7486
-1.10007,25.8591
-1.11798,26.0525
-1.19381,26.2513
-1.17843,26.4592
-1.11951,26.6449
-1.07882,26.8402
-1.05957,27.0351
-1.04246,27.2448
-0.908413,27.413
-0.872364,27.6055
-0.744401,27.741
-0.770146,27.9447
-0.878926,28.1289
-0.8541,28.3329
-0.773161,28.5223
-0.84786,28.7177
-0.893072,28.9
-0.902729,29.114
-0.81263,29.299
-0.741561,29.4846
-0.685987,29.6651
-0.588739,29.8373
-0.491466,30.0292
-0.473894,30.2273
-0.368792,30.4047
-0.422181,30.6028
-0.44106,30.7863
-0.410172,30.9982
-0.504727,31.2027
-0.349183,31.3654
-0.519731,31.4836
-0.462296,31.6643
-0.524255,31.8567
-0.573603,32.0509
-0.483686,32.2225
-0.373782,32.397
-0.293224,32.5698
-0.332086,32.7664
-0.485801,32.8992
-0.430037,33.0928
-0.487295,33.2905
-0.530052,33.4816
-0.511222,33.6792
-0.568654,33.8819
-0.643638,34.0799
-0.635979,34.2892
-0.531933,34.4628
-0.488382,34.658
-0.578016,34.8355
-0.606891,35.0386
-0.461566,35.1913
-0.506543,35.3788
-0.521737,35.5818
-0.457841,35.7961
-0.567079,35.9774
-0.519373,36.1736
-0.667207,36.3082
-0.555397,36.481
-0.509251,36.681
-0.388739,36.8584
-0.414942,37.0465
-0.387826,37.2487
-0.244485,37.387
0.0128031,0.231864
-0.0434488,0.438101
-0.0315023,0.64668
0.00268628,0.856173
0.0737177,1.04814
-0.093602,1.16215
-0.181678,1.34969
-0.1291,1.56487
-0.134284,1.77504
-0.149526,1.97592
-0.196522,2.15993
-0.117587,2.34714
-0.00377053,2.52224
-0.135106,2.67586
-0.235686,2.84998
-0.225534,3.05036
-0.265635,3.25957
-0.248039,3.45176
-0.146029,3.60749
-0.101253,3.80673
0.0575087,3.94288
0.167139,4.11357
0.263313,4.28411
0.169622,4.46532
0.216918,4.68386
0.101151,4.84447
0.0903403,5.04098
0.128068,5.24245
-0.0458078,5.31151
-0.108564,5.49953
0.0730045,5.59883
-0.0390702,5.75644
-0.0989881,5.9541
0.0599703,6.08308
0.0548847,6.28565
0.0639922,6.48837
0.0700461,6.69307
-0.10614,6.80678
-0.0769029,7.01196
0.0573439,7.16072
0.0599764,7.35989
0.171756,7.55756
0.0512563,7.73607
0.033153,7.93446
-0.0282146,8.10427
0.0278021,8.29512
0.0128277,8.487
0.00526559,8.69324
-0.102354,8.87397
-0.0576332,9.07084
-0.0598337,9.27302
-0.172579,9.44616
-0.0071697,9.57946
0.0531523,9.75369
0.00421022,9.93998
-0.0855876,10.1241
-0.00588799,10.3052
-0.0130047,10.5286
0.00360689,10.7235
-0.0695981,10.9054
-0.21826,11.0432
-0.163263,11.2436
-0.187697,11.436
-0.185848,11.6434
-0.204324,11.8517
-0.181414,12.0402
-0.157149,12.2479
-0.304198,12.3879
-0.227338,12.5791
-0.191847,12.7837
-0.107062,12.9714
-0.0924872,13.1934
0.0536092,13.3269
0.200277,13.4714
0.139801,13.6636
0.102613,13.8734
0.0781275,14.0749
0.059913,14.285
0.0789535,14.4693
0.0480438,14.6756
-0.0449207,14.8526
0.121851,14.9731
0.152707,15.1688
0.111863,15.3803
0.0389118,15.5776
-0.0356866,15.7638
0.0764369,15.9279
0.00443657,16.099
0.0667236,16.2859
0.196404,16.4641
0.207677,16.6674
0.209496,16.8691
0.290546,17.0456
0.160242,17.2111
0.110231,17.4116
0.0254293,17.5852
0.0207982,17.7803
0.0242155,17.9815
0.129034,18.1733
0.105875,18.3751
0.197431,18.552
0.0549844,18.6829
-0.115699,18.7837
-0.181394,18.9788
-0.00130292,19.0816
0.00858271,19.2819
0.032046,19.4676
-0.0218693,19.6562
0.156756,19.743
0.040434,19.9276
-0.0121306,20.1117
-0.0317134,20.3136
0.0840641,20.4767
0.202555,20.6473
0.19301,20.8672
0.229912,21.0517
0.274519,21.2339
0.269665,21.4519
0.276236,21.6459
0.238066,21.8422
0.335959,22.0343
0.251448,22.2083
0.12851,22.3695
-0.00667039,22.5317
0.0171118,22.7367
0.0283432,22.9243
0.0361394,23.1139
0.0276422,23.32
-0.0512397,23.5063
0.0502156,23.6774
0.1226,23.8806
0.192344,24.0834
0.0123194,24.1491
0.0712182,24.3267
0.0985796,24.5217
-0.0824174,24.6594
-0.0027043,24.8333
0.0428084,25.0427
-0.0693722,25.2134
-0.0550518,25.4164
0.0644804,25.597
-0.0979168,25.7399
-0.0379735,25.925
-0.134412,26.0916
-0.206751,26.2703
-0.122501,26.4504
-0.0308956,26.6132
-0.0271253,26.8219
0.157534,26.8911
0.18027,27.0929
0.0878755,27.2808
-0.0979486,27.3276
-0.195404,27.4857
-0.125757,27.6779
-0.098108,27.87
-0.231216,28.0246
-0.147582,28.2115
-0.155517,28.4187
-0.101617,28.6148
-0.0198252,28.7959
-0.0261759,28.9989
0.0605791,29.1669
0.120867,29.3462
0.258237,29.5098
0.181471,29.6877
0.0635849,29.8622
0.129758,30.0601
0.154346,30.2583
0.180627,30.4526
0.0937886,30.6317
-0.00640939,30.8063
0.0796857,30.9984
0.106988,31.1948
-0.0501971,31.3316
0.0405098,31.5317
-0.0956385,31.6838
-0.0883937,31.8989
-0.0786681,32.1064
0.0377845,32.2717
-0.00402952,32.4712
-0.0118273,32.6695
0.0418614,32.8627
0.000333455,33.0617
0.00636274,33.2757
0.0170831,33.4722
-0.142627,33.5918
-0.176262,33.782
-0.0842085,33.9628
0.09544,34.0228
0.0364753,34.2155
0.104064,34.4044
0.0512262,34.595
-0.0901619,34.735
0.0202422,34.9214
0.0203798,35.1372
-0.137385,35.2554
-0.0615003,35.4332
-0.093147,35.6268
-0.262912,35.7445
-0.0893505,35.8675
0.481542,0.327419
0.557254,0.523044
0.674444,0.688406
0.571437,0.861184
0.606643,1.04961
0.60462,1.25033
0.649988,1.44742
0.649257,1.65591
0.666021,1.85733
0.753514,2.063
0.801186,2.25875
0.821012,2.45874
1.01204,2.46688
0.919599,2.65212
0.886552,2.84951
0.883726,3.04014
0.905035,3.23859
0.710495,3.21205
0.614848,3.38327
0.60215,3.57206
0.664418,3.78489
0.693084,3.97523
0.643499,4.18
0.519658,4.34193
0.379466,4.50053
0.50524,4.65526
0.515276,4.86281
0.652094,5.0202
0.640964,5.22359
0.613587,5.42041
0.688538,5.60869
0.803751,5.78469
0.874898,5.97992
0.938856,6.17389
1.00206,6.36401
1.08944,6.54688
0.927715,6.65344
1.05051,6.8129
1.1183,7.01209
0.977094,7.17989
0.860697,7.35087
0.94635,7.53015
0.840801,7.71303
0.97584,7.8781
0.830471,7.99225
0.791762,8.18909
0.70936,8.37849
0.725096,8.57646
0.728239,8.77557
0.897094,8.86102
0.848222,9.05177
0.977081,9.21465
1.15567,9.30664
1.19988,9.516
1.16156,9.71187
1.205,9.89747
1.20452,10.0985
1.0605,10.2292
0.929998,10.3783
0.797463,10.5212
0.907897,10.6819
1.02001,10.8443
0.99715,11.0409
1.03528,11.2496
1.22561,11.3013
1.09182,11.4674
1.07726,11.6694
1.01444,11.8704
0.898787,12.0292
1.0789,12.097
0.950663,12.2555
1.02001,12.4459
0.957015,12.6279
1.0219,12.81
1.00293,13.0172
0.873365,13.1613
0.831871,13.3631
0.83208,13.5589
0.829128,13.7551
0.916664,13.9562
0.748567,14.0622
0.909619,14.1761
0.817295,14.3792
0.862423,14.577
0.903252,14.7835
0.880206,14.9947
0.778483,15.1685
0.749894,15.3626
0.726056,15.5569
0.798922,15.7445
0.824198,15.9487
0.853514,16.1669
0.964888,16.3482
0.898791,16.5337
0.709772,16.625
0.712721,16.8425
0.580543,17.0085
0.582821,17.217
0.440101,17.3622
0.514485,17.5637
0.38796,17.7278
0.39626,17.9255
0.323691,18.119
0.385943,18.3069
0.515953,18.4722
0.613785,18.6299
0.775934,18.7404
0.801039,18.9461
0.825942,19.1389
0.778545,19.3371
0.738347,19.5302
0.764385,19.7287
0.684352,19.9032
0.723674,20.1041
0.596095,20.2604
0.648268,20.4508
0.795183,20.6139
0.835726,20.8167
0.894495,20.9991
0.854482,21.2159
0.702197,21.3553
0.639754,21.5434
0.833457,21.5871
0.772638,21.7802
0.738406,21.9701
0.808532,22.1604
0.826072,22.3603
0.759405,22.5477
0.900634,22.6861
1.0659,22.8003
1.06533,23.009
1.11635,23.2079
1.12532,23.3986
1.2481,23.5634
1.20368,23.7666
1.04694,23.872
1.1911,24.0275
1.08277,24.201
1.13047,24.4132
0.925233,24.4691
0.894697,24.6702
0.839017,24.8805
0.759898,25.063
0.794589,25.2662
0.94491,25.3999
0.984816,25.6066
1.02668,25.7928
0.872306,25.9184
0.827409,26.1011
0.826752,26.3051
0.957212,26.4532
1.01063,26.6367
1.17623,26.7453
1.32406,26.889
1.1374,26.9996
1.05022,27.1943
1.03491,27.4289
1.09974,27.6211
1.0129,27.8099
0.940257,27.9914
0.978221,28.1779
0.927215,28.3825
1.01805,28.5829
1.10424,28.7653
1.30458,28.7706
1.41137,28.9609
1.29785,29.1376
1.22882,29.3408
1.29086,29.5336
1.1444,29.6811
1.0073,29.8121
1.02086,30.0234
1.09052,30.2107
0.956994,30.3854
0.825535,30.5421
0.782087,30.7489
0.784048,30.9569
0.785185,31.1676
0.933565,31.29
0.969397,31.5176
0.902375,31.6961
0.823227,31.8632
0.953167,32.0181
0.924307,32.2218
0.978414,32.4074
1.08536,32.5927
1.12438,32.8064
1.05532,33.0192
0.897537,33.1383
0.895391,33.3425
0.974247,33.5342
1.0647,33.7103
1.12648,33.8945
1.03888,34.0764
1.1097,34.2679
0.998721,34.4252
1.05252,34.6125
1.09193,34.8097
1.27432,34.9529
1.24014,35.1446
2.17186,0.368533
2.04663,0.526859
1.85883,0.602506
1.77489,0.782431
1.76236,1.00755
1.85252,1.18971
1.88604,1.42102
1.77274,1.56905
1.79578,1.76541
1.77584,1.97238
1.9344,2.1012
1.91176,2.30238
1.84425,2.50298
1.82116,2.70015
1.75627,2.89898
1.85196,3.08667
1.89999,3.28494
2.0463,3.43834
1.9479,3.6215
1.95815,3.82511
1.93188,4.03272
2.00302,4.23784
2.09481,4.41979
2.05182,4.60543
1.99,4.79931
1.92653,4.99507
1.97235,5.19825
1.99554,5.39963
2.18568,5.43478
2.25238,5.63849
2.13078,5.7938
2.07438,5.99041
2.12253,6.17253
2.0649,6.36636
1.93428,6.50841
1.96918,6.71068
2.00226,6.90955
2.13058,7.08085
2.10504,7.27787
2.02615,7.47271
1.97257,7.66367
2.00543,7.87454
2.00494,8.07107
1.96914,8.28329
2.03985,8.47287
2.12013,8.66121
2.16573,8.8577
2.28656,9.00428
2.16062,9.16389
2.2728,9.33759
2.14486,9.48042
1.9658,9.58616
2.08766,9.7595
1.99112,9.93366
1.95112,10.137
1.82319,10.3176
1.77219,10.5158
1.96669,10.5617
1.97694,10.7911
1.86637,10.9692
1.72869,11.1048
1.73977,11.3187
1.74118,11.5323
1.81304,11.7271
1.95969,11.5901
2.01866,11.789
1.98823,11.9886
2.13151,12.1214
2.11943,12.3182
2.14613,12.5207
2.10326,12.734
2.01459,12.9245
1.96975,13.1059
1.8785,13.2882
1.9851,13.4441
1.94798,13.65
1.99592,13.845
1.90243,14.0276
1.87715,14.2234
1.89453,14.4248
1.78276,14.5987
1.73722,14.8041
1.65035,14.9874
1.72847,15.1839
1.72117,15.378
1.85468,15.5272
1.88861,15.7338
1.96638,15.9059
1.92013,16.1161
1.87058,16.3309
1.90426,16.5503
1.7891,16.7205
1.77228,16.9156
1.73848,17.112
1.65082,17.2938
1.73126,17.4684
1.60084,17.6195
1.67843,17.8221
1.73943,18.0116
1.82011,18.2031
1.79112,18.4152
1.90178,18.5771
1.84112,18.77
1.87142,18.9799
2.00554,19.1253
1.88409,19.3022
1.91682,19.49
1.98881,19.6822
1.99589,19.8897
2.11396,20.0531
2.24673,20.2098
2.34241,20.3944
2.21931,20.5579
2.26712,20.7614
2.14226,20.9435
2.17619,21.1533
2.24376,21.3649
2.07995,21.4727
2.16999,21.6606
2.32687,21.8014
2.3974,21.9918
2.40299,22.197
2.30284,22.3702
2.12433,22.4519
2.15271,22.6478
2.11259,22.8526
2.17096,23.0469
2.18512,23.2525
2.022,23.3747
1.94916,23.5499
1.89256,23.7282
1.94336,23.9371
1.77965,24.0817
1.82025,24.291
1.8722,24.4895
1.9508,24.6908
1.99945,24.892
2.05493,25.09
2.07197,25.3085
2.065,25.5225
2.02597,25.7146
1.94754,25.9032
1.84226,26.0944
1.7584,26.2716
1.73746,26.4798
1.9229,26.5796
1.83759,26.754
1.98403,26.8986
1.93997,27.1063
1.93762,27.3019
1.97132,27.4995
2.10591,27.6659
2.16529,27.856
2.15871,28.0675
2.21282,28.256
2.29456,28.4459
2.39542,28.6235
2.38662,28.8221
2.28065,28.991
2.20831,29.1849
2.04111,29.2973
1.97185,29.4902
2.04682,29.6866
2.01585,29.893
2.17526,30.0005
2.20878,30.1886
2.1888,30.3936
2.1568,30.589
2.19269,30.7851
2.14301,30.9884
1.95214,31.0138
2.04962,31.1669
1.91584,31.3152
1.99935,31.4985
1.97838,31.6926
1.84598,31.8452
1.88948,32.0395
1.97794,32.2371
1.849,32.4024
1.82616,32.6118
1.98586,32.7303
1.91588,32.9197
1.93517,33.1341
1.9067,33.3289
1.84769,33.5266
1.7984,33.7332
1.9454,33.8881
1.93602,34.0832
1.8134,34.2654
1.80239,34.4712
1.75613,34.6672
1.74842,34.8701
1.80958,35.0588
1.71493,35.2278
1.8229,35.406
1.90984,35.5957
1.89978,35.8008
1.98815,35.9879
2.01133,36.1862
2.09597,36.3878
2.91059,0.290965
2.83195,0.469469
2.86155,0.667893
2.92314,0.85816
2.83426,1.04232
2.80514,1.25179
2.87968,1.44064
2.97696,1.60994
3.10993,1.76691
2.93015,1.87992
2.94387,2.08732
2.84443,2.27871
2.89034,2.47021
2.96145,2.6671
3.00465,2.86172
2.86413,3.00441
3.0561,3.09853
3.00102,3.29023
3.08611,3.48313
3.08227,3.68628
3.03,3.86451
3.20875,3.98173
3.19646,4.18992
3.10866,4.37762
3.06777,4.57253
2.98131,4.75865
3.17507,4.81759
3.13653,5.01686
3.01489,5.16857
2.81926,5.22935
2.88836,5.41861
2.77545,5.59345
2.88584,5.77913
2.8552,5.9731
2.85699,6.16582
2.85569,6.38353
2.84544,6.58893
2.66445,6.66046
2.79829,6.81201
2.78065,7.02157
2.95255,7.14502
3.00031,7.33378
3.04975,7.55844
3.13622,7.73634
3.15124,7.93463
3.21956,8.11428
3.1343,8.28262
3.26094,8.42868
3.19713,8.61546
3.1407,8.82469
3.10339,9.01863
2.92121,9.0998
2.93573,9.29937
2.95423,9.50449
2.99015,9.70631
2.92496,9.90911
3.02658,10.093
3.12411,10.2609
3.00224,10.4258
2.97872,10.6285
3.01647,10.8106
2.83406,10.9093
2.74024,11.0977
2.90963,11.2198
3.03115,11.3965
3.07242,11.6031
3.01866,11.7929
3.00431,12.0161
2.87374,12.1673
2.67846,12.2037
2.80998,12.3601
2.84475,12.5614
2.90793,12.7331
3.05593,12.8845
3.04137,13.0847
3.05431,13.2892
3.19089,13.4176
3.2455,13.6107
3.26984,13.811
3.17993,13.9864
3.0961,14.1755
3.20521,14.3443
3.13862,14.5285
3.17747,14.7274
3.11844,14.9214
3.11439,15.1276
3.07071,15.3164
2.9648,15.4931
2.95918,15.6984
2.79851,15.8
2.72917,16.0029
2.71962,16.2159
2.8414,16.4042
2.88642,16.5972
2.8982,16.793
2.92216,16.9908
3.05422,17.1514
3.03462,17.3778
3.14486,17.5619
3.03041,17.7349
2.98462,17.9327
3.0129,18.137
3.13375,18.3136
3.19637,18.5127
3.07379,18.6881
3.21711,18.849
3.34242,19.0151
3.49025,19.1613
3.41394,19.3484
3.23085,19.4236
3.15682,19.6128
3.25273,19.7797
3.32118,19.9698
3.43807,20.1458
3.40973,20.3389
3.36009,20.5367
3.23203,20.6922
3.25738,20.8956
3.14916,21.0527
3.13464,21.2591
2.95431,21.3638
2.90652,21.5384
2.88852,21.7497
2.88156,21.9664
2.87767,22.1719
2.97649,22.3454
3.06554,22.5196
2.87234,22.6273
2.98384,22.8144
2.89051,22.9939
2.95802,23.1824
3.05602,23.3686
2.92176,23.4995
3.02392,23.6758
2.99199,23.8687
3.01505,24.0817
3.04808,24.2905
3.01487,24.5008
2.95,24.6969
3.14312,24.7233
3.10505,24.9034
3.01914,25.0848
3.1136,25.2699
3.02666,25.4458
2.9612,25.6476
3.13984,25.7804
3.10916,25.9998
2.91791,26.112
2.85224,26.3008
2.81008,26.4866
2.93818,26.6471
2.96822,26.8376
2.97292,27.04
3.01626,27.2286
2.9565,27.418
2.94364,27.6246
2.91209,27.8057
2.90232,28.005
2.96043,28.1937
3.0966,28.3455
3.01478,28.5296
3.08609,28.7286
3.14601,28.9391
2.97169,29.0659
3.00487,29.2631
2.92191,29.4636
2.73423,29.5336
2.80559,29.7293
2.84457,29.929
2.94798,30.1192
3.0503,30.3023
3.00645,30.5027
3.0239,30.6992
3.01679,30.9035
3.04439,31.1022
3.06927,31.3007
3.14707,31.4891
3.25209,31.6675
3.22241,31.8698
3.26238,32.0703
3.24997,32.2899
3.26176,32.4992
3.26422,32.6991
3.26508,32.9105
3.10841,33.0564
3.02528,33.2359
2.99258,33.4393
3.15498,33.5881
3.1449,33.7872
3.20263,33.9839
3.07953,34.1542
3.21896,34.2842
3.22553,34.5112
3.24097,34.704
3.35286,34.8807
3.20232,35.0101
3.14564,35.1928
3.11093,35.3917
3.17915,35.5834
3.21811,35.7894
4.34248,0.0470502
4.23275,0.196328
4.19491,0.38945
4.09485,0.561525
4.11743,0.760885
4.03968,0.947921
4.05181,1.15497
4.05954,1.34788
4.09881,1.54446
3.96511,1.69474
3.80801,1.82119
3.66183,1.92704
3.66746,2.14592
3.66823,2.34255
3.70542,2.55172
3.75016,2.75746
3.60938,2.89238
3.5651,3.08547
3.51729,3.28288
3.55171,3.47923
3.53998,3.6845
3.40403,3.81744
3.54142,3.95873
3.64822,4.13061
3.6521,4.31607
3.49768,4.47099
3.57389,4.66141
3.57237,4.86294
3.64163,5.04384
3.70209,5.24483
3.59546,5.40306
3.6095,5.58913
3.51559,5.77381
3.49328,5.99821
3.62122,6.14537
3.73333,6.30668
3.61253,6.48022
3.51154,6.67506
3.60445,6.86871
3.64615,7.06735
3.6626,7.26475
3.76754,7.448
3.76441,7.65798
3.77254,7.86398
3.86073,8.0416
3.86466,8.23986
4.01115,8.42065
3.91027,8.58947
3.80517,8.77434
3.6334,8.86995
3.78311,9.00463
3.72495,9.19159
3.54393,9.30303
3.49757,9.51514
3.47656,9.71819
3.5399,9.91112
3.48041,10.1238
3.62753,10.2703
3.78127,10.4006
3.79229,10.5968
3.9232,10.7508
3.9517,10.9504
4.06652,11.1167
4.02946,11.3171
4.0887,11.5099
4.22798,11.6703
4.19696,11.8604
4.35581,11.9848
4.31151,12.1775
4.29027,12.3914
4.23961,12.6126
4.08928,12.7641
3.93617,12.9017
4.10034,13.0245
4.06627,13.2316
4.17294,13.4019
4.0928,13.5813
3.98374,13.7618
3.98324,13.9703
3.97214,14.1683
4.00655,14.3956
4.09516,14.5716
3.95443,14.7131
3.83332,14.8867
3.85117,15.0951
3.93546,15.278
3.87299,15.4848
3.94529,15.6773
3.98323,15.8667
3.95151,16.0639
3.84921,16.2393
3.70412,16.3869
3.74976,16.5866
3.92209,16.6754
3.81726,16.8504
3.84328,17.0538
3.79903,17.2442
3.86626,17.437
3.83275,17.6457
3.87467,17.8611
3.95042,18.0663
3.9041,18.2751
3.95066,18.4695
3.97518,18.676
3.84977,18.8316
3.98188,18.9746
4.0545,19.1676
3.87292,19.2433
3.77769,19.423
3.67722,19.6091
3.75333,19.7998
3.80484,19.9899
3.78218,20.1961
3.80669,20.4018
3.93394,20.582
3.97301,20.79
3.82684,20.9245
3.70635,21.0872
3.71776,21.3052
3.82987,21.4813
3.89225,21.6669
3.91063,21.8822
4.02271,22.0329
3.85909,22.173
3.96376,22.3396
4.05612,22.5206
4.14271,22.7019
3.99378,22.8588
3.96361,23.0521
4.08168,23.2322
4.05897,23.4374
4.06117,23.6371
4.22284,23.7678
4.38084,23.8783
4.33163,24.0693
4.31604,24.2664
4.22554,24.4383
4.08148,24.5598
4.14627,24.7562
3.93841,24.81
3.95246,25.0238
3.91625,25.2189
3.87282,25.4262
4.03984,25.5543
4.00963,25.7469
3.92059,25.9293
3.92865,26.1287
4.0627,26.2987
4.10186,26.4955
4.11704,26.7068
4.11451,26.9096
4.04945,27.0944
3.94414,27.2652
3.7709,27.3643
3.7974,27.5666
3.72969,27.7544
3.87923,27.8963
3.71403,28.0316
3.83979,28.1787
3.94376,28.3555
4.14069,28.4311
4.00118,28.5768
3.93546,28.7561
3.84321,28.9476
4.01474,29.0624
4.04739,29.2473
3.98256,29.421
3.90178,29.6086
3.86351,29.8059
3.80939,29.9973
3.81955,30.206
3.94622,30.3612
3.8281,30.537
3.84527,30.7475
3.94787,30.9135
3.93363,31.1124
3.93606,31.3037
3.79805,31.4289
3.76615,31.6446
3.84861,31.8533
3.82946,32.06
4.00546,32.1625
4.05203,32.3689
4.00674,32.5474
4.10526,32.7327
4.14347,32.9264
4.11887,33.1522
4.05671,33.3463
4.08057,33.537
4.10944,33.7328
4.1597,33.9451
4.10795,34.1513
4.09375,34.3553
3.99314,34.5353
3.86214,34.6819
3.85307,34.8849
4.02058,35.0298
4.17876,35.1626
4.06474,35.3245
4.14548,35.5096
