parameters (x,y,w,h,rx,ry):-5,0,10.000000,40.000000,100,100
256,46,45,60,56,44,26,31,34,38,39,47,50,54,60,70,42,46,33,33,41,55,57,68,51,63,54,51,64,54,54,53,50,55,61,62,56,54,66,51,46,32,32,33,63,52,68,60,53,51,35,35,36,34,39,32,41,46,48,34,30,31,22,28,28,35,33,50,55,52,64,45,37,31,32,28,28,50,47,61,61,55,44,38,43,27,38,47,56,49,53,59,49,40,40,38,35,35,56,283
532,103,120,108,121,97,67,81,66,70,92,115,113,113,139,124,121,88,81,77,69,115,115,139,174,154,131,124,119,107,102,99,110,124,143,134,131,131,111,109,78,86,78,90,116,147,139,138,107,121,88,72,66,79,62,81,76,106,94,78,83,78,61,60,56,62,70,105,119,134,117,131,87,92,59,60,70,99,115,130,130,125,108,78,78,71,61,89,107,110,123,154,131,110,96,76,71,73,92,667
522,103,131,112,107,111,80,66,55,67,84,108,140,138,144,138,121,105,67,76,67,93,117,148,162,146,130,140,119,98,102,89,101,116,157,143,122,131,105,103,91,83,73,107,91,129,161,148,116,123,102,74,58,72,73,63,80,109,106,77,76,62,68,53,53,67,77,109,117,138,141,110,87,70,69,65,71,85,111,137,136,125,98,106,72,80,65,88,99,120,120,137,154,127,87,80,71,69,84,694
496,93,131,105,121,105,89,60,58,60,72,99,122,152,169,142,118,100,72,54,74,87,122,138,147,173,146,134,115,92,112,81,101,103,141,148,155,140,107,103,81,62,69,87,128,133,157,146,151,128,87,60,66,67,71,76,82,112,89,109,70,63,50,52,55,52,83,108,125,148,135,99,107,88,55,60,72,82,116,137,127,139,126,86,69,80,71,78,101,120,133,146,150,135,101,66,69,59,70,723
484,113,120,132,119,99,95,63,49,53,67,98,118,136,159,172,120,105,96,61,64,77,107,124,171,164,161,129,106,96,97,88,96,109,134,128,147,158,135,109,80,77,51,71,110,131,175,172,148,136,92,67,58,52,63,93,79,115,107,88,86,62,52,45,45,52,78,104,118,163,143,114,86,73,62,67,73,73,112,137,140,129,119,100,75,63,63,66,93,119,149,165,168,142,90,67,46,60,62,726
467,105,119,151,145,101,96,67,41,46,67,99,117,152,159,152,141,95,86,79,63,90,84,135,156,184,148,121,102,111,96,89,102,116,128,142,148,150,137,104,79,76,70,72,86,148,165,178,139,137,100,76,54,58,59,66,110,119,107,100,71,61,46,32,47,66,73,97,123,139,152,100,107,75,52,58,69,82,93,121,141,146,109,112,82,71,56,54,78,123,161,188,149,131,109,65,48,60,66,712
431,104,119,146,146,121,75,63,52,39,53,90,139,148,183,164,134,96,84,56,69,82,87,115,167,180,152,111,119,98,89,109,88,97,139,142,164,147,139,101,81,72,67,83,104,124,175,171,155,130,110,63,51,63,62,64,93,119,113,94,73,72,46,35,45,51,63,90,133,140,151,137,101,75,54,38,74,93,116,124,130,142,120,97,84,64,63,68,73,117,141,179,171,132,107,65,38,56,77,745
426,99,128,142,156,112,80,61,52,43,51,72,130,161,151,188,132,102,83,58,58,64,100,127,158,166,159,119,113,102,79,98,106,103,142,159,153,143,145,99,82,69,70,76,105,139,164,174,164,120,83,75,65,44,75,74,96,115,117,108,77,61,53,34,45,42,71,102,123,146,143,137,109,70,55,45,73,78,134,116,123,138,128,104,91,59,62,54,77,120,163,180,141,154,99,79,66,49,68,724
417,98,123,137,139,119,83,71,46,58,45,82,96,153,162,186,153,106,84,73,54,77,84,128,152,161,170,126,101,92,82,89,83,140,121,138,167,166,142,109,76,73,60,82,104,133,188,172,165,109,82,75,71,58,54,81,95,100,116,115,71,56,45,46,33,40,52,105,115,135,159,154,101,66,50,47,61,99,112,114,132,144,149,113,75,69,49,66,74,107,148,174,163,139,103,65,56,50,59,750
412,79,143,143,143,118,98,68,41,46,49,76,115,149,181,153,159,113,87,70,61,72,89,108,155,170,157,130,99,90,92,96,104,107,136,134,150,165,146,117,82,69,67,67,99,132,189,182,170,109,93,66,59,56,70,64,88,104,114,121,91,63,41,47,41,39,56,95,109,144,145,124,102,82,38,51,79,75,105,128,154,156,135,86,66,63,64,68,86,105,140,205,160,134,114,62,69,46,64,737
427,93,132,134,148,118,91,56,54,33,46,71,130,141,185,168,149,97,83,64,72,63,98,112,129,175,156,142,110,96,98,95,84,103,136,138,147,173,141,114,85,74,60,62,96,117,188,174,175,131,98,77,43,60,53,73,111,105,116,104,88,62,45,42,41,55,55,76,112,137,176,119,112,73,60,51,59,73,107,148,154,152,143,91,76,57,39,65,67,115,155,160,167,170,90,76,54,50,54,716
413,111,139,154,150,114,79,63,51,52,33,74,114,151,181,171,144,109,67,83,58,63,95,133,139,158,157,148,118,98,100,73,91,96,136,148,161,173,112,109,99,75,63,57,83,128,149,218,184,130,99,65,61,46,58,66,91,131,116,118,89,55,46,41,42,37,69,90,111,144,139,141,104,79,54,52,60,64,116,124,151,152,135,114,72,71,41,50,89,87,144,186,171,134,117,92,57,42,51,746
422,110,127,140,150,109,97,60,50,41,52,66,95,155,163,174,160,116,76,63,60,69,96,116,145,164,168,132,132,106,75,77,74,106,111,173,181,160,121,81,98,90,58,67,89,122,166,206,180,158,90,73,46,54,53,79,84,105,147,115,86,43,39,41,36,48,73,65,126,164,171,137,89,63,65,50,54,81,93,134,165,144,134,110,79,57,49,57,71,106,142,172,180,146,128,81,56,41,57,717
413,94,123,156,160,129,95,43,35,40,54,68,111,141,189,179,135,111,80,57,64,64,94,125,141,174,171,152,102,100,87,96,77,81,125,170,178,173,123,91,84,70,81,69,94,111,164,181,178,164,110,74,49,52,53,74,81,115,123,129,81,67,48,36,33,48,65,83,129,149,156,134,92,66,55,57,65,80,97,127,159,163,126,112,73,39,48,59,78,90,135,173,184,155,116,91,54,38,56,736
410,97,120,148,164,113,86,50,47,43,51,76,112,151,177,198,119,108,77,53,51,82,90,127,149,152,184,156,108,82,76,95,84,77,113,148,180,181,134,102,80,63,69,79,99,129,164,187,175,157,109,77,65,42,59,66,89,103,109,123,81,79,44,32,35,43,68,80,112,138,173,136,121,61,62,55,68,73,98,130,155,162,132,108,67,61,40,47,74,101,122,168,199,171,105,83,53,43,49,745
428,110,115,148,158,118,92,54,40,49,49,59,103,139,207,170,136,96,82,51,42,70,99,127,160,165,156,163,130,91,82,82,90,93,101,121,189,185,154,109,77,52,64,72,103,135,185,168,194,138,86,84,56,52,61,74,86,117,109,108,94,68,47,32,38,47,57,84,120,161,146,136,97,67,66,40,65,69,92,125,169,128,147,121,88,44,39,42,66,106,120,185,194,165,119,64,50,52,57,747
427,97,111,149,142,140,96,50,45,47,53,73,109,141,192,178,148,114,67,56,47,65,94,116,146,162,166,129,128,112,86,91,67,89,111,136,178,175,149,117,84,65,52,61,102,130,167,210,166,150,111,64,52,62,56,59,91,104,149,120,87,55,50,43,35,50,54,95,125,165,147,147,96,74,50,63,45,59,100,115,149,164,136,103,81,49,50,49,48,98,133,211,198,148,120,69,53,59,48,745
437,103,113,159,146,115,100,65,43,40,54,78,87,153,147,182,170,120,69,59,62,62,81,124,148,192,144,153,110,102,97,74,79,88,123,134,173,159,160,119,93,68,51,75,111,131,157,207,178,145,98,79,58,63,46,58,113,105,126,116,79,55,54,45,36,44,67,86,110,148,173,143,73,64,72,58,42,62,97,133,159,164,135,102,86,63,43,51,52,90,131,174,178,161,124,66,55,62,59,737
434,103,127,133,148,123,97,67,47,44,49,57,105,126,181,198,152,115,70,61,71,60,78,120,141,182,166,141,138,87,82,74,70,89,104,123,168,183,160,108,89,57,70,71,115,130,157,176,182,145,106,83,59,49,60,70,110,100,130,117,89,76,40,44,37,39,50,90,127,135,150,133,114,86,46,46,51,74,74,128,169,141,136,113,99,69,44,48,56,90,131,160,200,160,110,74,41,51,80,722
447,107,115,140,146,112,77,79,53,47,51,65,106,134,183,178,160,98,72,54,47,72,74,110,154,193,148,183,118,92,64,67,86,107,100,154,162,171,166,104,82,56,65,82,102,137,147,166,184,167,121,65,75,43,48,67,101,118,139,123,101,75,44,33,33,32,58,73,131,159,150,152,120,72,59,42,46,77,89,103,135,174,155,114,69,59,63,51,55,112,117,165,177,174,128,59,39,48,77,736
434,104,107,146,130,115,83,50,68,41,46,79,95,140,179,177,149,109,80,48,54,68,80,134,154,172,164,155,137,97,71,65,70,93,108,155,161,191,149,102,89,54,59,74,104,126,189,153,171,162,117,74,57,46,58,66,101,121,120,123,106,63,56,37,27,28,52,79,130,140,153,131,111,82,45,50,56,65,93,103,151,148,141,132,80,60,47,48,71,93,139,154,194,160,126,85,45,44,54,736
441,85,105,149,141,117,71,66,49,49,47,67,97,170,182,191,118,106,95,56,45,62,86,133,142,170,144,154,139,120,73,60,70,78,122,141,184,185,150,109,82,62,61,77,113,108,161,185,172,150,114,82,52,52,66,57,91,132,130,115,94,79,53,46,30,35,47,84,127,128,151,141,109,81,72,54,51,52,93,125,157,143,153,123,85,61,44,49,84,85,134,183,178,177,125,72,57,57,46,706
447,109,122,121,154,132,91,58,50,43,59,62,115,147,176,170,135,104,75,62,47,67,89,121,157,150,147,149,143,116,87,65,57,83,122,153,175,166,173,121,90,57,56,89,104,134,160,182,163,147,108,82,69,49,55,78,91,131,127,114,95,73,51,56,37,29,61,80,103,146,153,138,103,79,72,54,46,61,80,116,170,170,125,112,80,55,57,49,59,88,150,176,193,164,102,82,67,46,55,677
420,88,128,130,142,130,98,73,55,47,43,61,109,145,172,179,155,113,65,64,43,75,84,126,151,151,158,131,133,106,93,95,69,67,114,179,163,164,166,129,88,64,44,85,95,141,164,182,167,141,120,85,59,52,50,77,94,111,142,105,89,76,55,47,39,37,68,70,94,145,135,146,125,73,71,50,53,62,85,115,124,167,169,106,78,64,52,51,84,88,127,177,192,167,87,99,72,36,54,696
441,97,136,125,125,120,106,59,60,50,53,77,97,140,178,176,142,113,72,58,54,56,94,123,151,144,154,120,124,117,109,73,57,84,107,140,191,190,177,107,87,56,46,70,95,142,155,197,180,138,102,93,55,57,45,77,77,128,123,115,97,63,53,39,48,31,57,77,106,139,140,139,120,96,69,42,59,60,87,104,138,141,175,123,87,64,56,71,60,109,117,154,183,171,114,90,77,52,39,685
481,82,110,135,146,126,88,67,55,49,56,64,104,163,164,157,143,116,85,64,53,63,96,115,147,137,153,138,141,117,98,74,70,79,96,149,177,201,183,125,72,47,50,70,82,143,187,182,149,149,110,78,70,45,46,58,103,117,115,131,107,59,50,41,39,43,44,73,91,141,162,137,126,66,71,48,58,65,91,116,137,135,160,135,84,60,58,70,68,117,112,176,172,150,117,86,67,47,46,653
449,97,115,130,135,135,85,71,54,55,41,64,82,142,168,183,143,125,81,75,62,55,95,110,127,154,167,139,146,110,102,80,78,90,106,129,197,204,157,123,91,50,46,70,101,121,187,186,175,123,120,95,66,45,71,69,82,94,123,128,104,77,60,43,32,35,40,76,101,141,172,145,127,70,47,57,58,71,104,105,139,163,146,113,94,51,46,65,74,110,144,158,193,140,115,94,53,59,56,657
437,87,133,146,118,124,80,80,55,48,40,63,93,115,177,194,154,123,88,63,56,62,85,117,146,146,146,150,121,114,103,92,70,87,108,134,173,173,187,122,74,56,59,79,85,136,174,196,145,161,118,71,54,60,63,57,78,97,122,134,113,89,41,48,42,36,35,71,129,133,141,137,136,75,44,47,60,75,108,110,155,153,130,116,87,68,40,48,81,119,116,160,191,162,119,71,63,52,68,679
447,111,102,148,143,112,78,78,60,49,53,59,103,125,153,182,157,115,74,63,66,66,78,117,125,166,153,162,150,101,80,77,65,88,126,140,148,184,178,115,85,68,58,69,108,117,191,186,179,160,116,67,55,65,71,56,93,109,129,108,96,86,57,45,35,40,54,79,107,150,126,138,110,86,73,42,57,78,83,128,162,148,135,118,87,67,49,43,87,99,123,175,188,134,122,83,55,51,60,647
425,92,109,137,137,120,84,78,57,48,56,59,109,138,177,175,139,115,79,67,56,69,78,105,135,142,184,155,135,112,95,72,82,77,123,138,166,194,167,129,88,62,65,60,111,120,175,178,190,135,126,79,61,50,67,74,92,109,125,102,90,64,62,42,29,50,55,83,96,140,122,130,107,98,74,43,67,73,82,118,150,155,141,119,89,68,48,47,64,94,135,169,194,163,127,70,49,37,50,678
435,81,116,138,154,117,87,72,57,56,58,77,100,146,155,167,136,109,90,62,56,56,88,94,148,158,152,165,134,113,85,72,78,95,105,137,155,181,184,131,88,71,62,73,95,102,151,201,185,157,106,66,65,52,68,71,95,127,120,113,97,77,48,40,27,44,46,70,105,142,151,145,116,80,68,51,61,85,78,126,141,149,142,116,94,57,60,54,55,102,135,182,187,163,116,72,58,45,54,685
436,84,122,137,132,128,96,72,45,59,74,74,96,126,183,162,143,113,95,73,55,71,89,127,123,147,159,167,128,105,95,73,87,81,117,136,146,170,165,138,102,74,69,58,85,112,158,184,205,144,101,79,66,37,52,76,111,127,117,116,99,77,48,34,31,43,44,76,115,121,162,148,115,88,56,49,55,65,87,118,168,143,130,128,84,65,59,48,59,99,144,175,183,171,107,84,63,44,46,668
424,78,116,134,138,125,92,84,47,48,56,71,88,131,171,176,140,107,89,74,75,64,99,119,143,144,158,170,128,95,84,75,90,86,110,126,177,160,154,144,98,80,62,63,99,98,148,203,201,156,97,79,63,49,52,97,95,113,130,108,96,81,54,41,31,33,51,71,107,124,162,140,126,98,57,42,47,74,85,120,170,145,168,99,96,48,67,45,59,115,141,162,168,178,128,75,53,46,54,670
420,82,115,132,139,120,102,62,62,50,50,79,114,120,169,169,139,101,76,77,83,72,94,132,131,149,168,143,121,95,92,88,79,88,107,155,160,181,131,129,111,88,64,58,78,129,177,197,178,154,117,78,67,62,37,70,89,105,137,125,98,77,48,43,27,38,54,75,95,123,143,155,107,97,54,52,45,65,89,115,132,169,135,124,107,54,59,60,67,102,137,156,195,165,111,86,47,50,55,656
416,65,128,143,152,110,84,64,60,48,46,58,115,128,166,174,150,113,73,70,71,87,92,105,129,160,150,147,121,95,102,88,90,95,133,144,148,160,151,119,110,83,63,60,80,120,167,211,182,147,123,61,65,62,55,69,88,123,126,118,109,80,49,40,38,43,46,73,99,117,136,139,124,97,53,57,49,64,71,125,176,156,131,118,72,78,49,58,76,102,130,179,204,157,107,65,61,48,46,676
431,89,113,131,135,113,96,74,69,53,50,58,99,131,179,198,127,125,85,68,56,68,100,115,135,149,157,141,120,109,87,104,81,102,129,149,170,158,151,121,112,73,53,54,74,135,176,208,169,144,127,78,55,35,73,80,88,106,129,129,97,67,58,48,42,42,45,78,100,151,145,137,118,75,69,54,51,63,91,95,157,169,148,107,93,53,60,47,67,108,137,172,203,160,107,74,56,53,54,652
416,94,111,120,119,125,107,73,56,44,53,67,105,135,163,173,141,108,87,70,69,81,105,111,143,151,143,146,137,89,99,84,107,100,125,154,160,165,152,144,93,76,63,51,77,112,162,197,174,168,113,83,58,50,57,87,93,115,131,113,84,69,63,49,48,39,55,70,93,120,168,146,103,76,46,58,63,67,96,115,139,157,154,115,68,62,45,62,72,108,154,180,175,145,113,86,66,54,57,670
428,102,105,127,127,120,100,82,58,43,56,65,100,148,163,178,150,120,84,76,67,70,98,125,136,154,155,154,138,109,78,77,97,84,117,170,150,168,162,115,95,68,61,61,81,114,156,172,187,165,122,83,59,59,53,58,96,123,138,126,83,74,67,47,49,50,42,77,103,131,139,155,122,80,45,48,45,67,70,123,149,146,155,137,84,65,38,53,63,113,156,186,168,143,108,77,71,47,65,649
442,78,120,129,124,113,88,82,50,46,52,86,98,157,169,151,158,94,78,65,67,67,95,94,143,153,156,158,134,110,92,81,82,93,135,117,188,183,165,124,97,63,56,57,106,102,141,198,200,172,107,85,66,55,49,58,78,117,117,123,89,86,58,64,42,47,47,70,107,144,141,137,112,78,53,50,58,69,75,129,181,139,139,114,82,68,44,42,65,103,160,165,182,167,101,89,60,66,62,678
453,79,110,134,144,95,94,72,59,56,48,87,93,165,184,153,137,110,76,77,59,56,90,108,133,166,174,157,133,103,99,82,79,95,116,149,175,161,155,128,85,77,65,65,79,114,139,193,192,175,100,71,69,50,62,68,78,117,128,108,97,57,57,53,60,53,46,61,111,125,143,141,109,85,60,50,59,66,103,117,160,141,133,98,91,79,53,39,77,102,139,160,182,167,113,88,64,50,66,651
483,86,116,120,127,117,87,60,60,59,69,88,96,145,171,149,145,122,74,61,67,63,93,118,127,157,165,158,129,107,99,91,75,100,105,140,168,175,171,132,96,56,58,63,94,115,143,194,199,165,87,87,68,58,57,76,91,95,131,114,99,66,46,56,41,51,66,67,105,118,133,142,109,90,68,62,45,74,94,117,164,146,118,98,95,74,48,43,75,71,139,140,187,151,118,89,63,57,60,643
479,93,112,116,117,121,86,62,58,50,62,67,117,125,169,186,143,114,79,61,63,67,82,108,151,159,148,145,120,125,94,92,81,92,108,164,183,176,141,132,100,65,55,60,86,122,148,202,198,160,99,87,68,56,57,73,83,126,119,112,95,70,50,53,41,54,45,70,106,137,142,128,127,80,67,54,52,60,96,132,139,166,117,126,77,70,54,55,73,81,141,174,155,155,140,89,64,41,58,623
472,92,96,139,138,107,92,64,62,44,52,81,117,131,154,179,156,117,83,62,72,74,92,118,129,156,146,139,107,121,105,79,91,96,110,136,169,181,155,121,98,70,52,63,85,134,148,178,207,167,100,79,64,67,56,68,87,102,119,102,101,86,59,36,42,48,51,83,89,139,125,144,136,75,69,55,57,78,81,114,159,138,142,101,75,70,69,59,71,90,130,175,175,133,113,96,64,51,59,628
490,88,114,122,131,124,88,69,59,47,54,81,100,138,169,170,148,110,80,62,60,57,77,142,151,140,147,131,137,120,90,88,92,100,97,145,169,186,168,120,103,75,57,69,71,108,164,202,204,163,122,62,68,67,58,84,79,97,127,122,107,75,63,36,34,41,65,86,117,117,129,136,117,83,62,49,68,87,86,98,179,135,127,116,83,51,63,61,64,100,129,169,182,159,123,82,47,52,57,641
489,84,106,141,138,135,88,73,46,58,60,74,88,140,175,178,142,86,92,70,56,65,86,119,138,160,142,153,116,114,100,95,83,95,105,128,181,176,180,121,96,65,55,73,81,103,143,193,239,162,126,96,65,60,47,76,75,113,124,115,111,72,54,38,32,37,54,76,105,127,160,120,112,87,60,44,63,81,89,114,142,147,137,110,83,76,48,59,58,94,147,162,187,143,136,88,50,56,54,634
489,76,91,118,126,130,101,72,53,49,52,70,107,150,194,168,141,111,83,67,66,70,87,110,139,158,146,163,119,104,87,102,78,90,116,127,148,200,174,130,96,71,68,73,79,109,155,197,198,155,128,80,81,53,49,68,92,102,118,113,109,72,51,42,40,38,52,69,96,143,153,122,110,79,74,57,57,66,89,109,135,149,145,122,80,63,52,55,75,91,129,171,183,161,119,114,54,48,48,620
465,102,99,123,141,103,95,69,53,69,52,61,101,136,185,180,142,97,72,56,73,79,100,122,133,145,162,145,117,108,83,99,77,88,108,132,174,177,174,136,87,83,51,69,89,127,158,224,178,143,124,77,60,60,50,73,90,112,124,98,111,89,58,35,39,33,47,84,85,159,137,132,105,83,72,52,60,78,95,98,144,135,142,126,83,61,68,62,85,82,137,180,173,134,132,94,54,50,50,634
480,92,104,134,130,91,92,73,70,56,57,61,98,109,182,192,147,102,78,58,67,70,107,113,115,165,147,140,132,108,90,84,77,101,126,124,197,144,159,129,103,67,51,68,98,123,150,207,165,175,101,90,65,70,56,70,88,105,112,113,114,83,43,37,32,39,44,72,93,115,147,135,101,82,57,67,53,69,91,128,141,144,135,125,87,47,72,65,76,94,131,164,173,171,101,81,69,67,62,626
467,98,112,96,145,111,87,74,59,59,74,65,96,129,167,179,145,109,81,59,79,72,97,109,134,161,154,165,123,124,86,100,85,88,121,146,163,180,142,129,94,71,67,72,99,118,183,173,173,149,116,91,57,57,68,73,95,92,122,114,102,82,57,37,40,31,47,81,100,127,157,138,95,91,59,56,52,64,110,112,152,146,129,129,76,53,69,55,79,113,126,153,192,147,117,75,66,62,65,627
469,102,116,135,129,123,87,76,49,57,52,81,91,152,176,158,134,95,73,65,90,74,88,121,137,138,170,152,118,107,95,93,91,86,107,138,171,193,146,124,96,62,65,92,95,135,152,175,171,149,134,96,55,61,73,65,82,106,117,105,90,77,59,62,27,34,41,74,109,146,141,123,109,72,58,57,49,91,101,118,142,159,129,106,89,74,53,52,73,102,152,154,175,158,130,83,55,55,77,632
443,97,115,134,129,97,100,75,58,45,53,82,101,148,177,167,136,95,64,67,59,88,104,109,130,141,179,121,132,125,95,91,92,91,114,133,173,164,177,122,81,87,63,87,87,108,163,194,195,147,96,101,74,54,56,69,91,104,115,123,81,81,60,45,48,37,43,73,95,127,147,146,108,66,64,51,55,82,97,121,138,147,158,104,81,77,55,63,69,94,130,171,173,140,131,81,65,49,67,619
411,106,129,140,130,122,81,85,48,53,41,72,110,140,173,176,139,87,82,66,62,76,100,124,150,144,157,144,123,120,99,100,83,72,126,163,159,160,162,108,103,92,67,77,100,126,145,205,178,156,110,88,77,60,54,59,84,116,121,100,94,68,56,54,48,52,33,83,103,125,147,135,108,84,56,45,56,65,81,114,158,159,134,101,79,61,58,74,78,97,130,160,176,158,113,69,69,68,65,651
437,93,128,141,134,117,98,69,43,49,46,79,103,146,163,148,161,108,78,54,68,77,117,128,157,145,139,144,123,112,94,91,98,93,113,149,170,155,152,128,95,84,66,77,97,139,147,165,170,174,112,89,66,52,65,73,81,91,111,111,89,78,56,45,46,47,48,87,112,131,147,118,116,91,69,52,55,73,87,120,144,146,126,111,72,60,82,64,67,94,136,178,177,142,116,76,52,63,75,639
413,96,143,146,146,113,92,58,58,45,56,73,120,125,184,179,148,113,76,57,59,74,106,146,133,162,156,143,144,92,88,79,83,104,128,154,137,176,161,121,104,90,70,68,81,127,157,200,190,163,106,101,61,50,72,79,88,89,114,104,102,72,73,48,39,45,55,87,100,123,139,135,116,81,59,64,56,75,100,112,151,131,146,99,82,70,59,58,80,106,135,163,192,151,97,68,61,61,75,647
384,95,122,154,158,116,86,66,48,41,45,73,106,143,141,206,129,107,88,63,45,71,106,136,144,158,151,141,133,95,89,69,85,98,112,152,169,161,172,116,77,87,58,70,89,125,172,177,184,164,115,90,57,58,58,93,84,99,92,99,96,77,65,57,43,41,51,75,100,152,130,119,105,85,71,53,60,69,96,123,147,134,139,108,87,53,48,49,93,112,125,159,172,135,111,99,58,43,76,653
379,97,111,165,136,129,87,52,51,53,54,67,95,133,185,170,153,104,72,62,56,64,101,118,168,166,164,149,127,113,78,89,79,100,119,143,161,159,158,140,108,46,73,69,86,130,175,195,189,152,110,87,59,53,67,70,90,114,116,83,97,77,58,54,50,51,48,78,115,134,135,136,81,88,68,54,54,78,97,123,151,154,131,99,76,61,46,61,88,106,157,173,159,148,105,75,54,70,80,663
397,93,116,152,134,119,94,65,40,64,62,70,105,132,202,174,127,123,81,51,51,57,100,114,173,177,150,167,127,112,99,67,82,102,106,141,149,167,160,133,96,65,63,76,80,127,162,197,208,161,116,69,64,58,51,79,86,97,127,97,98,85,67,32,48,32,48,85,114,145,150,121,100,70,66,58,63,66,103,114,156,133,144,107,75,51,44,53,80,112,142,174,170,138,122,73,62,54,70,647
393,112,110,131,123,111,102,69,53,49,68,66,108,132,199,168,143,103,92,60,50,63,97,120,150,176,174,140,121,105,96,87,74,97,111,126,168,197,164,125,102,61,63,60,83,125,142,198,204,169,133,91,50,62,64,83,99,92,115,116,89,86,64,37,39,44,36,78,118,131,152,117,108,77,59,52,59,83,104,119,147,138,153,107,79,48,40,52,75,110,150,164,169,166,111,81,55,61,60,679
387,87,117,124,125,118,86,65,57,56,80,64,103,141,155,150,173,118,72,66,51,53,88,128,154,161,175,164,108,105,98,78,77,100,107,134,176,194,163,121,75,67,57,65,90,137,136,199,188,140,128,106,52,61,79,86,94,99,120,106,81,78,68,48,35,53,33,62,109,136,143,134,94,87,71,54,60,62,108,112,142,163,158,107,73,54,45,44,72,129,135,179,172,156,117,84,61,46,67,674
371,95,115,124,141,109,90,72,48,60,51,92,98,124,159,200,157,105,72,66,44,49,81,127,149,172,185,160,133,76,92,84,87,114,106,137,184,173,156,128,81,70,81,65,114,101,160,173,179,160,132,90,62,52,57,88,97,99,116,110,89,77,55,49,41,51,48,70,100,153,134,122,98,75,73,60,63,56,88,120,148,167,158,107,79,55,43,46,83,104,154,175,176,140,133,67,62,50,54,696
355,94,132,124,134,112,89,68,57,67,53,78,93,138,171,189,142,107,73,59,61,61,83,118,137,159,157,157,139,114,87,68,91,95,132,162,147,198,146,111,80,80,63,81,94,115,169,175,209,145,124,96,66,56,62,82,90,89,120,113,82,71,54,49,44,41,47,85,102,132,143,124,111,65,68,66,62,68,100,117,158,145,143,102,81,54,59,63,67,114,155,174,174,142,130,64,36,58,68,695
358,96,132,140,133,110,93,81,54,63,59,69,95,136,172,197,162,94,71,61,55,53,84,118,144,153,163,160,125,120,79,81,59,129,111,129,188,178,161,114,84,70,68,71,95,145,173,167,177,160,138,90,58,66,55,75,110,91,108,111,95,77,55,49,23,41,68,74,119,148,150,116,92,77,52,61,67,70,95,120,153,159,139,114,66,46,42,66,61,105,165,173,177,136,108,66,55,48,51,710
389,92,123,148,124,124,92,64,57,37,53,80,107,147,152,189,158,114,79,62,61,49,73,113,124,178,173,145,138,117,89,66,86,96,118,130,199,173,174,126,79,75,52,79,87,116,174,209,158,154,107,87,58,58,74,66,96,114,113,98,102,84,51,46,35,29,52,88,110,136,160,116,121,66,53,50,59,89,85,125,141,156,138,116,85,50,50,58,59,99,131,201,196,164,95,73,54,42,49,695
389,102,123,123,125,126,83,59,59,40,53,64,115,169,191,157,148,108,79,64,61,50,81,108,142,154,174,152,137,111,85,86,67,94,112,151,172,183,183,129,92,53,70,70,106,121,173,186,172,157,122,84,44,62,69,83,92,110,129,108,87,74,63,46,44,45,42,78,123,165,133,134,113,73,67,45,52,67,100,124,151,134,148,113,79,63,43,64,66,93,139,165,204,160,106,79,46,44,41,699
408,90,110,139,117,122,94,61,39,35,62,77,128,161,194,189,127,83,89,71,54,60,77,115,158,147,151,144,131,127,94,60,71,96,129,135,145,196,169,136,90,63,61,88,109,104,140,208,182,157,116,84,47,61,66,92,115,109,121,102,87,72,52,50,41,44,51,90,106,161,125,125,91,92,57,44,60,77,111,139,129,162,111,108,80,68,40,53,71,102,137,182,188,166,110,68,54,46,53,676
404,93,127,130,136,127,81,68,41,49,53,73,120,161,200,180,137,92,77,62,51,52,86,114,150,158,179,142,114,111,94,69,80,118,107,142,178,173,171,134,92,68,62,75,88,129,142,186,165,156,114,77,70,66,79,89,97,122,122,113,77,71,49,42,53,48,60,83,111,143,152,120,99,67,62,38,54,78,123,138,151,157,133,97,73,46,48,58,75,123,129,179,168,164,111,76,56,53,60,681
378,95,115,139,141,105,92,77,47,34,50,76,115,156,200,168,135,104,73,58,64,52,70,113,136,172,197,142,106,99,85,78,92,100,101,154,164,160,149,131,106,78,64,90,85,124,151,202,145,141,134,67,74,68,73,92,103,109,128,105,101,64,50,57,43,43,61,90,100,147,176,125,85,69,56,48,47,82,94,146,169,155,139,103,63,48,43,52,65,115,135,162,176,167,115,78,53,46,54,681
382,89,127,144,136,126,82,64,55,43,58,61,114,145,200,171,134,107,79,59,53,63,78,88,140,167,193,170,98,91,79,88,70,108,123,145,177,163,150,130,96,79,60,70,112,142,165,153,171,144,114,76,66,63,83,105,104,104,117,112,92,62,55,49,47,43,60,80,102,148,167,133,83,73,51,53,56,65,91,128,177,171,143,86,67,44,40,50,81,102,142,156,175,162,114,81,60,58,45,656
406,89,125,141,156,117,72,59,57,41,58,64,103,144,190,187,129,92,67,65,52,59,88,101,134,151,183,162,141,99,82,85,79,96,106,149,182,168,151,118,113,72,68,74,96,129,159,168,165,160,144,74,67,62,77,84,99,108,121,108,109,74,61,43,40,46,66,90,120,123,144,117,114,77,49,52,60,68,88,112,183,173,166,93,65,44,45,59,57,109,137,197,171,160,104,88,43,58,57,632
406,82,133,152,133,115,79,60,71,33,54,59,102,169,187,176,166,81,79,53,50,56,77,102,145,151,178,144,127,92,96,93,91,85,119,137,183,165,154,122,99,75,69,64,104,128,159,162,187,153,124,86,67,50,69,80,110,141,112,118,84,77,59,51,34,44,69,88,128,144,115,145,87,70,57,57,66,63,80,121,163,190,163,123,65,35,34,46,59,108,132,194,185,149,113,77,52,52,45,664
381,84,124,138,158,115,94,65,50,46,54,61,113,157,203,150,158,103,72,50,55,73,70,103,132,156,164,159,130,111,83,97,82,97,118,135,176,171,150,114,102,77,66,78,96,152,154,179,161,154,131,89,63,51,54,78,118,135,120,120,82,70,64,45,23,34,63,96,123,147,146,130,108,70,36,38,54,78,102,116,141,186,169,123,72,50,35,42,64,90,150,185,181,140,117,80,54,57,59,682
363,99,117,155,131,117,82,80,61,49,40,46,115,181,166,156,146,102,77,67,51,64,77,91,129,171,167,165,126,97,103,82,93,84,123,138,158,190,145,128,84,76,60,91,112,145,143,181,188,144,119,92,62,58,60,70,117,147,124,136,87,58,51,40,38,26,62,82,126,140,157,122,106,86,52,40,47,73,97,104,147,158,172,131,73,50,37,39,76,92,119,177,184,184,129,67,53,47,56,669
371,89,113,144,145,112,95,67,59,40,35,69,99,161,189,180,146,102,83,52,68,58,84,93,120,155,160,140,142,106,95,91,98,91,113,139,146,178,168,118,90,59,71,92,118,127,143,169,190,160,109,90,50,67,51,81,106,131,127,132,111,65,40,43,35,36,49,84,131,162,145,117,104,70,63,48,54,72,91,112,154,150,150,109,97,62,43,38,65,78,145,195,182,153,117,71,46,49,58,708
341,85,115,139,146,117,88,75,50,52,41,67,103,121,165,185,173,120,62,61,53,78,83,98,98,139,174,165,142,121,84,87,70,85,128,146,160,170,151,134,102,67,69,78,103,151,167,172,177,144,137,73,59,61,48,73,104,117,146,145,112,77,41,36,34,34,41,79,131,126,161,124,106,93,56,49,50,72,98,116,150,142,167,100,81,45,56,47,61,95,128,202,193,142,119,76,46,44,65,703
357,74,108,128,158,131,89,72,67,43,49,58,89,132,158,173,169,113,88,45,58,60,85,102,127,134,153,174,142,112,88,103,78,83,115,155,144,184,166,129,96,63,60,67,105,141,185,173,180,135,115,91,48,77,58,89,107,99,129,134,113,71,56,36,32,34,69,66,118,154,153,140,107,72,64,57,51,65,115,107,145,160,139,114,75,61,45,43,78,85,137,199,158,159,117,77,46,57,54,695
361,82,112,144,145,145,93,77,49,48,48,55,99,134,177,162,137,121,88,65,44,59,70,85,144,175,167,151,120,131,95,80,94,78,116,138,187,163,168,130,105,62,43,66,107,128,180,182,187,155,105,76,58,58,78,89,104,109,135,117,114,82,54,33,40,41,42,79,109,144,154,147,98,87,64,40,52,57,97,132,148,146,157,121,76,63,43,43,66,97,139,190,186,167,122,72,56,47,56,673
389,70,124,144,145,125,105,76,48,52,44,70,94,131,164,154,146,147,87,53,58,49,85,102,117,165,156,154,152,109,91,82,88,92,125,128,170,195,160,135,103,62,55,66,91,141,179,214,177,159,107,80,43,57,75,80,120,141,122,101,114,83,52,31,39,38,61,76,98,128,155,163,126,73,61,45,46,44,87,118,141,185,160,102,89,56,43,41,69,93,144,173,171,168,120,82,49,41,63,654
399,78,120,136,129,127,109,90,55,48,53,84,86,146,158,141,146,126,69,61,62,58,81,100,116,137,181,146,152,107,96,81,79,97,116,135,167,189,152,130,105,71,51,78,94,140,170,203,181,152,126,75,50,47,56,97,105,145,132,121,115,73,49,42,35,44,36,70,105,129,155,147,115,98,44,43,52,40,72,126,162,168,159,122,88,53,55,42,68,97,137,154,170,181,109,69,60,54,65,644
401,76,115,139,137,118,120,70,65,39,46,65,96,137,160,166,138,109,73,62,53,79,96,99,120,134,163,162,145,88,98,78,85,104,102,130,181,188,154,138,98,52,68,62,114,134,165,227,177,160,100,93,43,34,64,84,110,117,150,143,99,79,54,41,37,39,44,52,103,150,160,149,113,83,57,41,45,43,96,103,159,172,162,129,86,62,43,52,54,98,129,165,168,140,145,65,54,46,64,662
401,74,106,136,132,126,110,71,56,50,51,63,106,107,154,156,160,115,85,58,61,73,79,86,118,143,175,169,134,107,84,78,90,90,117,128,170,185,188,132,92,63,58,73,85,144,196,218,190,157,103,90,52,39,51,72,118,147,136,137,108,80,49,45,27,26,45,58,117,133,176,148,116,78,65,53,54,51,83,115,152,159,157,122,99,68,39,51,56,79,120,171,186,155,121,96,47,55,60,672
408,85,108,101,140,129,105,74,59,52,55,79,89,106,156,160,148,108,71,69,52,67,78,85,125,154,175,141,157,118,108,82,82,81,102,149,168,189,180,127,104,74,52,64,75,137,169,218,180,164,117,86,60,58,43,69,114,126,130,128,119,87,62,36,33,35,38,54,106,155,147,145,134,104,68,37,39,68,72,112,153,157,159,115,96,69,43,43,59,76,124,170,190,161,135,86,58,43,42,666
391,80,110,123,115,115,110,77,70,54,58,75,89,118,147,158,143,112,92,70,51,59,75,99,119,145,152,162,136,121,113,90,90,89,86,129,184,177,183,140,108,57,66,62,62,130,167,227,197,155,114,81,68,63,52,65,92,132,121,149,114,92,60,42,29,30,36,69,93,126,169,149,126,87,84,42,44,71,76,103,147,146,147,137,78,60,40,50,52,84,133,146,169,169,139,76,74,51,48,674
393,86,91,121,136,118,107,68,74,60,62,67,84,147,151,169,139,102,91,78,60,55,70,84,138,148,162,151,142,120,124,89,81,85,109,119,174,170,177,146,103,54,74,70,82,123,172,208,203,165,122,75,75,51,65,66,85,120,145,149,122,78,67,50,32,31,49,60,96,130,155,152,112,71,69,56,59,59,72,114,125,154,147,136,111,78,35,45,56,67,144,154,177,153,133,95,62,53,45,673
397,78,102,123,107,120,111,83,61,59,59,80,98,130,140,166,146,104,71,73,58,61,66,101,120,148,163,150,129,114,122,106,95,107,86,129,168,160,161,167,97,80,73,61,75,121,151,205,215,149,125,97,60,61,57,72,89,117,129,144,121,117,70,49,38,31,42,69,103,131,139,138,121,90,58,55,71,61,79,97,125,121,156,111,136,61,56,42,61,82,125,165,163,159,122,96,67,53,47,682
423,77,89,111,139,105,105,80,50,51,62,75,100,115,148,185,135,122,71,56,69,68,84,86,131,127,167,140,115,120,115,108,108,100,80,124,157,174,176,132,102,86,68,69,80,129,147,179,176,182,140,93,74,56,69,50,103,108,141,147,113,98,89,67,32,37,49,68,101,123,139,135,112,88,66,52,52,72,73,110,133,144,128,121,108,82,53,57,55,97,143,145,152,153,121,103,67,50,57,664
410,94,94,106,125,109,96,88,54,46,64,77,96,125,129,168,146,109,81,58,61,77,69,102,124,135,183,143,129,108,110,95,91,105,85,112,152,200,169,155,94,98,58,78,86,127,145,170,190,168,133,116,82,63,62,63,99,121,127,136,108,111,87,53,46,34,50,66,102,116,134,145,115,93,68,48,59,57,79,108,131,143,127,114,74,85,74,52,72,79,140,158,142,187,122,93,63,54,46,672
427,75,98,102,100,127,99,90,62,55,60,64,86,115,133,152,135,126,101,60,68,69,79,108,115,137,153,160,127,123,96,96,106,93,108,105,155,180,170,133,115,78,75,82,93,121,177,164,148,159,125,124,87,67,63,70,85,111,123,141,111,102,79,69,47,42,56,77,93,129,110,132,120,77,80,49,68,68,91,103,115,128,131,122,95,73,71,65,53,70,121,160,139,171,136,97,80,52,49,648
444,66,90,92,110,117,83,82,70,65,55,76,89,105,130,128,149,113,90,76,67,62,85,98,114,129,138,155,128,126,103,105,83,88,99,110,152,169,161,137,123,97,70,75,86,101,133,157,164,171,136,103,67,80,77,67,81,101,125,131,91,97,86,70,39,44,34,84,96,106,108,115,111,91,67,66,59,71,70,115,107,131,109,102,112,70,56,72,53,64,112,135,169,157,116,111,70,68,53,593
360,70,82,76,99,95,92,74,69,47,44,52,70,86,122,138,124,81,80,64,62,70,71,76,99,110,131,131,125,102,80,106,109,70,85,87,130,144,155,139,118,87,70,71,88,103,120,134,154,139,118,101,72,55,62,70,70,94,92,112,96,84,70,57,53,42,42,45,82,94,86,111,96,80,66,68,61,59,66,82,98,124,122,81,82,70,55,63,63,56,83,117,158,140,106,88,66,59,53,526
306,43,54,71,75,68,53,54,54,34,38,36,45,56,73,100,81,79,52,40,50,47,39,71,67,83,99,90,80,82,71,71,77,63,60,89,94,99,107,95,78,78,51,53,69,90,96,115,86,109,81,69,52,48,46,51,52,63,64,60,65,74,53,43,38,32,29,37,48,85,71,74,62,55,45,35,42,32,55,49,71,96,73,70,46,45,45,55,39,58,50,69,100,87,78,88,56,35,40,374
152,24,27,28,42,24,34,25,24,30,17,17,20,33,30,51,38,43,21,18,21,18,30,35,37,50,48,51,52,45,34,44,29,42,37,34,42,61,65,43,45,24,35,27,28,54,53,69,55,47,49,33,27,23,16,37,23,43,49,24,36,40,26,19,18,25,15,19,23,32,36,41,32,30,17,11,16,21,21,30,32,45,41,29,28,19,32,27,27,24,29,42,53,49,36,48,42,34,26,185
61,5,5,7,6,10,12,6,8,9,6,4,7,11,8,11,13,8,7,8,5,6,6,15,14,20,16,15,22,10,9,15,10,10,12,16,14,22,22,25,13,12,9,18,16,11,17,13,32,21,17,14,9,9,12,6,11,9,15,5,11,8,7,7,5,7,5,3,6,12,6,10,4,15,7,0,2,6,9,8,10,12,10,6,10,2,10,8,10,12,10,14,20,15,12,16,8,17,9,53
13,1,1,3,1,0,3,2,1,0,0,2,1,1,1,3,1,1,1,0,1,1,1,2,2,3,6,2,3,2,2,2,5,1,1,3,1,5,6,6,7,1,6,2,4,5,3,5,4,5,5,1,0,5,0,0,2,2,2,2,2,0,1,1,0,3,1,0,0,0,3,1,3,2,2,0,0,0,0,2,0,1,1,0,1,1,3,3,4,4,2,3,2,6,5,4,0,1,2,10
3,0,1,2,1,0,0,0,0,0,0,0,0,0,0,0,0,0,0,0,0,0,0,0,0,0,0,0,0,0,0,0,0,0,0,0,0,0,0,1,0,0,1,0,0,2,0,0,0,2,1,1,0,1,0,0,0,0,0,0,0,0,0,0,0,0,0,0,0,0,0,0,0,0,0,0,0,0,0,0,0,0,0,0,0,0,0,0,2,2,0,1,0,0,0,0,0,0,0,0
0,0,0,0,0,0,0,0,0,0,0,0,0,0,0,0,0,0,0,0,0,0,0,0,0,0,0,0,0,0,0,0,0,0,0,0,0,0,0,0,0,0,0,0,0,0,1,0,0,0,0,0,0,0,0,0,0,0,0,0,0,0,0,0,0,0,0,0,0,0,0,0,0,0,0,0,0,0,0,0,0,0,0,0,0,0,0,0,0,0,0,0,0,0,0,0,0,0,0,0
0,0,0,0,0,0,0,0,0,0,0,0,0,0,0,0,0,0,0,0,0,0,0,0,0,0,0,0,0,0,0,0,0,0,0,0,0,0,0,0,0,0,0,0,0,0,0,0,0,0,0,0,0,0,0,0,0,0,0,0,0,0,0,0,0,0,0,0,0,0,0,0,0,0,0,0,0,0,0,0,0,0,0,0,0,0,0,0,0,0,0,0,0,0,0,0,0,0,0,0
0,0,0,0,0,0,0,0,0,0,0,0,0,0,0,0,0,0,0,0,0,0,0,0,0,0,0,0,0,0,0,0,0,0,0,0,0,0,0,0,0,0,0,0,0,0,0,0,0,0,0,0,0,0,0,0,0,0,0,0,0,0,0,0,0,0,0,0,0,0,0,0,0,0,0,0,0,0,0,0,0,0,0,0,0,0,0,0,0,0,0,0,0,0,0,0,0,0,0,0
0,0,0,0,0,0,0,0,0,0,0,0,0,0,0,0,0,0,0,0,0,0,0,0,0,0,0,0,0,0,0,0,0,0,0,0,0,0,0,0,0,0,0,0,0,0,0,0,0,0,0,0,0,0,0,0,0,0,0,0,0,0,0,0,0,0,0,0,0,0,0,0,0,0,0,0,0,0,0,0,0,0,0,0,0,0,0,0,0,0,0,0,0,0,0,0,0,0,0,0
0,0,0,0,0,0,0,0,0,0,0,0,0,0,0,0,0,0,0,0,0,0,0,0,0,0,0,0,0,0,0,0,0,0,0,0,0,0,0,0,0,0,0,0,0,0,0,0,0,0,0,0,0,0,0,0,0,0,0,0,0,0,0,0,0,0,0,0,0,0,0,0,0,0,0,0,0,0,0,0,0,0,0,0,0,0,0,0,0,0,0,0,0,0,0,0,0,0,0,0
0,0,0,0,0,0,0,0,0,0,0,0,0,0,0,0,0,0,0,0,0,0,0,0,0,0,0,0,0,0,0,0,0,0,0,0,0,0,0,0,0,0,0,0,0,0,0,0,0,0,0,0,0,0,0,0,0,0,0,0,0,0,0,0,0,0,0,0,0,0,0,0,0,0,0,0,0,0,0,0,0,0,0,0,0,0,0,0,0,0,0,0,0,0,0,0,0,0,0,0
