parameters (x,y,w,h,rx,ry):-5,0,10.000000,40.000000,100,100
237,49,58,55,53,32,40,31,35,30,47,49,51,60,57,66,48,39,43,38,33,46,56,42,54,55,59,41,35,37,18,28,43,44,56,71,68,51,49,35,33,37,43,48,43,48,60,60,58,42,44,22,25,34,31,44,51,57,49,47,48,32,39,33,33,47,49,55,60,78,64,50,35,38,31,36,31,42,49,49,64,51,52,45,26,41,36,38,51,38,72,56,57,50,35,29,35,34,45,303
494,120,136,135,119,111,111,74,59,66,68,89,122,127,130,120,136,96,82,81,57,99,103,114,136,136,125,102,93,64,63,50,64,90,114,158,125,151,113,98,83,61,75,96,107,116,138,136,126,108,73,59,68,66,72,81,115,157,135,133,112,94,64,67,64,85,104,152,117,134,138,122,107,79,55,64,78,88,106,125,143,119,116,82,82,63,90,71,104,112,115,130,146,120,84,67,87,79,70,731
497,129,138,148,123,115,99,57,68,59,61,101,105,142,137,141,134,102,78,61,64,83,98,131,143,135,156,112,85,73,55,44,43,74,106,143,177,158,131,107,63,51,65,86,94,141,128,153,126,114,72,67,41,78,76,72,109,162,150,138,122,99,71,60,54,84,100,126,154,143,145,144,95,83,45,59,73,83,102,144,140,125,124,100,60,63,67,89,99,122,143,134,162,119,71,67,74,75,76,732
435,132,152,166,146,104,92,60,53,51,68,93,106,147,143,141,149,84,72,63,79,59,103,131,145,128,139,119,96,76,52,63,52,82,96,131,150,177,147,107,74,65,56,56,89,119,168,133,146,117,96,53,46,61,74,85,105,129,159,177,125,99,73,43,52,55,103,130,160,169,158,130,106,65,51,47,61,98,98,136,159,145,107,87,55,54,60,80,93,124,140,143,155,137,86,67,59,71,61,783
443,126,154,149,156,118,99,56,40,41,56,92,110,123,166,145,135,96,71,65,59,67,86,119,122,152,147,126,118,72,44,47,60,69,97,142,156,158,184,110,65,55,49,63,95,119,161,155,160,120,78,67,42,46,67,83,106,127,162,162,154,99,62,45,44,70,89,115,155,199,172,122,82,66,48,45,61,70,109,153,151,152,116,81,74,66,64,51,95,91,151,164,152,125,91,73,51,59,64,813
436,129,136,164,180,137,80,63,31,40,57,83,99,137,153,183,106,113,69,64,50,66,70,116,138,164,159,123,98,70,51,42,43,61,92,141,154,200,188,101,59,48,38,49,86,140,170,161,166,104,86,58,30,39,69,70,97,152,167,168,133,98,66,57,50,56,72,101,175,189,177,116,108,64,46,37,49,91,108,132,155,134,128,104,75,67,57,56,80,122,151,175,156,123,89,62,47,49,60,793
393,114,147,167,187,130,75,55,47,48,51,83,99,136,184,163,123,99,84,49,50,51,71,96,144,174,178,126,95,61,45,67,57,57,76,126,160,199,185,86,63,49,49,53,75,143,157,160,177,128,76,64,48,37,59,71,105,119,193,160,150,98,73,40,53,57,58,104,153,196,199,136,115,57,35,43,48,71,117,135,153,138,125,116,73,47,44,63,89,120,144,180,156,112,105,69,51,47,56,812
381,107,151,180,176,125,81,61,39,58,49,63,93,142,183,178,142,117,69,31,45,52,71,85,137,164,190,158,84,59,45,38,54,63,84,115,179,192,171,103,81,40,36,53,90,106,163,190,174,111,75,53,41,43,50,67,106,143,161,174,154,115,62,38,29,51,88,116,173,158,195,155,98,51,35,39,65,79,96,142,141,151,154,106,85,43,39,57,91,116,162,182,165,136,87,50,51,49,47,828
406,106,151,184,170,125,98,59,34,53,40,71,116,130,197,184,138,100,63,46,33,37,60,101,140,163,187,176,89,59,41,30,28,55,99,140,177,186,165,115,88,34,42,47,70,152,168,175,173,122,81,42,45,36,40,70,101,153,173,169,140,89,73,44,34,46,72,129,162,185,172,145,115,55,34,46,45,78,75,141,157,166,156,114,83,40,45,42,86,116,154,201,168,127,93,66,41,37,40,833
388,115,158,168,178,137,93,53,44,44,38,68,99,172,170,188,166,86,46,37,36,34,44,98,139,188,182,156,116,65,47,25,39,40,95,148,180,200,168,105,66,48,36,57,90,116,155,191,151,129,92,57,39,31,38,65,115,147,172,179,143,107,71,39,38,52,83,101,159,191,202,160,99,53,35,32,51,51,111,141,164,162,150,122,82,37,43,48,77,110,165,185,189,129,84,55,43,34,40,844
378,122,165,185,189,142,74,47,40,30,57,61,98,173,182,164,167,98,64,47,19,34,66,92,128,183,184,172,107,70,37,28,34,58,65,149,190,202,166,105,87,39,33,51,78,131,160,197,151,142,81,50,36,33,25,68,94,172,183,182,145,96,81,29,38,53,69,112,185,173,198,141,112,50,36,26,43,67,96,124,148,183,171,114,62,58,45,42,66,124,164,185,189,135,74,54,41,33,51,805
357,133,143,171,191,160,83,46,28,41,54,62,116,144,189,184,151,96,54,43,34,30,51,82,130,199,199,146,105,82,36,29,22,44,87,145,189,181,180,121,78,42,42,52,71,110,145,198,184,144,85,51,41,29,38,53,95,147,193,155,169,123,68,33,42,48,74,95,163,196,180,163,107,59,36,35,35,59,89,132,172,194,162,111,74,44,45,52,71,115,169,190,162,134,104,54,39,33,33,836
383,119,163,180,190,139,90,43,39,41,47,62,96,138,197,193,146,91,50,42,34,38,45,93,136,184,200,142,110,80,42,29,26,41,94,142,194,184,182,91,64,65,37,47,79,120,152,178,179,141,99,63,35,28,36,60,118,135,188,174,157,115,65,44,30,43,85,120,155,185,170,143,113,60,36,32,43,53,99,143,155,166,153,114,80,47,45,56,69,131,156,192,169,153,92,58,48,19,40,816
350,118,156,191,164,151,95,68,34,39,50,73,92,138,189,204,142,93,59,34,30,36,60,76,136,192,200,158,112,74,34,24,23,51,78,143,199,218,171,116,67,39,37,36,68,117,144,189,172,157,104,73,39,18,36,52,100,166,178,200,158,85,59,48,38,54,74,125,155,156,195,158,106,70,26,20,39,53,96,146,183,179,154,98,78,54,38,41,77,108,148,200,188,142,91,82,26,34,33,827
371,105,147,165,165,161,104,62,42,40,40,58,101,148,217,171,155,94,59,34,24,45,61,74,136,187,189,157,110,73,37,24,28,42,76,128,210,213,194,110,65,47,29,42,66,131,170,178,186,141,95,71,42,28,40,51,104,178,168,181,161,92,56,32,35,42,73,116,151,168,196,160,110,67,33,27,39,51,86,151,167,179,155,114,66,46,39,46,82,113,139,185,166,163,95,72,33,23,43,828
387,86,142,173,193,142,119,63,44,34,30,68,80,151,202,174,185,104,61,38,24,32,59,90,140,189,198,155,112,62,35,31,26,37,81,142,189,199,162,124,83,39,33,32,63,114,155,207,203,142,87,56,31,35,45,59,89,170,194,191,143,98,76,30,29,35,63,111,161,187,220,149,101,50,48,32,36,50,90,142,199,171,152,93,65,52,33,44,65,116,153,178,181,138,120,66,36,22,33,832
368,96,143,161,184,157,118,65,41,28,44,50,82,144,183,195,157,101,67,43,23,32,53,97,147,179,193,171,100,65,34,27,26,44,95,138,189,214,164,126,67,39,29,40,62,103,159,178,215,135,98,56,30,37,53,59,96,169,175,179,148,111,61,37,39,32,62,83,146,216,196,171,95,46,30,29,36,65,101,138,185,191,145,108,68,39,38,45,63,120,152,195,175,167,94,56,31,26,23,840
343,108,159,169,161,174,124,53,34,18,23,65,89,142,168,180,189,102,72,48,20,43,52,87,138,162,198,174,108,74,37,19,28,37,92,149,205,239,165,96,66,41,34,50,67,95,152,192,171,162,94,50,43,30,36,56,97,141,181,187,156,136,65,37,39,42,53,90,151,193,215,165,108,49,28,17,40,53,99,158,180,191,136,111,72,45,24,53,65,103,164,154,192,156,101,65,29,34,25,858
383,102,137,204,174,152,102,62,33,20,33,63,87,144,185,207,147,108,67,39,27,45,55,97,118,180,202,170,116,56,41,22,22,50,82,174,206,189,172,94,74,46,36,38,84,106,148,179,188,154,104,56,36,28,26,45,89,168,186,207,145,121,67,59,41,25,62,87,135,186,207,163,108,67,35,21,30,52,115,142,165,186,163,122,78,39,31,36,47,102,160,210,197,149,89,58,39,30,31,839
389,86,139,209,173,150,123,67,28,23,26,57,92,143,176,209,169,91,59,45,26,36,58,94,129,203,192,158,106,78,41,18,26,58,103,134,202,204,176,109,58,42,31,49,79,97,145,179,191,170,106,51,27,23,22,44,117,152,184,190,161,110,79,56,45,41,58,95,144,165,179,194,106,62,39,31,38,44,90,146,165,185,164,124,67,49,35,30,56,93,136,202,195,162,107,66,33,31,32,827
383,93,143,193,182,159,123,61,27,18,22,57,98,146,161,210,176,122,62,43,21,39,50,93,158,201,187,154,112,65,34,22,31,68,78,134,199,211,181,105,48,43,27,39,70,106,150,180,189,167,99,52,34,28,25,58,106,132,169,199,167,126,76,44,40,40,46,103,158,185,182,165,118,64,33,34,30,58,79,150,184,190,156,113,64,47,26,31,49,103,145,181,186,174,113,70,38,23,37,795
374,85,175,193,203,143,85,76,42,25,29,62,95,125,177,193,171,115,72,37,29,32,58,97,152,223,191,181,95,58,32,28,22,49,99,175,193,203,171,96,58,32,31,38,71,105,150,200,208,129,107,52,31,24,30,60,95,148,179,186,167,101,72,44,32,48,60,86,167,190,199,164,106,65,34,37,37,46,99,153,170,176,176,93,62,46,23,29,61,97,149,193,197,152,116,65,34,32,39,811
382,96,158,190,187,146,115,69,44,14,33,56,83,153,182,188,159,113,71,37,30,32,57,100,138,202,191,155,111,59,35,30,19,47,103,177,194,182,165,119,71,29,29,34,73,117,153,192,203,139,102,36,32,17,38,55,90,134,165,207,161,109,80,42,40,36,69,108,153,164,198,150,111,57,32,33,41,68,85,141,162,180,151,105,60,44,32,37,53,94,163,201,177,160,112,71,38,22,29,827
349,103,161,184,181,154,123,60,31,27,26,51,120,143,208,155,135,102,72,45,31,33,46,92,149,196,192,151,126,80,33,20,26,49,91,147,194,210,177,108,68,30,22,49,60,108,188,191,212,141,73,61,33,16,34,50,88,124,204,218,151,109,69,44,38,40,51,108,167,193,208,147,96,65,32,31,39,66,99,137,166,184,151,105,64,42,37,40,69,100,151,193,177,160,110,69,28,32,34,840
370,97,150,199,181,146,106,74,50,26,33,43,108,148,192,184,158,111,76,35,13,25,51,86,152,194,206,165,116,54,39,29,26,49,89,155,205,174,163,106,63,44,25,34,65,122,163,210,178,158,78,46,38,29,29,41,89,145,192,196,139,110,81,42,29,47,62,86,178,189,197,151,109,56,32,31,37,71,97,149,165,170,132,109,65,48,39,36,66,99,141,197,187,166,105,64,32,22,30,839
355,122,174,178,174,157,105,60,36,36,46,44,88,161,176,195,172,104,59,40,24,19,45,89,159,199,203,170,95,69,30,27,28,59,93,142,179,200,151,107,84,29,44,34,59,112,157,186,206,136,95,50,38,22,36,51,82,131,191,195,161,121,61,44,29,42,65,104,151,202,176,158,116,58,38,31,35,43,119,147,183,174,131,112,78,49,26,36,52,104,148,190,193,151,111,56,40,25,26,834
335,112,138,201,176,162,102,63,40,37,30,53,96,155,194,200,158,94,71,32,17,27,44,90,148,220,203,165,117,61,31,24,39,59,85,128,188,199,161,131,76,38,33,47,68,104,161,219,167,155,94,59,34,29,19,47,81,137,181,210,171,130,54,34,23,36,65,87,168,192,202,159,107,63,40,28,34,61,92,137,180,189,149,110,65,34,31,41,56,100,172,171,196,161,105,52,35,22,28,827
374,78,166,188,202,157,98,78,42,38,24,49,89,169,198,172,156,110,61,34,31,29,41,93,146,203,214,158,105,62,44,31,38,49,97,136,180,201,164,135,46,37,34,32,61,102,177,192,184,142,111,62,25,23,21,46,95,128,202,204,147,114,81,31,29,22,57,106,156,195,195,159,119,72,37,30,38,49,85,128,191,171,169,112,67,41,32,28,53,90,166,201,202,201,105,50,29,22,24,832
339,106,130,204,201,162,112,80,33,26,32,50,99,165,178,196,171,96,69,41,16,22,43,80,152,197,202,181,112,47,43,31,30,59,81,150,192,192,177,124,69,37,22,34,68,121,165,187,188,153,101,46,32,19,32,42,95,144,175,217,163,99,85,34,20,33,56,92,146,198,200,177,119,56,42,28,32,63,82,131,149,200,168,120,67,44,23,35,44,96,140,204,221,169,107,51,24,19,24,825
351,89,154,179,194,179,118,77,44,25,32,62,104,142,187,172,168,113,66,32,30,23,38,93,137,220,189,160,117,57,32,30,37,55,75,152,212,184,163,128,62,38,37,28,64,108,171,178,207,161,104,54,34,14,28,47,91,152,198,217,143,131,70,32,19,34,46,89,150,206,190,186,93,91,25,28,28,62,104,110,182,185,159,134,82,32,32,33,51,83,153,216,218,143,97,58,36,20,20,843
364,107,150,197,185,162,130,57,43,33,42,65,93,148,180,160,168,119,77,41,24,27,52,93,150,183,207,171,104,60,36,21,33,60,87,133,185,209,169,98,71,44,27,32,68,132,153,181,202,131,100,64,30,12,20,50,93,153,202,200,176,100,62,28,26,28,54,113,144,168,230,171,110,64,26,17,32,54,81,141,163,195,170,134,65,27,35,43,50,107,163,201,203,152,100,58,37,17,27,825
364,95,145,199,187,185,124,60,39,24,43,60,97,154,167,174,169,118,70,34,24,33,54,84,155,211,195,152,106,49,45,25,25,49,76,154,190,205,182,116,63,42,29,45,55,117,164,202,168,144,98,59,31,29,22,54,90,164,206,202,162,108,58,26,22,28,62,92,150,203,209,173,107,63,27,24,28,49,88,129,163,186,176,106,97,38,29,42,52,97,147,220,182,179,98,60,33,23,20,807
349,92,141,191,193,195,114,55,49,32,28,48,85,140,170,198,173,123,72,41,23,24,52,109,172,183,197,145,118,59,30,20,25,47,91,141,196,216,171,109,66,44,32,39,64,89,169,219,178,136,101,62,33,30,24,51,86,168,206,200,154,110,65,27,28,37,45,89,150,239,177,158,124,50,28,19,28,52,70,119,174,178,198,127,80,36,39,32,55,111,162,197,174,171,89,67,29,20,38,808
346,97,135,200,204,153,120,72,38,28,33,52,87,159,141,219,182,113,75,33,25,31,62,109,170,187,171,170,116,57,31,18,20,54,95,140,191,202,188,107,62,34,28,37,65,112,160,198,200,145,92,55,29,26,21,50,88,139,202,215,172,104,55,29,21,45,69,91,168,206,203,165,105,39,28,20,29,51,83,131,161,211,165,115,79,57,28,42,59,104,161,206,173,165,100,58,33,28,36,812
352,98,148,215,176,176,104,68,39,34,25,46,103,160,186,186,172,111,64,34,20,28,69,102,168,193,181,159,113,39,31,31,32,44,94,128,188,206,174,120,55,26,32,38,58,105,155,211,197,167,92,41,30,16,34,54,81,152,201,196,157,113,67,34,22,40,54,108,133,212,210,163,98,48,24,23,23,48,84,152,162,184,164,118,95,50,35,41,60,98,163,199,177,155,95,56,30,31,30,788
360,99,131,188,202,171,125,72,40,30,29,43,107,153,183,184,166,120,66,32,18,37,66,106,153,191,215,143,106,51,21,27,30,64,73,126,196,219,170,107,59,40,25,48,60,105,162,204,205,139,83,61,33,23,27,60,108,159,197,197,165,108,60,27,17,29,63,122,152,197,206,172,103,58,29,14,24,43,92,153,147,177,165,130,67,52,40,58,42,107,145,199,193,146,109,68,34,32,34,805
357,86,131,200,214,164,102,70,44,27,29,39,80,157,204,182,175,115,71,28,21,31,65,93,162,184,192,153,106,61,23,29,28,68,90,129,198,190,157,112,63,29,29,36,69,118,170,206,179,134,99,59,38,22,33,63,101,161,197,199,156,101,62,29,16,24,60,111,151,181,210,179,107,59,23,14,25,44,94,135,176,180,161,106,101,60,42,38,53,83,138,204,213,159,113,68,38,25,24,802
357,95,144,181,177,189,123,67,40,16,40,39,95,140,180,210,146,148,55,26,17,31,73,95,163,199,181,150,109,60,40,30,30,61,79,136,188,205,168,119,64,42,26,36,60,111,157,186,184,145,100,64,32,20,31,62,95,156,186,193,166,117,51,29,16,33,64,109,149,183,231,164,92,45,28,20,15,33,100,124,159,205,168,111,81,46,34,39,66,70,137,192,219,155,121,65,40,37,29,790
382,75,143,210,190,170,102,70,49,30,47,45,87,142,196,207,158,126,68,32,13,23,66,103,153,181,204,153,113,56,35,36,33,50,89,146,180,198,165,131,62,38,27,30,59,87,162,182,193,148,112,60,32,28,32,58,106,178,190,201,178,92,53,30,16,35,60,123,151,196,199,157,108,49,32,16,14,48,87,146,184,183,171,106,78,49,40,43,56,102,140,191,198,146,128,69,45,36,19,790
354,93,128,219,205,149,115,67,39,41,33,58,75,152,192,206,174,110,76,29,21,35,54,103,139,189,191,178,83,72,33,35,23,61,93,148,169,192,176,126,74,32,22,30,60,110,138,184,199,167,112,68,36,31,34,64,107,130,199,209,183,95,50,27,31,37,57,98,160,193,205,163,97,61,31,24,23,46,89,154,166,171,153,112,71,49,36,37,43,107,154,190,191,148,108,77,41,25,25,807
377,82,144,183,194,178,101,61,42,29,28,51,93,138,191,218,173,108,65,31,19,23,58,98,143,189,199,169,95,77,36,31,30,54,98,150,179,195,177,113,68,37,25,27,74,91,147,202,177,154,117,54,36,20,41,72,99,143,173,206,179,96,61,23,21,25,62,110,170,196,202,176,89,55,33,20,22,58,104,145,148,183,162,113,74,45,37,39,56,96,151,194,220,145,128,71,30,23,31,789
370,76,158,189,190,158,119,65,35,24,22,48,104,148,212,191,166,114,60,31,20,27,47,97,151,203,206,160,127,64,38,18,25,50,98,150,184,206,167,115,67,33,25,31,68,99,144,186,185,148,128,60,38,24,25,63,92,133,192,201,197,104,58,20,25,35,48,103,144,198,208,168,108,48,37,21,28,56,87,120,160,198,173,112,67,58,32,37,49,108,163,215,195,153,107,56,38,34,23,771
369,90,133,187,220,149,114,79,43,22,27,48,103,160,197,187,177,116,61,36,17,35,36,94,128,179,194,191,133,67,33,22,38,41,93,138,199,205,178,118,53,46,23,30,61,118,156,156,200,156,117,67,36,24,35,54,85,149,194,198,186,97,63,33,19,25,59,96,156,200,204,161,96,48,35,29,24,62,78,128,181,199,165,111,89,46,36,37,65,127,162,203,188,144,107,65,35,28,24,783
350,95,140,200,204,160,110,79,42,21,33,53,103,153,212,175,166,98,72,28,25,29,47,100,121,178,172,193,127,83,28,26,31,33,85,133,196,214,190,120,66,38,22,43,59,96,139,181,178,173,118,68,24,24,37,60,102,131,165,220,161,128,53,39,27,24,45,104,160,192,206,171,94,50,34,30,27,39,117,124,170,186,180,104,84,47,29,27,79,103,149,198,195,167,98,64,49,28,25,790
376,105,132,186,206,182,119,54,33,21,32,62,84,146,196,214,139,107,66,40,21,40,55,72,130,193,180,184,131,65,41,21,32,47,62,141,197,212,166,132,67,31,33,36,46,106,142,175,199,172,110,61,31,24,32,46,90,143,189,186,175,106,65,40,36,31,44,99,155,199,196,196,106,45,24,19,26,55,79,131,155,208,153,125,72,49,35,38,68,89,139,200,192,156,107,66,36,29,25,776
393,85,140,183,214,164,114,72,26,27,34,58,96,150,166,201,164,93,82,28,30,28,50,108,137,173,194,169,128,57,44,29,28,33,64,153,194,222,188,135,51,39,23,29,61,95,144,203,189,164,124,49,28,13,32,57,102,174,184,174,184,116,66,31,32,34,54,106,149,188,206,169,105,49,27,24,21,50,94,142,160,179,174,123,75,57,35,47,80,97,170,173,217,149,100,71,33,22,32,774
367,91,143,188,224,173,98,56,38,17,33,57,96,152,192,202,180,106,58,38,23,29,55,100,144,180,196,173,101,71,45,22,24,25,77,148,208,203,196,103,67,31,30,31,50,98,152,193,199,161,113,55,25,19,29,59,112,143,163,200,153,116,64,48,25,35,59,79,171,194,228,164,104,49,30,18,27,40,85,147,193,180,151,116,81,51,35,41,73,101,164,211,187,155,98,58,32,23,42,783
378,94,171,203,178,167,116,60,26,18,29,61,97,159,191,193,163,106,61,27,21,17,46,108,145,191,178,172,117,81,41,20,27,30,73,143,199,211,176,138,63,30,27,36,61,96,149,193,183,164,92,70,46,14,33,68,94,154,209,176,151,106,74,41,35,30,43,109,165,191,217,153,106,50,37,21,31,45,72,143,201,168,160,129,64,46,36,37,76,114,136,203,234,136,94,62,33,23,35,770
361,91,165,215,201,166,100,63,35,25,32,61,110,135,176,212,196,92,46,23,21,21,40,100,164,177,179,178,119,82,29,28,16,36,79,145,186,186,176,148,69,38,23,46,83,87,153,166,190,146,108,82,38,22,21,63,108,172,185,210,152,91,80,35,28,33,51,93,145,205,227,161,94,47,33,25,16,47,81,143,163,191,161,119,77,44,33,42,71,102,162,208,205,150,85,49,25,31,36,787
343,93,174,207,196,138,109,62,43,20,40,53,98,136,180,217,165,116,43,30,16,32,42,76,141,216,172,192,126,64,42,22,27,41,92,138,177,198,190,113,79,41,22,40,60,113,150,172,167,152,111,63,35,18,35,38,102,187,176,190,166,104,59,37,21,32,50,92,158,205,199,157,104,60,29,13,19,49,80,137,187,189,165,110,91,48,28,40,54,115,171,223,186,154,84,57,29,24,36,807
359,89,165,189,199,155,119,70,33,25,38,64,88,149,196,181,177,115,58,21,18,36,39,90,154,195,179,174,121,74,41,30,21,39,81,148,177,205,155,135,83,44,27,29,62,107,162,194,178,149,120,56,31,17,40,56,92,151,184,201,174,117,67,24,14,31,64,93,158,191,207,154,102,56,37,18,20,53,87,135,191,206,140,124,80,52,39,34,73,109,165,207,208,132,89,52,25,26,27,810
330,80,162,193,215,152,104,80,34,29,32,52,105,144,176,181,178,113,68,36,24,28,55,96,130,192,168,173,120,71,44,25,29,39,84,136,180,209,164,138,87,46,23,28,47,115,157,216,171,164,97,65,34,24,34,47,100,161,199,182,161,111,63,29,31,28,52,106,145,220,186,169,95,68,23,25,21,50,79,136,194,189,172,128,68,45,30,36,80,108,155,187,210,134,100,52,32,21,26,829
340,84,163,195,204,170,113,67,39,29,20,47,96,125,205,180,171,132,82,38,19,35,48,100,142,182,204,149,114,74,42,24,28,50,85,131,168,189,185,126,65,40,22,25,57,111,168,205,180,137,107,48,51,25,32,58,91,157,186,203,155,123,56,38,29,31,49,96,163,198,197,153,124,62,20,17,28,54,73,126,165,222,174,101,70,43,43,46,68,104,178,200,198,130,101,60,27,24,35,811
339,99,144,196,203,159,129,70,39,22,30,47,91,140,175,189,163,127,87,47,26,32,47,93,146,185,196,169,117,66,41,26,29,52,86,125,187,194,182,155,66,31,23,28,58,112,162,198,187,135,102,74,34,26,33,57,106,148,189,205,168,118,58,35,24,29,60,85,164,201,190,152,110,58,31,17,23,58,98,132,186,211,171,119,67,34,32,46,67,110,173,201,208,155,91,51,30,28,36,786
359,87,147,172,203,191,109,78,29,26,28,47,101,123,185,185,158,137,91,45,35,20,68,77,154,202,214,144,111,79,33,17,33,47,84,137,182,213,185,110,79,21,19,22,56,116,157,176,190,144,97,79,40,23,24,54,95,135,196,222,166,113,67,32,23,26,56,107,170,198,168,153,104,57,32,24,30,56,89,130,184,192,186,110,71,42,26,32,56,116,174,224,201,138,84,59,28,27,23,799
361,86,130,197,183,172,120,84,39,26,21,41,72,134,192,200,156,138,95,37,27,29,49,90,147,202,232,167,110,63,20,25,29,54,94,131,199,213,176,119,61,31,17,24,54,93,147,200,185,150,124,85,27,21,32,59,94,147,189,209,157,96,62,36,28,35,64,97,143,205,181,160,116,67,31,21,35,40,94,146,185,173,162,126,72,58,28,30,60,109,166,213,192,148,82,56,24,32,20,802
393,92,126,184,198,159,124,98,49,23,19,52,76,122,174,200,165,132,73,42,23,27,57,88,126,213,202,187,105,57,30,22,30,59,97,140,157,205,183,120,69,39,28,26,45,92,152,195,198,159,112,73,33,20,32,50,99,160,201,193,180,105,61,39,25,23,44,112,138,204,206,158,105,63,36,23,23,45,95,134,190,193,161,114,74,57,29,37,55,107,167,205,190,168,88,43,30,23,20,786
365,82,140,194,191,156,131,75,40,26,28,47,82,130,187,186,166,127,79,42,24,33,54,88,136,195,200,187,106,61,25,20,21,50,106,150,195,194,170,114,78,37,22,31,49,75,159,205,195,156,105,72,28,27,35,55,104,144,196,199,187,109,57,31,24,20,46,96,144,209,207,159,97,66,33,21,32,47,97,136,184,185,172,111,91,41,19,37,57,106,175,211,197,147,92,53,36,20,26,801
351,92,125,206,201,173,89,66,44,27,32,51,82,128,189,202,156,123,71,51,21,35,52,108,133,197,206,172,98,63,39,18,28,63,97,143,191,190,166,117,88,38,23,27,56,93,138,180,190,154,104,72,38,23,29,53,108,179,171,219,153,112,47,29,20,30,42,96,176,209,204,158,99,59,34,25,23,54,86,134,186,185,152,115,73,43,32,37,65,96,161,205,189,153,97,61,30,27,32,810
371,74,156,182,207,165,100,58,47,35,31,44,78,136,189,200,166,111,73,54,40,36,52,89,151,185,201,168,123,68,39,19,35,54,85,161,185,167,172,117,73,44,20,35,60,96,140,192,184,163,112,68,34,29,26,53,97,166,193,192,182,100,57,35,24,30,43,101,161,198,198,153,114,75,26,19,24,50,97,127,191,184,163,119,64,47,31,53,56,115,150,199,190,139,100,58,26,33,25,801
365,101,139,194,186,175,107,67,28,21,30,52,81,118,206,198,157,124,94,54,43,39,53,82,146,189,215,164,110,54,46,20,30,49,100,154,174,187,186,122,66,39,37,41,54,94,140,185,182,160,101,73,31,11,30,59,94,164,177,204,152,139,57,30,21,37,44,95,133,191,195,165,130,70,28,14,22,54,80,132,195,192,168,127,72,42,42,34,84,107,154,201,172,155,120,61,34,18,29,828
376,103,142,193,178,169,110,47,28,29,35,49,82,115,179,179,162,133,88,60,45,39,50,84,151,190,209,151,111,74,42,21,22,53,87,147,194,197,183,117,63,46,41,40,58,98,156,164,187,182,110,69,21,21,28,55,89,163,174,215,172,107,63,44,25,28,47,87,136,179,205,189,130,67,36,25,21,44,88,128,183,195,161,138,68,48,30,36,59,104,158,181,206,168,103,44,23,24,33,793
352,108,142,177,200,159,110,61,39,39,30,43,79,131,169,186,174,115,100,51,37,26,42,105,150,192,189,156,145,60,33,28,16,49,80,143,179,228,169,119,77,42,30,39,52,105,152,177,210,150,107,49,30,12,36,49,89,149,193,219,164,112,69,37,26,22,46,88,161,206,181,169,116,72,32,17,23,55,76,127,167,188,172,150,83,32,31,40,46,106,159,199,195,166,101,56,26,21,34,830
363,79,143,180,187,184,102,56,34,30,40,40,85,128,174,189,159,137,84,47,26,23,51,80,146,183,203,199,108,50,33,24,21,41,78,156,196,209,181,107,73,39,22,41,57,100,154,185,208,161,100,65,35,19,26,45,94,131,176,240,179,114,62,28,25,32,50,76,167,182,205,156,127,74,29,22,19,46,99,129,165,174,187,120,92,56,20,35,70,113,156,186,189,166,111,65,31,21,35,820
340,72,153,196,221,140,90,65,38,24,39,55,75,146,188,205,170,109,74,50,32,34,51,91,136,167,227,178,113,57,33,16,18,44,79,130,213,213,156,119,77,35,28,33,52,89,149,186,204,158,111,60,42,18,26,35,87,151,212,209,159,104,69,35,22,32,51,74,148,194,208,201,99,62,33,12,33,42,85,122,179,187,179,125,85,56,23,34,63,110,151,183,196,153,105,63,35,21,34,822
327,80,148,193,200,157,118,50,39,33,28,47,77,141,185,223,154,118,61,38,34,33,54,99,140,190,209,169,121,68,39,17,16,48,81,125,197,216,175,117,66,35,25,36,52,86,134,181,231,170,104,57,31,36,24,52,84,152,203,197,179,105,74,25,21,23,49,77,134,201,222,182,120,72,22,18,29,39,82,125,175,188,186,132,69,37,33,30,67,86,150,189,199,160,111,53,36,31,24,862
335,81,148,193,180,152,130,72,48,33,41,40,79,133,190,203,175,120,76,43,19,32,40,97,132,190,203,160,109,59,39,26,30,39,88,132,198,215,174,107,82,33,28,28,48,87,128,203,180,203,103,59,40,31,27,50,104,125,195,203,176,111,77,29,19,18,44,91,145,198,204,170,122,56,43,21,19,47,78,136,158,203,185,136,70,43,20,38,50,87,171,197,187,166,112,53,33,18,31,836
346,88,130,204,193,166,113,56,44,34,25,41,98,123,192,209,160,126,67,33,26,23,55,109,144,168,216,161,123,72,38,27,25,41,84,132,201,191,162,117,83,50,35,29,46,86,141,182,200,169,131,70,34,22,26,62,102,135,172,205,161,115,78,43,19,25,45,79,158,193,217,182,119,71,34,20,23,49,81,135,170,188,175,134,74,35,27,35,61,101,138,182,194,148,125,65,32,38,19,828
334,83,132,202,216,162,103,71,44,28,32,42,96,127,216,204,155,99,67,49,23,28,47,92,150,185,183,168,109,74,45,26,20,46,85,154,214,171,145,125,87,52,28,35,51,92,153,172,170,176,136,73,33,28,32,40,84,160,188,182,160,124,73,43,22,32,48,67,130,191,221,206,124,62,36,23,21,48,80,127,167,189,171,142,88,33,20,36,56,120,143,155,194,146,122,83,39,29,26,848
345,101,150,181,192,166,107,75,40,27,29,47,78,162,191,176,170,105,74,32,39,32,48,90,141,206,198,172,101,65,42,23,23,52,89,122,187,198,159,151,66,45,31,39,64,77,155,177,165,178,129,72,37,35,35,52,93,140,168,202,160,101,80,34,27,34,48,78,142,207,184,183,146,63,35,25,36,38,67,117,190,185,181,114,64,41,37,42,51,86,147,198,185,161,123,71,52,29,24,820
345,89,151,210,203,161,98,80,40,21,29,60,83,131,183,196,166,128,74,47,39,26,47,101,138,209,196,162,120,69,29,16,19,49,80,133,194,182,191,127,78,49,27,38,61,75,150,174,177,167,110,67,50,32,42,44,76,140,184,197,181,103,70,36,34,35,36,88,132,179,213,181,132,73,34,27,40,44,67,117,207,192,172,115,72,45,28,34,50,95,144,185,178,169,122,79,54,24,35,800
356,96,126,194,229,169,123,69,40,22,31,53,83,133,176,183,172,129,70,46,37,25,59,100,135,204,200,164,98,72,41,18,27,46,78,121,189,205,161,111,90,48,36,34,48,94,158,160,175,154,125,73,38,35,39,49,77,138,207,183,189,92,74,41,25,41,57,79,148,192,212,193,113,57,35,28,34,62,75,143,175,203,175,88,61,47,37,30,44,73,168,192,181,148,126,60,52,37,41,789
347,96,147,177,188,197,121,58,33,43,34,46,67,141,169,198,160,129,70,46,35,37,58,91,136,205,199,143,113,70,57,19,36,43,93,141,167,190,159,133,76,55,25,33,56,87,152,176,183,158,119,65,56,36,34,40,87,145,181,199,151,124,78,32,22,39,53,92,155,180,231,159,104,55,35,31,31,48,92,149,169,192,165,105,53,39,44,45,47,104,143,184,186,145,118,73,48,36,47,791
381,89,151,181,194,163,132,69,47,30,24,60,82,153,191,197,147,121,71,46,33,38,49,94,150,183,186,148,116,80,46,37,22,53,99,135,181,177,174,121,79,40,25,36,32,94,130,196,176,184,128,77,44,45,27,43,85,142,175,208,176,110,66,48,30,41,54,109,146,194,184,164,107,71,41,24,32,56,87,131,174,175,151,129,78,47,42,37,46,90,145,184,190,179,113,66,54,33,31,785
381,87,138,183,206,171,107,81,37,38,38,37,80,129,176,177,156,128,78,52,33,30,43,86,152,195,188,169,113,61,60,31,32,62,86,128,174,201,181,112,65,47,22,33,37,79,155,187,182,157,132,73,40,45,32,53,91,139,174,199,182,108,74,39,28,37,54,102,158,166,191,192,96,75,36,41,23,53,83,121,179,168,134,127,88,58,49,43,60,76,144,175,199,183,106,77,34,33,31,768
384,85,119,202,219,188,120,65,47,32,37,60,80,143,182,184,153,111,81,52,46,40,53,87,135,192,169,178,120,76,44,32,40,42,86,132,162,198,180,123,79,39,21,33,53,75,152,180,171,166,119,71,54,40,35,64,105,138,168,195,161,113,69,35,35,26,58,93,167,206,204,163,94,65,41,29,24,47,82,117,177,165,155,139,94,62,39,25,61,88,135,187,179,160,122,64,53,35,36,745
378,87,120,176,202,186,141,88,41,32,33,54,84,131,174,205,140,119,79,51,40,40,49,77,154,181,171,168,129,64,47,34,28,47,95,135,174,185,182,117,78,52,31,27,53,83,137,188,173,197,96,82,44,33,35,65,90,146,197,182,181,119,70,37,33,32,57,102,157,215,191,159,102,60,35,31,28,39,68,130,163,173,168,123,87,50,46,37,52,85,121,187,196,158,125,89,43,34,37,758
407,73,114,158,195,179,160,89,48,29,41,49,84,132,166,194,164,118,73,62,39,31,59,86,131,199,209,159,137,65,38,32,29,43,76,128,171,194,176,141,76,46,40,33,42,112,135,174,171,152,123,99,48,34,28,62,92,137,162,199,161,124,78,44,31,41,40,101,165,180,185,179,108,68,46,38,21,51,60,102,175,182,164,119,73,70,42,46,57,87,120,194,188,167,126,77,50,45,36,753
405,74,100,175,201,168,169,86,53,42,33,49,88,111,156,193,178,130,84,50,38,31,44,83,149,183,174,164,127,57,46,37,36,46,84,128,160,180,146,144,89,54,39,34,55,97,145,178,150,170,115,81,45,38,42,53,93,157,165,170,162,125,82,52,36,35,49,96,135,203,175,161,122,84,43,30,23,64,60,99,157,189,176,122,81,76,44,36,48,80,131,185,194,179,104,68,43,51,44,726
390,72,119,162,200,179,135,94,52,45,44,51,63,124,157,201,177,138,81,50,34,35,50,86,167,179,175,169,132,76,46,37,30,39,75,120,178,172,149,130,96,66,41,34,51,90,129,161,174,172,141,82,50,36,37,51,98,139,173,165,159,110,101,42,41,41,51,95,142,188,185,163,131,78,40,19,22,53,62,105,147,204,175,130,91,50,58,47,43,95,140,182,180,158,115,64,47,43,45,764
394,87,121,173,190,154,126,101,65,39,48,48,63,109,181,178,172,137,96,47,35,31,65,97,126,158,202,167,118,81,41,29,30,46,60,130,165,175,180,133,81,61,37,41,65,76,101,183,177,162,127,87,63,50,35,66,99,130,174,161,165,117,81,55,40,31,49,104,165,165,184,176,135,59,45,20,23,31,78,111,161,188,176,131,81,53,47,39,49,100,148,200,169,151,95,81,52,51,47,748
406,87,125,127,189,172,143,92,69,46,41,50,82,102,168,158,170,146,86,55,42,31,42,84,136,178,196,173,126,71,53,27,34,42,78,138,155,162,175,128,104,45,38,56,43,81,117,158,206,144,141,96,55,45,50,67,102,137,163,155,162,112,72,56,37,36,56,97,142,175,179,184,124,87,37,29,24,25,75,115,162,185,177,119,100,60,38,42,54,94,148,182,189,138,100,79,57,51,35,737
458,87,123,139,166,179,134,100,73,38,53,62,94,107,143,161,170,133,102,60,47,22,44,78,149,179,170,160,109,95,53,41,22,35,82,151,139,178,159,135,89,56,41,44,60,76,113,140,181,194,129,78,57,60,60,67,70,126,181,174,144,115,74,59,33,39,68,86,135,170,180,177,135,61,58,40,17,39,73,120,149,183,157,135,89,54,52,46,66,87,137,169,187,162,82,105,61,41,49,724
426,89,103,151,169,169,147,95,63,55,53,54,82,125,141,175,155,129,104,64,41,41,37,85,134,173,173,174,139,70,64,39,35,40,78,118,170,165,177,143,86,61,46,45,53,93,109,145,188,150,127,73,65,44,44,67,87,123,188,170,161,109,85,61,43,34,49,87,130,155,203,162,130,89,39,36,24,38,65,114,150,168,159,140,88,55,47,46,63,108,131,177,177,147,110,89,59,42,31,720
458,107,109,140,163,158,146,95,74,46,51,51,78,115,159,173,163,118,98,62,41,40,44,67,151,187,171,172,123,69,54,52,44,45,98,99,150,178,161,130,100,65,45,47,66,79,115,157,178,147,108,91,73,66,33,60,98,143,144,183,158,120,96,53,40,34,42,87,122,165,196,167,145,99,56,37,31,34,59,120,157,176,164,115,92,67,56,60,56,97,154,148,187,156,111,81,69,36,50,704
444,119,103,141,168,170,126,81,64,59,52,56,75,110,159,165,152,131,93,74,45,37,44,83,119,182,196,171,107,85,62,40,39,56,82,110,144,164,152,131,105,60,55,56,68,82,112,141,129,154,136,83,91,48,46,66,86,136,169,181,155,117,89,58,47,31,55,78,120,153,196,171,145,79,74,40,30,41,75,120,158,164,146,124,85,67,72,44,57,92,148,179,161,119,121,83,62,51,57,708
474,91,112,150,154,145,129,91,80,70,48,49,79,119,132,185,158,126,115,77,52,39,58,82,144,157,166,167,118,75,62,55,46,54,81,137,125,153,163,134,98,80,45,70,66,83,117,142,150,126,130,103,78,59,55,61,92,127,147,184,144,108,97,68,53,44,45,70,102,150,199,169,150,94,70,52,40,45,77,107,144,149,143,126,86,79,47,45,62,90,125,174,176,137,117,91,65,59,49,707
462,84,107,137,165,131,125,85,73,64,64,52,64,105,139,175,147,125,94,80,58,54,59,83,123,146,153,141,135,92,55,71,46,52,84,118,129,149,135,130,99,71,57,53,67,87,108,153,140,137,114,113,71,64,64,77,78,119,147,168,124,104,87,76,64,42,60,86,110,148,175,174,130,88,81,44,41,54,81,102,138,144,134,112,96,64,68,41,59,68,125,157,185,130,116,85,72,55,50,672
433,74,108,133,136,106,90,91,75,61,47,57,68,93,118,143,118,101,96,67,60,49,63,77,105,133,124,116,119,97,86,53,57,47,61,119,118,113,125,132,91,72,46,58,56,79,98,117,143,119,121,96,75,55,35,65,79,106,129,115,129,99,74,66,65,48,56,70,90,137,149,150,89,89,77,47,45,51,79,81,120,121,114,112,68,75,54,51,49,65,108,128,139,132,105,73,63,56,47,613
361,64,62,93,82,82,71,63,45,45,34,40,64,72,98,86,89,69,67,59,48,38,50,63,65,109,96,93,83,64,71,56,45,41,49,75,94,86,88,102,71,62,40,37,38,65,61,102,96,82,90,86,62,42,48,41,58,85,84,118,101,87,53,51,45,52,48,62,94,91,103,102,118,59,55,39,44,38,60,76,84,86,79,82,59,64,44,35,33,48,78,98,103,93,83,68,50,36,48,421
204,23,49,46,58,42,31,40,27,29,23,25,33,30,50,60,47,41,32,27,31,19,30,32,34,49,59,50,57,33,29,36,33,22,24,34,46,40,53,65,48,34,26,20,16,30,40,45,61,53,37,48,27,34,19,20,40,41,68,63,74,33,49,23,31,31,27,28,39,56,63,55,58,43,34,25,25,30,33,42,51,43,48,55,49,31,25,24,19,26,45,53,53,50,45,28,19,23,28,252
75,15,25,20,11,20,18,14,14,10,12,6,12,9,21,17,18,17,15,6,6,2,9,13,10,19,29,28,14,17,12,14,6,16,7,5,22,11,24,22,26,13,8,5,8,10,15,14,18,24,18,11,10,6,11,9,14,16,20,24,15,17,20,12,7,8,9,12,12,21,19,22,21,14,11,14,9,20,13,12,17,13,24,18,13,14,10,11,8,16,8,21,18,16,23,14,7,9,8,88
17,6,4,3,0,1,4,4,2,0,2,5,3,5,3,5,3,2,5,0,0,1,2,3,3,6,6,3,0,1,5,4,1,3,2,0,5,5,5,4,4,4,2,1,1,0,2,2,4,1,5,2,5,1,6,1,1,0,4,2,1,1,2,10,3,2,1,0,3,2,0,3,1,5,0,7,2,3,2,1,3,2,3,2,3,0,1,0,1,6,4,4,6,12,3,3,2,1,2,6
1,0,0,0,0,0,0,0,0,0,0,2,1,0,2,2,2,0,0,0,0,0,0,0,1,1,0,0,1,0,0,0,1,0,0,0,0,0,0,1,0,0,0,0,0,0,0,0,0,1,0,0,1,0,0,0,0,1,0,0,0,0,0,0,0,0,0,0,1,0,2,0,0,1,0,0,0,0,0,0,0,0,0,0,0,0,0,0,0,2,2,1,1,1,0,0,0,0,0,0
0,0,0,0,0,0,0,0,0,0,0,0,0,0,0,0,0,1,0,0,0,0,0,0,0,0,0,0,0,0,0,0,0,0,0,0,0,0,0,0,0,0,0,0,0,0,0,0,0,0,0,0,0,0,0,0,0,0,0,0,0,0,0,0,0,0,0,0,0,0,0,0,0,0,0,0,0,0,0,0,0,0,0,0,0,0,0,0,0,0,1,0,0,0,0,0,0,0,0,0
0,0,0,0,0,0,0,0,0,0,0,0,0,0,0,0,0,0,0,0,0,0,0,0,0,0,0,0,0,0,0,0,0,0,0,0,0,0,0,0,0,0,0,0,0,0,0,0,0,0,0,0,0,0,0,0,0,0,0,0,0,0,0,0,0,0,0,0,0,0,0,0,0,0,0,0,0,0,0,0,0,0,0,0,0,0,0,0,0,0,0,0,0,0,0,0,0,0,0,0
0,0,0,0,0,0,0,0,0,0,0,0,0,0,0,0,0,0,0,0,0,0,0,0,0,0,0,0,0,0,0,0,0,0,0,0,0,0,0,0,0,0,0,0,0,0,0,0,0,0,0,0,0,0,0,0,0,0,0,0,0,0,0,0,0,0,0,0,0,0,0,0,0,0,0,0,0,0,0,0,0,0,0,0,0,0,0,0,0,0,0,0,0,0,0,0,0,0,0,0
0,0,0,0,0,0,0,0,0,0,0,0,0,0,0,0,0,0,0,0,0,0,0,0,0,0,0,0,0,0,0,0,0,0,0,0,0,0,0,0,0,0,0,0,0,0,0,0,0,0,0,0,0,0,0,0,0,0,0,0,0,0,0,0,0,0,0,0,0,0,0,0,0,0,0,0,0,0,0,0,0,0,0,0,0,0,0,0,0,0,0,0,0,0,0,0,0,0,0,0
0,0,0,0,0,0,0,0,0,0,0,0,0,0,0,0,0,0,0,0,0,0,0,0,0,0,0,0,0,0,0,0,0,0,0,0,0,0,0,0,0,0,0,0,0,0,0,0,0,0,0,0,0,0,0,0,0,0,0,0,0,0,0,0,0,0,0,0,0,0,0,0,0,0,0,0,0,0,0,0,0,0,0,0,0,0,0,0,0,0,0,0,0,0,0,0,0,0,0,0
0,0,0,0,0,0,0,0,0,0,0,0,0,0,0,0,0,0,0,0,0,0,0,0,0,0,0,0,0,0,0,0,0,0,0,0,0,0,0,0,0,0,0,0,0,0,0,0,0,0,0,0,0,0,0,0,0,0,0,0,0,0,0,0,0,0,0,0,0,0,0,0,0,0,0,0,0,0,0,0,0,0,0,0,0,0,0,0,0,0,0,0,0,0,0,0,0,0,0,0
