-4.85721,0.154223
-4.87662,0.346883
-4.9189,0.543771
-4.87235,0.738844
-4.926,0.91808
-4.86386,1.11473
-4.89645,1.31355
-4.90378,1.52201
-5.00856,1.71982
-5.05116,1.91606
-5.0382,2.12303
-5.08833,2.31154
-5.23099,2.47331
-5.23936,2.68011
-5.27718,2.87775
-5.47583,2.80582
-5.45201,3.00661
-5.37464,3.19118
-5.22658,3.32951
-5.19785,3.54176
-5.24521,3.74851
-5.27828,3.95631
-5.33595,4.16341
-5.31402,4.37618
-5.22653,4.55076
-5.33042,4.74039
-5.22093,4.89582
-5.1984,5.08721
-5.14124,5.27095
-5.00958,5.41556
-5.0403,5.62087
-4.91558,5.78146
-4.86954,5.97473
-4.72363,6.13992
-4.63597,6.32282
-4.70271,6.52265
-4.68993,6.74962
-4.81817,6.90968
-4.79417,7.10026
-4.92551,7.26482
-4.82053,7.4232
-4.65557,7.5567
-4.67524,7.7509
-4.67915,7.96793
-4.71865,8.17091
-4.65734,8.3592
-4.67777,8.56935
-4.5487,8.71484
-4.59097,8.92165
-4.51985,9.11044
-4.5984,9.31075
-4.69682,9.49001
-4.7688,9.69335
-4.59588,9.81797
-4.63572,10.0119
-4.6169,10.211
-4.48876,10.377
-4.47788,10.5837
-4.37369,10.7499
-4.43535,10.939
-4.51888,11.114
-4.56733,11.3045
-4.56066,11.4953
-4.62761,11.7088
-4.54998,11.9045
-4.56544,12.095
-4.56261,12.3002
-4.43305,12.4542
-4.28188,12.5884
-4.30961,12.7948
-4.40762,12.9709
-4.34512,13.1582
-4.43491,13.3476
-4.37265,13.5558
-4.37364,13.7519
-4.43081,13.9387
-4.36958,14.125
-4.32672,14.3268
-4.45215,14.4995
-4.53741,14.6687
-4.3755,14.8022
-4.44097,14.9932
-4.49611,15.1971
-4.53425,15.3817
-4.60328,15.57
-4.50044,15.747
-4.61836,15.913
-4.49921,16.0771
-4.39997,16.2493
-4.53173,16.3968
-4.51098,16.6014
-4.5944,16.7775
-4.4908,16.9448
-4.46703,17.1569
-4.3907,17.3359
-4.42803,17.5306
-4.46229,17.7272
-4.58299,17.8946
-4.52339,18.0904
-4.49736,18.2833
-4.49103,18.4957
-4.40004,18.6827
-4.47671,18.8709
-4.41014,19.0605
-4.37236,19.2597
-4.28859,19.442
-4.3418,19.641
-4.37938,19.8418
-4.19879,19.9303
-4.30896,20.1115
-4.34606,20.3023
-4.29141,20.4963
-4.23571,20.6927
-4.3172,20.8788
-4.26464,21.0796
-4.27899,21.2869
-4.30708,21.4892
-4.30628,21.6852
-4.22905,21.8692
-4.30545,22.0515
-4.12293,22.1121
-4.06557,22.3094
-4.13185,22.4992
-4.30396,22.6257
-4.39403,22.7932
-4.3776,22.9867
-4.51967,23.1258
-4.6214,23.2888
-4.54175,23.4599
-4.59475,23.6592
-4.51889,23.8446
-4.46875,24.0456
-4.44948,24.2405
-4.34283,24.4107
-4.21417,24.5724
-4.27779,24.7638
-4.23974,24.9679
-4.37366,25.1382
-4.43804,25.3201
-4.53616,25.499
-4.63275,25.6839
-4.57734,25.8732
-4.62096,26.0653
-4.61363,26.2592
-4.58995,26.4675
-4.64021,26.676
-4.75232,26.8366
-4.62786,27.0023
-4.68664,27.2069
-4.54773,27.3524
-4.5553,27.5384
-4.43066,27.7085
-4.45677,27.8943
-4.30506,28.0186
-4.29317,28.2023
-4.31357,28.4136
-4.2461,28.5992
-4.2482,28.8109
-4.36904,28.9807
-4.29734,29.1724
-4.31269,29.3596
-4.29168,29.562
-4.21333,29.7475
-4.12919,29.9195
-4.28388,30.0748
-4.2788,30.2641
-4.19693,30.4561
-4.12785,30.6468
-4.18322,30.8413
-4.24553,31.0445
-4.35333,31.2052
-4.40585,31.4059
-4.53364,31.5661
-4.60356,31.7443
-4.57444,31.9432
-4.51729,32.1392
-4.38033,32.2845
-4.46001,32.4876
-4.49102,32.6869
-4.61002,32.8557
-4.48664,33.0138
-4.5635,33.205
-4.42369,33.3689
-4.53182,33.5439
-4.42976,33.7147
-4.41856,33.9164
-4.4277,34.1291
-4.39469,34.3221
-4.19488,34.3775
-4.24717,34.5703
-4.20629,34.7745
-4.04989,34.899
-4.00419,35.1023
-3.84565,35.2332
-3.77795,35.4262
-3.74501,35.6239
-3.80344,35.8182
-3.92465,35.9826
-3.87614,36.1907
-3.76045,36.3515
-4.35128,0.174069
-4.40484,0.359263
-4.31406,0.538986
-4.42543,0.695419
-4.51814,0.893009
-4.5122,1.10468
-4.475,1.30349
-4.51169,1.50019
-4.33399,1.62764
-4.39315,1.83528
-4.47113,2.03672
-4.42324,2.22933
-4.25744,2.32712
-4.13302,2.46305
-4.1065,2.66631
-4.12275,2.86722
-4.25701,3.03175
-4.25951,3.23943
-4.14021,3.41045
-3.96277,3.54379
-3.98066,3.72713
-4.08157,3.89884
-4.19241,4.07527
-4.14946,4.28376
-4.12594,4.48031
-4.13813,4.68417
-4.12034,4.88273
-4.17993,5.07647
-4.18418,5.2824
-4.00314,5.37269
-4.03977,5.58152
-3.88242,5.7083
-3.94588,5.90859
-3.94619,6.1128
-4.12481,6.17163
-4.10615,6.36302
-3.93031,6.45011
-4.00906,6.6405
-3.81655,6.71902
-3.79277,6.92272
-3.74411,7.12667
-3.62468,7.28838
-3.48414,7.434
-3.59711,7.60594
-3.48224,7.77737
-3.35587,7.92663
-3.44761,8.09031
-3.42579,8.29719
-3.2708,8.4159
-3.27245,8.61957
-3.14707,8.79701
-3.29306,8.92845
-3.31267,9.13611
-3.37662,9.31309
-3.42062,9.5192
-3.5059,9.6923
-3.69202,9.79731
-3.54063,9.91753
-3.47838,10.1081
-3.46214,10.3201
-3.33441,10.4664
-3.33265,10.669
-3.41947,10.8635
-3.3082,11.0207
-3.27299,11.2256
-3.26494,11.4357
-3.19697,11.6346
-3.17237,11.8481
-3.23711,12.0206
-3.22193,12.2147
-3.27861,12.424
-3.4254,12.5777
-3.46824,12.7694
-3.41841,12.9677
-3.51041,13.1746
-3.70672,13.2339
-3.80499,13.4043
-3.75143,13.5934
-3.82074,13.7932
-3.77303,13.9869
-3.75966,14.1879
-3.72686,14.3901
-3.78231,14.5949
-3.78542,14.8014
-3.76825,14.9938
-3.78943,15.2022
-3.76569,15.4157
-3.79782,15.595
-3.67882,15.7396
-3.63159,15.9339
-3.70566,16.1201
-3.61968,16.2932
-3.42014,16.3348
-3.27173,16.4879
-3.24414,16.695
-3.14926,16.8784
-3.04317,17.0729
-2.99736,17.2617
-3.11235,17.4211
-3.26263,17.5698
-3.321,17.7593
-3.42592,17.9474
-3.49848,18.1303
-3.67322,18.2105
-3.53088,18.3572
-3.48558,18.5596
-3.30728,18.6789
-3.38518,18.8627
-3.19824,18.9687
-3.22141,19.1649
-3.32046,19.3291
-3.34823,19.533
-3.38391,19.7453
-3.48296,19.908
-3.59294,20.0924
-3.66314,20.292
-3.69944,20.5098
-3.66396,20.7004
-3.77193,20.87
-3.72306,21.0564
-3.71707,21.2511
-3.67616,21.4493
-3.50683,21.5594
-3.56274,21.7568
-3.48435,21.9556
-3.46321,22.1655
-3.58189,22.3445
-3.67979,22.5328
-3.73558,22.7118
-3.68923,22.9157
-3.62204,23.1111
-3.65346,23.3143
-3.68798,23.5035
-3.67063,23.7068
-3.59634,23.8896
-3.49059,24.0702
-3.53833,24.2573
-3.59872,24.4507
-3.67214,24.6229
-3.63723,24.8317
-3.53833,24.9873
-3.54317,25.1942
-3.60328,25.3831
-3.66908,25.5697
-3.47835,25.6414
-3.54797,25.835
-3.50629,26.047
-3.60392,26.2129
-3.48237,26.3762
-3.58756,26.5611
-3.70714,26.741
-3.55047,26.8587
-3.7283,26.9681
-3.58846,27.1157
-3.56231,27.3244
-3.60914,27.5207
-3.5597,27.7261
-3.54067,27.9237
-3.46868,28.1278
-3.51803,28.3293
-3.58273,28.5164
-3.67196,28.703
-3.55115,28.8699
-3.47445,29.0711
-3.32532,29.2145
-3.39845,29.4047
-3.45165,29.5844
-3.6014,29.7203
-3.46296,29.8738
-3.2867,29.962
-3.2875,30.175
-3.45273,30.2976
-3.36552,30.4784
-3.443,30.6736
-3.45898,30.8796
-3.4946,31.0812
-3.40273,31.2619
-3.28776,31.4428
-3.37398,31.6293
-3.30355,31.8262
-3.27105,32.0418
-3.16072,32.2268
-3.25471,32.405
-3.32828,32.5963
-3.10856,32.5746
-3.03712,32.7697
-3.23179,32.7547
-3.25638,32.9595
-3.43564,33.0698
-3.32304,33.2598
-3.27499,33.4653
-3.31085,33.6621
-3.39049,33.8328
-3.37836,34.0231
-3.40825,34.2131
-3.50661,34.3777
-3.56214,34.5619
-3.51498,34.7583
-3.70711,34.8745
-3.67379,35.0906
-3.69056,0.148599
-3.72158,0.341694
-3.60827,0.498332
-3.74919,0.656507
-3.63998,0.833239
-3.67842,1.03064
-3.72896,1.22988
-3.65738,1.42122
-3.59489,1.6226
-3.5756,1.81821
-3.68603,2.01999
-3.67801,2.21646
-3.71179,2.41845
-3.55253,2.54982
-3.5064,2.7528
-3.38508,2.91135
-3.47771,3.08544
-3.54218,3.26761
-3.48542,3.458
-3.35856,3.62777
-3.20851,3.76673
-3.30224,3.94642
-3.29062,4.14647
-3.07966,4.12822
-3.14152,4.30919
-3.14514,4.50682
-3.0583,4.6836
-3.02845,4.86936
-2.89788,5.02274
-2.80677,5.21036
-2.88093,5.4048
-2.90643,5.60457
-2.86594,5.81925
-2.91869,6.00949
-2.7619,6.13866
-2.85355,6.32388
-2.70843,6.44858
-2.7489,6.66831
-2.68399,6.87772
-2.61119,7.0621
-2.74966,7.20605
-2.58536,7.32628
-2.53595,7.51578
-2.59382,7.72065
-2.60254,7.92954
-2.58368,8.12685
-2.76916,8.21676
-2.63104,8.37879
-2.51015,8.54576
-2.59992,8.74104
-2.49041,8.92284
-2.6466,9.05143
-2.6645,9.25625
-2.71332,9.45319
-2.71545,9.67529
-2.65045,9.86626
-2.66614,10.0614
-2.63153,10.2578
-2.42178,10.3309
-2.48828,10.5283
-2.51488,10.7186
-2.43757,10.9159
-2.54535,11.0839
-2.64341,11.2698
-2.75004,11.4454
-2.63024,11.6282
-2.67386,11.8284
-2.66524,12.0258
-2.60972,12.2074
-2.55364,12.4028
-2.57229,12.5998
-2.62888,12.8119
-2.71258,12.9921
-2.6882,13.186
-2.8925,13.1432
-2.83449,13.3519
-2.71304,13.5336
-2.76742,13.7328
-2.7726,13.9409
-2.65374,14.121
-2.72001,14.3257
-2.59322,14.4827
-2.64488,14.6816
-2.81753,14.7668
-2.84546,14.9768
-2.834,15.182
-2.91574,15.3573
-2.85254,15.5519
-2.96301,15.725
-2.83868,15.8673
-2.62815,15.8812
-2.60817,16.0732
-2.54369,16.2841
-2.33972,16.3217
-2.21496,16.4732
-2.13908,16.6516
-2.29462,16.798
-2.38188,17.0049
-2.33517,17.1978
-2.29087,17.3918
-2.48411,17.4345
-2.60222,17.5932
-2.48838,17.7605
-2.49719,17.9675
-2.3854,18.1335
-2.44623,18.3284
-2.38509,18.5245
-2.20195,18.6028
-2.12307,18.7754
-2.21769,18.9771
-2.27581,19.163
-2.27752,19.3654
-2.35961,19.5413
-2.34302,19.749
-2.33165,19.9516
-2.41301,20.1663
-2.51236,20.3467
-2.66793,20.4769
-2.62829,20.677
-2.60896,20.9059
-2.58336,21.1087
-2.60423,21.3175
-2.58864,21.5186
-2.67355,21.7118
-2.69841,21.9082
-2.74471,22.0959
-2.73003,22.289
-2.63953,22.4897
-2.64873,22.7003
-2.65277,22.8931
-2.55353,23.0752
-2.48424,23.2697
-2.4034,23.4619
-2.57554,23.5729
-2.72129,23.6932
-2.6977,23.8925
-2.56212,24.0408
-2.47811,24.2316
-2.33027,24.3631
-2.39002,24.5779
-2.46053,24.7698
-2.38148,24.9547
-2.37338,25.1691
-2.34828,25.3713
-2.32065,25.5705
-2.31272,25.7709
-2.34005,25.9778
-2.33263,26.1836
-2.3196,26.3851
-2.37225,26.5802
-2.39012,26.783
-2.48414,26.9709
-2.58343,27.1574
-2.52339,27.3443
-2.56337,27.5368
-2.6937,27.6829
-2.62223,27.8766
-2.54003,28.0779
-2.65005,28.2625
-2.7227,28.4635
-2.68242,28.682
-2.63918,28.8842
-2.62513,29.0974
-2.70111,29.2958
-2.72041,29.4902
-2.60319,29.6791
-2.65937,29.8666
-2.50857,29.9915
-2.66954,30.0919
-2.75278,30.2894
-2.55301,30.3635
-2.51894,30.5684
-2.54951,30.774
-2.6119,30.9581
-2.52548,31.1325
-2.3545,31.2275
-2.43769,31.4022
-2.40078,31.6229
-2.46223,31.8339
-2.49775,32.013
-2.45639,32.2042
-2.33012,32.3711
-2.42499,32.5552
-2.48499,32.7616
-2.41949,32.9512
-2.44422,33.1449
-2.44995,33.3401
-2.50696,33.5331
-2.36143,33.6585
-2.28902,33.8584
-2.16297,33.9971
-2.27174,34.1554
-2.29113,34.3647
-2.3641,34.5696
-2.48107,34.7639
-2.48982,34.96
-2.47489,35.161
-2.47912,35.3675
-2.57826,35.5592
-2.60773,35.7522
-2.41561,0.358184
-2.54813,0.517886
-2.56384,0.712928
-2.60573,0.903087
-2.52127,1.07855
-2.41504,1.23917
-2.30871,1.42201
-2.48734,1.54656
-2.46267,1.7422
-2.51256,1.92964
-2.39354,2.11612
-2.3051,2.29886
-2.32082,2.50693
-2.23512,2.68508
-2.22669,2.89998
-2.15522,3.09339
-2.20373,3.28721
-2.16878,3.49219
-2.14692,3.70335
-2.17771,3.9044
-2.16543,4.10614
-2.10016,4.30183
-2.17816,4.49668
-2.02782,4.62839
-1.9828,4.82317
-2.11477,4.97862
-2.18403,5.1646
-2.08414,5.32345
-2.17647,5.50944
-2.30982,5.67296
-2.2404,5.86464
-2.16515,6.05286
-2.03688,6.20797
-1.96209,6.40421
-1.98477,6.59028
-2.06927,6.7702
-1.97976,6.94787
-1.99013,7.14782
-2.10504,7.31798
-1.93393,7.45078
-1.82958,7.61911
-1.77022,7.81213
-1.80447,8.02279
-1.76374,8.22579
-1.91254,8.3525
-1.97822,8.5504
-2.07985,8.72072
-2.07847,8.92398
-1.91885,9.01747
-1.9944,9.21051
-1.97241,9.42603
-1.92717,9.62309
-1.88454,9.8162
-1.90995,10.0142
-1.7421,10.126
-1.60838,10.2685
-1.65568,10.4756
-1.71114,10.6755
-1.56783,10.8438
-1.64078,11.0188
-1.62068,11.2138
-1.56464,11.4132
-1.52029,11.5977
-1.54863,11.7901
-1.38212,11.914
-1.25848,12.0857
-1.19657,12.2892
-1.29144,12.4714
-1.37304,12.6682
-1.42227,12.8629
-1.32811,13.0487
-1.15091,13.131
-1.20915,13.3052
-1.17159,13.5197
-1.13251,13.7224
-1.19748,13.9078
-1.2595,14.098
-1.19924,14.294
-1.20046,14.4924
-1.23442,14.7
-1.14693,14.8742
-1.08896,15.0649
-1.10218,15.2699
-1.26494,15.3707
-1.1797,15.5692
-1.12675,15.7693
-1.13944,15.9619
-1.19467,16.1641
-1.33214,16.3251
-1.3301,16.5324
-1.31892,16.745
-1.43515,16.9279
-1.3736,17.1195
-1.34177,17.3263
-1.25996,17.503
-1.34626,17.6837
-1.17217,17.801
-1.14447,17.994
-1.19063,18.1998
-1.31609,18.3662
-1.26551,18.5533
-1.13059,18.6931
-1.08772,18.8788
-0.995048,19.0724
-0.998956,19.2697
-1.01094,19.4866
-1.02596,19.6816
-1.0323,19.8973
-1.22054,19.9778
-1.23326,20.1703
-1.17646,20.3576
-1.11727,20.5473
-1.30329,20.6036
-1.13865,20.7435
-1.0595,20.9383
-1.14384,21.1089
-1.261,21.2736
-1.3013,21.4589
-1.2706,21.6586
-1.16887,21.828
-1.2017,22.0426
-1.20611,22.2498
-1.29763,22.4322
-1.29182,22.6353
-1.17058,22.7942
-1.07734,22.9682
-1.15892,23.1556
-1.15756,23.3704
-1.24686,23.5667
-1.3088,23.7616
-1.30795,23.9777
-1.20055,24.1607
-1.16435,24.3518
-1.14569,24.5497
-1.05513,24.7087
-1.1412,24.9172
-1.11697,25.1326
-1.11773,25.3252
-1.23748,25.4861
-1.28983,25.6773
-1.251,25.8756
-1.30082,26.0697
-1.2245,26.256
-1.27142,26.4769
-1.20263,26.6579
-1.15491,26.8512
-1.19283,27.0498
-1.12304,27.2304
-1.00101,27.3999
-1.02153,27.5917
-0.881278,27.7623
-0.948994,27.9546
-0.973007,28.1465
-0.982686,28.3499
-1.06525,28.5415
-1.20118,28.69
-1.11653,28.8754
-1.1156,29.0736
-1.07312,29.2623
-1.01079,29.455
-1.03865,29.6547
-0.868002,29.7762
-0.942486,29.9739
-1.0644,30.1339
-1.00981,30.3341
-1.01225,30.5422
-1.14111,30.6915
-1.22277,30.8789
-1.02927,30.9821
-1.10609,31.1704
-0.918255,31.2442
-0.804758,31.4058
-0.6454,31.53
-0.581493,31.7399
-0.427904,31.8737
-0.4737,32.0718
-0.400909,32.2693
-0.231304,32.4023
-0.271862,32.598
-0.20786,32.8044
-0.0698984,32.969
0.00105785,33.1504
-0.0499795,33.3401
-0.0300829,33.5347
-0.125617,33.7133
-0.219679,33.8914
-0.317324,34.0625
-0.153493,34.2084
-0.0604135,34.3942
-0.057449,34.5921
-0.131268,34.786
-0.148241,34.99
-0.0460819,35.1725
0.0496819,35.331
0.134695,35.5257
0.135914,35.7322
0.200582,35.9237
0.17171,36.1285
0.168255,36.3229
0.137227,36.5333
-1.61425,0.415416
-1.53933,0.622235
-1.44696,0.827123
-1.60733,0.967421
-1.6399,1.17034
-1.48634,1.31786
-1.47011,1.51278
-1.36152,1.68898
-1.33428,1.8964
-1.31494,2.09677
-1.45422,2.2517
-1.40006,2.45746
-1.29388,2.64072
-1.19033,2.81009
-0.999234,2.90308
-1.0345,3.09789
-1.12504,3.28184
-1.08982,3.4733
-1.06326,3.68218
-1.08181,3.8775
-1.24361,3.99345
-1.21224,4.18784
-1.0518,4.32747
-1.14949,4.51379
-0.966629,4.60633
-1.03906,4.79465
-0.975584,4.97908
-1.03802,5.17035
-0.967666,5.36152
-0.834499,5.51142
-0.692449,5.65754
-0.614998,5.82682
-0.613073,6.02545
-0.654624,6.23368
-0.769058,6.39846
-0.816078,6.59526
-0.791282,6.81207
-0.846767,6.99543
-0.767574,7.19269
-0.654195,7.36302
-0.541541,7.52855
-0.388935,7.66715
-0.349482,7.88618
-0.353185,8.08819
-0.226531,8.24688
-0.314167,8.44484
-0.311188,8.63784
-0.3395,8.84438
-0.180674,8.97583
-0.355209,9.05644
-0.42237,9.25575
-0.298078,9.41052
-0.102788,9.43761
-0.20239,9.61835
-0.239497,9.81336
-0.290069,10.0159
-0.153168,10.1511
-0.124154,10.3469
-0.243943,10.4977
-0.125404,10.6633
-0.0267569,10.8449
-0.00116297,11.0554
-0.151296,11.1971
-0.101193,11.3924
-0.176388,11.5709
-0.201958,11.7827
-0.0898052,11.9472
-0.0348298,12.1463
-0.0988894,12.329
-0.231002,12.4802
-0.212482,12.6906
-0.253268,12.8853
-0.33329,13.0824
-0.205782,13.2416
-0.0957097,13.4204
-0.138073,13.6145
0.0360871,13.7001
0.152089,13.857
0.279835,14.0109
0.45643,14.0908
0.311447,14.213
0.229625,14.4014
0.202616,14.6015
-0.00630904,14.6413
0.0610793,14.8404
0.109886,15.0283
0.149422,15.2236
0.0115743,15.3928
0.0131105,15.5766
-0.0603103,15.7737
0.13738,15.825
0.179174,16.0327
0.244784,16.2192
0.246897,16.4368
0.163777,16.6382
0.16768,16.838
0.333819,16.9606
0.281162,17.1555
0.462056,17.2818
0.462321,17.4712
0.428113,17.6626
0.343126,17.8579
0.363538,18.0695
0.268087,18.2474
0.21121,18.4467
0.327379,18.6034
0.294603,18.8072
0.231112,18.9983
0.2592,19.2118
0.325783,19.4011
0.181166,19.5282
0.0594409,19.6881
-0.114937,19.7752
-0.189144,19.9578
-0.250461,20.1498
-0.432701,20.2325
-0.540438,20.4094
-0.408969,20.5605
-0.325378,20.7558
-0.231796,20.9317
-0.0986956,21.0814
-0.199981,21.2683
-0.0659546,21.4332
0.105499,21.5536
-0.0269066,21.6942
0.0259523,21.906
0.0677725,22.0999
-0.0761762,22.2432
-0.102315,22.4564
-0.0142919,22.642
0.139814,22.7695
0.191887,22.9559
0.271432,23.1549
0.188562,23.3506
0.132977,23.5611
0.329106,23.6336
0.276392,23.8302
0.231898,24.0359
0.229668,24.2441
0.2034,24.4334
0.331805,24.5941
0.372708,24.7828
0.239252,24.9408
0.188421,25.139
0.216409,25.347
0.136676,25.5297
0.268993,25.6759
0.254137,25.8726
0.120936,26.0169
0.168986,26.2088
0.109511,26.3964
0.0242761,26.5823
-0.0588352,26.7587
-0.176848,26.9466
-0.0341716,27.0983
0.0378801,27.2956
-0.017338,27.4905
-0.157207,27.6377
0.0170258,27.7482
0.104421,27.9255
0.132129,28.135
0.0633389,28.322
0.0839055,28.5214
-0.0100459,28.7029
0.0494726,28.9039
0.0327378,29.12
0.106728,29.2938
0.0699992,29.4988
0.0150063,29.7117
-0.182896,29.7928
-0.174217,29.9883
-0.262144,30.1781
-0.242103,30.3809
-0.163796,30.5609
-0.153828,30.7741
-0.103673,30.9811
-0.0551353,31.2045
-0.105018,31.4031
-0.102504,31.6202
-0.0292443,31.794
-0.114131,31.9791
-0.0587825,32.1681
0.0127321,32.3636
0.035108,32.5734
0.0292348,32.776
0.230027,32.8167
0.320386,32.9851
0.24729,33.1745
0.322726,33.3611
0.485469,33.4965
0.538967,33.6841
0.551674,33.8847
0.647242,34.0709
0.703652,34.2683
0.573102,34.4163
0.690577,34.6084
0.816973,34.7642
0.820988,34.9578
0.693907,35.1169
0.740996,35.3158
0.473916,0.343444
0.671115,0.362697
0.659121,0.551882
0.681678,0.754337
0.68167,0.954834
0.679755,1.16063
0.63724,1.37496
0.718355,1.55085
0.818782,1.73252
0.765149,1.93457
0.834688,2.1279
0.760827,2.31149
0.749732,2.522
0.853263,2.69002
0.911388,2.87049
0.89272,3.06875
0.748129,3.2191
0.733529,3.42005
0.747999,3.61697
0.770613,3.80653
0.705954,4.01446
0.867409,4.14125
1.00019,4.28163
0.92166,4.45452
0.958262,4.66122
1.04458,4.84358
0.900272,5.00337
0.938454,5.18685
1.03649,5.36411
1.22626,5.38971
1.1892,5.58164
1.11279,5.77788
1.00567,5.9337
0.946751,6.12167
0.881775,6.2964
0.924827,6.51774
0.937068,6.7293
0.895777,6.91377
1.01036,7.10471
0.934252,7.28866
0.890628,7.48006
1.07936,7.51372
1.06065,7.70427
1.02769,7.8956
1.06568,8.09989
1.07758,8.29655
1.10902,8.48785
1.16031,8.69906
1.00863,8.82856
1.07441,9.01607
1.02657,9.21814
1.03005,9.39836
0.829022,9.4738
0.824878,9.6891
0.890208,9.88543
0.818841,10.0808
0.80385,10.3065
0.855187,10.4942
0.815252,10.6972
0.720335,10.8746
0.797892,11.0655
0.925297,11.2042
1.08181,11.3529
1.21181,11.5153
1.16364,11.7094
1.27866,11.8712
1.15877,12.0451
1.0431,12.2082
1.07089,12.3971
1.22004,12.5666
1.24127,12.7733
1.21079,12.9837
1.2865,13.1725
1.21821,13.3605
1.13798,13.5634
1.20038,13.7533
1.21141,13.9714
1.21343,14.1751
1.29506,14.3562
1.33934,14.5767
1.20465,14.7144
1.12231,14.8959
1.05008,15.0732
1.08645,15.2815
1.11239,15.4786
1.24709,15.6166
1.25713,15.8166
1.20096,16.0165
1.16546,16.2162
1.13864,16.432
0.933703,16.4803
0.991619,16.6794
0.96319,16.872
1.09785,17.0236
1.27095,17.1146
1.2853,17.324
1.17805,17.4985
1.14762,17.6928
1.06985,17.8751
1.10842,18.0752
1.26497,18.1857
1.16418,18.344
1.18605,18.5411
1.34023,18.673
1.25172,18.8497
1.20339,19.0499
1.2609,19.268
1.35728,19.4421
1.43175,19.6358
1.48877,19.8277
1.62626,19.9706
1.52351,20.1394
1.47545,20.3369
1.43097,20.5313
1.37928,20.7402
1.36095,20.9318
1.1899,21.0439
1.22422,21.238
1.25384,21.4465
1.2498,21.6619
1.14723,21.8248
1.10259,22.0359
1.27914,22.1359
1.19503,22.3387
1.3003,22.5064
1.32433,22.714
1.20758,22.8888
1.1082,23.0606
1.17633,23.2357
1.3621,23.2815
1.54324,23.3743
1.70743,23.475
1.67733,23.6667
1.67487,23.8717
1.80511,24.0478
1.75328,24.2416
1.79452,24.4613
1.78278,24.684
1.77806,24.8754
1.90024,25.0643
1.833,25.2583
1.88087,25.46
2.02661,25.6107
2.0051,25.8063
2.13114,25.9513
2.12731,26.1645
2.0953,26.3874
2.03856,26.592
2.10355,26.7872
1.96344,26.9369
1.86768,27.1171
1.9888,27.269
1.93855,27.4688
1.93095,27.6725
1.84916,27.858
1.85676,28.0703
1.93699,28.2452
1.96201,28.4435
1.99068,28.6348
1.96802,28.8242
2.08931,28.977
2.14048,29.1724
2.1931,29.3802
2.26968,29.5835
2.27763,29.805
2.1426,29.9626
2.11264,30.1548
2.08378,30.3489
2.16127,30.5265
2.21395,30.736
2.23723,30.9257
2.33227,31.0944
2.41043,31.2893
2.58336,31.39
2.46178,31.5467
2.42278,31.7541
2.29694,31.9157
2.28281,32.1213
2.28526,32.3172
2.37746,32.5028
2.3295,32.7002
2.37535,32.8988
2.2283,33.042
2.13003,33.2176
2.27193,33.3505
2.23894,33.5447
2.15213,33.7278
2.08609,33.9363
1.89211,33.9953
1.95272,34.1957
1.97954,34.4051
1.98931,34.6264
2.00871,34.8147
1.84153,34.9253
1.82227,35.1306
1.96057,35.2744
1.95929,35.489
1.92341,35.6829
2.00466,35.8784
2.19372,35.9451
1.98053,0.117996
1.86147,0.277515
1.84997,0.46747
1.83478,0.665427
1.87962,0.85694
1.90178,1.05936
1.93175,1.25073
1.93201,1.44693
2.00375,1.63276
1.99942,1.84713
1.91591,2.04142
1.81509,2.25627
1.71281,2.42594
1.83969,2.58244
1.81021,2.77232
1.7618,2.98238
1.83972,3.15788
1.79324,3.35799
1.79713,3.55519
1.77488,3.76429
1.85236,3.95117
1.91801,4.1412
1.99671,4.32476
1.97683,4.5365
1.82726,4.69788
1.87717,4.89622
2.04045,5.03956
1.87651,5.16744
1.96341,5.34642
1.96589,5.56426
1.78346,5.68669
1.88219,5.86244
1.92155,6.06036
2.01411,6.24682
2.08501,6.425
2.07094,6.62254
2.1569,6.80125
2.18796,6.99723
2.28851,7.17375
2.28883,7.36246
2.20384,7.54245
2.14448,7.73937
2.05453,7.92467
2.14485,8.10915
2.07278,8.31095
2.24324,8.34113
2.38388,8.49509
2.28822,8.66478
2.34897,8.87615
2.3697,9.07003
2.2585,9.24392
2.28725,9.4458
2.10697,9.58963
2.29342,9.64894
2.21183,9.84029
2.2434,10.0371
2.23596,10.244
2.38023,10.3975
2.36813,10.5922
2.41385,10.784
2.4025,10.9819
2.39593,11.1969
2.40793,11.3938
2.37518,11.6049
2.33153,11.8171
2.42322,12.0135
2.53787,12.1676
2.51226,12.3674
2.37042,12.5026
2.43615,12.6971
2.43149,12.8879
2.29764,13.0612
2.24201,13.2502
2.29103,13.4565
2.43555,13.603
2.33014,13.7799
2.19588,13.9581
2.12263,14.1428
1.98945,14.2904
1.82983,14.413
1.84548,14.6187
1.76113,14.8096
1.74243,15.0161
1.80003,15.2086
1.84609,15.4061
1.88187,15.5921
1.81725,15.7705
1.78073,15.9717
1.68142,16.1394
1.7148,16.3301
1.78318,16.5338
1.89578,16.6869
1.77849,16.8385
1.83751,17.0361
1.72182,17.2164
1.69294,17.4187
1.72646,17.6208
1.76876,17.8213
1.81552,18.0162
1.86629,18.2174
1.99045,18.3757
1.85617,18.541
1.8762,18.7454
1.7919,18.9306
1.61854,19.0309
1.67721,19.2251
1.77077,19.3902
1.92047,19.5455
2.04353,19.7204
2.22269,19.8266
2.28841,20.0195
2.40733,20.1796
2.57258,20.3026
2.59415,20.502
2.55841,20.6953
2.45387,20.8683
2.47274,21.0782
2.36093,21.2607
2.55313,21.2537
2.60175,21.4527
2.49153,21.6053
2.37738,21.7904
2.44989,21.9923
2.40371,22.1964
2.55515,22.3254
2.55582,22.5364
2.66453,22.7139
2.80694,22.877
2.71258,23.058
2.83245,23.2127
2.85123,23.4164
3.00365,23.5713
3.02169,23.7718
3.10961,23.9497
3.13455,24.1481
3.16818,24.3668
3.24127,24.5543
3.19963,24.7678
3.33952,24.9302
3.31408,25.1354
3.29866,25.348
3.33677,25.5447
3.29591,25.7404
3.22356,25.9244
3.14596,26.119
2.97207,26.2259
2.91502,26.4181
3.09251,26.5202
3.15537,26.7331
3.1263,26.9315
3.17909,27.1199
3.07026,27.3115
3.02058,27.5177
3.06279,27.7234
3.02259,27.9115
3.06907,28.119
2.8853,28.1927
2.84774,28.3881
2.85707,28.5867
2.76542,28.7806
2.69771,28.9647
2.82541,29.1136
2.93504,29.2847
2.80744,29.449
2.75192,29.633
2.78403,29.8421
2.96462,29.9341
2.9351,30.1381
2.80644,30.3055
2.9028,30.4875
2.95307,30.6862
3.0081,30.884
3.01355,31.0889
3.07696,31.2788
2.95262,31.4454
2.9877,31.6464
3.09854,31.8079
3.22546,31.9428
3.05896,32.0587
3.00506,32.2532
2.89473,32.4528
2.82998,32.6425
2.78022,32.848
2.92728,33.0071
2.79197,33.1451
2.88296,33.325
2.81007,33.5145
2.87163,33.7016
2.69887,33.7711
2.75178,33.987
2.79218,34.1937
2.75829,34.411
2.9302,34.5335
2.79271,34.6733
2.78098,34.8843
2.88995,35.053
2.95808,35.2546
3.0355,35.4375
3.08651,35.6074
3.19816,35.7674
2.35668,0.412441
2.35909,0.625194
2.25945,0.804403
2.31307,1.01108
2.34168,1.20195
2.38369,1.39985
2.3746,1.61228
2.48993,1.76919
2.6344,1.92936
2.73101,2.12272
2.8955,2.2468
3.04691,2.3944
2.98776,2.5804
2.91437,2.76619
2.83303,2.95011
2.9193,3.13489
2.7837,3.27196
2.7685,3.47055
2.79304,3.66824
2.87484,3.87578
2.90774,4.08457
3.04863,4.23762
2.87793,4.3493
2.89911,4.55853
2.96295,4.77852
3.02422,4.97908
2.85299,5.08358
2.7467,5.26187
2.91868,5.35938
2.89569,5.56986
2.97765,5.77382
3.04961,5.96019
2.99436,6.16174
3.1286,6.31525
2.98666,6.454
2.99855,6.66025
2.96203,6.86023
2.93176,7.07037
2.87732,7.27269
2.86919,7.48364
2.75488,7.63329
2.83181,7.82533
2.91785,8.0124
2.89544,8.21404
2.77777,8.38121
2.73296,8.59536
2.70297,8.78176
2.74222,8.97036
2.83582,9.163
2.93185,9.33738
2.87815,9.5169
2.78363,9.68464
2.98362,9.77007
3.13722,9.89675
3.09437,10.1039
3.08499,10.3195
3.08243,10.5177
3.11905,10.7188
3.11234,10.9375
3.16549,11.1394
3.08527,11.3181
2.98667,11.5002
2.91507,11.698
2.9432,11.9082
2.79852,12.0481
2.89358,12.2262
3.05902,12.3407
2.95902,12.5074
3.01284,12.6941
3.1266,12.8749
3.01992,13.0582
3.1062,13.2361
3.22299,13.4114
3.07123,13.5607
2.93741,13.7117
2.72395,13.7546
2.83261,13.9204
2.84044,14.1329
2.73045,14.3007
2.8532,14.4633
2.97268,14.6053
3.18469,14.5364
3.20417,14.7441
3.19446,14.9429
3.19547,15.1381
3.19206,15.3302
3.09633,15.518
2.982,15.6779
3.11751,15.8299
3.04924,16.0313
3.17366,16.2033
3.25214,16.3857
3.36431,16.5528
3.42218,16.7437
3.49456,16.9293
3.55132,17.1265
3.54968,17.315
3.59185,17.5089
3.70466,17.6655
3.76671,17.8748
3.91053,18.013
3.88431,18.2101
3.967,18.3839
3.86824,18.5865
3.9026,18.7944
3.91176,19.0135
3.89189,19.2221
4.06963,19.3194
4.09061,19.5319
4.06556,19.7552
3.94333,19.9142
4.05869,20.097
4.0315,20.297
3.93506,20.4688
3.90109,20.6692
3.89329,20.862
3.88697,21.0573
3.83121,21.2599
3.67666,21.3754
3.8173,21.5251
3.92142,21.6935
4.01981,21.8551
4.03676,22.0574
4.10173,22.2542
4.01616,22.4472
3.93533,22.6341
3.94671,22.844
4.07589,23.0054
4.00324,23.1969
4.14495,23.3208
4.18473,23.529
4.05418,23.6766
4.06097,23.8833
4.06341,24.1068
4.10942,24.2939
4.18919,24.4754
4.25245,24.6608
4.23429,24.8903
4.34508,25.062
4.17658,25.1787
4.11724,25.381
4.0917,25.5877
3.9109,25.6894
3.9661,25.8855
3.80176,25.9924
3.96462,26.11
3.92936,26.3155
3.929,26.5256
3.99429,26.7143
4.11795,26.8665
4.04276,27.0657
3.96377,27.2561
3.98072,27.4511
4.01659,27.6354
3.97105,27.8232
3.94943,28.0201
3.94795,28.2356
4.06387,28.3985
4.04452,28.5887
4.11676,28.7642
4.14606,28.9539
4.24705,29.1289
4.23656,29.3371
4.40516,29.4776
4.30807,29.669
4.19451,29.8337
4.26074,30.0304
4.25059,30.2341
4.24596,30.4429
4.39499,30.5867
4.39119,30.7934
4.31247,30.9808
4.25632,31.1659
4.30071,31.3733
4.30773,31.569
4.27346,31.7692
4.1906,31.965
4.1942,32.1654
4.22676,32.3703
4.32293,32.5428
4.17566,32.6795
4.25361,32.8605
4.282,33.0511
4.37144,33.2252
4.44217,33.4184
4.30178,33.559
4.21154,33.744
4.20072,33.9453
4.3573,34.0737
4.33491,34.2832
4.24142,34.4721
4.28142,34.6803
4.28995,34.8972
4.27793,35.1269
4.11997,35.2547
4.02922,35.4384
3.93429,35.6416
3.91613,35.8529
3.91522,36.0466
3.91772,36.2383
3.13891,0.387876
3.13684,0.595486
3.25019,0.772468
3.19124,0.95866
3.385,1.01113
3.42313,1.21555
3.44971,1.42113
3.60137,1.57488
3.62239,1.77427
3.73006,1.94662
3.77028,2.14715
3.96076,2.1752
4.04598,2.36944
3.87474,2.48304
3.86981,2.68348
3.72614,2.81387
3.79689,3.01423
3.99592,3.10462
4.11848,3.25459
4.09402,3.46486
4.06928,3.67072
4.02835,3.86702
4.22008,3.92453
4.16811,4.12815
4.25301,4.31268
4.31827,4.49452
4.28508,4.69797
4.31693,4.89895
4.18824,5.03766
4.28175,5.19991
4.3501,5.37242
4.30417,5.56621
4.36379,5.76261
4.50074,5.90682
4.53243,6.118
4.47372,6.29768
4.44199,6.5044
4.48039,6.71736
4.49605,6.92325
4.46742,7.11935
4.33971,7.28462
4.29848,7.48576
4.18116,7.65419
4.13162,7.85619
4.02415,8.03952
3.97529,8.22585
3.9316,8.42018
4.02112,8.57661
4.11899,8.74306
4.01056,8.92223
3.97734,9.14354
3.90606,9.34207
3.77638,9.49707
3.84521,9.69856
3.8828,9.89584
3.82219,10.0765
3.90674,10.2453
3.92624,10.4586
4.10459,10.3833
4.30151,10.3983
4.292,10.5971
4.3834,10.7752
4.2768,10.9504
4.30603,11.1566
4.46595,11.3054
4.44251,11.504
4.30564,11.6486
4.37921,11.8383
4.45712,12.0293
4.2996,12.135
4.23741,12.3321
4.13616,12.5094
4.05298,12.7146
4.12561,12.9075
4.18916,13.0975
4.13157,13.2867
4.30885,13.409
4.28723,13.6047
4.39102,13.7729
4.44004,13.9696
4.34901,14.1626
4.42012,14.3614
4.52155,14.5413
4.56116,14.7434
4.43055,14.9172
4.44857,15.1077
4.51367,15.3048
4.48582,15.4958
4.38976,15.6789
4.386,15.8933
4.35061,16.0739
4.4551,16.2607
4.50203,16.465
4.54801,16.6612
4.59688,16.8665
4.50697,17.037
4.54661,17.2389
4.39427,17.4032
4.41373,17.6051
4.40267,17.8282
4.40194,18.0225
4.36416,18.23
4.55845,18.3281
4.5395,18.5291
4.3437,18.5777
4.43252,18.7604
4.61631,18.8405
4.50972,19.0159
4.58817,19.1929
4.51681,19.3814
4.58011,19.5721
4.68684,19.7434
4.69527,19.9544
4.64167,20.1482
4.73132,20.3354
4.91518,20.4494
4.97817,20.6414
5.00464,20.8399
5.02236,21.0393
4.92724,21.2302
4.83883,21.4243
4.7184,21.603
4.70456,21.784
4.798,21.949
4.89335,22.1426
5.08003,22.2477
5.13991,22.4573
5.09004,22.6467
5.11309,22.8403
5.26993,22.9552
5.22759,23.1411
5.14976,23.33
5.06521,23.5045
4.99567,23.687
4.8411,23.8041
4.93109,23.9869
4.93148,24.1814
5.0313,24.3552
5.16512,24.5131
5.2449,24.7002
5.21284,24.9144
5.18846,25.1231
5.27211,25.3063
5.17866,25.5063
5.06951,25.6772
5.1911,25.8343
5.34654,25.9647
5.38236,26.1494
5.41226,26.3516
5.3065,26.5433
5.28749,26.7293
5.30064,26.9298
5.32485,27.1272
5.37356,27.3315
5.40948,27.5259
5.44603,27.7136
-5.49596,27.9079
5.41514,28.1004
5.36618,28.2947
5.28809,28.4856
5.26627,28.7019
5.31953,28.893
5.20064,29.0751
5.174,29.2902
5.05796,29.4733
5.09195,29.6783
5.12645,29.8832
5.13449,30.0952
5.22726,30.2614
5.34282,30.4294
5.43307,30.6296
5.38609,30.8167
-5.47605,30.9647
5.44186,31.1613
5.22498,31.1902
5.19551,31.4024
5.11655,31.5985
5.07036,31.791
5.03203,31.9702
5.1872,32.0886
5.20824,32.2969
5.14081,32.481
5.00718,32.6427
4.88366,32.825
4.93567,33.048
5.02234,33.234
5.06718,33.4332
4.95214,33.6035
4.93161,33.7899
5.02535,33.9754
4.94573,34.1729
4.86936,34.349
4.96955,34.5199
4.98377,34.7201
5.19054,34.7941
5.09904,34.9582
5.01286,35.1541
5.06828,35.3431
5.08783,35.5507
4.91504,35.6411
5.49572,0.277527
5.43183,0.476489
5.40097,0.687126
5.37277,0.890443
5.29411,1.10061
5.35024,1.30572
5.18885,1.42898
5.2944,1.59835
5.37349,1.80743
5.27702,1.97506
5.30676,2.17577
5.21772,2.36699
5.14811,2.56059
5.31448,2.68117
5.18594,2.83489
5.25339,3.0272
5.25939,3.22085
5.28441,3.42039
5.35173,3.62584
5.36317,3.82558
5.44009,4.01334
5.42031,4.21705
5.43204,4.42537
5.46306,4.6364
5.33806,4.79584
5.24022,4.96556
5.1238,5.13622
5.23397,5.31036
5.18971,5.50533
5.2229,5.70072
5.20622,5.92036
5.25269,6.12102
5.18532,6.32138
5.16297,6.51426
5.30847,6.63827
5.30987,6.86208
5.19901,7.03178
5.16193,7.23975
5.06895,7.42202
5.16033,7.6109
5.25937,7.80778
5.20649,8.01496
5.18717,8.21822
5.16919,8.41668
5.25212,8.59231
5.30024,8.78464
5.09132,8.82568
5.12424,9.0288
5.10952,9.23556
5.16714,9.43318
5.16469,9.63457
5.20331,9.83068
5.25286,10.028
5.27634,10.2239
5.21582,10.4252
5.20699,10.6405
5.1114,10.8088
5.05995,11.0143
5.10065,11.1991
5.01729,11.3879
4.94755,11.574
5.13418,11.6374
5.29498,11.756
5.36906,11.9189
5.37139,12.1165
5.49492,12.3084
5.45244,12.5023
5.31583,12.641
5.23513,12.8301
5.31906,12.9991
5.31186,13.2003
5.47226,13.3381
5.35543,13.4909
5.41451,13.6752
5.43564,13.887
5.44573,14.0794
5.39572,14.2898
5.36714,14.5125
5.31199,14.708
5.27001,14.9035
5.32825,15.091
5.15651,15.216
5.23329,15.4094
5.09448,15.5671
5.12496,15.7819
5.14913,15.9924
5.16234,16.2007
5.18025,16.3962
5.1546,16.5831
5.27215,16.7482
5.27476,16.9514
5.34634,17.1267
5.17249,17.2157
5.28606,17.3798
5.40525,17.5321
5.48921,17.7131
-5.34912,17.8443
-5.35446,18.064
5.45113,18.1208
5.34958,18.2949
5.49213,18.4303
-5.41477,18.5973
5.42753,18.7144
-5.48007,18.9005
5.47784,19.1096
5.49569,19.3111
-5.43062,19.497
-5.25213,19.5978
-5.22551,19.7999
-5.14632,19.9854
-4.98893,20.1113
-4.84616,20.2469
-4.93491,20.4539
-5.09154,20.5857
-5.11017,20.799
-5.10703,20.9963
-5.00316,21.1841
-5.01066,21.3843
-5.16436,21.5059
-5.20578,21.7142
-5.30629,21.8838
-5.18128,22.0424
-5.21035,22.2266
-5.13724,22.4104
-5.07927,22.5969
-5.07926,22.798
-5.04565,22.9807
-5.10307,23.1836
-5.26386,23.3347
-5.2687,23.5319
-5.32781,23.7389
-5.23783,23.9138
-5.30011,24.1018
-5.2734,24.3043
-5.41641,24.452
-5.40223,24.6522
-5.45225,24.8514
-5.40214,25.0603
-5.44265,25.2736
-5.46534,25.4733
-5.36956,25.6643
-5.42715,25.8671
-5.34278,26.0632
-5.37209,26.257
-5.36091,26.4688
-5.45165,26.6448
-5.36462,26.8297
-5.33617,27.04
-5.2384,27.2316
-5.20242,27.4371
-5.26464,27.6226
-5.10974,27.7583
-5.01267,27.9268
-5.07581,28.1188
-4.90815,28.2442
-4.86875,28.4457
-4.82081,28.6438
-4.84003,28.8373
-4.85013,29.0359
-4.94838,29.1995
-4.99884,29.3996
-4.96519,29.5944
-5.0678,29.7916
-5.15921,29.9697
-5.10253,30.1664
-5.1338,30.376
-5.11982,30.5825
-5.12104,30.782
-5.2358,30.9507
-5.29577,31.1579
-5.16914,31.3319
-5.01238,31.4803
-4.86659,31.6099
-5.02322,31.7339
-5.06727,31.9365
-5.04752,32.1373
-5.19171,32.2876
-5.13268,32.4914
-5.0839,32.6806
-5.16344,32.8596
-5.17861,33.0553
-5.08485,33.2288
-4.91398,33.3485
-4.90938,33.5434
-4.83345,33.7362
-4.71444,33.8876
-4.82547,34.0445
-4.80615,34.2402
-4.74883,34.4334
-4.61059,34.5631
-4.61812,34.765
-4.67084,34.9575
-4.47147,34.9975
-4.57158,35.1751
-4.58045,35.3773
-4.46191,35.5376
-4.32582,35.6802
-4.30515,35.8774
-4.25307,36.0698
-4.26214,36.2707
