0.840515,0.242367
0.79554,0.439231
0.735047,0.624092
0.649355,0.814773
0.623603,1.01139
0.675241,1.20716
0.737705,1.38949
0.886042,1.53299
0.874557,1.73605
0.889225,1.94522
0.838477,2.15532
0.764632,2.33685
0.795346,2.52802
0.742615,2.71645
0.772832,2.92163
0.787087,3.11606
0.780936,3.31584
0.719039,3.50279
0.779066,3.69859
0.80754,3.90962
0.861989,4.11298
0.915689,4.30188
0.780718,4.45764
0.866892,4.63654
0.851232,4.82657
0.743237,4.98882
0.796226,5.18453
0.854368,5.36812
1.03894,5.4586
0.993215,5.66087
0.846462,5.81497
0.70344,5.96
0.754548,6.15529
0.606877,6.27059
0.619624,6.48034
0.638394,6.6925
0.722089,6.88444
0.720114,7.07297
0.771576,7.25969
0.773993,7.48598
0.59646,7.58749
0.438696,7.70027
0.492985,7.89725
0.627544,8.05338
0.630483,8.25804
0.675167,8.46167
0.696798,8.6581
0.80691,8.83033
0.83568,9.01618
0.704038,9.14673
0.772234,9.32844
0.815293,9.52861
0.92718,9.68817
0.760344,9.78792
0.845129,9.95545
0.919163,10.1428
1.06206,10.2725
0.98993,10.4585
0.988826,10.646
1.06797,10.8312
1.10759,11.0316
1.06893,11.2164
1.04005,11.4336
1.11767,11.6133
1.09333,11.8077
1.20751,11.9761
1.39111,12.0689
1.39796,12.2695
1.44361,12.4773
1.44823,12.6939
1.43955,12.8925
1.47556,13.1012
1.40258,13.2969
1.33125,13.4841
1.3955,13.6784
1.52202,13.8549
1.59199,14.0417
1.5983,14.2409
1.5398,14.4382
1.55615,14.637
1.52835,14.8287
1.49907,15.0116
1.42521,15.1972
1.43265,15.3909
1.58288,15.5458
1.58748,15.7431
1.42343,15.8633
1.45968,16.0655
1.46565,16.256
1.44576,16.4614
1.42522,16.6508
1.27894,16.789
1.3816,16.9749
1.35829,17.1664
1.41984,17.3472
1.50603,17.5168
1.43824,17.7066
1.47366,17.8958
1.44216,18.0918
1.54369,18.2648
1.45268,18.4738
1.5308,18.6602
1.43832,18.8459
1.49093,19.0463
1.46694,19.2496
1.3893,19.4487
1.58032,19.554
1.71955,19.7189
1.6969,19.9175
1.6932,20.1217
1.71743,20.3237
1.78241,20.5102
1.83166,20.6967
1.77619,20.8852
1.64182,21.0115
1.82139,21.1477
1.7499,21.3324
1.76511,21.5391
1.8099,21.7476
1.74242,21.9258
1.69551,22.1116
1.72236,22.3166
1.62804,22.5039
1.4462,22.5713
1.39979,22.7686
1.54473,22.9041
1.5588,23.0974
1.56416,23.3003
1.52427,23.4987
1.48227,23.6963
1.42014,23.8814
1.35985,24.0783
1.44545,24.2681
1.28795,24.4116
1.09226,24.4377
1.12733,24.6395
1.06312,24.8328
0.984644,25.0065
1.09238,25.1877
1.12018,25.3791
1.21083,25.5488
1.28433,25.7452
1.41446,25.919
1.53033,26.0824
1.62345,26.2649
1.70797,26.4688
1.77895,26.6518
1.73134,26.8483
1.59124,27.0036
1.65864,27.1916
1.56071,27.3694
1.69177,27.5175
1.73122,27.7042
1.83466,27.8813
1.90886,28.0554
2.0107,28.2317
1.99396,28.435
2.15821,28.5384
2.03677,28.7289
2.08366,28.9466
2.07356,29.1458
2.10518,29.34
2.08618,29.5249
2.26174,29.6539
2.22039,29.8477
2.24157,30.0348
2.22971,30.2314
2.08009,30.3536
1.99772,30.545
1.99862,30.7605
1.92082,30.9293
1.85569,31.1173
1.88549,31.3427
1.90261,31.545
1.79148,31.7171
1.91409,31.88
1.90267,32.0795
2.00107,32.2495
1.93631,32.4467
1.9445,32.6379
1.77348,32.7514
1.75657,32.9703
1.80775,33.1826
1.94855,33.3447
1.96941,33.5581
2.07817,33.7234
2.00661,33.9089
2.01443,34.1241
2.22483,34.1487
2.20076,34.3567
2.26578,34.5563
2.16582,34.7351
2.02306,34.8549
1.95907,35.0737
1.8828,35.2475
1.76383,35.4039
1.72957,35.6135
1.73526,35.7995
1.6496,36.0043
1.52919,36.1757
1.73917,0.404832
1.83233,0.574672
1.75752,0.789402
1.86887,0.974047
1.83723,1.16703
1.81044,1.36244
1.78585,1.57194
1.75216,1.76692
1.73942,1.96505
1.6633,2.14385
1.53679,2.29811
1.6208,2.4685
1.78037,2.59783
1.83314,2.79294
1.71429,2.95779
1.70787,3.16064
1.88449,3.27764
1.88996,3.48928
1.69955,3.53851
1.79014,3.70612
1.79354,3.91896
1.91725,4.0946
1.9402,4.30359
1.78785,4.45326
1.71143,4.64618
1.59133,4.81216
1.5621,5.00337
1.66308,5.18215
1.64917,5.39258
1.69661,5.59843
1.86538,5.73098
1.81263,5.9364
1.82984,6.14524
1.81762,6.34213
1.72813,6.53502
1.7044,6.73715
1.70427,6.95341
1.55134,7.1065
1.55391,7.31421
1.37553,7.41253
1.49996,7.56137
1.64732,7.70537
1.498,7.85174
1.5514,8.04073
1.43495,8.22412
1.41707,8.42627
1.51328,8.60265
1.61864,8.75824
1.58411,8.95071
1.56735,9.14787
1.56492,9.36217
1.5139,9.54524
1.50441,9.7548
1.49989,9.95079
1.34628,10.0839
1.34279,10.2842
1.32965,10.4817
1.38575,10.6797
1.37483,10.8821
1.39355,11.0895
1.45822,11.281
1.63392,11.3818
1.65774,11.5842
1.726,11.7566
1.62311,11.9295
1.59116,12.1308
1.75617,12.2761
1.66353,12.4704
1.76651,12.66
1.92642,12.7684
2.01599,12.9447
2.00616,13.1377
1.87381,13.281
1.94341,13.4736
1.97836,13.682
1.99064,13.8817
2.07333,14.0677
2.12037,14.2748
2.17714,14.4882
2.18682,14.6819
2.28886,14.8568
2.356,15.0401
2.44468,15.2352
2.48769,15.4459
2.56416,15.6293
2.61196,15.8275
2.70754,16.0023
2.544,16.1402
2.53994,16.3296
2.58773,16.5224
2.77901,16.6223
2.74017,16.8422
2.76606,17.0415
2.69317,17.2477
2.70806,17.4527
2.6125,17.6256
2.5902,17.842
2.6388,18.0333
2.62588,18.2359
2.6693,18.4336
2.66679,18.6235
2.5164,18.7539
2.61874,18.9283
2.50799,19.1219
2.49427,19.333
2.31633,19.4344
2.39746,19.6137
2.33019,19.8094
2.34331,20.0103
2.53133,20.1004
2.48061,20.3026
2.47606,20.5113
2.42273,20.7035
2.57995,20.8495
2.40575,20.9382
2.48735,21.1247
2.54542,21.3289
2.50342,21.53
2.33992,21.653
2.46424,21.8121
2.60014,21.9482
2.61825,22.1485
2.72049,22.3148
2.74475,22.524
2.7104,22.7193
2.64048,22.8962
2.49823,23.036
2.49667,23.2377
2.64422,23.3885
2.66366,23.5929
2.746,23.7732
2.60419,23.9138
2.5677,24.1071
2.48964,24.2869
2.39124,24.4745
2.56134,24.5665
2.59692,24.7746
2.55022,24.9853
2.66692,25.1813
2.6211,25.3968
2.54506,25.5865
2.42961,25.7529
2.52262,25.9214
2.49356,26.1201
2.54454,26.3058
2.72191,26.4076
2.83043,26.5851
2.70369,26.727
2.81053,26.9048
2.92148,27.0765
2.88883,27.2779
2.83175,27.4723
2.72859,27.6592
2.78576,27.8411
2.87082,28.0202
2.71581,28.1526
2.84077,28.3128
2.8862,28.5212
3.02059,28.6621
3.07504,28.8528
3.03606,29.0692
2.87661,29.1802
2.94264,29.3815
3.01873,29.587
3.18681,29.6829
3.12561,29.867
2.9824,30.0062
2.89091,30.1892
2.91049,30.3928
3.06867,30.5249
2.99687,30.7306
3.02338,30.9419
2.9825,31.1382
2.89259,31.3126
2.91583,31.493
2.82366,31.673
2.93694,31.8373
2.98086,32.037
2.92208,32.2295
2.90447,32.433
2.92571,32.6318
2.9411,32.843
2.84243,33.0102
2.97964,33.1592
2.8968,33.3493
2.97776,33.5284
2.9151,33.7255
2.80512,33.8794
2.8147,34.0716
2.78298,34.263
2.7337,34.4524
2.897,34.5587
2.80873,34.7569
2.74579,34.9526
2.83258,35.1469
2.77557,35.3203
2.79415,35.5226
2.88426,35.704
2.88403,35.9148
2.92227,36.102
3.10389,0.22958
3.02971,0.424798
3.07237,0.617766
2.87471,0.669109
2.83714,0.86393
2.83253,1.07221
2.8815,1.26061
2.86062,1.46789
2.83578,1.68593
2.82391,1.88834
2.94726,2.04938
2.89646,2.23487
2.90952,2.44056
2.76668,2.58599
2.86233,2.75885
2.7172,2.86338
2.80963,3.05026
2.81772,3.25386
2.86252,3.47143
2.89596,3.66864
2.76838,3.80805
2.73928,3.98684
2.7547,4.18556
2.79263,4.39191
2.73414,4.56516
2.86348,4.71646
2.75318,4.87669
2.69087,5.0669
2.6343,5.2626
2.65868,5.46952
2.72026,5.66175
2.84187,5.8404
2.86476,6.04183
2.71437,6.175
2.77608,6.3623
2.79289,6.58469
2.84559,6.77667
2.92571,6.98157
2.90469,7.18095
2.82164,7.38301
2.8731,7.57697
2.97493,7.75223
2.93537,7.95652
2.97082,8.15651
2.91597,8.35056
2.93084,8.5455
2.81627,8.70753
2.83607,8.90531
2.77226,9.10571
2.84904,9.29184
2.93967,9.49701
2.9685,9.70213
2.96393,9.9045
2.87535,10.0906
2.77927,10.2629
2.92061,10.4233
2.82786,10.5966
2.7186,10.7714
2.67289,10.9754
2.66175,11.168
2.71477,11.3625
2.73697,11.5823
2.80431,11.7568
2.81495,11.9658
2.64925,12.1092
2.68201,12.3197
2.65673,12.5205
2.63124,12.7245
2.7463,12.8996
2.67523,13.0841
2.59285,13.2435
2.70884,13.4067
2.57283,13.5584
2.57382,13.7543
2.68795,13.9124
2.79189,14.0807
2.9274,14.2165
2.99339,14.4145
2.92365,14.595
3.08067,14.7126
2.94806,14.8704
3.02394,15.0638
3.07258,15.2654
3.10381,15.4707
3.10421,15.6763
3.07973,15.8715
3.27302,15.8947
3.37002,16.0708
3.37899,16.2828
3.38135,16.4795
3.33539,16.6738
3.26323,16.8764
3.18315,17.0741
3.28755,17.2451
3.32466,17.4503
3.37302,17.6361
3.27407,17.8159
3.39165,17.9778
3.34223,18.1742
3.23782,18.3557
3.13216,18.5322
3.05681,18.7136
3.10165,18.922
2.94237,19.0333
2.93055,19.2422
2.9442,19.4377
3.06532,19.5967
3.24996,19.687
3.25106,19.8914
3.25166,20.0847
3.25871,20.2852
3.33672,20.4935
3.35565,20.6905
3.26935,20.8664
3.21846,21.0423
3.18925,21.2419
3.02458,21.3729
3.05489,21.5779
2.92079,21.7267
3.02475,21.8776
3.15547,22.0487
3.35473,22.1007
3.2159,22.2406
3.11658,22.4182
3.11398,22.6176
2.95625,22.7397
2.97798,22.9352
3.05925,23.1244
3.16913,23.3036
3.04318,23.4517
3.1393,23.6344
3.19261,23.833
3.28978,24.0113
3.22936,24.2095
3.20926,24.399
3.29467,24.5844
3.34687,24.7763
3.33027,24.9692
3.36254,25.1632
3.44916,25.3489
3.57566,25.4921
3.58857,25.7022
3.49513,25.8765
3.49752,26.0971
3.39379,26.2861
3.42483,26.4916
3.25447,26.6086
3.21311,26.8056
3.34401,26.9902
3.24256,27.1538
3.2654,27.3611
3.35697,27.5753
3.4705,27.7576
3.33383,27.9065
3.26102,28.091
3.33648,28.271
3.33067,28.4786
3.46657,28.6476
3.59562,28.7999
3.56201,28.9886
3.66659,29.1787
3.79817,29.3402
3.78135,29.5354
3.87156,29.7112
3.90558,29.9039
3.96344,30.1101
3.83785,30.2737
3.896,30.4787
4.09044,30.544
4.14942,30.7611
4.03128,30.9277
3.96297,31.099
3.90134,31.2718
3.93617,31.4806
3.79203,31.6304
3.76993,31.8306
3.80779,32.0226
3.92712,32.1792
4.00079,32.3691
4.1351,32.528
4.07391,32.7249
4.01056,32.9259
4.01154,33.1223
4.20635,33.1552
4.19636,33.3653
4.0565,33.5059
3.91591,33.6654
3.87603,33.8763
3.81839,34.0584
3.92074,34.2331
3.92775,34.4407
3.78011,34.5855
3.73817,34.7786
3.76863,34.9704
3.70718,35.167
3.60331,35.341
3.69189,35.5181
3.56476,35.6463
3.43437,35.7893
3.33228,36.0025
3.34531,0.429046
3.38508,0.620903
3.44964,0.812136
3.4563,1.01065
3.40378,1.20122
3.53577,1.35083
3.55222,1.5557
3.45762,1.72361
3.27615,1.79905
3.23744,1.99861
3.27465,2.19011
3.18068,2.37194
3.30191,2.55625
3.30857,2.74754
3.34783,2.94757
3.35919,3.17381
3.38183,3.37316
3.46561,3.56005
3.52259,3.75308
3.35238,3.84126
3.47205,4.00589
3.31981,4.13666
3.4713,4.29148
3.51874,4.48618
3.60619,4.65991
3.50827,4.83756
3.49359,5.02972
3.5097,5.25165
3.31485,5.27649
3.3091,5.4806
3.45242,5.64391
3.43532,5.85079
3.43713,6.06607
3.44754,6.26953
3.50924,6.45124
3.41603,6.64929
3.46308,6.85789
3.49801,7.06471
3.49526,7.27199
3.39832,7.45439
3.58153,7.55194
3.66687,7.72974
3.60809,7.93205
3.40309,8.00489
3.55266,8.13284
3.51503,8.32415
3.32134,8.39905
3.27908,8.59048
3.20403,8.77121
3.19982,8.98018
3.2013,9.19227
3.11496,9.36639
3.26931,9.5045
3.27472,9.70084
3.37643,9.89662
3.30526,10.1024
3.38197,10.2859
3.27652,10.4577
3.32362,10.6446
3.3133,10.8531
3.3356,11.0609
3.37638,11.2546
3.30301,11.4327
3.28619,11.6366
3.3698,11.8268
3.52492,11.9677
3.36816,12.0836
3.2822,12.2636
3.25049,12.4581
3.2286,12.6603
3.32593,12.8402
3.40939,13.0307
3.38185,13.217
3.30465,13.4013
3.36978,13.5872
3.46555,13.756
3.53394,13.9476
3.64549,14.1022
3.7259,14.3031
3.82898,14.4715
3.906,14.6516
4.02382,14.8148
3.93719,14.996
4.05286,15.1501
4.13558,15.3483
4.20582,15.5447
4.16002,15.7348
4.09434,15.9336
4.02212,16.113
4.00697,16.3012
4.03697,16.5129
4.02287,16.7182
4.10028,16.9053
3.99512,17.0938
4.0056,17.2917
4.02913,17.5084
4.07496,17.6986
4.06334,17.8894
4.20491,18.0244
4.17774,18.2265
4.18226,18.434
4.1357,18.6157
3.94821,18.6658
3.91944,18.8746
4.0153,19.0548
4.14238,19.1892
4.13019,19.3977
4.25341,19.543
4.27544,19.7545
4.4424,19.9072
4.51157,20.114
4.64277,20.2597
4.66911,20.4492
4.71597,20.6511
4.81791,20.8133
4.76924,21.008
4.69828,21.1942
4.54885,21.3308
4.48058,21.5259
4.45908,21.7166
4.55077,21.8778
4.64242,22.0651
4.60816,22.2699
4.75094,22.4234
4.68139,22.6216
4.57631,22.803
4.61717,22.999
4.52119,23.1753
4.61362,23.3553
4.62796,23.5568
4.52985,23.7438
4.50106,23.9402
4.47919,24.1414
4.52215,24.331
4.54869,24.5338
4.73996,24.6093
4.81506,24.7926
4.79524,25.0044
4.81287,25.2061
4.71926,25.3963
4.73404,25.5867
4.84236,25.7535
4.90052,25.956
4.7457,26.1061
4.60611,26.2548
4.54496,26.4308
4.62748,26.6145
4.51567,26.7816
4.66797,26.8994
4.76257,27.0801
4.79789,27.2704
4.78284,27.4785
4.93311,27.612
-4.92435,27.7559
4.92304,27.8787
-4.98526,28.0568
-4.90806,28.2306
-4.85546,28.415
4.9801,28.553
4.92988,28.7512
4.90863,28.954
4.87571,29.1671
4.86531,29.3767
4.82699,29.5779
4.862,29.7803
-4.9685,29.8824
4.95699,30.0778
4.93863,30.279
4.81741,30.4515
4.82464,30.6522
4.98619,30.7671
-4.95787,30.9746
-4.97419,31.1857
-4.8973,31.3695
4.99568,31.5469
4.98824,31.7375
-4.87955,31.8956
-4.97016,32.0854
-4.87274,32.2624
4.96817,32.4164
4.98811,32.6159
-4.9689,32.7907
-4.98818,33.0117
-4.90301,33.2089
-4.93014,33.4055
-4.98517,33.6091
4.98343,33.8085
4.96493,34.0111
4.81397,34.1469
4.90449,34.3344
4.95161,34.551
-4.99593,34.744
-4.92374,34.9369
-4.98041,35.1303
4.93795,35.3392
4.91172,35.5416
4.83394,35.7599
4.93277,35.9309
4.83909,36.1088
4.71989,36.2846
-4.92493,0.226955
4.92041,0.354532
-4.97829,0.53195
-4.9186,0.740175
-4.88913,0.952597
4.99738,1.1167
-4.8931,1.2857
-4.88585,1.48223
-4.91871,1.68318
-4.88338,1.87229
-4.8807,2.0709
4.98427,2.20756
-4.93169,2.38669
-4.78626,2.49791
-4.78521,2.71345
-4.95893,2.84381
-4.94635,3.04223
-4.96236,3.23994
-4.9055,3.43159
-4.84959,3.63628
-4.84922,3.83381
-4.85194,4.03889
-4.72618,4.21142
-4.72985,4.40449
-4.87518,4.54798
-4.8131,4.74314
-4.86586,4.93847
-4.95616,5.11498
-4.9612,5.31228
-4.79779,5.42075
-4.95602,5.56146
-4.8436,5.71805
-4.82767,5.91327
-4.878,6.11059
-4.96407,6.30159
-4.97179,6.50325
-4.81847,6.63562
-4.90258,6.83091
-4.92104,7.04043
-4.93129,7.24347
-4.91597,7.46877
-4.96848,7.65751
4.85508,7.7534
4.87213,7.96082
4.92284,8.17681
4.8978,8.37539
4.71987,8.47824
4.61306,8.66086
4.67273,8.87059
4.53396,9.018
4.42873,9.19946
4.47252,9.40902
4.5424,9.61382
4.68062,9.75197
4.83887,9.91265
4.8911,10.1083
4.72555,10.2318
4.83275,10.4249
4.86334,10.6279
4.68837,10.735
4.77206,10.9095
4.76093,11.1058
4.8283,11.2834
4.62821,11.3067
4.66688,11.5074
4.66936,11.706
4.85731,11.7611
-4.99103,11.9252
-4.98538,12.1446
-4.87898,12.3225
-4.91114,12.5165
-4.89511,12.7272
-4.77474,12.8798
-4.8318,13.0723
-4.81205,13.2752
-4.85721,13.462
-4.85692,13.6683
-4.89861,13.866
-4.74842,13.9982
-4.80385,14.1866
-4.85365,14.4036
-4.86493,14.6041
-4.84494,14.8107
-4.73147,15.0057
-4.67797,15.2145
-4.59128,15.3889
-4.65385,15.598
-4.52653,15.7457
-4.68529,15.8918
-4.59875,16.0731
-4.59315,16.2872
-4.49735,16.4838
-4.6762,16.5856
-4.71222,16.7846
-4.89465,16.8838
-4.9579,17.0848
-4.98973,17.2787
4.97596,17.4727
-4.9038,17.6355
-4.75615,17.8044
-4.9192,17.9292
-4.74899,18.0414
-4.9505,18.1233
4.87913,18.2551
4.7837,18.4339
4.85679,18.6115
4.79397,18.8173
4.79468,19.026
4.85276,19.2293
4.83556,19.4292
4.79922,19.6396
4.9069,19.8294
4.78731,20.0009
4.89688,20.1695
-4.90405,20.1977
-4.77695,20.3558
-4.57722,20.4497
-4.61614,20.6501
-4.56395,20.8528
-4.57375,21.0537
-4.45249,21.2313
-4.4549,21.4317
-4.48008,21.6357
-4.369,21.8224
-4.33393,22.0276
-4.2634,22.2063
-4.22903,22.3993
-4.21913,22.608
-4.27683,22.7971
-4.41335,22.9302
-4.36388,23.1408
-4.44567,23.3403
-4.46772,23.545
-4.50859,23.7409
-4.55635,23.9574
-4.48585,24.1338
-4.29341,24.1921
-4.4129,24.3422
-4.37049,24.5349
-4.3257,24.7411
-4.447,24.9025
-4.37115,25.0842
-4.4816,25.2481
-4.48284,25.4568
-4.5214,25.6474
-4.52953,25.8469
-4.6636,25.996
-4.60367,26.1898
-4.67048,26.3776
-4.54768,26.5263
-4.57368,26.7287
-4.66402,26.9013
-4.61067,27.1055
-4.51924,27.2787
-4.44637,27.4629
-4.45008,27.6647
-4.31075,27.8129
-4.37899,28.003
-4.343,28.2025
-4.27234,28.3849
-4.25817,28.5842
-4.27373,28.789
-4.29977,29.0084
-4.3849,29.2232
-4.3378,29.4159
-4.33128,29.6239
-4.27371,29.8112
-4.1888,29.9875
-4.1319,30.192
-4.12764,30.3996
-4.20563,30.5854
-4.28295,30.7723
-4.09362,30.7757
-4.17846,30.9605
-4.17361,31.1642
-4.20937,31.3694
-4.30432,31.566
-4.32446,31.765
-4.40459,31.9397
-4.43563,32.1463
-4.3342,32.3372
-4.27661,32.526
-4.13995,32.6882
-4.23469,32.8582
-4.2879,33.0619
-4.21104,33.2555
-4.18044,33.4618
-4.23797,33.6586
-4.36499,33.8303
-4.45544,34.0096
-4.38841,34.1889
-4.31337,34.3924
-4.41108,34.5798
-4.44134,34.7894
-4.39534,34.9901
-4.51131,35.1704
-4.3319,35.3072
-4.33438,35.5075
-4.27943,35.6941
-4.33342,35.8787
-4.31738,0.517591
-4.19959,0.693786
-4.14179,0.894774
-4.15427,1.11541
-4.19873,1.29102
-4.00426,1.28579
-4.07969,1.4688
-4.19883,1.62447
-4.11292,1.8053
-4.02344,1.99739
-4.22909,2.07123
-4.32966,2.24634
-4.37124,2.44474
-4.33685,2.64185
-4.13899,2.60287
-4.14253,2.80797
-4.29532,2.95344
-4.28855,3.1696
-4.21323,3.35408
-4.19821,3.55687
-4.03748,3.66506
-4.12491,3.84352
-4.25003,4.01424
-4.36715,4.17511
-4.46117,4.34507
-4.4606,4.54795
-4.42829,4.75653
-4.29239,4.90461
-4.24291,5.09446
-4.32584,5.27918
-4.33539,5.47021
-4.28956,5.67876
-4.27114,5.87111
-4.20083,6.06683
-4.15345,6.26801
-4.22032,6.45829
-4.13698,6.62841
-4.26194,6.78803
-4.34521,6.97615
-4.31422,7.18068
-4.25767,7.36257
-4.28176,7.57727
-4.17231,7.75536
-4.23217,7.9419
-4.32755,8.10723
-4.25815,8.28709
-4.38999,8.45021
-4.41563,8.65101
-4.41694,8.87882
-4.27078,9.01537
-4.33616,9.20432
-4.45675,9.36556
-4.3296,9.54102
-4.18939,9.69437
-4.19783,9.90031
-4.35945,10.0371
-4.29341,10.2318
-4.3573,10.4141
-4.33314,10.6135
-4.22848,10.7853
-4.19271,10.9846
-4.28614,11.1639
-4.30416,11.3669
-4.26024,11.5619
-4.11288,11.6908
-4.13569,11.891
-4.28056,12.03
-4.25444,12.2138
-4.10579,12.3586
-4.05168,12.5597
-4.09636,12.7294
-4.06879,12.9318
-4.03139,13.1251
-4.22126,13.1914
-4.29844,13.3711
-4.18454,13.5633
-4.30904,13.7239
-4.15548,13.8508
-4.23434,14.0497
-4.3326,14.2312
-4.31223,14.4239
-4.19597,14.5807
-4.30355,14.7545
-4.26263,14.9545
-4.26605,15.1497
-4.17717,15.325
-4.11865,15.5354
-4.00061,15.709
-3.95619,15.9262
-4.09277,16.0869
-3.94548,16.2409
-3.88317,16.4516
-3.97275,16.6374
-4.09325,16.7824
-4.10035,16.998
-4.07125,17.2046
-4.04934,17.4102
-4.08756,17.6227
-4.16228,17.8113
-4.18961,18.0154
-4.1198,18.21
-4.14821,18.4128
-4.19465,18.6105
-4.23945,18.7969
-4.19693,18.9879
-4.26812,19.1744
-4.27648,19.3712
-4.20329,19.5456
-4.16471,19.7452
-4.22582,19.9247
-4.37207,20.0801
-4.41399,20.2857
-4.38082,20.4862
-4.36638,20.6942
-4.21977,20.8127
-4.10156,20.9764
-4.24384,21.1195
-4.10137,21.257
-4.03791,21.4421
-3.973,21.6328
-3.90289,21.8353
-3.9818,22.0237
-3.94382,22.2303
-3.94098,22.4246
-3.88204,22.6232
-3.8175,22.7977
-3.79998,23.0125
-3.6978,23.2026
-3.84489,23.3569
-3.82734,23.5572
-3.7881,23.7465
-3.73753,23.9504
-3.72923,24.1568
-3.64229,24.3565
-3.55256,24.5421
-3.59265,24.7293
-3.69024,24.911
-3.82268,25.0768
-3.82107,25.2849
-3.82954,25.4923
-3.79449,25.681
-3.71118,25.8545
-3.65897,26.0463
-3.68386,26.2541
-3.64895,26.4471
-3.66952,26.6392
-3.64032,26.8527
-3.83262,26.8685
-3.96551,27.0174
-3.82713,27.1606
-3.68132,27.2896
-3.78285,27.4972
-3.85832,27.6926
-3.83248,27.8964
-3.92675,28.08
-3.87118,28.2798
-3.92812,28.4705
-3.88002,28.668
-3.79147,28.8519
-3.7934,29.0427
-3.65108,29.2174
-3.72486,29.4013
-3.70439,29.5989
-3.70244,29.7938
-3.56426,29.9366
-3.56392,30.1433
-3.54583,30.3536
-3.37196,30.4661
-3.25219,30.6365
-3.34141,30.823
-3.27812,31.02
-3.30952,31.2155
-3.25084,31.4
-3.21825,31.6201
-3.18897,31.824
-3.13523,32.0292
-3.16535,32.2214
-3.13441,32.4303
-3.16274,32.6279
-3.11138,32.8353
-3.12113,33.0419
-3.25334,33.1996
-3.0742,33.275
-3.06587,33.4717
-3.06309,33.6724
-3.03136,33.8715
-3.09751,34.0685
-3.00584,34.2531
-2.93469,34.4352
-2.96057,34.6274
-2.98461,34.8259
-3.11679,34.9822
-3.10309,35.1933
-3.03948,35.375
-2.9518,35.5571
-3.06763,35.7322
-3.05855,35.9454
-3.12866,36.1581
-3.19896,36.3556
-3.17538,36.5387
-4.04871,0.153957
-3.9821,0.344106
-4.01229,0.52951
-3.82755,0.596381
-3.75815,0.779776
-3.78286,0.977607
-3.68309,1.13978
-3.68917,1.35183
-3.67579,1.54675
-3.5351,1.6837
-3.53004,1.89202
-3.55616,2.08472
-3.52797,2.28208
-3.69748,2.37235
-3.7527,2.56921
-3.84074,2.74685
-3.9055,2.92886
-3.94492,3.1304
-3.80953,3.29931
-3.69212,3.44996
-3.76253,3.64997
-3.706,3.84161
-3.78422,4.03151
-3.73012,4.22593
-3.62852,4.40507
-3.69709,4.59517
-3.59216,4.75887
-3.56157,4.9533
-3.59775,5.16004
-3.67762,5.34815
-3.59348,5.5395
-3.44009,5.68475
-3.32704,5.84825
-3.44573,6.01516
-3.40905,6.20581
-3.50174,6.39361
-3.39233,6.54048
-3.34233,6.7438
-3.40313,6.9334
-3.54665,7.06514
-3.43605,7.22367
-3.48998,7.41611
-3.42799,7.62046
-3.42894,7.81605
-3.32715,7.99508
-3.46823,8.14173
-3.39427,8.33998
-3.3231,8.53202
-3.49821,8.64607
-3.46207,8.84318
-3.57213,9.01302
-3.44917,9.15785
-3.30812,9.30527
-3.24967,9.51743
-3.40174,9.64357
-3.6002,9.68743
-3.75605,9.81264
-3.64561,9.96635
-3.68473,10.1746
-3.7742,10.3481
-3.66356,10.5158
-3.63138,10.7184
-3.62825,10.9311
-3.60201,11.1397
-3.53392,11.3361
-3.48061,11.5228
-3.52658,11.7174
-3.40879,11.8685
-3.50927,12.045
-3.64183,12.2151
-3.62524,12.4112
-3.59369,12.613
-3.66781,12.8075
-3.67936,12.9996
-3.57988,13.1737
-3.65211,13.3681
-3.79931,13.516
-3.78566,13.7332
-3.9194,13.8846
-4.02045,14.0549
-3.8806,14.2121
-3.79525,14.3948
-3.76371,14.5944
-3.76045,14.8056
-3.8835,14.9682
-3.87604,15.1634
-3.71513,15.2927
-3.54231,15.402
-3.65413,15.5622
-3.51967,15.7097
-3.49842,15.9164
-3.43487,16.1266
-3.23469,16.1774
-3.183,16.381
-3.0499,16.5365
-3.21357,16.6525
-3.1412,16.8361
-3.19619,17.0464
-3.10326,17.2171
-3.08876,17.4433
-3.28562,17.4998
-3.3992,17.6559
-3.417,17.85
-3.31394,18.0306
-3.42757,18.1894
-3.25173,18.2999
-3.30291,18.4865
-3.16116,18.6232
-3.21922,18.816
-3.23722,19.0137
-3.29952,19.221
-3.30381,19.4222
-3.46707,19.5471
-3.60109,19.7115
-3.42358,19.8168
-3.44696,20.0326
-3.44564,20.2204
-3.55732,20.3906
-3.36122,20.4192
-3.40663,20.6092
-3.49514,20.7925
-3.46993,20.9994
-3.37777,21.1901
-3.29039,21.3736
-3.30509,21.5687
-3.44005,21.7194
-3.29714,21.8584
-3.47625,21.9816
-3.52415,22.193
-3.60035,22.3804
-3.60488,22.592
-3.45808,22.7104
-3.35928,22.8829
-3.45549,23.0612
-3.27182,23.159
-3.23034,23.3713
-3.43216,23.4769
-3.52373,23.6486
-3.44544,23.8473
-3.32451,24.016
-3.13667,24.0731
-3.26592,24.2374
-3.27132,24.4278
-3.20057,24.6129
-3.09874,24.7847
-3.0539,24.9807
-3.16312,25.1612
-3.27375,25.3227
-3.234,25.5104
-3.1543,25.698
-3.03747,25.872
-3.1474,26.0264
-3.21632,26.2195
-3.22512,26.4288
-3.29105,26.6299
-3.22714,26.8184
-3.16341,27.0218
-3.03212,27.198
-2.81127,27.2053
-2.77617,27.3928
-2.86337,27.5667
-2.89884,27.7682
-2.85356,27.9755
-2.74172,28.1375
-2.64013,28.3172
-2.73607,28.5039
-2.87841,28.6394
-2.9831,28.8446
-2.98516,29.046
-3.10979,29.2106
-3.15639,29.4242
-3.28997,29.5955
-3.25611,29.7893
-3.21762,29.9873
-3.10077,30.1387
-3.03266,30.3449
-2.90591,30.494
-3.04271,30.638
-2.89452,30.791
-2.749,30.9443
-2.86737,31.1281
-3.00761,31.2783
-2.93511,31.4493
-2.82615,31.6267
-2.88454,31.8124
-2.83129,32.0045
-2.71631,32.1932
-2.66792,32.3837
-2.72077,32.5926
-2.76691,32.7804
-2.79645,32.9783
-2.76301,33.1826
-2.71114,33.3596
-2.57445,33.533
-2.5776,33.7216
-2.69464,33.8985
-2.78015,34.0816
-2.80536,34.266
-2.68921,34.426
-2.64997,34.6311
-3.15225,0.462401
-3.25722,0.643517
-3.31737,0.86068
-3.29646,1.05932
-3.15002,1.22675
-3.05827,1.41133
-3.09254,1.60276
-3.11598,1.81746
-3.16797,1.99548
-3.17858,2.19312
-3.18136,2.38226
-3.06773,2.56098
-2.94772,2.72169
-2.76223,2.7914
-2.72,2.99095
-2.712,3.18352
-2.71318,3.378
-2.65417,3.57243
-2.75293,3.75387
-2.77654,3.95989
-2.80441,4.15667
-2.69763,4.3397
-2.8703,4.44576
-2.91,4.63917
-3.00371,4.82082
-2.95324,5.01635
-2.75835,5.07619
-2.70849,5.29048
-2.76928,5.49697
-2.70593,5.68323
-2.68484,5.88582
-2.84221,6.01255
-2.91776,6.20059
-2.91088,6.38998
-2.79603,6.55922
-2.94252,6.69346
-2.85763,6.87247
-2.77129,7.06692
-2.85041,7.24167
-2.83788,7.43054
-2.78174,7.63126
-2.92844,7.78027
-2.77624,7.92923
-2.87379,8.10352
-2.96848,8.28533
-2.85617,8.44749
-3.03018,8.53003
-3.02737,8.72733
-2.91711,8.8808
-3.09205,9.00752
-3.0678,9.2094
-2.99925,9.4162
-3.01929,9.61985
-2.88479,9.77817
-2.8725,9.98622
-2.78091,10.1724
-2.68395,10.3405
-2.71962,10.5406
-2.64524,10.7524
-2.78287,10.907
-2.78734,11.1046
-2.61166,11.1756
-2.45127,11.3029
-2.44773,11.5134
-2.46281,11.7252
-2.43109,11.9075
-2.39875,12.1061
-2.4052,12.3258
-2.38597,12.5252
-2.24781,12.6726
-2.06387,12.7538
-1.98287,12.9479
-1.98795,13.1725
-1.89197,13.3651
-1.93843,13.5606
-2.09956,13.6934
-2.23458,13.8491
-2.31788,14.0358
-2.34404,14.2292
-2.42504,14.4051
-2.39342,14.6001
-2.37774,14.7956
-2.3795,14.9955
-2.26832,15.1633
-2.22684,15.3573
-2.12679,15.5348
-2.08722,15.7229
-2.27803,15.8066
-2.43259,15.9411
-2.60012,16.0638
-2.62907,16.2761
-2.49586,16.4384
-2.65948,16.5619
-2.6426,16.7747
-2.66331,16.9721
-2.76139,17.1501
-2.8008,17.3593
-2.7251,17.5365
-2.58865,17.6977
-2.4423,17.8815
-2.38529,18.0658
-2.48242,18.2403
-2.61051,18.3922
-2.68048,18.5749
-2.66664,18.7979
-2.76268,18.9712
-2.57814,19.0406
-2.55678,19.2442
-2.58851,19.4571
-2.49738,19.631
-2.47046,19.8391
-2.35545,20.0047
-2.22371,20.1492
-2.303,20.3439
-2.15676,20.4716
-2.13164,20.6651
-2.04467,20.8401
-1.97665,21.0368
-2.06451,21.2408
-1.9688,21.404
-2.10392,21.5573
-2.03891,21.7416
-2.11196,21.9296
-2.131,22.1304
-2.23289,22.3284
-2.15116,22.5191
-2.11053,22.7122
-2.07309,22.9072
-1.94453,23.0684
-2.06307,23.2366
-2.0989,23.4312
-2.14034,23.6451
-2.009,23.8106
-2.00498,24.0056
-2.01377,24.205
-1.97041,24.4067
-2.00093,24.6066
-2.03858,24.8076
-1.86699,24.9036
-1.953,25.083
-2.10417,25.2091
-2.17179,25.3896
-2.13718,25.6044
-2.08289,25.7869
-2.00646,25.968
-1.94613,26.1601
-1.92665,26.3677
-1.96055,26.5742
-1.92354,26.7796
-1.88636,26.9613
-1.86077,27.1544
-1.83093,27.3603
-1.83434,27.5741
-1.91043,27.7756
-2.12135,27.7682
-2.21523,27.9484
-2.20982,28.1526
-2.332,28.3119
-2.40629,28.5081
-2.39212,28.7128
-2.43045,28.9096
-2.30096,29.0607
-2.14751,29.169
-2.12913,29.362
-2.0463,29.5489
-2.14843,29.7499
-2.16806,29.9597
-2.04057,30.0988
-2.10308,30.2874
-2.09203,30.5022
-2.10596,30.7032
-2.10412,30.922
-2.04308,31.121
-2.24798,31.1926
-2.305,31.4083
-2.2809,31.61
-2.27868,31.8201
-2.25677,32.0371
-2.31423,32.225
-2.21144,32.3928
-2.11249,32.5576
-2.08355,32.7484
-2.02054,32.9403
-1.88423,33.0687
-1.77902,33.2395
-1.84112,33.4235
-1.71808,33.5877
-1.66648,33.7822
-1.74143,33.9735
-1.55362,34.0384
-1.49059,34.2221
-1.68137,34.2834
-1.76811,34.4625
-1.88492,34.6334
-1.94964,34.8258
-1.9649,35.0251
-1.81703,35.1857
-1.98118,35.32
-1.95918,35.517
-1.86823,35.6918
-1.60826,0.448487
-1.69103,0.620849
-1.81971,0.776784
-1.6219,0.834386
-1.56472,1.01813
-1.49109,1.2239
-1.3576,1.37622
-1.43117,1.56126
-1.31083,1.71151
-1.43865,1.87111
-1.41805,2.079
-1.26632,2.21975
-1.28783,2.42303
-1.13419,2.55049
-1.16607,2.74703
-1.02873,2.92769
-1.18256,3.05371
-1.12333,3.24517
-1.24062,3.41121
-1.2927,3.60785
-1.49964,3.70632
-1.47369,3.91202
-1.53425,4.11277
-1.5077,4.29628
-1.4652,4.49828
-1.56714,4.67888
-1.56979,4.86884
-1.40503,5.00637
-1.33313,5.18503
-1.19972,5.3339
-1.18002,5.52272
-1.17518,5.72171
-1.30655,5.89135
-1.3737,6.11046
-1.40021,6.30414
-1.36088,6.51236
-1.38065,6.71976
-1.40184,6.92511
-1.34765,7.11583
-1.27755,7.2986
-1.19952,7.47274
-1.25717,7.66678
-1.18666,7.84892
-1.23661,8.03898
-1.15878,8.21388
-1.02935,8.36735
-1.10552,8.5636
-1.1171,8.77408
-0.973885,8.90774
-1.17826,8.97754
-1.20063,9.16948
-1.31737,9.33527
-1.22258,9.51865
-1.25496,9.70389
-1.3023,9.89644
-1.23661,10.1041
-1.17503,10.3146
-1.26656,10.4945
-1.30056,10.6935
-1.34863,10.9101
-1.42665,11.0882
-1.42042,11.2939
-1.37616,11.4777
-1.38902,11.6793
-1.43938,11.8569
-1.30233,12.0296
-1.21425,12.2274
-1.14933,12.4212
-0.993114,12.5592
-1.02086,12.7612
-1.06005,12.9797
-1.14248,13.1693
-1.1449,13.377
-1.20376,13.56
-1.0833,13.7346
-1.26866,13.8029
-1.30766,13.9983
-1.1131,14.0155
-1.06442,14.2091
-0.958861,14.3713
-0.999338,14.5757
-0.999605,14.7925
-1.11505,14.9749
-1.18378,15.1624
-1.01529,15.2693
-1.07349,15.469
-1.04063,15.6662
-0.963371,15.8354
-1.07823,16.02
-1.00439,16.1931
-1.19192,16.2939
-1.21625,16.4954
-1.30405,16.6949
-1.27819,16.8896
-1.08379,16.9323
-0.941939,17.0828
-1.09989,17.1974
-1.01202,17.383
-1.10355,17.5773
-1.25724,17.6852
-1.20178,17.8723
-1.1853,18.0734
-1.20464,18.2739
-1.14362,18.4746
-1.28897,18.6182
-1.28095,18.8264
-1.15161,18.9937
-1.13643,19.1969
-1.00469,19.3523
-0.920488,19.5282
-0.838581,19.7278
-0.874823,19.9341
-0.890979,20.1296
-0.948506,20.3242
-0.786556,20.4311
-0.620747,20.5457
-0.599125,20.7479
-0.585788,20.9488
-0.471934,21.1142
-0.385473,21.2968
-0.369327,21.4964
-0.235982,21.6412
-0.340089,21.8036
-0.38692,21.9991
-0.27986,22.1872
-0.310205,22.3893
-0.311853,22.5916
-0.172469,22.7546
-0.213473,22.9439
-0.0988262,23.1053
-0.262001,23.2489
-0.340084,23.4492
-0.323516,23.643
-0.511603,23.7155
-0.537499,23.9129
-0.581689,24.1173
-0.544359,24.3102
-0.551762,24.5132
-0.624241,24.7033
-0.637009,24.912
-0.455692,25.0523
-0.34115,25.2188
-0.332265,25.4244
-0.463872,25.6006
-0.393567,25.7993
-0.523232,25.9873
-0.432019,26.1665
-0.527759,26.343
-0.612502,26.5346
-0.684946,26.7284
-0.567369,26.9063
-0.600832,27.1069
-0.569683,27.3054
-0.39919,27.4034
-0.318701,27.6026
-0.402798,27.7872
-0.221561,27.8714
-0.104307,28.0402
-0.0592656,28.2384
0.0922742,28.3621
0.111467,28.5607
0.112648,28.7606
0.0949865,28.9646
0.183017,29.1314
0.206603,29.3423
0.227553,29.5385
0.201557,29.7277
0.336912,29.8836
0.309586,30.082
0.357849,30.2839
0.283131,30.4764
0.183194,30.6417
0.149864,30.8413
0.101495,31.0352
0.0136486,31.2199
0.15034,31.3725
0.203756,31.5583
0.174361,31.7573
0.167406,31.966
0.0646707,32.1217
-0.104576,32.2176
-0.0427135,32.4114
0.0977083,32.5569
0.0902292,32.7539
0.144464,32.9447
0.13865,33.1475
-0.012944,33.2732
-0.0827944,33.4466
-0.015864,33.634
-0.205284,33.7129
-0.248893,33.9196
-0.301867,34.1254
-0.195425,34.2995
-0.282995,34.4867
-0.214644,34.6808
-0.279868,34.8581
-0.186301,35.04
0.00767002,35.0847
0.148121,35.2265
0.349329,35.2425
-0.0766798,0.356632
-0.203606,0.522512
-0.310185,0.725354
-0.204653,0.886387
-0.223538,1.08155
-0.034002,1.1375
-0.0028229,1.33082
0.162073,1.4418
0.0102272,1.60594
-0.0319317,1.82095
-0.00468923,2.02778
-0.13825,2.18397
-0.141876,2.39188
-0.00942353,2.54951
0.0623982,2.75735
0.045963,2.96611
0.0371158,3.17597
0.0836419,3.36101
0.0983738,3.57894
-0.0799406,3.68623
0.0464398,3.83421
-0.00399428,4.02336
0.00993142,4.21978
-0.0510653,4.41828
-0.0870452,4.61846
0.00160243,4.80639
-0.0493731,5.01019
-0.198785,5.13596
-0.280784,5.32637
-0.294111,5.52486
-0.235555,5.72915
-0.193316,5.92822
-0.175908,6.13121
-0.180863,6.32978
-0.252625,6.52112
-0.0768487,6.60719
-0.128931,6.80187
-0.118432,7.01492
-0.170884,7.22541
-0.0798622,7.41754
-0.112239,7.62311
-0.116661,7.82005
-0.0189287,7.99235
0.024643,8.17911
0.136846,8.33805
0.0876611,8.54498
0.062126,8.75545
0.175193,8.91145
0.186926,9.11571
0.0504233,9.26762
-0.0908428,9.4072
-0.0693597,9.60443
-0.215904,9.75255
-0.232887,9.94683
-0.244509,10.1515
-0.275394,10.3475
-0.218566,10.5658
-0.32326,10.7468
-0.419094,10.9297
-0.297186,11.0832
-0.401607,11.2464
-0.484168,11.4209
-0.529922,11.6182
-0.411072,11.7645
-0.399847,11.9615
-0.340842,12.1512
-0.293641,12.3567
-0.47347,12.4339
-0.477979,12.6402
-0.450548,12.8462
-0.444216,13.0548
-0.318833,13.2168
-0.450187,13.3628
-0.499216,13.5481
-0.442259,13.7336
-0.434831,13.9322
-0.288608,14.0742
-0.294209,14.3047
-0.170932,14.4867
-0.135466,14.6978
0.0205435,14.8232
0.0712811,15.006
0.0213834,15.2171
0.0673687,15.41
0.12894,15.6088
0.0182681,15.7758
-0.0310242,15.9773
0.049261,16.1621
-0.0191148,16.3672
0.0575081,16.5569
-0.0827089,16.6974
-0.0473029,16.9036
0.012061,17.0866
0.100832,17.257
0.120299,17.4559
0.0535266,17.6509
0.00725116,17.8682
0.0843457,18.0431
0.1512,18.2356
0.159626,18.4336
0.117563,18.6297
0.262941,18.7469
0.191676,18.9139
0.233623,19.1168
0.391587,19.2673
0.538096,19.4243
0.591442,19.6201
0.588769,19.8121
0.776932,19.8959
0.907102,20.062
0.784074,20.2154
0.849604,20.4234
0.714669,20.5875
0.649658,20.7998
0.500125,20.9401
0.460138,21.1388
0.536481,21.331
0.49268,21.5389
0.354425,21.6759
0.293162,21.8715
0.351446,22.061
0.454859,22.2343
0.423122,22.434
0.429353,22.6429
0.504782,22.8359
0.559784,23.0479
0.660749,23.2201
0.464061,23.2964
0.550994,23.4806
0.495543,23.6807
0.518579,23.8677
0.484946,24.0671
0.580397,24.2515
0.596792,24.4496
0.689238,24.6194
0.639521,24.8073
0.661898,25.0149
0.752559,25.2066
0.703302,25.3978
0.675052,25.5995
0.625069,25.804
0.607659,26.0052
0.805408,26.1136
0.761551,26.319
0.769698,26.527
0.901299,26.6799
0.969632,26.8711
1.02274,27.0806
0.924248,27.2669
0.934549,27.4718
0.967745,27.6698
0.935385,27.8606
0.933516,28.0756
0.866232,28.2584
0.815945,28.4623
0.928523,28.6439
0.943717,28.8491
0.980195,29.0412
1.13042,29.1525
1.02614,29.3385
1.09925,29.525
1.24865,29.6676
1.24257,29.8813
1.05649,29.9312
0.988427,30.1124
0.901775,30.2985
0.866612,30.5031
0.978107,30.6749
1.10018,30.8332
1.11201,31.027
1.03626,31.2062
1.03343,31.3938
1.13421,31.5845
1.13786,31.7898
1.04577,31.9709
0.918617,32.147
1.06479,32.2826
1.07019,32.4719
1.16207,32.6518
1.19616,32.8607
1.2103,33.0717
1.13935,33.254
1.27535,33.4259
1.13762,33.5928
1.0521,33.7812
1.01272,33.9858
1.06097,34.1688
0.940874,34.3219
0.955022,34.5205
0.998801,34.7148
0.83087,34.8195
0.766614,35.0275
0.765668,35.2187
0.814718,35.4109
0.682492,35.5788
0.810999,35.7274
0.967398,35.8678
0.952448,36.0594
1.00418,36.2671
0.998609,36.4774
