4.3761,0.358883
4.46557,0.560062
4.46268,0.756534
4.38366,0.943811
4.47912,1.11275
4.5314,1.30731
4.44744,1.51139
4.61639,1.64691
4.68914,1.8403
4.51773,1.9274
4.65072,2.08959
4.72373,2.2652
4.60704,2.43972
4.65673,2.62742
4.77137,2.80014
4.76684,3.00059
4.66634,3.17207
4.69931,3.36497
4.76082,3.54403
4.71599,3.74038
4.91467,3.70395
4.83921,3.89714
4.75446,4.08571
4.68161,4.27914
4.54338,4.43488
4.6975,4.56701
4.72643,4.77339
4.89622,4.87235
4.82123,5.0564
4.82332,5.25296
4.87649,5.44323
4.78509,5.63182
4.72931,5.81636
4.7241,6.01548
4.81475,6.20974
4.8034,6.42486
4.97538,6.53381
5.07225,6.71518
5.04313,6.92698
4.92935,7.09316
4.94443,7.30122
4.96282,7.50268
4.92084,7.70496
4.87718,7.90652
4.94053,8.08988
4.84274,8.24753
4.88188,8.45265
5.02849,8.6026
5.0183,8.82279
5.19399,8.95454
5.21653,9.13928
5.01366,9.17688
5.02443,9.38107
5.0349,9.57781
5.04619,9.78839
5.02704,9.99437
4.9611,10.1852
4.99158,10.3798
5.07079,10.5706
5.09907,10.7604
5.22005,10.9434
5.40639,11.0265
5.33029,11.219
5.31349,11.4185
5.34225,11.6167
5.39064,11.8116
5.33463,12.0047
5.3359,12.2338
5.34049,12.4333
5.40851,12.6139
5.43508,12.8063
5.388,13.0028
-5.49048,13.1556
5.49531,13.3581
5.48841,13.5689
5.4593,13.7681
-5.47471,13.9792
5.34368,14.079
5.34445,14.2842
5.43084,14.4632
5.24064,14.5615
5.22752,14.7567
5.1745,14.96
5.12943,15.1501
5.21641,15.3391
5.2643,15.5411
5.28365,15.7303
5.31154,15.9386
5.37388,16.1342
5.46829,16.3088
-5.47242,16.4988
-5.48909,16.6976
-5.39245,16.8713
-5.40396,17.0658
5.4576,17.2028
5.46775,17.4039
5.39594,17.5914
5.30209,17.7677
5.22848,17.9678
5.21886,18.1596
5.20097,18.3725
5.08524,18.5298
5.05876,18.727
5.17392,18.892
5.08175,19.0736
5.06989,19.269
4.97801,19.44
4.87375,19.6403
4.66897,19.6952
4.55665,19.8716
4.6884,20.0353
4.72807,20.2383
4.80178,20.4376
4.76627,20.6402
4.7468,20.8408
4.74281,21.0368
4.78839,21.2334
4.80943,21.4288
4.94782,21.5584
5.07558,21.7137
5.18119,21.8964
5.1211,22.0982
5.26297,22.2427
5.24445,22.4557
5.33362,22.6584
5.2981,22.8718
5.27769,23.0669
5.28414,23.2686
5.35702,23.4626
5.40993,23.6485
5.31757,23.8296
5.21978,24.0084
5.24865,24.2183
5.1224,24.3879
5.20416,24.5714
5.15308,24.7527
5.2089,24.9562
5.29796,25.1444
5.35044,25.3547
5.48842,25.5119
5.35628,25.6493
5.42704,25.8456
-5.43091,25.996
-5.42814,26.2067
-5.42164,26.4026
5.4388,26.5596
5.45121,26.7611
5.32572,26.9052
5.365,27.1023
5.46325,27.2849
5.45918,27.4775
5.45404,27.6807
5.39611,27.8863
5.34694,28.0818
5.36452,28.3032
5.24058,28.4518
5.08341,28.5734
5.09377,28.7724
5.15091,28.9898
5.03105,29.1672
5.21338,29.2601
5.33338,29.4296
5.29501,29.6192
5.28608,29.8341
5.41526,30.0014
5.40509,30.1983
5.38055,30.3916
5.29455,30.5799
5.18972,30.7353
5.38304,30.8127
5.48995,30.9761
5.48818,31.1766
5.41822,31.3677
5.27509,31.5199
5.25726,31.7351
5.34136,31.9219
5.41549,32.1169
5.32453,32.301
5.30401,32.5029
5.13876,32.6139
5.22204,32.8111
5.2627,33.009
5.36912,33.1827
5.43964,33.3683
5.44087,33.5723
5.49354,33.7813
5.48444,33.9848
5.32611,34.1062
5.36688,34.297
5.35466,34.4919
5.46572,34.6772
-5.45056,34.8605
5.45639,35.0525
5.38599,35.2451
5.41295,35.4472
5.44813,35.6458
-5.34966,35.6169
-5.33934,35.8144
-5.27604,36.0096
-5.38075,36.1735
-4.84743,0.439226
-4.88441,0.654076
-4.83954,0.869157
-4.79588,1.06458
-4.7165,1.23514
-4.67609,1.42738
-4.51333,1.53901
-4.56558,1.72634
-4.5528,1.93285
-4.40777,2.0889
-4.31328,2.25905
-4.2963,2.46804
-4.42657,2.62498
-4.47392,2.83176
-4.37478,2.99096
-4.38477,3.18954
-4.43424,3.38075
-4.41362,3.58538
-4.42953,3.7976
-4.59096,3.92899
-4.4981,4.1172
-4.44378,4.32006
-4.39667,4.52306
-4.53962,4.67319
-4.56751,4.8666
-4.59064,5.06047
-4.62503,5.24693
-4.62315,5.46796
-4.62446,5.65251
-4.60423,5.84855
-4.579,6.04629
-4.68698,6.23117
-4.6301,6.42232
-4.51016,6.57864
-4.39252,6.74476
-4.46254,6.94566
-4.57336,7.11945
-4.60733,7.31151
-4.5971,7.49478
-4.56045,7.68059
-4.40675,7.8248
-4.30539,8.00479
-4.40671,8.1801
-4.53075,8.34717
-4.54186,8.55649
-4.42297,8.71851
-4.46847,8.91687
-4.55884,9.09511
-4.46821,9.28031
-4.62707,9.42538
-4.73061,9.58764
-4.84741,9.74961
-4.80499,9.95846
-4.75492,10.1544
-4.61438,10.3185
-4.50513,10.4787
-4.37012,10.6318
-4.4453,10.82
-4.55395,11.0191
-4.46779,11.1924
-4.38942,11.3737
-4.51225,11.5391
-4.41229,11.7313
-4.54749,11.8756
-4.63119,12.0485
-4.74144,12.2106
-4.63489,12.3881
-4.48007,12.509
-4.48298,12.7034
-4.56108,12.8853
-4.50195,13.0827
-4.40823,13.2655
-4.4252,13.4611
-4.24815,13.5927
-4.22163,13.8038
-4.33176,13.9739
-4.19174,14.1286
-4.01856,14.2148
-4.1383,14.3772
-4.19547,14.5825
-4.0736,14.7463
-4.22333,14.8895
-4.36965,15.0251
-4.36646,15.227
-4.4056,15.427
-4.40957,15.6347
-4.48863,15.8162
-4.60043,15.9859
-4.55477,16.1845
-4.62785,16.3589
-4.57932,16.557
-4.49483,16.7429
-4.50866,16.9366
-4.54936,17.1291
-4.58997,17.3397
-4.72684,17.5013
-4.67815,17.6894
-4.60428,17.8833
-4.69454,18.0661
-4.55125,18.2081
-4.5603,18.4069
-4.71162,18.5431
-4.66258,18.7406
-4.69286,18.9582
-4.63821,19.1747
-4.57422,19.361
-4.63221,19.5667
-4.5472,19.7631
-4.68246,19.912
-4.66282,20.1251
-4.60915,20.3196
-4.53786,20.5275
-4.65067,20.6999
-4.61198,20.9078
-4.48728,21.0616
-4.47742,21.2602
-4.36956,21.4079
-4.3047,21.5889
-4.36067,21.8003
-4.53434,21.9089
-4.52438,22.114
-4.60649,22.2953
-4.67803,22.4876
-4.68159,22.6804
-4.71886,22.8733
-4.59528,23.0398
-4.67164,23.2335
-4.6989,23.4429
-4.72946,23.6503
-4.70055,23.8689
-4.56261,24.038
-4.41911,24.1956
-4.39527,24.4033
-4.43342,24.6096
-4.42651,24.7995
-4.42362,24.9911
-4.45348,25.1989
-4.38041,25.3862
-4.50221,25.5671
-4.43091,25.7697
-4.51155,25.9501
-4.6758,25.8502
-4.78188,26.0187
-4.88057,26.2099
-4.80533,26.4008
-4.94207,26.561
-5.00524,26.7484
-4.91651,26.9285
-4.85645,27.1173
-4.72726,27.2718
-4.73339,27.4666
-4.71754,27.671
-4.85401,27.8243
-4.82113,28.017
-4.70193,28.1758
-4.77413,28.3686
-4.67185,28.5509
-4.55688,28.7063
-4.49694,28.8881
-4.38641,29.0712
-4.56067,29.1679
-4.59555,29.3649
-4.48407,29.5374
-4.61841,29.6829
-4.67257,29.881
-4.61261,30.0767
-4.60167,30.2769
-4.71701,30.4401
-4.60428,30.6199
-4.61672,30.8287
-4.60907,31.0315
-4.62097,31.2407
-4.55181,31.4387
-4.39074,31.5477
-4.30936,31.7371
-4.42383,31.9137
-4.5091,32.1031
-4.58267,32.2869
-4.60901,32.4838
-4.66155,32.6677
-4.54885,32.8311
-4.73188,32.9176
-4.62549,33.088
-4.55808,33.2664
-4.51398,33.4692
-4.45033,33.6629
-4.43524,33.8621
-4.46214,34.0657
-4.34726,34.2416
-4.44231,34.4156
-4.51872,34.6013
-4.34656,34.686
-4.38607,34.8857
-4.39624,35.0991
-4.26234,35.2613
-4.29035,35.4725
-4.3028,35.6813
-4.33079,35.8866
-4.35186,36.1009
-4.49279,36.2442
-3.58377,0.278151
-3.64275,0.483847
-3.44936,0.506246
-3.4156,0.709432
-3.34184,0.917938
-3.43872,1.11785
-3.49797,1.29628
-3.43196,1.47051
-3.41252,1.66101
-3.31777,1.84758
-3.375,2.04054
-3.37134,2.25121
-3.47702,2.42407
-3.40754,2.61886
-3.37388,2.82121
-3.25877,3.00222
-3.33083,3.18522
-3.27266,3.36822
-3.26839,3.58019
-3.23738,3.77648
-3.22747,3.99433
-3.18538,4.18125
-3.28614,4.35006
-3.2626,4.55581
-3.33723,4.72996
-3.34821,4.93193
-3.25335,5.09711
-3.25813,5.30726
-3.29553,5.50259
-3.39733,5.66354
-3.37657,5.88936
-3.33752,6.10117
-3.35828,6.30397
-3.36292,6.49484
-3.47736,6.66402
-3.59017,6.83415
-3.55431,7.03515
-3.73228,7.12904
-3.62228,7.30733
-3.52137,7.49608
-3.46524,7.70573
-3.43211,7.90759
-3.45617,8.10294
-3.52543,8.28456
-3.50706,8.47613
-3.63764,8.64746
-3.53183,8.82728
-3.5443,9.03026
-3.65499,9.20206
-3.73879,9.40645
-3.58556,9.51755
-3.58587,9.73655
-3.7277,9.89548
-3.76285,10.1039
-3.66874,10.2795
-3.50681,10.3985
-3.39439,10.5663
-3.3235,10.7558
-3.4183,10.9424
-3.38862,11.1592
-3.51184,11.3209
-3.58006,11.5071
-3.55627,11.6993
-3.57752,11.8877
-3.43718,12.0327
-3.43679,12.258
-3.50433,12.4313
-3.59835,12.6273
-3.77648,12.7364
-3.64256,12.8904
-3.49698,13.0049
-3.52526,13.2002
-3.42839,13.376
-3.23941,13.4716
-3.25044,13.6835
-3.3116,13.8901
-3.25404,14.081
-3.32265,14.263
-3.32502,14.4615
-3.17351,14.5847
-3.10669,14.7958
-3.30423,14.8884
-3.26583,15.0791
-3.33158,15.2639
-3.3094,15.4632
-3.25808,15.6539
-3.32745,15.8541
-3.38184,16.0461
-3.48176,16.2198
-3.54687,16.4047
-3.4055,16.5489
-3.53362,16.7166
-3.50186,16.9268
-3.36025,17.0695
-3.33867,17.2729
-3.2894,17.4685
-3.24687,17.667
-3.44949,17.7355
-3.37741,17.9238
-3.41527,18.1288
-3.28484,18.2766
-3.38808,18.4548
-3.52801,18.5922
-3.42784,18.7815
-3.44274,18.9749
-3.37971,19.164
-3.44764,19.3475
-3.51846,19.5303
-3.40703,19.7041
-3.52535,19.8754
-3.5408,20.0696
-3.48394,20.2643
-3.50843,20.4738
-3.54778,20.6699
-3.56497,20.8911
-3.46496,21.0725
-3.54838,21.2415
-3.48375,21.4699
-3.55844,21.647
-3.48373,21.8472
-3.56557,22.0297
-3.57073,22.2302
-3.56546,22.4407
-3.49373,22.6211
-3.60044,22.7836
-3.59737,22.9805
-3.49574,23.1663
-3.42602,23.3525
-3.34664,23.5356
-3.3839,23.7575
-3.34968,23.9702
-3.31729,24.1703
-3.36746,24.3802
-3.17325,24.3037
-3.17855,24.506
-3.22734,24.697
-3.09982,24.8484
-3.17166,25.0271
-3.28608,25.1992
-3.39433,25.3665
-3.49808,25.5437
-3.4007,25.7302
-3.39225,25.9222
-3.43965,26.1159
-3.4518,26.3205
-3.43372,26.515
-3.50853,26.7052
-3.53416,26.9204
-3.48041,27.1079
-3.48854,27.3237
-3.54664,27.5133
-3.5714,27.7125
-3.6299,27.9179
-3.65996,28.117
-3.63732,28.3287
-3.4721,28.4353
-3.26896,28.5085
-3.24366,28.7103
-3.13378,28.9013
-3.02375,29.0688
-3.11819,29.243
-3.24674,29.3944
-3.23642,29.5889
-3.307,29.7741
-3.23373,29.9757
-3.20241,30.178
-3.36247,30.3182
-3.46062,30.4958
-3.61776,30.6284
-3.49318,30.7948
-3.51562,31.0269
-3.40573,31.2067
-3.58823,31.2735
-3.45938,31.449
-3.3064,31.6096
-3.34887,31.8001
-3.37282,31.9959
-3.32735,32.1824
-3.41994,32.3738
-3.39219,32.5763
-3.35348,32.7824
-3.3095,32.9868
-3.39221,33.1715
-3.39172,33.391
-3.47058,33.5855
-3.60019,33.7364
-3.61972,33.9477
-3.59333,34.1423
-3.61581,34.325
-3.51185,34.5005
-3.39105,34.6691
-3.37693,34.8839
-3.30601,35.0831
-3.24525,35.2815
-3.16562,35.4582
-3.35028,35.5466
-3.51361,35.6952
-3.44046,35.8841
-3.62955,35.8902
-3.69146,36.095
-2.44624,0.174313
-2.30545,0.340634
-2.4074,0.500907
-2.54034,0.672431
-2.46004,0.860506
-2.53644,1.04075
-2.48876,1.22443
-2.60801,1.39622
-2.75206,1.55221
-2.59822,1.70752
-2.60775,1.9157
-2.75938,2.04304
-2.81953,2.25615
-2.73116,2.45088
-2.74517,2.66672
-2.65502,2.86071
-2.73549,3.04185
-2.63994,3.21135
-2.78595,3.35339
-2.72673,3.53071
-2.54931,3.62256
-2.4545,3.80077
-2.5503,3.97843
-2.45995,4.16328
-2.53735,4.36418
-2.68194,4.53326
-2.60232,4.72668
-2.81966,4.76535
-2.91598,4.95068
-2.79858,5.13617
-2.94176,5.30812
-2.86075,5.48586
-2.92449,5.6715
-2.72465,5.71674
-2.80027,5.89663
-2.66873,6.03903
-2.6261,6.22644
-2.57261,6.42448
-2.46332,6.59157
-2.56102,6.76066
-2.71595,6.89469
-2.69048,7.09678
-2.48335,7.07865
-2.3885,7.23924
-2.29783,7.42345
-2.29658,7.63964
-2.40726,7.80551
-2.42949,8.01386
-2.60568,8.12851
-2.70221,8.31133
-2.55208,8.45475
-2.5074,8.64513
-2.62539,8.80748
-2.6822,8.99974
-2.70163,9.21476
-2.66428,9.41872
-2.64337,9.60834
-2.59926,9.80855
-2.78871,9.89329
-2.67886,10.0611
-2.61101,10.2587
-2.73524,10.4234
-2.69133,10.5986
-2.57696,10.7681
-2.5125,10.9621
-2.34184,11.0505
-2.45534,11.2319
-2.35097,11.3892
-2.42743,11.5898
-2.33693,11.7724
-2.29212,11.961
-2.35973,12.1687
-2.17815,12.2963
-2.36085,12.3679
-2.33312,12.5582
-2.4888,12.671
-2.42396,12.8732
-2.43761,13.0763
-2.46517,13.2854
-2.45512,13.489
-2.37198,13.683
-2.45017,13.8594
-2.55927,14.0209
-2.61658,14.2311
-2.57643,14.4294
-2.71978,14.5861
-2.68167,14.7808
-2.66468,14.9779
-2.63046,15.1895
-2.74909,15.3655
-2.63117,15.5561
-2.58799,15.7528
-2.59284,15.9511
-2.61633,16.1644
-2.50658,16.3432
-2.53398,16.545
-2.52996,16.7638
-2.57775,16.9679
-2.42026,17.0791
-2.38835,17.2749
-2.47395,17.4601
-2.52694,17.6667
-2.49669,17.8644
-2.47057,18.0635
-2.45446,18.2599
-2.3088,18.3992
-2.15627,18.5321
-1.99489,18.6471
-2.05302,18.8621
-1.98956,19.0603
-2.06167,19.2518
-2.12253,19.4646
-2.24946,19.627
-2.21974,19.8331
-2.35864,19.9843
-2.40563,20.1741
-2.29564,20.3416
-2.28525,20.5486
-2.24563,20.7451
-2.17985,20.9283
-2.1733,21.1326
-2.14163,21.3205
-2.08146,21.499
-2.18017,21.6601
-2.21169,21.8579
-2.28789,22.0603
-2.25253,22.2539
-2.2467,22.4576
-2.32697,22.6471
-2.41308,22.8491
-2.43272,23.055
-2.4931,23.2487
-2.63938,23.3977
-2.65103,23.5996
-2.46563,23.6721
-2.41051,23.8652
-2.35298,24.0489
-2.2092,24.189
-2.32424,24.3555
-2.25984,24.544
-2.41323,24.6734
-2.43713,24.8819
-2.26519,24.9651
-2.24162,25.1646
-2.24671,25.3605
-2.24673,25.5708
-2.4152,25.6613
-2.35307,25.8554
-2.24327,26.0289
-2.21946,26.2361
-2.36351,26.3636
-2.5415,26.4852
-2.58222,26.7043
-2.4886,26.8744
-2.45601,27.0791
-2.46659,27.277
-2.52455,27.4828
-2.51461,27.6889
-2.52451,27.8822
-2.3594,28.0036
-2.47606,28.1944
-2.43955,28.3895
-2.39575,28.6027
-2.39373,28.7958
-2.4102,28.9997
-2.30815,29.1869
-2.34986,29.3857
-2.45101,29.5705
-2.40188,29.781
-2.48299,29.9651
-2.65689,30.0941
-2.62341,30.3129
-2.48391,30.4633
-2.40713,30.6552
-2.34235,30.854
-2.4669,31.002
-2.43448,31.1938
-2.44175,31.3868
-2.37121,31.5637
-2.35407,31.7775
-2.54779,31.7319
-2.66506,31.9106
-2.51586,32.0378
-2.31932,32.0794
-2.23228,32.2585
-2.18979,32.4629
-2.29843,32.6588
-2.38018,32.8602
-2.45422,33.0508
-2.46675,33.2485
-2.44343,33.4565
-2.47268,33.6539
-2.32506,33.8111
-2.47116,33.9579
-2.40216,34.1514
-2.34183,34.3359
-2.29138,34.54
-2.29774,34.7558
-2.32396,34.9825
-2.43286,35.1536
-1.40685,0.233604
-1.45529,0.428474
-1.50728,0.618911
-1.49906,0.834198
-1.61399,1.0048
-1.60081,1.19976
-1.51764,1.38388
-1.60329,1.55718
-1.56366,1.74867
-1.46175,1.92857
-1.47265,2.12096
-1.40347,2.30669
-1.43111,2.4996
-1.30901,2.66288
-1.107,2.7286
-1.15517,2.92694
-1.18104,3.11835
-1.37009,3.19176
-1.21658,3.32959
-1.38722,3.4448
-1.35589,3.62648
-1.30188,3.81019
-1.31422,4.01101
-1.17842,4.15509
-1.05665,4.31016
-1.17723,4.47704
-1.30752,4.63564
-1.3546,4.82683
-1.25276,5.0152
-1.24495,5.23196
-1.19682,5.42973
-1.07815,5.59205
-1.08667,5.78691
-0.989018,5.96489
-1.02843,6.15198
-1.15178,6.30043
-1.20329,6.50529
-1.15273,6.6811
-1.18048,6.8631
-1.23371,7.05718
-1.19922,7.25453
-1.2977,7.43416
-1.21569,7.61948
-1.1313,7.82017
-1.1455,8.01835
-1.19734,8.21356
-1.28724,8.41238
-1.46063,8.52193
-1.30416,8.64153
-1.25604,8.85334
-1.22233,9.05649
-1.28758,9.27121
-1.46424,9.39264
-1.42872,9.58992
-1.31105,9.75366
-1.38713,9.94884
-1.35835,10.1565
-1.42674,10.3466
-1.40205,10.5536
-1.43224,10.7604
-1.44139,10.9689
-1.48466,11.1612
-1.5237,11.3714
-1.53377,11.5723
-1.46187,11.76
-1.31754,11.9254
-1.17386,12.0528
-1.07187,12.2231
-1.01957,12.415
-1.05358,12.6088
-0.947721,12.8018
-0.899896,12.987
-0.888727,13.2052
-0.906158,13.3958
-0.827682,13.5742
-0.892783,13.7401
-0.872783,13.9452
-0.729789,14.0902
-0.803461,14.2719
-0.908909,14.45
-0.92798,14.6362
-0.924257,14.8251
-0.750995,14.9119
-0.740796,15.1223
-0.761109,15.3227
-0.660375,15.5091
-0.796405,15.6655
-0.856254,15.846
-0.813609,16.0392
-0.71357,16.2145
-0.670533,16.4077
-0.66234,16.6032
-0.66966,16.8169
-0.767382,16.9917
-0.755783,17.1997
-0.865616,17.3699
-0.743658,17.5429
-0.770465,17.7528
-0.753838,17.9518
-0.793064,18.1654
-0.797051,18.3733
-0.962815,18.5049
-1.03367,18.693
-1.02542,18.9006
-1.00481,19.1217
-1.07506,19.2924
-1.08417,19.5067
-1.11755,19.701
-1.12478,19.8981
-1.11647,20.1058
-1.0905,20.307
-1.19995,20.4822
-1.22253,20.663
-1.10045,20.8277
-1.12121,21.0454
-1.04405,21.2493
-1.19494,21.3965
-1.34743,21.5388
-1.45581,21.7121
-1.66216,21.7029
-1.64936,21.9009
-1.58767,22.0976
-1.66676,22.2875
-1.74199,22.4771
-1.73398,22.6738
-1.61855,22.8509
-1.5817,23.0623
-1.54946,23.2551
-1.57612,23.4546
-1.56954,23.6677
-1.6832,23.8396
-1.56208,24.0124
-1.49731,24.2116
-1.41101,24.3911
-1.27256,24.5454
-1.17657,24.7163
-1.20745,24.9166
-1.21175,25.122
-1.17537,25.315
-1.22462,25.5238
-1.36938,25.6356
-1.39245,25.8509
-1.49636,26.0361
-1.56897,26.2465
-1.65087,26.4278
-1.60346,26.6355
-1.59899,26.8384
-1.46351,26.9823
-1.62106,27.1177
-1.74721,27.2883
-1.68264,27.4689
-1.47909,27.5769
-1.4776,27.7911
-1.53896,27.9744
-1.4444,28.1551
-1.403,28.363
-1.43598,28.5561
-1.56806,28.7228
-1.51202,28.9124
-1.5853,29.1207
-1.50276,29.2986
-1.36911,29.4635
-1.46577,29.6413
-1.41481,29.8395
-1.39187,30.0374
-1.36809,30.2266
-1.24939,30.3805
-1.22024,30.5768
-1.13707,30.7744
-1.09026,30.9549
-1.18928,31.131
-1.10177,31.3316
-1.0778,31.5402
-1.27539,31.5726
-1.49147,31.5997
-1.49022,31.7919
-1.40325,31.975
-1.58064,32.0785
-1.62418,32.2871
-1.6187,32.4806
-1.56012,32.6782
-1.5597,32.8962
-1.5921,33.1043
-1.53483,33.2806
-1.51598,33.4934
-1.50288,33.697
-1.34652,33.8464
-1.45295,34.0283
-1.53332,34.2259
-1.46827,34.4233
-1.3567,34.5937
-1.22653,34.7528
-1.15219,34.9388
-1.2392,35.1261
-1.31322,35.3067
-1.42012,35.5035
-1.44986,35.706
-1.53215,35.8759
-1.4653,36.063
-1.54921,36.2424
-0.169795,0.333606
-0.169436,0.551541
-0.0268494,0.683644
-0.0963825,0.869519
-0.164726,1.06415
-0.00532717,1.18871
-0.0210707,1.39019
-0.037186,1.57478
-0.19295,1.721
-0.170189,1.93209
-0.146422,2.14246
-0.101032,2.34319
-0.179708,2.52591
-0.283305,2.7023
-0.368238,2.87464
-0.27523,3.07348
-0.312489,3.28814
-0.328143,3.48621
-0.214086,3.6547
-0.18662,3.85692
-0.286529,4.03148
-0.23633,4.22613
-0.185479,4.43223
-0.165699,4.62409
-0.162352,4.81974
-0.0979648,5.01468
-0.212214,5.16721
-0.266308,5.36468
-0.278733,5.56879
-0.339662,5.75527
-0.326661,5.97155
-0.206414,6.13568
-0.293525,6.32051
-0.37764,6.51815
-0.40266,6.72735
-0.294198,6.89549
-0.422811,7.0589
-0.223054,7.12443
-0.167252,7.31474
-0.19262,7.51396
-0.19334,7.71046
-0.210556,7.90631
-0.124086,8.09159
-0.173996,8.30479
-0.251649,8.48577
-0.284888,8.69442
-0.226677,8.88946
-0.105422,9.03921
-0.118707,9.23811
-0.0622271,9.4457
-0.0137929,9.64225
-0.0264285,9.85398
0.0151366,10.042
-0.0772768,10.2254
-0.00682425,10.4262
0.0717116,10.6199
-0.071569,10.7562
-0.0732729,10.9596
-0.0122126,11.1523
-0.140116,11.3155
-0.148259,11.5226
-0.195815,11.715
-0.185765,11.9103
-0.133341,12.1157
-0.000264848,12.2653
-0.00512771,12.4746
-0.015655,12.6753
-0.138364,12.8338
-0.167758,13.0138
-0.0816821,13.2076
-0.080012,13.4131
0.0585223,13.5683
0.131731,13.7517
0.139671,13.9541
0.0972282,14.1524
-0.0805738,14.2851
-0.0533057,14.5029
-0.0494313,14.705
0.0193214,14.9035
0.0476045,15.0907
-0.0314824,15.2826
-0.187362,15.4101
-0.2804,15.5921
-0.23715,15.7866
-0.301149,15.9876
-0.270294,16.1922
-0.26877,16.3972
-0.138101,16.5641
-0.278322,16.7313
-0.0787095,16.8143
-0.0627961,17.0281
-0.103604,17.2373
-0.146032,17.4298
-0.315955,17.5475
-0.340527,17.7469
-0.193151,17.8839
-0.0964407,18.056
-0.085936,18.2572
-0.149913,18.4443
-0.252419,18.621
-0.314106,18.8091
-0.234779,18.9847
-0.35462,19.1586
-0.487773,19.3213
-0.307,19.4358
-0.318477,19.6432
-0.31739,19.8422
-0.297309,20.0519
-0.25336,20.2542
-0.231062,20.454
-0.194646,20.6562
-0.211658,20.8499
-0.0352967,20.9592
-0.164837,21.1075
-0.0741085,21.2953
-0.0220154,21.4975
-0.0389985,21.7195
-0.0340113,21.924
-0.00461771,22.1226
-0.106103,22.2888
0.0226822,22.4439
0.0834741,22.6277
0.197569,22.8065
0.250689,23.0023
0.20777,23.214
0.299052,23.4042
0.257435,23.603
0.154324,23.7723
0.0530907,23.9331
-0.0616103,24.1064
-0.0287298,24.2945
0.0517889,24.4827
-0.0428674,24.6615
0.0189875,24.8567
-0.00989133,25.0555
-0.0524981,25.242
-0.131043,25.4268
-0.100627,25.6318
-0.137286,25.8273
-0.211713,26.0292
-0.110261,26.2081
-0.17629,26.3953
-0.256558,26.5786
-0.316312,26.7747
-0.388073,26.9624
-0.196472,27.0225
-0.185963,27.2197
-0.0968833,27.4093
-0.0431259,27.6043
-0.173795,27.7565
-0.133925,27.9567
-0.241887,28.132
-0.321275,28.3218
-0.283675,28.5179
-0.361646,28.7082
-0.300729,28.8946
-0.428524,29.0354
-0.470021,29.2453
-0.492096,29.4455
-0.434786,29.6438
-0.466863,29.8482
-0.420236,30.0224
-0.367691,30.2182
-0.391187,30.3931
-0.346115,30.5774
-0.349092,30.7998
-0.310371,31.005
-0.123758,31.1091
-0.0866397,31.3058
-0.0756012,31.5157
-0.0474463,31.7133
0.119235,31.8261
0.0196341,31.99
-0.0707724,32.1896
-0.1423,32.3875
-0.25602,32.5535
-0.335775,32.7356
-0.480639,32.8671
-0.424122,33.0691
-0.405882,33.2847
-0.439208,33.4822
-0.311744,33.6397
-0.132133,33.7192
-0.0572652,33.9213
-0.0805718,34.1265
-0.08668,34.3194
-0.135416,34.5129
-0.198763,34.7232
-0.0656108,34.874
-0.0640238,35.0637
0.0095848,35.2582
-0.0481523,35.4406
0.00707257,35.6414
0.0104733,35.8524
-0.029797,36.0377
0.0321994,36.2447
0.228296,36.339
0.301653,36.5474
0.256717,36.7584
0.136059,36.9207
0.8511,0.355469
0.830238,0.553475
0.929017,0.742074
1.00871,0.946245
0.940355,1.13977
0.812004,1.27952
0.701723,1.45108
0.532295,1.58063
0.484624,1.78998
0.372429,1.96773
0.444364,2.16526
0.342038,2.3206
0.507154,2.44731
0.594062,2.62171
0.753766,2.74377
0.918917,2.86253
0.97969,3.06574
0.848921,3.22796
0.832735,3.43505
0.843242,3.64009
0.86546,3.82909
0.743305,3.98737
0.84306,4.17087
0.843465,4.3882
0.757135,4.58411
0.945955,4.62956
0.979563,4.81827
0.919767,5.02132
0.947496,5.21791
0.960441,5.41696
0.791091,5.34129
0.747561,5.54648
0.71309,5.76314
0.761263,5.9727
0.727253,6.18105
0.657367,6.37792
0.742921,6.55857
0.768043,6.75801
0.684433,6.95452
0.675835,7.17181
0.856682,7.27161
0.95793,7.44732
0.924578,7.64847
1.0112,7.84076
1.04167,8.04507
1.00229,8.23633
0.870226,8.38431
0.82203,8.56899
0.743438,8.74013
0.599924,8.90599
0.605025,9.10421
0.656401,9.29778
0.770859,9.45195
0.761122,9.6535
0.735839,9.85247
0.73685,10.0589
0.615526,10.2156
0.591147,10.4075
0.729353,10.5507
0.844248,10.739
0.901794,10.9183
0.774443,11.1017
0.677347,11.2924
0.817231,11.4486
0.686286,11.5943
0.6886,11.8156
0.881613,11.8642
0.793465,12.0644
0.783196,12.2747
0.753736,12.4708
0.697982,12.6628
0.644296,12.8634
0.617873,13.0695
0.593885,13.2556
0.60601,13.4545
0.517616,13.6633
0.56964,13.8632
0.618447,14.0689
0.676486,14.2769
0.561319,14.4438
0.681637,14.6117
0.622168,14.812
0.635605,15.0089
0.549514,15.1911
0.586117,15.391
0.735519,15.5483
0.802557,15.7418
0.8767,15.9395
0.825724,16.1411
0.672321,16.276
0.542508,16.4372
0.620978,16.6125
0.807011,16.6878
0.879478,16.874
0.740949,17.0306
0.687933,17.2254
0.564128,17.397
0.67391,17.5566
0.786476,17.7293
0.778952,17.9163
0.969213,18.0017
0.813703,18.1546
0.716406,18.3612
0.612595,18.5394
0.690608,18.7304
0.621361,18.9167
0.602116,19.1068
0.730582,19.2735
0.608064,19.4467
0.707909,19.6147
0.811254,19.7768
0.8459,19.9848
0.916654,20.1595
0.820339,20.3428
0.874388,20.5428
0.809592,20.7362
0.819533,20.9382
0.702206,21.0886
0.6009,21.2531
0.74903,21.385
0.629916,21.5547
0.645372,21.7642
0.715841,21.9688
0.855278,22.1315
0.941943,22.3115
0.970664,22.5057
0.987115,22.7053
0.94985,22.891
0.787658,23.0194
0.868263,23.192
1.03146,23.313
0.977362,23.5212
1.08825,23.6985
1.17292,23.8989
1.09004,24.0712
1.08732,24.2733
1.13875,24.4774
1.03244,24.6607
1.01714,24.8623
0.907605,25.0358
1.06064,25.1819
1.12588,25.3892
0.941494,25.4232
0.930135,25.6312
1.03724,25.8183
1.04451,26.0302
0.994662,26.2151
1.03138,26.4154
0.934666,26.6076
0.910565,26.7964
0.838106,26.9733
0.870767,27.1678
0.937616,27.3609
0.954599,27.5695
0.760347,27.5442
0.686568,27.717
0.596979,27.912
0.589692,28.0969
0.672908,28.2847
0.767344,28.4665
0.732058,28.6671
0.693846,28.8573
0.742262,29.0625
0.822825,29.2524
0.959953,29.397
0.795131,29.5029
0.883792,29.6791
0.883448,29.8826
0.961589,30.0804
1.06236,30.2557
1.14419,30.4462
1.0686,30.6394
1.12772,30.8169
0.981581,30.9621
0.91654,31.1562
0.759355,31.3067
0.828194,31.4743
0.822025,31.6869
0.720719,31.8497
0.809419,32.0255
0.752449,32.2109
0.614261,32.3539
0.620466,32.5522
0.773136,32.6857
0.886816,32.846
0.832592,33.036
0.784688,33.2437
0.628485,33.3589
0.735078,33.5436
0.925329,33.6182
0.907003,33.8156
0.899687,34.0189
0.872666,34.2261
0.705133,34.3437
0.723779,34.5543
0.663563,34.7485
0.645727,34.944
0.835429,35.0566
0.883491,35.2497
0.8635,35.4531
2.05876,0.395661
1.97386,0.575494
1.98354,0.780477
2.0838,0.963105
1.90255,1.07123
1.87058,1.27874
1.93806,1.45215
1.96375,1.6483
1.88849,1.83333
2.0273,1.98871
2.02978,2.19924
2.09109,2.40833
2.10559,2.6016
2.15036,2.80313
1.98,2.95154
2.0271,3.15015
2.07361,3.34235
2.06393,3.55753
2.13948,3.7557
2.02969,3.91006
1.95159,4.08555
2.07581,4.24855
1.96409,4.41399
2.03439,4.61377
2.21769,4.7089
2.2725,4.90104
2.21115,5.08849
2.12868,5.27978
2.06094,5.46308
1.89349,5.59615
2.0283,5.73547
2.02441,5.93371
2.01325,6.13164
2.12925,6.29031
2.04134,6.48587
2.09247,6.69325
2.01679,6.87833
2.10738,7.06061
2.04843,7.25592
1.9463,7.42143
2.03309,7.60619
1.99113,7.81341
2.09221,7.98927
2.05815,8.18925
2.099,8.38275
2.16918,8.57923
2.13013,8.78568
2.00457,8.94898
2.02726,9.14751
2.16833,9.3118
2.00031,9.41893
1.97906,9.62896
1.864,9.79939
1.91489,9.99469
1.95339,10.1959
1.74221,10.2701
1.6486,10.4485
1.59011,10.6358
1.45806,10.7743
1.49299,10.9738
1.55356,11.1722
1.43621,11.3627
1.49873,11.5627
1.50857,11.7658
1.43999,11.9542
1.59246,12.0784
1.52436,12.2564
1.43757,12.4485
1.48258,12.6479
1.31528,12.7609
1.40219,12.9465
1.3292,13.1457
1.22027,13.3227
1.42115,13.3626
1.49098,13.542
1.39162,13.7303
1.48044,13.9102
1.36286,14.0669
1.40535,14.2864
1.42025,14.4804
1.58724,14.5673
1.55545,14.7509
1.70862,14.8636
1.63634,15.0653
1.64077,15.2669
1.55211,15.4467
1.5204,15.6424
1.39549,15.7953
1.53254,15.9337
1.4021,16.0867
1.39412,16.291
1.31738,16.4749
1.34094,16.6734
1.43584,16.8602
1.49795,17.0786
1.62064,17.2454
1.69819,17.4171
1.7722,17.6063
1.79748,17.8079
1.85173,18.0084
1.77977,18.2053
1.78702,18.3978
1.76918,18.6068
1.94664,18.6967
1.76173,18.8133
1.91766,18.9235
2.0036,19.1135
2.04718,19.3187
2.00892,19.5191
1.89402,19.6856
1.75704,19.8518
1.78303,20.0459
1.90231,20.2158
2.09114,20.3122
2.09518,20.533
2.03471,20.7312
2.16021,20.8733
2.03911,21.0301
1.93904,21.2143
1.89644,21.4233
1.82233,21.6086
1.89131,21.7847
1.95537,21.9693
1.8042,22.1082
1.85915,22.3138
1.88058,22.5181
2.03203,22.6591
2.05467,22.8633
2.00669,23.0573
1.97303,23.2541
1.96162,23.4462
2.04666,23.6385
1.96339,23.8303
2.14767,23.9096
2.05785,24.084
2.09568,24.2743
1.96899,24.4434
1.95267,24.6441
1.82118,24.8009
1.95612,24.9756
1.97681,25.1869
1.99338,25.383
2.0617,25.5953
1.92932,25.758
1.86811,25.9478
1.83597,26.1582
1.93887,26.3407
2.10498,26.4547
2.15242,26.6622
2.11941,26.8643
2.06416,27.0682
2.11706,27.2761
2.12441,27.4823
2.22695,27.6655
2.04003,27.7489
2.10811,27.931
2.09851,28.1313
2.09022,28.3292
2.20887,28.5195
2.25152,28.7188
2.2049,28.9239
2.17351,29.1113
2.19548,29.3177
2.25467,29.5046
2.23186,29.6924
2.24621,29.8868
2.1751,30.0708
2.16155,30.2811
2.19717,30.4863
2.2449,30.6842
2.2197,30.8815
2.20843,31.081
2.16985,31.2745
2.10758,31.4669
2.13794,31.6858
2.14467,31.8918
2.18119,32.103
2.16142,32.3056
2.26743,32.474
2.27447,32.6819
2.32645,32.8916
2.46335,33.0356
2.63535,33.1255
2.60846,33.3237
2.59684,33.5069
2.45307,33.6575
2.5784,33.8114
2.51182,34.0151
2.64325,34.1697
2.49275,34.2933
2.40084,34.4594
2.43506,34.6649
2.41746,34.8654
2.53057,35.0129
2.39937,35.1724
2.57387,35.2761
2.60307,35.4876
2.56808,35.6744
2.60128,35.874
2.62972,36.0694
2.78771,0.42091
2.98248,0.344902
3.07752,0.540339
3.01504,0.732124
3.04447,0.939797
2.86244,1.03783
2.79675,1.22564
2.6492,1.37349
2.7209,1.55278
2.65367,1.7428
2.51506,1.87278
2.60636,2.05655
2.67126,2.24097
2.76472,2.40508
2.81143,2.60294
2.98736,2.71169
3.14386,2.83948
3.25295,2.996
3.09575,3.13555
3.10624,3.33511
3.01345,3.52273
3.18849,3.61503
3.17354,3.81732
3.14409,4.03213
3.19921,4.2471
3.26068,4.44981
3.34098,4.64507
3.47077,4.8013
3.28281,4.89153
3.42285,5.02879
3.3893,5.21983
3.19906,5.31447
3.19374,5.50934
3.16964,5.73625
3.08934,5.93245
3.26238,6.01484
3.2063,6.2126
3.16912,6.41114
3.11994,6.60686
3.05862,6.79133
3.00379,6.99895
2.81937,7.06082
2.74512,7.25499
2.81141,7.44309
2.79928,7.6665
2.84315,7.87449
2.83742,8.0742
2.88235,8.28686
2.80986,8.48304
2.80825,8.67639
2.73901,8.86563
2.91867,8.96732
3.07075,9.09147
3.05023,9.29144
3.08493,9.49234
3.10014,9.68361
3.01847,9.88879
3.02212,10.1015
3.00871,10.3025
2.98522,10.5205
2.86356,10.6815
2.81568,10.8675
2.79079,11.0747
2.67484,11.2527
2.68253,11.4691
2.77431,11.6425
2.98308,11.6696
2.88543,11.8318
2.94496,12.0396
3.03572,12.2139
3.17944,12.372
3.23028,12.581
3.39628,12.6796
3.38495,12.8771
3.39979,13.0871
3.39897,13.2832
3.53287,13.4538
3.44637,13.6338
3.34921,13.8127
3.23994,13.9791
3.2353,14.1819
3.16799,14.362
3.16578,14.5823
3.22551,14.7792
3.13004,14.9538
3.09068,15.14
3.11611,15.3607
2.92016,15.4352
2.88569,15.6179
2.79126,15.7937
2.98166,15.9259
3.06584,16.1081
3.08085,16.3181
2.96382,16.4865
3.00204,16.6927
3.00265,16.8984
3.05049,17.0899
3.0375,17.3
3.07627,17.5035
2.96937,17.6998
3.04931,17.8652
3.19413,18.0192
3.26645,18.2029
3.31079,18.4005
3.48271,18.5152
3.40282,18.7106
3.34852,18.8949
3.2723,19.0827
3.25973,19.2769
3.16181,19.4778
3.34361,19.6006
3.49207,19.732
3.50731,19.9292
3.50341,20.1389
3.53935,20.3517
3.56529,20.5589
3.41488,20.7116
3.35492,20.9145
3.22929,21.0487
3.13115,21.2334
3.27851,21.3823
3.17323,21.5441
3.1277,21.7558
3.00563,21.9123
3.11909,22.0977
3.04588,22.293
3.19329,22.4467
3.07998,22.6127
3.27713,22.6981
3.2132,22.9119
3.18997,23.1074
3.21197,23.3124
3.23146,23.5206
3.31606,23.7216
3.44927,23.884
3.47417,24.1009
3.38889,24.2806
3.40759,24.4832
3.42954,24.6761
3.42184,24.8919
3.36515,25.0822
3.29651,25.2636
3.22883,25.4623
3.12827,25.6495
2.95779,25.74
3.13397,25.8797
3.22013,26.0559
3.14762,26.2467
3.10405,26.4441
3.20346,26.6186
3.23926,26.8177
3.10793,26.9747
3.14608,27.1502
3.17488,27.3336
3.25467,27.5109
3.21624,27.7044
3.29919,27.8805
3.37922,28.0681
3.23969,28.204
3.19748,28.3994
3.23838,28.5936
3.19884,28.7886
3.21578,28.9848
3.2267,29.1898
3.38564,29.3173
3.38542,29.5306
3.32601,29.7172
3.23258,29.9286
3.22876,30.1211
3.27767,30.3291
3.36767,30.4993
3.4305,30.6794
3.37119,30.8784
3.19205,30.9798
3.19536,31.1919
3.22998,31.3835
3.11724,31.5388
3.18734,31.725
3.30975,31.8686
3.27943,32.0634
3.20634,32.2357
3.05691,32.3399
2.9501,32.5208
2.9439,32.7105
3.12489,32.644
3.15961,32.8395
3.29269,33.005
3.12412,33.1099
3.21392,33.3003
3.09765,33.4503
3.09262,33.6567
3.13374,33.8548
3.05482,34.0485
2.97402,34.2468
2.97131,34.4613
2.94196,34.6542
2.96705,34.8623
3.103,35.0121
3.09932,35.2341
3.07274,35.4367
3.877,0.245129
3.7793,0.42611
3.81832,0.629333
3.66995,0.778818
3.52623,0.914821
3.57738,1.1112
3.77412,1.16067
3.77246,1.36506
3.94837,1.44915
3.85247,1.62642
3.90387,1.83004
3.82915,2.00884
3.80716,2.20839
3.82022,2.42156
3.85389,2.61743
3.97686,2.76543
4.061,2.94859
4.17544,3.12743
4.21827,3.33227
4.27565,3.53322
4.21205,3.72718
4.05796,3.86284
4.1368,4.04833
4.20123,4.24491
4.26733,4.44474
4.24202,4.6411
4.11785,4.7941
4.04471,4.9742
3.90145,5.10698
3.81235,5.29556
3.95659,5.43489
4.00856,5.64156
3.82748,5.73045
3.94226,5.9032
4.0463,6.07788
4.22709,6.14472
4.27441,6.35001
4.16739,6.52704
4.30354,6.68433
4.35694,6.87859
4.32821,7.08206
4.34016,7.2691
4.28066,7.46139
4.20706,7.66485
4.34397,7.82927
4.34203,8.02576
4.30188,8.21961
4.22857,8.41422
4.23804,8.62913
4.34893,8.79886
4.29842,9.00407
4.0959,9.05248
4.08702,9.26139
4.10613,9.46448
4.24594,9.61879
4.20058,9.81285
4.07225,9.96348
3.97734,10.1383
4.0293,10.3199
4.04533,10.5189
4.21788,10.601
4.28225,10.7953
4.29142,10.9896
4.37127,11.1724
4.34465,11.3916
4.32497,11.5863
4.19809,11.7582
4.30268,11.9353
4.30491,12.1393
4.40944,12.337
4.34559,12.5376
4.23199,12.7192
4.24846,12.9068
4.45699,12.9113
4.40612,13.103
4.34747,13.3072
4.419,13.5048
4.50243,13.6847
4.60119,13.8437
4.53667,14.0347
4.46044,14.2192
4.59416,14.3694
4.50519,14.5487
4.30692,14.6488
4.39907,14.8377
4.20231,14.8338
4.1508,15.0267
4.16941,15.25
4.16438,15.4509
4.17831,15.6704
4.22091,15.872
4.32065,16.0455
4.13283,16.111
4.17044,16.3097
4.08101,16.4868
4.07544,16.6873
4.12065,16.8784
3.98954,17.0542
3.93858,17.2489
3.89129,17.4447
4.03294,17.6027
3.97923,17.8036
3.85191,17.9661
3.81308,18.1528
3.95997,18.2825
4.06093,18.4587
4.18512,18.6123
4.32455,18.7526
4.26949,18.9605
4.1304,19.1161
4.11611,19.3187
4.16852,19.5114
4.1828,19.7131
4.20488,19.9209
4.22398,20.1177
4.25228,20.314
4.15517,20.5039
4.23228,20.6986
4.26859,20.8941
4.30923,21.0857
4.25592,21.2863
4.28018,21.4764
4.2492,21.6722
4.14547,21.8292
4.02509,22.0217
4.07722,22.212
4.06301,22.4072
4.06234,22.6171
4.19989,22.7613
4.09096,22.9294
4.07649,23.1269
4.14874,23.3233
4.20966,23.4999
4.09113,23.6598
4.23887,23.8078
4.23703,24.0103
4.16678,24.2073
4.20163,24.4009
4.19066,24.6031
4.29363,24.777
4.33504,24.9835
4.13171,25.0763
4.25071,25.2506
4.05723,25.3397
4.08371,25.552
4.0599,25.7524
4.04131,25.9573
3.9638,26.1339
3.92153,26.3292
4.00102,26.515
3.97975,26.7115
3.99719,26.924
4.06966,27.1034
4.17408,27.2773
4.11574,27.454
4.23003,27.6203
4.27973,27.8117
4.13144,27.9577
4.10821,28.1552
4.0865,28.3517
4.19038,28.52
4.08353,28.6856
4.09939,28.9045
4.26985,29.0232
4.18957,29.204
4.20685,29.3955
4.02057,29.4793
4.0098,29.68
3.87825,29.8633
3.84292,30.0552
3.92342,30.2341
3.79665,30.3936
3.82581,30.5857
3.93702,30.7634
3.8215,30.9331
3.98008,31.0507
3.95489,31.2377
4.03164,31.4313
4.05415,31.6328
4.23563,31.723
4.32957,31.897
4.35495,32.0996
4.28026,32.2907
4.15547,32.4517
4.24927,32.6228
4.27671,32.8218
4.40463,32.9824
4.42943,33.1905
4.36081,33.3887
4.35872,33.5917
4.46029,33.758
4.35256,33.9308
4.43663,34.1213
4.55669,34.2914
4.55965,34.4891
4.6118,34.6802
4.7369,34.8354
4.69496,35.0329
4.5154,35.1315
4.43187,35.3039
