parameters (x,y,w,h,rx,ry):-5,0,10.000000,40.000000,100,100
254,59,57,57,44,52,35,20,39,29,32,42,39,45,68,61,49,38,31,30,30,38,46,51,52,40,56,53,45,46,22,39,37,42,47,58,66,64,54,35,27,24,36,31,39,56,49,64,57,53,31,34,35,29,31,48,61,48,67,52,45,28,30,34,39,39,53,42,57,65,61,70,36,27,27,29,35,44,51,77,62,50,54,41,25,41,41,27,38,46,60,57,61,61,36,37,42,31,36,308
529,130,145,136,107,99,76,87,63,67,84,91,91,128,134,136,120,84,89,50,51,101,105,140,102,136,121,109,100,86,83,79,75,82,85,145,141,158,120,97,71,47,63,75,112,126,127,143,131,123,100,61,60,89,63,79,117,121,134,126,114,102,61,70,62,82,120,123,135,148,145,129,95,69,45,63,74,78,116,152,143,124,101,86,70,58,78,78,87,102,134,153,139,119,112,74,76,70,69,720
497,107,150,166,114,106,79,72,65,67,82,71,101,130,143,148,113,97,75,51,55,70,99,103,143,151,118,118,106,89,65,54,78,84,116,119,150,156,111,108,69,64,44,72,80,118,149,162,144,115,91,68,60,67,81,94,114,134,145,147,116,109,59,56,51,62,97,129,138,166,139,146,110,63,59,45,64,92,124,136,152,147,107,84,79,58,67,58,83,134,150,153,127,103,107,74,77,53,54,762
477,115,157,157,145,100,102,57,58,56,59,83,105,138,150,137,129,115,61,66,53,62,65,116,133,171,153,107,98,83,76,52,58,96,123,122,152,150,124,113,59,48,45,74,70,109,145,156,160,135,104,55,52,56,66,92,115,150,150,145,121,88,77,51,38,56,73,123,163,158,167,138,110,76,41,54,62,72,119,145,146,162,129,100,65,40,56,65,76,119,146,184,148,111,121,60,60,57,70,789
460,102,164,152,151,120,93,64,63,45,60,79,108,129,155,128,139,113,69,41,48,67,68,117,123,180,159,133,90,73,61,55,73,73,110,146,150,164,130,93,72,45,47,54,72,123,178,166,168,135,83,58,47,56,68,80,100,145,157,178,112,88,69,57,40,50,84,115,155,180,152,143,104,80,49,39,47,71,123,150,167,161,133,89,67,42,62,61,78,125,134,175,181,115,102,71,41,42,57,816
441,119,138,143,146,127,106,74,56,47,61,68,117,123,169,149,151,122,71,41,36,56,81,116,119,159,157,113,115,84,48,50,53,79,101,141,153,200,133,104,53,50,39,57,74,118,141,188,165,125,96,63,45,53,64,76,102,145,173,172,118,92,81,49,39,64,70,117,162,160,159,129,100,75,57,42,52,70,116,133,177,158,134,110,71,47,52,68,64,100,139,189,167,132,117,53,44,54,55,826
444,105,137,169,152,116,100,71,56,41,45,69,85,143,151,174,152,102,63,52,37,57,71,110,149,189,153,127,107,75,44,40,49,80,115,138,174,172,159,99,57,43,48,44,68,108,158,170,169,146,117,50,48,42,54,84,104,122,165,167,127,99,71,43,56,47,88,122,151,184,149,149,105,55,46,40,54,75,90,130,156,192,133,99,80,54,41,42,78,101,137,181,174,138,95,62,42,54,51,813
430,96,145,161,163,161,99,79,43,47,54,68,94,136,167,166,158,98,56,52,40,44,72,99,180,172,163,130,97,69,47,40,50,56,118,138,189,182,149,94,64,48,29,52,55,97,148,185,198,141,96,68,38,47,38,77,115,132,166,170,147,99,64,50,41,57,72,124,167,181,159,138,91,67,36,41,46,69,109,131,180,173,138,109,71,66,43,48,77,102,157,170,148,165,84,69,47,47,60,822
410,96,126,171,158,170,101,66,57,40,35,70,81,148,178,170,161,110,52,38,42,40,75,106,159,188,166,136,103,67,41,43,41,67,102,135,184,176,158,94,72,43,45,38,61,91,142,180,193,161,112,58,47,49,38,61,102,147,179,175,133,107,58,59,37,46,68,107,156,191,174,133,79,71,31,36,43,79,106,135,174,170,163,120,64,49,47,42,77,114,151,171,156,137,88,75,61,40,59,802
393,101,120,176,170,158,109,72,59,53,52,64,90,137,186,170,160,109,43,44,36,46,82,95,136,210,175,143,105,66,47,39,44,63,108,158,176,175,141,103,62,33,46,42,56,93,143,172,170,147,129,63,55,48,45,57,101,135,169,171,149,96,71,50,35,41,75,106,157,192,173,133,91,59,55,30,55,67,98,149,175,179,164,107,64,46,40,50,73,68,158,190,169,149,87,69,51,45,57,796
387,85,142,185,187,146,99,81,52,49,51,63,88,140,162,175,164,113,57,44,29,41,91,101,138,185,199,145,101,60,46,34,44,55,86,171,194,175,138,99,59,45,31,53,69,97,122,166,179,146,125,78,63,35,40,74,104,125,177,195,143,101,44,45,45,46,63,98,147,189,176,143,114,63,48,43,48,71,92,134,193,180,159,115,60,40,48,46,62,107,118,167,186,155,96,65,43,38,46,831
369,88,145,189,183,148,96,66,46,46,58,76,82,138,173,167,150,107,84,45,29,48,67,115,141,161,203,152,98,54,50,46,33,62,96,156,182,196,143,103,56,43,37,31,76,95,147,190,182,135,127,78,42,29,55,62,106,145,170,183,146,101,64,41,37,51,58,103,163,169,165,145,118,69,41,53,44,57,89,147,186,188,156,99,62,37,38,42,61,90,143,197,169,157,104,63,40,35,41,821
359,91,143,189,198,148,128,62,41,33,57,63,90,139,169,166,147,115,73,46,35,35,66,108,144,194,191,157,95,54,42,46,40,57,87,145,181,190,146,104,66,35,32,36,47,96,159,192,157,162,112,80,48,32,47,70,102,148,185,173,155,110,58,32,37,44,65,104,144,192,183,144,107,73,49,35,51,47,74,144,204,206,160,92,52,39,36,41,68,91,150,166,178,166,111,64,38,30,46,847
359,110,150,160,188,138,105,70,43,30,43,79,96,134,171,176,150,113,74,38,39,51,53,98,148,197,183,166,103,58,44,31,42,58,77,142,194,188,146,104,74,37,25,35,45,98,179,191,209,149,113,69,35,30,40,73,112,156,161,188,141,109,54,38,35,37,80,104,150,181,199,145,106,68,39,41,32,63,88,140,187,205,169,95,60,43,25,41,52,96,153,182,173,156,102,67,39,30,36,858
379,102,146,188,179,144,102,65,48,41,54,63,93,134,173,162,168,109,63,45,34,46,62,95,169,198,180,138,97,76,44,33,40,51,99,130,203,186,164,101,63,44,27,27,51,111,143,190,201,162,100,62,28,39,33,63,114,162,160,167,173,93,79,37,32,38,56,90,168,188,182,145,109,65,41,36,43,62,86,145,184,195,161,112,68,30,32,26,67,97,157,179,209,149,104,62,36,35,35,815
359,87,147,186,175,162,95,63,48,40,57,57,105,150,164,178,142,110,67,50,28,33,68,104,150,201,170,172,92,84,34,38,34,51,100,134,186,209,152,96,69,46,22,37,61,93,154,197,203,146,107,56,40,34,34,71,91,141,197,188,146,105,82,45,31,37,60,93,157,192,191,133,117,83,31,44,41,56,86,133,202,200,169,110,61,26,20,34,64,106,145,176,213,165,107,56,49,26,29,827
360,101,140,188,180,155,101,62,32,37,34,64,113,156,199,166,143,85,80,41,35,35,52,107,157,172,193,146,102,70,33,34,40,53,91,145,180,216,155,100,68,28,28,46,64,98,150,203,186,160,95,57,35,26,22,72,116,141,163,187,157,114,63,50,29,29,60,103,156,176,187,151,116,69,49,25,41,65,98,133,182,209,157,114,62,33,16,42,59,122,130,194,195,150,100,51,34,33,30,838
361,99,147,194,176,149,103,71,23,30,29,57,112,160,186,158,144,115,55,37,29,31,63,104,128,197,181,175,105,64,40,24,48,54,95,136,180,214,155,94,61,44,36,36,61,118,157,205,188,138,91,77,37,22,38,67,95,149,172,172,156,117,69,43,42,38,44,104,149,173,187,150,115,71,44,34,38,69,100,142,151,191,176,118,71,24,25,36,57,126,148,195,185,140,107,52,43,33,25,834
362,93,139,151,197,153,118,60,35,26,30,57,101,177,170,176,155,95,70,36,24,39,65,110,141,172,186,155,125,72,32,28,36,57,92,132,187,178,173,107,72,52,31,28,67,112,161,165,188,153,116,55,47,33,28,64,93,155,186,192,141,120,73,42,27,35,58,92,145,184,201,157,118,64,40,54,36,60,91,137,163,185,163,131,57,39,31,37,58,112,141,168,185,168,100,69,44,29,37,838
355,106,127,170,176,165,113,69,35,32,33,52,103,172,169,193,153,97,71,39,25,28,81,87,144,182,186,147,97,63,59,35,34,59,83,126,159,196,178,127,77,43,35,32,72,111,155,160,187,160,121,62,40,29,41,70,100,158,186,187,136,108,70,36,19,31,58,99,148,170,185,172,102,70,34,40,39,52,93,140,175,193,205,91,63,39,31,38,65,89,141,190,205,165,104,65,48,34,34,821
334,104,128,154,186,178,121,76,37,39,43,51,89,168,183,196,142,105,53,47,29,27,52,91,155,180,183,180,109,61,45,29,46,49,80,139,178,196,152,129,85,40,33,45,73,98,138,173,185,150,130,79,39,29,42,77,112,148,168,176,180,99,59,40,24,28,61,100,141,197,176,166,118,63,40,30,36,64,93,127,183,207,150,106,61,36,28,43,61,73,147,194,185,151,127,68,42,37,38,843
316,90,140,167,203,168,105,69,48,21,34,65,91,127,201,181,156,95,76,42,14,31,58,94,129,181,190,183,119,72,45,37,34,54,88,140,160,216,162,113,74,44,41,38,55,106,116,170,155,184,123,79,39,29,52,60,104,134,169,201,176,107,51,37,23,28,59,104,152,190,179,153,126,88,27,23,31,63,93,148,187,187,158,105,63,41,20,30,54,101,157,163,215,124,124,70,41,38,36,850
338,99,137,170,172,165,123,71,44,28,33,61,100,133,191,191,149,109,65,35,19,27,56,71,141,173,202,179,124,66,35,27,34,62,92,117,177,205,179,123,67,43,33,39,60,85,157,161,174,166,125,75,29,25,50,48,121,138,152,200,155,123,59,36,26,27,56,93,152,198,179,164,112,66,44,25,31,57,112,141,181,221,148,99,66,32,24,24,55,107,140,174,175,174,123,73,44,29,41,850
333,114,137,176,176,170,109,67,40,27,35,67,102,146,187,206,139,130,62,30,30,23,41,92,147,220,188,154,111,63,39,36,33,50,88,149,183,191,172,135,78,28,44,37,54,101,162,160,204,167,91,79,39,23,34,57,99,159,196,180,159,90,68,37,26,29,62,97,147,188,186,167,108,77,46,26,26,58,97,129,192,203,163,120,62,37,24,28,59,98,134,188,179,186,111,60,46,28,40,853
337,103,155,164,179,177,113,62,39,36,40,58,84,167,184,199,144,111,58,41,24,36,44,99,136,195,185,160,99,61,49,29,38,41,90,155,176,194,170,128,66,33,33,40,57,107,138,179,183,132,120,85,41,30,38,50,94,126,199,194,164,112,65,32,30,25,53,84,168,175,196,153,128,63,32,31,32,55,114,136,181,185,163,116,61,30,26,39,71,89,125,171,205,157,94,71,41,31,44,836
330,98,133,178,213,152,109,84,42,34,36,54,117,168,182,192,142,105,73,29,21,23,50,101,156,163,214,159,118,71,31,32,29,34,87,152,211,189,155,107,83,39,38,28,66,102,153,174,181,145,107,83,59,39,33,48,77,137,194,188,161,147,70,39,25,23,60,79,156,173,210,161,114,57,39,35,40,63,89,166,185,182,166,124,51,33,23,31,69,95,125,174,198,151,121,77,60,28,28,836
326,85,137,195,196,155,114,69,45,38,33,56,101,158,212,199,142,107,60,31,13,32,48,96,138,191,197,156,124,78,34,22,26,48,91,173,190,207,160,116,56,49,27,35,33,100,153,195,163,121,124,82,53,40,32,51,78,138,184,180,152,121,87,57,27,37,56,81,159,181,182,169,97,70,51,25,33,53,87,186,204,185,133,103,61,30,26,23,68,110,140,175,158,169,131,81,58,29,33,826
347,87,134,194,164,181,110,70,40,31,29,51,114,171,188,182,174,107,69,26,28,16,53,91,138,176,204,173,110,73,53,26,23,46,96,140,209,211,156,106,62,44,31,46,31,95,154,161,193,152,107,75,47,46,30,47,85,143,155,182,166,107,94,51,35,37,53,109,145,173,202,167,113,55,42,28,32,60,95,137,200,194,168,105,57,30,26,39,43,114,148,161,180,166,112,69,52,41,27,836
330,106,138,162,191,150,109,79,46,36,38,61,96,146,198,188,158,128,64,31,24,18,50,86,123,172,188,177,136,69,44,31,35,49,93,137,219,208,160,105,65,33,44,47,42,73,146,180,179,162,117,85,44,42,39,55,76,131,162,197,169,115,77,44,35,37,64,98,116,191,205,161,109,57,45,33,39,54,92,156,198,205,160,114,44,42,34,25,44,105,127,201,203,138,112,80,49,29,38,822
321,98,134,191,179,157,114,77,48,29,34,56,96,152,189,215,168,101,70,29,22,25,59,97,132,169,191,180,141,80,39,26,21,49,105,156,186,219,141,108,67,37,31,43,53,83,149,176,188,158,124,72,52,32,28,44,93,130,176,181,157,126,85,48,22,53,68,89,128,191,178,172,114,71,57,28,28,60,101,148,163,198,187,115,54,36,28,39,50,95,143,202,193,142,113,65,50,37,32,859
322,90,142,182,182,166,99,70,49,28,33,52,86,169,177,201,155,121,57,42,27,30,42,101,115,166,197,193,123,77,36,19,29,41,101,156,183,211,164,112,50,45,29,37,62,101,133,179,193,161,117,70,43,21,28,48,93,128,186,165,163,111,92,49,41,47,56,99,131,188,178,165,109,69,51,22,29,58,87,161,197,183,171,120,60,27,28,33,62,87,135,187,206,161,86,77,50,40,31,817
356,88,132,184,184,150,144,65,42,20,34,55,103,152,171,200,156,127,58,35,27,29,48,87,118,204,185,179,123,74,35,26,27,43,114,148,188,208,177,102,63,45,39,46,61,80,145,171,182,179,118,64,39,32,33,48,91,144,183,170,183,101,74,59,32,46,59,94,137,180,177,171,114,69,41,28,31,65,101,129,188,211,167,109,62,36,20,39,61,86,155,176,184,165,111,55,53,35,34,805
356,89,139,190,194,167,107,63,35,27,30,64,99,145,186,190,156,109,71,36,24,30,56,88,142,183,178,182,119,69,48,30,30,51,97,140,178,197,183,122,67,41,30,42,62,111,137,156,188,191,127,67,34,27,36,62,94,133,178,171,157,122,77,58,40,33,63,82,138,189,200,145,105,73,37,30,34,65,83,143,182,199,177,120,62,48,25,40,51,85,142,179,191,174,111,67,47,43,37,833
348,107,139,186,198,157,99,61,31,28,42,61,111,134,199,183,167,123,57,46,26,27,52,98,124,179,185,192,116,74,42,25,34,45,82,145,208,197,159,111,82,40,27,34,57,117,136,180,182,161,111,64,39,28,49,50,84,134,170,174,163,113,87,52,38,31,49,92,133,205,181,169,93,75,42,32,29,58,106,137,178,209,160,112,74,29,20,45,39,82,143,169,170,177,125,67,37,37,54,839
389,91,160,187,177,171,100,49,28,36,46,58,92,129,191,196,156,111,73,32,28,31,64,94,147,162,180,176,137,62,43,31,26,32,104,139,175,202,175,117,79,42,28,46,55,96,161,180,181,161,128,66,32,23,34,59,93,130,165,213,150,114,65,57,37,41,72,95,113,187,191,165,92,78,37,41,38,46,94,136,204,207,149,113,74,34,25,37,54,99,135,163,178,175,130,56,46,33,38,842
348,108,154,164,176,154,115,66,37,23,37,62,102,134,177,206,169,97,65,36,24,34,56,106,143,180,189,167,113,77,41,18,34,34,101,133,182,205,166,105,74,35,34,40,57,102,132,208,184,180,119,57,35,26,35,54,92,132,209,183,149,97,74,50,31,39,70,104,136,190,173,167,110,66,40,32,28,53,79,133,206,189,162,119,66,44,18,37,45,96,136,176,192,157,130,77,43,27,33,854
353,94,162,180,171,154,110,67,40,31,32,58,99,148,198,180,173,99,64,30,35,28,57,89,157,192,165,167,120,79,30,24,30,56,90,125,194,186,171,115,69,41,34,41,48,84,140,188,199,175,98,81,37,36,31,66,99,149,157,193,169,108,63,46,31,34,73,84,160,199,191,154,95,73,38,32,25,59,95,146,162,216,181,117,60,40,17,29,55,92,130,160,185,190,120,75,44,31,27,846
357,96,153,171,178,147,129,78,36,23,27,51,101,153,180,159,188,116,68,41,23,33,82,91,141,176,167,178,134,68,36,29,28,43,96,124,175,187,183,127,73,38,26,36,57,85,131,176,204,160,114,69,60,38,39,73,85,126,182,195,157,111,77,41,35,38,46,96,146,195,177,165,124,57,40,24,19,54,104,127,166,202,185,121,68,44,26,30,43,81,116,183,200,187,112,76,41,25,27,863
361,87,164,187,165,153,122,70,38,11,27,66,102,130,157,205,191,133,64,31,20,32,68,104,146,178,193,172,107,71,35,20,26,46,82,128,181,190,192,128,71,37,34,33,64,76,125,166,210,165,113,80,57,35,38,45,89,134,170,206,168,110,71,31,40,37,49,82,145,187,183,174,97,83,34,31,27,65,88,135,196,181,182,117,69,34,23,30,40,77,137,193,213,179,113,67,31,31,35,848
363,98,140,164,173,184,98,81,41,31,21,52,102,131,194,184,163,129,70,26,20,30,59,124,114,182,197,169,105,66,26,27,25,50,80,120,189,207,182,128,83,31,28,36,48,84,154,192,195,162,122,83,58,28,29,50,85,150,183,187,176,138,80,22,32,34,63,93,142,176,194,150,112,76,43,23,42,58,99,129,182,192,147,123,72,48,20,27,47,75,133,186,195,181,135,59,30,23,33,856
351,93,123,170,192,159,110,78,40,30,37,48,88,169,168,194,162,123,81,31,19,28,50,97,144,176,217,156,124,59,22,16,29,48,74,136,177,218,180,134,65,32,20,26,48,103,127,198,202,168,128,75,33,27,23,60,75,158,200,195,163,113,60,36,26,35,65,84,167,197,191,164,95,64,43,31,26,59,107,160,168,190,176,107,69,45,24,30,52,78,156,181,213,160,118,59,32,26,22,863
329,77,134,212,189,170,117,79,37,32,31,45,89,140,194,210,167,104,73,30,23,29,52,75,138,208,203,201,98,56,32,13,31,42,75,144,194,230,156,108,58,45,30,29,55,86,129,165,190,183,135,84,40,25,43,54,82,152,187,227,137,97,72,33,34,42,63,98,155,174,187,161,97,76,36,34,30,45,87,141,202,197,130,128,72,39,28,30,65,94,141,186,195,165,108,66,47,20,20,845
283,96,150,181,208,162,124,79,35,24,24,47,96,143,176,219,152,121,68,37,19,33,53,82,144,199,210,182,100,65,37,19,25,50,68,169,179,203,163,123,72,36,33,31,58,78,133,173,188,172,131,80,51,35,42,58,91,148,189,198,151,106,71,37,26,33,57,97,168,160,199,148,121,59,42,28,36,50,83,144,191,215,151,131,54,35,42,34,60,81,152,182,186,180,109,62,44,26,27,865
303,85,129,184,199,179,129,68,39,31,27,56,102,155,174,193,160,102,71,38,40,25,48,93,170,190,197,150,115,60,39,22,24,37,90,154,194,188,170,123,80,43,35,35,38,80,145,210,168,172,119,57,50,46,41,63,101,128,185,218,152,109,67,35,27,46,58,97,151,174,199,144,104,81,44,26,28,49,68,142,185,219,165,117,69,34,27,38,57,103,145,181,192,154,128,59,31,29,29,872
328,81,127,177,218,164,119,75,46,21,31,59,81,149,195,186,154,106,78,42,29,23,42,93,168,199,193,162,102,62,47,14,26,47,93,141,192,194,153,121,75,50,33,40,47,92,126,194,188,173,109,71,38,39,53,61,106,137,191,199,159,112,67,31,34,38,60,86,143,178,195,157,115,76,38,25,31,48,87,148,188,196,166,126,64,43,18,39,43,82,180,180,187,152,106,79,34,18,28,847
318,85,144,149,201,179,134,76,43,30,36,69,99,136,163,181,189,104,70,36,33,22,44,98,168,182,184,168,100,64,27,34,34,45,98,140,188,181,165,150,84,32,35,25,52,106,143,176,197,170,111,63,42,25,36,62,88,154,173,187,179,110,63,41,42,28,58,101,137,179,202,163,122,67,40,19,37,47,86,142,194,201,177,119,59,46,24,32,51,92,163,177,193,156,95,79,32,25,39,845
333,87,129,163,186,166,130,79,41,30,35,62,95,139,186,180,180,115,67,37,25,31,39,82,156,201,208,143,121,73,42,26,27,54,81,138,202,187,154,128,73,45,28,30,46,102,140,187,207,145,108,75,42,25,30,53,100,147,182,195,151,120,73,46,31,37,43,99,160,181,201,170,100,55,39,37,38,47,100,130,179,203,186,104,77,31,31,33,56,108,146,175,186,163,110,59,29,15,34,842
314,89,141,153,196,168,128,79,41,35,35,47,95,143,186,214,170,116,65,37,20,25,49,111,141,204,175,148,112,79,35,34,36,59,76,143,173,176,172,121,88,55,27,21,37,72,148,199,228,154,100,61,45,34,35,60,88,142,166,188,186,127,63,59,23,34,50,97,143,180,206,172,109,76,35,23,36,61,86,144,165,183,194,128,66,43,22,30,62,91,137,184,213,171,123,59,25,24,29,889
325,96,123,200,189,172,129,76,45,35,22,57,89,137,226,198,166,112,75,26,23,28,39,100,155,194,168,139,104,95,40,29,45,44,75,144,180,185,164,149,83,41,30,23,31,81,147,192,220,155,117,64,51,28,25,56,105,147,150,210,172,119,69,50,25,29,49,83,152,188,187,167,117,70,38,21,45,48,90,144,173,184,177,121,63,34,34,29,53,99,142,205,180,172,119,66,36,29,32,819
313,100,133,173,180,179,125,75,52,21,22,47,92,155,199,200,173,94,68,31,31,19,65,76,139,206,192,139,130,76,44,31,37,50,80,119,158,188,178,146,87,60,29,27,49,93,143,181,195,174,113,64,51,30,40,60,117,125,206,175,146,113,85,41,29,40,52,81,124,227,180,170,108,68,35,35,37,61,95,147,180,199,151,116,72,47,25,40,57,98,132,187,193,166,127,53,46,37,38,838
322,88,136,170,216,160,120,76,41,22,20,36,73,155,207,209,167,99,70,38,24,42,52,94,140,180,189,185,110,77,41,26,22,45,81,123,163,183,158,137,91,51,35,28,50,98,165,172,199,152,120,75,42,39,37,71,94,149,175,181,176,84,69,49,32,38,50,89,120,200,195,159,116,55,43,23,33,56,105,163,176,187,132,135,70,39,36,43,49,92,144,175,204,169,121,59,34,36,30,822
354,85,131,186,217,143,131,71,41,27,29,27,83,173,175,200,169,115,64,37,40,38,47,79,137,179,209,164,124,96,36,31,37,47,62,128,183,197,165,120,86,53,39,38,67,81,136,171,202,145,130,70,43,42,36,61,102,139,160,190,166,114,69,41,35,37,48,85,137,187,198,166,120,62,34,30,36,50,88,159,190,186,150,124,58,44,38,27,58,91,146,181,187,182,105,61,46,17,22,822
321,85,142,186,199,171,111,59,47,25,22,42,83,138,172,201,177,130,71,51,26,35,51,91,121,201,196,170,115,78,44,36,31,54,78,134,173,183,176,125,76,49,33,37,46,81,141,200,206,179,100,62,36,39,42,63,81,121,179,213,153,133,69,44,27,33,45,80,143,180,207,154,111,75,42,26,30,70,90,158,188,181,149,93,72,50,31,38,56,94,128,190,188,182,101,81,35,27,22,837
307,95,130,202,175,176,135,77,39,26,32,37,75,126,182,227,157,138,79,30,26,29,39,84,138,198,193,167,127,83,36,30,33,53,88,132,198,172,166,116,68,56,30,38,56,102,124,204,186,178,98,53,41,30,40,50,90,129,181,187,179,131,71,36,28,27,59,85,137,180,188,176,118,67,41,23,33,52,121,169,163,177,157,123,64,38,34,33,55,92,126,178,198,175,110,72,42,23,29,853
321,72,111,196,208,174,122,63,51,30,28,52,74,115,177,198,207,134,72,48,24,22,48,75,130,202,182,172,125,76,42,30,24,61,77,157,182,189,150,126,71,49,31,34,61,97,128,202,192,161,103,56,38,30,44,53,78,138,170,180,174,131,86,37,27,27,56,78,125,191,210,188,102,70,30,28,38,58,108,147,171,202,155,121,81,30,23,30,65,97,136,178,205,179,129,59,30,29,34,867
329,73,137,218,229,162,109,49,41,34,30,53,71,123,165,203,195,139,70,34,30,27,54,82,140,178,217,158,124,69,47,30,22,58,81,150,204,184,159,99,74,34,38,43,61,84,145,167,189,176,121,65,41,32,29,51,85,136,170,210,181,128,72,34,21,42,38,83,153,188,190,144,132,85,36,32,37,55,93,157,196,167,159,117,88,35,25,35,51,79,157,190,203,162,122,63,30,34,32,830
351,75,153,194,204,173,99,64,33,28,39,41,72,114,160,191,199,172,61,32,26,36,41,89,142,170,205,165,129,84,51,32,24,47,86,173,173,196,136,101,73,55,38,39,63,97,141,182,180,168,116,80,37,26,42,62,79,129,194,173,198,115,72,36,21,29,41,94,143,176,185,172,123,86,41,41,35,55,108,143,179,198,140,130,87,52,21,25,37,103,138,190,202,139,122,74,35,36,42,811
361,91,142,195,213,152,116,65,35,32,30,47,69,119,179,209,182,127,73,44,39,32,36,76,152,170,189,168,121,87,56,36,42,57,84,149,178,189,158,111,65,49,36,39,66,107,125,171,192,163,112,76,42,40,44,60,64,117,183,190,187,122,68,42,22,21,68,87,123,170,198,154,127,72,54,39,37,63,106,118,181,186,146,136,71,40,27,25,35,91,160,200,184,147,99,72,44,36,39,799
322,107,141,200,205,152,129,68,31,24,29,51,84,116,179,218,186,114,61,45,40,27,32,93,136,211,159,160,110,85,67,44,28,65,104,153,160,187,153,102,61,61,43,35,66,88,133,166,191,161,104,69,42,31,40,51,77,119,172,213,186,127,74,38,27,35,55,83,141,193,182,152,118,80,44,41,45,66,89,138,165,192,159,129,72,43,23,24,49,102,160,212,206,152,112,63,36,35,44,803
343,78,151,181,197,172,108,72,38,26,29,52,93,122,150,222,166,123,72,57,33,30,48,77,149,193,179,162,110,87,52,37,40,54,77,129,174,193,148,122,87,44,37,46,66,71,150,186,181,147,107,64,40,39,40,56,67,117,202,206,189,109,64,46,36,37,61,82,123,177,174,172,124,66,47,39,41,63,85,161,151,189,162,124,77,38,31,26,53,105,135,189,224,165,106,48,43,30,31,800
326,85,158,177,180,176,119,70,56,24,23,48,81,154,157,184,154,140,76,48,26,32,55,107,143,168,174,157,119,78,66,36,49,62,95,124,145,173,178,117,80,57,36,31,47,101,131,202,177,167,98,57,52,32,31,52,79,134,190,217,178,118,62,37,26,30,61,89,145,168,191,140,132,75,54,41,39,54,102,136,178,187,166,118,73,45,23,33,41,93,153,197,180,168,119,58,33,23,42,817
326,97,143,210,161,162,139,73,46,33,28,52,76,127,187,196,180,143,60,35,24,32,53,95,155,156,163,163,129,76,52,44,34,62,101,123,165,178,165,123,74,56,34,40,51,97,140,168,212,161,112,74,46,30,27,50,99,146,185,201,167,121,74,36,31,31,52,81,120,167,190,170,135,75,44,34,37,59,92,141,186,191,170,122,69,39,30,24,49,102,151,190,190,171,110,55,22,31,40,815
338,87,149,175,192,161,107,95,46,33,28,54,77,130,189,213,174,127,66,44,25,28,35,81,146,196,174,154,136,75,54,30,32,58,87,119,155,182,186,120,65,66,30,37,54,91,136,179,205,157,106,68,42,29,24,66,101,149,172,200,154,122,79,45,31,30,44,76,125,177,184,161,127,93,59,30,40,69,80,121,199,223,161,99,68,40,27,28,66,115,142,211,170,163,98,56,37,36,34,808
331,83,146,191,182,135,120,100,61,25,32,40,88,145,194,196,175,132,55,44,30,29,44,68,124,194,197,178,133,82,40,33,28,59,102,137,174,191,170,108,75,51,39,29,55,102,134,202,180,159,119,72,32,31,28,63,100,129,167,215,166,113,82,44,27,39,39,95,117,163,195,183,112,68,58,38,44,56,90,128,174,208,172,111,64,40,30,36,72,111,136,183,170,159,118,58,49,30,33,815
332,82,125,188,198,143,121,77,61,25,41,44,101,144,172,198,168,122,71,47,19,34,40,70,125,194,191,180,131,67,50,24,43,55,85,149,155,195,163,98,79,54,35,33,61,78,135,172,215,161,127,71,37,31,34,57,86,135,173,207,168,107,69,41,36,36,49,82,116,166,205,175,111,84,53,35,41,45,86,136,197,198,179,129,47,40,23,30,64,109,146,183,191,143,131,55,42,34,23,817
350,90,125,198,166,158,103,90,51,35,27,58,93,140,182,206,166,112,71,38,18,31,50,91,107,179,187,172,114,76,58,36,36,55,87,143,165,186,142,132,75,49,38,28,51,100,117,187,200,160,110,80,28,29,44,50,101,154,176,175,162,117,76,48,35,39,52,75,127,172,212,177,112,72,36,38,42,54,77,138,169,215,188,111,67,34,18,34,67,109,140,188,199,154,99,74,45,33,24,827
329,92,159,170,182,160,121,70,51,31,35,59,100,136,177,199,158,141,80,50,16,28,41,86,141,176,208,154,124,86,61,41,33,43,94,130,184,161,160,145,77,36,39,33,51,88,134,207,209,160,101,69,38,35,41,65,105,140,170,199,140,99,84,46,38,40,43,83,123,187,197,182,124,66,50,30,35,67,93,113,177,232,159,120,65,39,35,32,53,106,160,190,179,157,104,84,36,36,21,836
332,107,145,168,203,158,120,82,44,32,33,56,79,134,186,178,176,115,90,46,27,34,40,83,130,164,195,162,121,98,49,35,28,54,82,133,165,175,148,126,73,55,32,33,51,100,142,154,197,189,111,63,38,25,37,57,116,147,179,173,169,106,67,41,32,39,51,75,121,161,194,190,132,70,46,32,38,58,96,133,197,193,158,110,65,45,43,41,52,105,155,190,176,157,111,78,42,21,31,806
337,99,147,174,201,155,125,76,41,34,34,50,93,139,170,183,169,130,66,58,35,26,46,74,134,162,192,161,132,95,53,43,31,48,85,134,167,180,158,117,80,45,38,30,56,89,135,175,192,174,108,67,44,33,41,61,102,164,149,155,161,128,76,52,29,32,63,88,120,169,180,195,121,61,50,25,44,56,81,120,197,179,156,127,86,50,41,43,41,85,149,180,175,155,120,73,47,34,29,806
323,86,150,159,179,171,119,73,47,31,37,48,89,137,193,203,164,140,70,50,31,30,34,81,127,174,188,180,132,78,53,40,44,47,81,125,166,182,172,125,74,57,38,42,48,79,131,172,173,185,107,81,45,50,38,66,100,114,165,204,162,144,68,47,39,25,39,98,135,184,184,170,126,72,41,30,40,57,115,133,178,168,160,130,89,61,38,49,44,88,122,170,188,160,140,87,54,23,28,814
315,83,156,163,184,178,124,74,46,32,37,51,65,135,196,217,166,128,75,41,41,30,37,73,130,171,205,165,118,100,51,26,28,54,92,152,161,182,161,123,94,47,49,22,53,82,141,162,194,161,129,70,46,38,44,57,89,125,193,180,158,131,88,44,32,24,45,87,144,174,201,162,116,61,32,30,50,56,117,147,157,173,164,138,78,49,27,35,62,82,122,186,193,173,122,63,50,36,24,819
334,91,135,183,178,156,106,85,59,27,33,41,83,124,183,193,165,115,99,59,27,32,40,62,135,156,207,179,115,89,52,39,35,50,74,133,189,198,177,105,64,47,36,33,54,88,136,177,208,153,102,78,38,47,33,63,87,141,171,204,168,121,70,49,27,27,49,97,108,190,193,180,122,73,31,28,51,68,87,148,175,187,167,113,73,41,34,42,61,63,132,168,207,152,136,60,49,30,37,794
366,97,130,179,176,155,140,72,53,31,32,54,90,141,172,186,165,125,85,57,39,38,47,73,123,168,183,178,145,84,58,37,41,50,75,142,170,188,186,115,68,32,39,34,55,76,129,188,187,191,109,72,40,39,38,59,101,148,179,175,166,120,80,33,36,29,52,91,138,154,202,171,119,67,46,30,46,62,96,131,182,174,158,118,69,38,44,39,51,78,143,178,215,155,120,64,50,21,35,799
363,100,139,162,172,175,117,81,64,28,31,50,88,152,159,201,165,126,92,49,31,34,65,78,119,156,176,171,133,86,47,29,43,54,96,146,151,180,205,142,65,41,35,31,41,97,131,184,203,163,128,76,43,30,37,53,110,135,172,197,167,115,72,37,43,37,58,78,126,184,179,174,101,77,56,31,36,78,87,128,176,197,166,108,74,42,38,35,72,106,138,159,217,155,106,66,52,28,40,798
339,100,143,163,171,140,109,88,57,41,42,50,92,112,194,170,163,129,85,48,34,32,53,96,114,143,179,174,148,86,43,40,38,42,87,125,181,193,161,116,79,51,36,30,50,89,143,170,194,169,116,84,51,33,44,57,83,137,167,201,145,135,68,46,29,39,54,75,130,179,197,180,87,77,49,35,47,53,97,138,174,198,166,123,69,41,27,47,73,93,137,179,160,166,105,72,50,40,34,786
341,95,140,159,180,132,109,110,53,48,45,62,89,104,162,188,163,144,91,49,33,40,61,99,128,163,177,145,119,95,59,39,42,46,78,118,180,179,187,123,78,47,41,41,58,77,110,181,191,175,129,82,42,33,39,55,105,133,167,179,156,122,88,50,38,25,55,84,121,188,181,184,118,68,56,34,32,45,98,133,170,200,162,110,94,40,31,31,78,94,138,182,195,137,116,70,44,34,31,822
322,93,130,189,157,144,122,85,61,41,48,50,81,122,144,186,161,140,96,46,47,41,63,99,125,158,166,158,123,87,52,35,36,51,77,127,166,189,178,117,100,60,39,39,51,89,114,169,188,181,124,68,48,33,41,63,93,140,152,175,161,126,92,58,35,32,59,109,128,159,183,183,114,77,49,24,32,57,100,125,183,195,180,109,84,51,31,42,60,118,151,175,172,163,121,83,37,35,32,826
364,74,121,169,183,157,127,90,44,47,40,65,75,119,163,181,166,133,78,43,36,41,79,96,139,140,179,145,137,77,57,37,44,64,77,120,156,202,165,124,90,51,38,37,56,89,112,168,214,168,122,76,55,44,41,57,86,121,178,149,173,119,87,61,39,33,45,86,140,177,179,173,124,78,45,26,34,54,103,131,171,187,162,135,77,53,36,34,64,119,145,161,174,161,119,91,34,36,36,787
351,73,119,183,177,147,137,85,52,51,45,58,91,122,158,175,159,122,84,53,31,30,52,102,138,164,173,163,122,80,60,39,37,56,77,120,160,179,184,123,80,51,26,34,66,96,127,164,179,185,119,90,46,38,53,64,85,124,156,166,162,129,98,52,40,34,49,84,124,159,211,165,133,65,52,45,43,58,87,129,180,178,163,121,72,58,34,39,53,94,156,167,187,147,106,90,51,26,28,796
362,73,114,170,189,152,116,75,67,33,54,61,87,129,162,189,147,126,72,45,53,20,59,74,122,161,202,161,111,88,58,53,39,60,85,145,156,190,146,134,90,50,26,37,58,80,126,165,192,149,116,83,60,48,41,65,96,122,160,169,146,148,75,67,36,34,54,75,149,163,201,145,109,80,73,42,38,64,98,117,178,184,142,124,88,55,37,39,52,98,136,160,171,181,129,95,41,23,37,791
355,60,114,183,199,168,105,77,54,41,46,66,81,128,144,182,156,127,80,57,45,36,43,91,105,186,177,177,116,89,46,50,54,55,88,133,175,162,157,126,88,64,34,35,59,93,128,144,168,172,118,76,67,53,40,77,82,113,171,185,142,127,80,57,47,36,41,90,148,157,190,158,111,89,54,46,44,63,100,134,182,172,134,108,82,56,42,39,64,85,145,148,172,160,122,95,47,45,33,824
386,72,103,161,167,154,141,101,64,39,41,53,95,121,153,172,145,128,70,51,59,43,41,74,153,175,179,164,119,77,67,42,45,64,80,111,167,183,149,136,86,63,38,47,41,72,131,173,155,159,128,89,75,53,46,80,99,107,161,160,181,119,92,52,40,32,39,79,130,185,178,162,111,89,63,57,30,60,78,135,181,163,170,108,91,65,44,38,67,81,128,138,199,167,138,74,54,40,50,788
383,60,95,151,172,158,144,96,58,53,35,58,75,129,154,170,161,125,78,60,51,42,73,68,123,165,199,144,119,89,48,49,45,58,80,118,151,196,147,133,71,61,38,48,60,81,109,155,185,150,131,106,66,53,54,67,99,125,119,177,177,130,104,70,36,31,48,84,110,166,186,170,126,90,58,55,41,55,97,121,174,180,172,108,73,60,46,47,69,83,111,143,177,161,132,91,68,41,43,798
420,76,85,113,187,169,143,87,58,37,48,60,69,126,162,185,146,117,85,53,50,43,66,85,108,148,185,147,129,79,61,60,61,46,83,118,164,164,174,116,84,64,39,42,55,81,115,119,182,180,135,100,61,40,57,73,95,109,167,142,151,134,95,65,50,40,58,79,101,172,182,181,112,89,73,48,37,67,86,129,166,175,170,108,77,57,50,51,57,86,128,147,185,160,125,87,70,47,43,749
392,71,114,130,153,177,134,101,62,50,50,54,82,123,150,178,160,117,79,54,53,51,66,71,113,154,157,149,123,100,65,62,62,58,91,111,149,170,174,108,72,62,63,52,54,81,91,147,156,170,160,95,67,57,48,68,60,127,162,157,150,134,84,77,55,64,61,77,103,159,191,166,142,73,64,49,44,56,93,131,158,169,157,106,91,66,32,56,69,86,131,131,185,142,128,96,67,49,48,778
438,82,98,126,140,175,130,95,77,64,56,48,81,102,156,153,187,128,81,61,55,51,65,69,124,161,142,130,131,102,75,58,62,65,81,127,138,180,162,123,88,66,51,59,56,77,112,131,166,152,147,97,75,46,60,62,87,125,142,148,158,134,99,58,54,61,67,63,115,147,155,170,139,92,59,60,39,75,96,117,145,152,179,119,93,60,44,52,61,81,120,142,178,124,142,90,73,54,58,755
435,77,82,127,147,151,120,106,77,63,61,51,70,114,150,174,124,137,99,62,45,56,64,93,122,132,158,135,127,102,63,57,64,74,83,102,139,148,165,118,94,84,67,37,70,86,106,136,143,137,148,117,61,70,66,54,60,121,120,140,159,140,106,73,47,56,64,79,116,147,153,163,130,100,71,50,58,75,80,122,137,192,141,117,93,60,44,47,57,95,121,137,150,158,134,97,85,57,63,711
449,71,91,127,146,135,113,100,89,69,60,63,85,109,123,148,173,117,84,74,62,53,63,89,120,125,126,160,124,109,65,57,51,66,93,118,136,134,136,133,94,72,63,52,47,86,124,124,136,155,139,91,87,74,58,55,68,106,131,152,135,128,90,82,66,53,59,78,94,136,157,142,109,110,67,54,61,77,92,131,130,157,141,130,92,46,50,38,57,91,115,132,149,143,120,122,76,59,52,705
414,52,80,116,131,127,99,84,80,63,64,60,68,89,111,128,140,120,83,82,59,55,67,77,100,117,143,125,119,96,65,36,45,61,100,97,114,116,136,116,86,75,74,42,55,63,100,121,129,113,104,99,72,57,56,67,64,79,120,145,136,123,82,83,62,59,51,75,86,105,132,120,105,85,67,53,66,66,73,115,113,139,134,102,80,52,47,46,58,72,101,117,144,136,93,95,59,68,62,631
351,46,69,65,105,94,76,69,49,51,30,44,58,66,74,102,90,85,84,55,31,44,54,75,80,93,109,99,71,73,39,37,37,46,66,65,68,118,88,87,60,72,44,29,47,56,64,99,86,98,77,71,72,42,42,40,50,72,106,92,106,94,67,62,46,49,51,45,78,77,108,97,85,73,51,48,39,56,53,77,80,91,106,72,64,52,41,32,56,52,70,90,116,103,100,56,51,47,50,479
172,28,28,49,42,47,32,32,29,16,23,29,41,37,57,47,51,64,41,28,27,26,35,36,54,48,56,68,40,40,19,19,21,19,32,38,58,58,45,48,42,40,26,17,29,35,35,43,56,53,55,44,34,21,18,20,41,50,59,55,53,50,38,35,36,27,38,34,39,52,55,46,49,33,32,40,23,27,29,48,51,53,44,54,39,28,21,29,23,33,40,55,73,51,51,42,35,21,27,274
56,18,18,17,13,14,16,13,6,4,8,10,7,9,25,20,18,13,14,11,14,8,7,8,14,15,20,19,23,9,9,7,3,8,15,15,13,20,13,17,12,4,12,6,12,10,13,12,13,15,15,17,11,9,3,11,13,19,22,19,24,11,18,17,10,15,10,9,11,17,18,19,17,12,11,10,5,5,10,14,16,18,10,15,21,8,6,4,5,9,9,30,32,21,17,12,9,9,5,99
13,4,4,5,1,5,1,2,1,2,1,4,2,4,4,4,4,1,2,1,6,1,0,0,2,6,6,1,6,3,2,1,2,0,8,3,3,4,10,4,1,0,0,0,3,3,3,2,4,2,3,5,2,4,2,0,2,1,6,7,4,5,3,3,2,2,2,5,3,2,3,5,1,1,0,2,2,1,1,1,3,3,4,4,3,2,2,0,3,1,3,5,4,2,3,5,3,0,1,22
0,1,1,0,0,2,0,0,0,0,1,0,0,0,1,0,2,0,1,0,1,0,0,0,0,2,1,2,0,1,0,1,0,0,1,0,0,1,0,0,0,0,0,0,0,0,2,1,1,0,0,0,0,0,0,0,0,0,1,0,1,0,0,0,0,0,0,1,1,1,0,0,0,0,0,0,0,0,0,0,0,2,0,0,1,2,0,0,0,0,0,1,0,0,0,1,1,0,0,3
0,0,0,0,0,0,0,0,0,0,0,0,0,0,0,0,0,0,0,0,0,0,0,0,0,0,0,0,0,0,0,0,0,0,0,0,0,0,0,0,0,0,0,0,0,0,0,0,0,0,0,0,0,0,0,0,0,0,0,0,0,0,0,0,0,0,0,0,0,0,0,0,0,0,0,0,0,0,0,0,0,0,0,0,0,0,0,0,0,0,0,0,0,0,0,0,0,0,0,0
0,0,0,0,0,0,0,0,0,0,0,0,0,0,0,0,0,0,0,0,0,0,0,0,0,0,0,0,0,0,0,0,0,0,0,0,0,0,0,0,0,0,0,0,0,0,0,0,0,0,0,0,0,0,0,0,0,0,0,0,0,0,0,0,0,0,0,0,0,0,0,0,0,0,0,0,0,0,0,0,0,0,0,0,0,0,0,0,0,0,0,0,0,0,0,0,0,0,0,0
0,0,0,0,0,0,0,0,0,0,0,0,0,0,0,0,0,0,0,0,0,0,0,0,0,0,0,0,0,0,0,0,0,0,0,0,0,0,0,0,0,0,0,0,0,0,0,0,0,0,0,0,0,0,0,0,0,0,0,0,0,0,0,0,0,0,0,0,0,0,0,0,0,0,0,0,0,0,0,0,0,0,0,0,0,0,0,0,0,0,0,0,0,0,0,0,0,0,0,0
0,0,0,0,0,0,0,0,0,0,0,0,0,0,0,0,0,0,0,0,0,0,0,0,0,0,0,0,0,0,0,0,0,0,0,0,0,0,0,0,0,0,0,0,0,0,0,0,0,0,0,0,0,0,0,0,0,0,0,0,0,0,0,0,0,0,0,0,0,0,0,0,0,0,0,0,0,0,0,0,0,0,0,0,0,0,0,0,0,0,0,0,0,0,0,0,0,0,0,0
0,0,0,0,0,0,0,0,0,0,0,0,0,0,0,0,0,0,0,0,0,0,0,0,0,0,0,0,0,0,0,0,0,0,0,0,0,0,0,0,0,0,0,0,0,0,0,0,0,0,0,0,0,0,0,0,0,0,0,0,0,0,0,0,0,0,0,0,0,0,0,0,0,0,0,0,0,0,0,0,0,0,0,0,0,0,0,0,0,0,0,0,0,0,0,0,0,0,0,0
0,0,0,0,0,0,0,0,0,0,0,0,0,0,0,0,0,0,0,0,0,0,0,0,0,0,0,0,0,0,0,0,0,0,0,0,0,0,0,0,0,0,0,0,0,0,0,0,0,0,0,0,0,0,0,0,0,0,0,0,0,0,0,0,0,0,0,0,0,0,0,0,0,0,0,0,0,0,0,0,0,0,0,0,0,0,0,0,0,0,0,0,0,0,0,0,0,0,0,0
