parameters (x,y,w,h,rx,ry):-5,0,10.000000,40.000000,100,100
326,29,30,31,27,25,33,33,36,50,45,62,59,58,65,61,48,73,73,83,68,72,55,42,49,28,28,27,22,19,22,19,29,25,32,43,45,44,42,37,26,17,18,17,23,39,33,59,59,62,69,63,75,68,59,56,65,87,75,61,31,32,14,13,15,16,19,26,32,35,54,45,50,62,64,51,55,72,59,64,55,68,46,47,35,28,26,48,58,71,62,89,62,49,31,27,14,27,29,385
760,64,42,61,50,60,63,56,90,103,107,113,133,148,120,117,92,122,176,167,171,139,125,105,106,76,63,63,59,44,52,59,54,57,73,88,102,115,94,75,61,44,32,31,47,56,83,117,147,158,176,161,142,147,119,135,137,167,191,155,98,57,36,23,16,25,37,53,72,81,86,108,113,129,133,152,131,133,142,116,122,133,120,102,83,58,75,77,105,131,163,195,175,110,81,52,45,41,63,804
775,73,57,45,49,61,57,64,71,108,103,118,147,148,121,121,95,107,141,169,172,167,132,123,79,102,66,59,64,54,46,51,53,59,62,76,110,120,111,95,62,33,27,38,46,50,75,93,137,161,190,188,157,134,120,104,134,195,211,188,110,57,22,26,19,20,32,46,56,81,93,123,110,119,128,158,136,143,122,121,144,111,129,121,56,78,68,77,78,131,167,196,188,147,96,62,38,42,29,791
783,84,73,44,56,41,49,56,75,95,109,111,148,149,118,107,98,119,145,164,165,170,133,117,111,95,66,49,55,50,56,46,66,54,56,73,113,137,115,103,76,37,12,23,44,44,63,105,133,152,183,163,157,118,106,113,129,182,227,223,124,57,22,18,20,20,32,35,50,73,89,120,103,126,129,146,167,132,134,119,113,113,137,104,83,64,67,58,113,110,145,210,182,162,92,64,43,32,32,762
815,81,70,59,45,47,47,45,61,87,127,137,140,153,132,98,96,113,161,162,144,173,154,124,100,99,75,58,42,44,65,47,54,49,53,77,112,126,126,135,73,29,19,26,30,30,47,74,136,163,179,220,132,133,110,94,117,201,239,234,114,56,26,22,20,20,33,23,47,71,86,99,116,123,111,155,160,152,130,118,124,131,126,114,86,57,64,58,81,117,165,187,204,171,113,66,41,26,36,768
835,88,67,66,45,52,42,48,52,72,116,118,145,163,132,117,86,100,137,161,181,164,149,130,109,97,79,70,46,45,58,46,44,41,46,75,120,136,143,128,59,41,20,30,28,29,58,71,118,172,201,189,163,119,116,79,111,171,247,248,145,63,38,18,18,23,21,32,35,65,84,105,108,146,134,142,159,134,143,128,139,128,112,120,89,62,58,53,79,105,171,189,217,150,127,57,40,26,39,721
800,84,82,55,53,47,41,36,43,85,84,122,147,145,143,115,93,116,159,157,171,160,160,155,129,86,88,59,42,53,45,60,45,49,48,63,114,152,164,103,63,36,25,24,33,26,49,81,122,133,193,208,171,129,94,87,109,178,260,258,112,84,33,21,13,18,21,35,49,51,73,99,107,144,132,122,148,116,133,153,152,137,119,112,94,51,54,62,61,96,177,190,224,194,120,56,31,27,36,718
803,91,80,47,53,64,36,51,43,57,82,134,144,162,148,112,88,107,144,158,169,151,144,146,129,101,94,63,37,49,58,45,36,54,53,68,120,173,147,112,59,47,24,25,19,24,50,68,114,169,179,185,182,149,88,85,95,199,230,230,178,75,38,21,5,15,19,32,41,45,64,95,123,138,136,157,139,118,116,151,161,143,118,123,83,53,50,70,84,92,141,197,196,205,135,62,32,30,29,715
765,96,82,55,45,70,34,35,53,56,84,101,137,180,146,117,105,109,131,168,161,173,164,132,121,115,99,55,56,56,64,41,36,41,46,89,102,139,167,120,63,49,31,24,17,19,30,66,101,165,185,191,178,144,94,84,101,220,241,231,151,99,27,17,16,13,25,31,36,45,68,104,110,99,132,178,150,123,125,120,169,135,134,114,88,48,54,51,74,105,148,205,227,178,132,53,41,27,25,756
763,94,84,66,56,48,48,41,45,75,80,94,134,168,139,139,120,113,119,172,143,168,155,143,132,123,77,72,53,54,53,59,45,40,47,56,106,157,173,125,83,45,37,20,21,16,29,62,105,164,175,194,173,149,102,102,118,192,235,235,183,73,28,19,17,19,16,21,38,55,50,82,97,118,153,168,149,122,124,130,145,134,131,128,84,58,56,51,63,95,133,197,245,192,123,62,42,31,26,717
772,88,71,61,65,53,49,38,49,60,69,114,121,162,143,124,136,114,133,152,150,166,147,135,117,121,94,69,66,42,47,37,55,38,50,61,109,136,173,148,85,51,30,24,23,21,43,53,98,140,165,192,192,142,98,83,108,208,242,244,167,82,33,13,9,14,26,26,35,50,66,84,109,107,132,141,183,128,122,115,138,154,135,107,94,63,65,64,66,103,137,177,216,196,155,71,34,33,25,710
769,90,63,66,59,58,51,41,41,46,57,106,131,144,148,121,111,127,161,144,155,158,178,138,127,107,90,67,69,47,58,52,45,50,45,72,114,154,128,133,102,48,44,18,37,38,32,52,106,151,169,187,192,153,94,90,132,161,246,251,175,67,32,24,15,15,14,16,27,53,73,80,87,136,146,143,157,135,124,107,135,146,143,115,75,55,57,55,77,102,147,195,198,207,152,79,42,26,22,719
771,89,70,72,60,49,57,49,43,43,81,93,121,125,148,117,125,149,153,150,169,149,151,150,137,113,88,73,52,54,62,52,37,50,47,69,111,158,142,116,76,51,40,36,35,33,25,57,82,152,189,213,171,149,119,89,114,152,237,253,178,104,30,15,23,16,20,10,32,44,57,76,104,126,139,137,141,122,136,138,124,153,139,116,81,72,59,54,74,91,147,188,216,185,145,79,44,23,22,688
766,94,78,71,74,56,47,37,45,55,77,99,109,156,126,117,128,129,145,177,150,148,153,134,141,134,91,68,45,53,54,59,42,50,42,71,118,144,160,116,90,44,33,22,26,38,35,55,98,136,194,216,170,145,126,95,105,184,243,225,187,100,25,9,16,20,18,16,29,27,51,81,97,126,127,155,132,149,117,124,146,154,160,102,84,62,62,51,67,104,135,197,221,204,141,77,42,16,18,713
758,83,77,70,70,56,47,43,38,56,65,108,97,145,157,127,108,121,147,167,165,149,157,129,129,135,102,61,52,54,47,55,51,31,67,76,122,126,163,123,89,46,30,21,26,30,53,54,95,146,175,210,190,161,101,78,124,190,274,221,181,89,40,17,17,12,17,15,27,35,47,76,89,116,153,141,146,141,128,143,130,147,144,114,91,66,73,55,67,84,146,187,244,177,157,70,47,21,21,676
753,90,78,83,66,57,40,33,40,45,79,110,106,137,129,113,131,137,155,180,151,163,144,124,142,146,103,59,57,55,36,54,49,52,67,74,100,131,150,150,79,63,33,27,23,34,52,65,83,135,184,206,199,145,119,85,116,180,222,248,173,84,39,24,9,19,15,24,23,38,48,79,78,116,143,144,120,154,142,117,171,144,149,120,91,65,67,52,73,80,124,204,239,201,140,80,39,24,28,667
805,78,78,65,71,62,46,47,33,60,82,95,106,122,124,132,119,128,159,176,173,140,144,131,142,114,108,75,61,51,41,51,46,45,53,86,111,138,144,129,87,55,51,37,20,29,39,63,87,130,180,218,197,172,106,81,105,187,264,250,168,98,44,28,16,10,19,13,31,32,51,72,82,99,152,144,125,137,144,112,136,150,154,128,66,76,79,55,56,81,151,194,230,179,148,86,36,33,23,658
782,93,76,56,57,62,50,48,36,59,68,94,118,137,112,109,122,129,149,176,156,159,142,145,122,132,107,92,56,59,51,48,46,31,55,74,120,136,163,126,64,72,49,28,30,31,35,56,98,117,177,187,212,164,123,92,101,182,234,265,178,86,35,31,21,16,19,17,26,21,39,57,88,106,121,155,170,135,131,121,144,124,162,122,95,61,81,50,59,109,137,184,228,196,138,68,39,40,33,667
746,94,93,57,52,47,61,48,47,47,78,105,107,124,142,99,101,139,160,170,167,146,164,134,138,113,115,87,67,49,54,41,44,48,49,65,98,154,139,136,87,38,41,37,44,34,41,55,84,135,186,192,184,163,134,89,89,168,244,267,194,88,39,28,18,13,18,19,27,28,49,64,72,103,158,153,147,147,140,127,118,136,141,120,95,72,77,67,63,74,155,187,206,211,155,72,50,26,36,660
727,87,89,75,55,53,53,46,57,58,54,111,111,125,131,102,98,115,163,179,186,166,127,136,125,125,124,80,57,51,56,53,44,50,46,68,100,137,159,119,89,48,29,37,48,39,42,60,82,143,168,186,193,148,125,110,115,198,232,257,146,109,42,20,32,18,22,12,21,32,38,58,83,90,141,168,140,154,134,126,133,123,146,123,90,72,62,81,60,84,148,178,218,187,139,91,50,27,30,696
716,82,74,87,65,67,42,56,45,55,64,97,116,128,125,101,106,99,167,181,190,155,152,130,145,125,120,86,51,60,36,59,43,55,53,61,122,127,164,129,74,42,34,28,37,42,50,73,102,129,172,214,195,141,129,101,121,179,231,243,192,96,38,30,17,22,22,22,24,26,37,61,72,88,143,157,199,155,131,109,142,122,150,127,79,81,70,62,63,78,134,205,229,187,120,79,45,31,27,691
745,79,78,78,69,64,45,48,55,65,57,97,120,120,129,109,95,95,140,190,184,150,147,136,146,141,113,106,61,47,49,43,42,48,65,90,109,142,146,143,77,46,23,29,28,37,52,59,91,145,177,209,191,141,98,109,118,179,236,235,196,104,32,34,23,15,25,22,24,37,36,39,68,89,117,163,164,149,126,140,125,136,146,137,83,62,59,59,63,74,148,227,226,195,134,62,47,33,32,671
748,84,72,75,68,66,51,47,48,59,60,108,136,144,117,84,82,127,143,195,192,159,137,137,131,128,107,98,71,54,42,45,42,49,47,79,98,154,131,133,89,50,29,27,40,28,45,69,98,138,176,220,185,147,103,110,125,178,237,238,183,100,44,25,24,18,21,22,22,38,25,52,65,80,130,166,154,146,147,121,134,146,144,129,92,74,70,61,49,99,142,203,223,190,140,86,37,32,30,661
720,81,57,72,65,72,57,61,52,46,79,107,113,133,112,108,87,104,154,187,190,163,141,127,150,119,115,105,50,56,50,59,54,53,53,70,102,135,179,124,95,45,38,33,26,46,50,67,86,130,202,188,169,145,115,95,135,188,230,222,168,110,50,35,25,18,21,25,26,28,47,50,63,77,142,164,156,146,115,135,114,146,152,120,84,74,75,65,68,83,150,194,193,199,154,87,46,27,31,662
752,81,63,68,48,50,68,60,58,63,78,93,114,124,107,118,103,110,148,182,188,155,126,128,135,115,123,108,73,51,48,51,50,54,59,89,112,143,135,111,88,59,29,29,29,35,57,73,93,152,183,178,174,177,97,102,121,197,223,240,155,105,35,32,33,28,28,20,26,24,42,54,67,98,132,145,149,150,125,136,124,132,140,108,102,83,75,63,54,98,140,189,223,172,148,99,56,25,30,624
736,91,65,64,59,62,61,40,64,77,85,72,121,111,130,86,98,121,145,203,189,153,117,115,133,131,101,102,83,54,52,54,47,43,56,95,111,155,158,114,56,57,30,36,34,36,49,68,95,150,168,206,177,164,115,99,139,187,226,244,171,96,48,28,34,29,35,20,23,33,27,47,60,109,112,152,169,147,111,119,152,137,141,111,77,83,62,63,84,68,125,189,221,209,141,87,58,43,39,639
728,71,76,52,53,63,63,50,56,64,82,103,107,115,111,112,106,120,164,175,187,164,126,114,144,122,126,110,77,44,56,62,46,50,65,75,113,158,169,108,60,46,26,27,23,35,38,69,118,142,180,206,185,145,99,105,110,173,246,264,162,82,56,25,25,22,35,27,34,28,41,58,65,86,130,152,151,146,119,108,156,154,158,110,76,72,58,56,91,83,140,186,208,208,150,85,52,42,36,662
725,67,77,54,55,61,56,66,55,55,75,110,115,132,109,94,116,119,144,180,187,176,122,107,128,138,124,100,71,62,48,58,52,48,76,73,123,127,158,143,84,49,28,16,25,33,35,59,112,124,189,192,190,143,112,102,118,176,247,269,176,73,46,29,24,12,36,27,24,33,39,62,71,81,120,140,163,165,102,130,144,132,154,113,97,69,49,60,92,79,137,187,246,174,145,73,54,34,28,678
751,64,64,56,55,62,52,59,56,62,82,91,116,143,89,100,118,114,132,191,176,167,152,142,122,102,111,113,67,55,56,57,54,55,50,93,107,125,159,136,82,43,41,25,24,24,42,75,83,147,195,211,185,152,111,89,113,190,274,259,157,83,50,38,25,27,30,24,29,45,54,35,72,74,103,172,147,152,121,109,151,162,131,119,91,72,67,52,72,84,126,192,225,211,141,68,62,49,29,628
788,45,60,63,66,53,45,65,55,73,78,97,115,143,121,91,83,133,142,159,198,168,156,135,120,118,130,80,70,64,58,57,61,43,73,81,121,151,150,145,70,42,22,30,29,31,44,65,94,144,187,197,196,129,91,101,117,187,257,267,147,75,45,33,32,35,23,36,34,38,41,50,56,97,124,159,133,141,130,129,114,152,147,136,89,73,66,47,53,99,127,198,227,198,137,81,61,41,37,632
773,45,57,59,61,62,52,45,53,77,82,91,133,118,130,91,92,119,157,181,186,155,156,127,108,137,110,90,75,71,39,66,59,53,55,84,84,155,164,131,95,47,26,27,19,40,33,58,104,156,209,184,206,128,107,86,133,208,262,222,169,86,43,24,19,26,28,34,41,36,50,47,52,82,121,153,153,135,133,142,121,138,147,130,93,93,65,47,56,84,134,195,218,200,132,90,60,46,34,643
766,54,50,46,50,55,56,51,68,57,80,106,124,150,91,115,91,117,143,195,176,164,136,138,119,137,106,97,67,61,52,59,63,56,57,81,114,141,157,132,97,52,32,25,27,30,43,66,104,129,174,222,203,139,113,89,130,201,251,226,161,79,38,32,26,20,29,32,38,38,44,42,66,90,105,148,155,141,124,127,132,136,143,120,101,77,64,66,66,81,142,180,226,192,140,90,49,31,31,689
742,62,54,56,54,37,43,51,53,69,80,108,131,134,120,96,95,112,144,172,194,164,118,129,138,123,136,89,64,51,73,48,50,64,68,75,130,121,143,98,102,76,38,21,25,32,39,67,84,159,189,198,198,133,107,108,125,166,249,248,165,92,45,31,35,17,23,29,36,39,48,57,64,86,119,152,153,139,125,114,116,146,138,112,107,77,51,65,74,91,150,180,222,182,138,82,54,38,34,683
740,58,61,57,55,62,29,38,56,62,82,125,124,136,137,93,110,94,138,188,203,142,133,124,121,132,131,84,52,67,63,46,62,59,67,92,128,142,130,108,95,69,49,32,24,23,42,59,97,129,159,210,188,158,115,116,126,171,261,240,158,109,39,24,23,36,35,27,32,39,50,59,52,65,114,146,145,137,117,120,129,139,130,118,91,84,64,55,70,100,129,200,212,197,144,90,40,42,32,690
760,60,51,59,50,45,40,40,49,76,78,101,133,153,134,107,96,92,140,184,207,169,123,103,120,128,141,88,65,63,62,66,52,44,68,92,118,140,122,127,93,74,38,36,26,32,47,58,92,132,172,171,200,154,134,123,111,189,233,252,169,84,43,32,23,19,28,33,26,47,56,59,48,84,119,142,157,141,114,121,118,135,143,115,93,95,62,64,85,82,135,174,234,207,128,95,45,30,36,703
744,52,50,40,42,59,51,41,53,51,87,105,144,149,105,115,89,111,154,162,214,184,123,118,133,116,133,96,71,63,51,58,53,47,63,78,125,132,156,117,87,77,47,30,37,38,31,57,92,132,167,175,216,157,124,122,96,201,261,239,162,81,52,24,18,24,33,36,33,41,40,52,67,83,123,138,132,153,136,122,103,139,128,99,92,84,85,56,74,99,145,196,211,207,138,93,53,37,36,705
754,63,55,41,47,59,50,36,53,67,88,103,136,135,139,102,79,113,146,174,201,158,133,118,123,136,99,113,73,65,53,51,53,50,55,81,116,136,152,124,92,55,46,37,38,41,43,54,91,142,164,194,178,157,116,112,120,182,227,257,174,93,40,24,16,30,28,33,37,36,44,66,72,90,103,136,120,144,148,115,129,134,111,103,96,93,72,72,60,95,170,178,197,193,143,84,52,32,40,673
748,68,54,44,48,45,41,55,47,56,95,105,136,123,138,101,97,109,130,185,195,158,136,121,122,119,109,105,66,85,54,68,53,43,56,60,118,136,145,135,88,73,50,25,39,45,58,51,71,135,167,190,197,152,119,101,131,165,247,256,188,93,47,28,15,23,23,36,27,31,47,58,83,95,111,101,139,131,136,132,146,134,118,101,89,84,80,62,75,92,160,194,219,171,147,81,54,45,37,674
748,66,64,50,43,31,35,47,66,66,85,96,129,138,132,123,98,120,118,174,185,164,132,142,129,116,116,94,77,74,65,67,52,41,56,73,93,144,147,131,84,67,59,36,40,36,39,58,86,150,186,167,175,144,124,107,132,186,248,255,178,96,48,36,21,14,28,25,33,47,50,58,73,84,101,112,154,127,144,133,133,143,107,90,92,71,63,63,83,103,138,182,218,187,130,98,50,46,36,679
755,76,49,62,53,22,38,48,52,75,78,100,142,131,135,103,102,123,115,162,179,169,136,144,145,117,124,79,70,67,69,60,49,53,52,69,117,146,158,114,66,64,50,37,35,44,46,54,94,135,165,187,192,152,122,110,131,183,255,229,170,102,53,29,25,16,24,28,39,45,38,54,75,87,111,150,132,138,131,129,133,149,118,97,86,74,70,70,71,103,131,180,228,203,127,86,51,46,30,688
766,69,63,45,56,32,43,45,41,64,83,109,141,139,143,103,101,98,130,144,187,168,155,136,142,122,107,70,71,72,66,60,55,45,69,71,110,168,141,107,74,57,47,45,40,39,63,68,102,116,158,189,200,165,106,105,138,190,210,235,194,101,46,30,21,23,25,30,40,32,49,46,69,100,112,138,116,153,114,126,128,134,131,92,74,70,66,74,82,93,123,188,202,200,165,72,40,41,38,710
735,75,56,60,47,47,42,37,40,46,80,118,131,157,141,104,91,105,143,164,150,162,159,141,133,144,113,71,74,51,58,64,64,45,64,91,120,158,128,110,89,56,41,38,32,47,50,70,95,139,163,202,175,165,115,101,125,175,231,237,186,99,54,38,25,28,26,30,44,37,47,42,68,100,104,135,156,142,112,105,130,145,140,96,71,74,71,55,85,90,132,153,245,215,142,68,47,34,40,701
804,70,52,53,54,42,44,37,36,48,86,112,132,139,148,87,101,107,122,169,175,159,141,136,121,139,118,102,77,44,51,53,71,50,67,84,129,132,141,106,91,68,51,46,36,43,39,74,104,135,174,181,195,150,121,103,113,197,219,231,177,96,43,36,33,31,30,31,40,48,49,61,61,88,108,119,158,160,119,113,99,145,138,113,88,79,51,58,87,107,125,167,201,212,140,83,53,35,38,684
799,54,71,39,53,41,43,31,39,65,82,119,136,156,126,108,121,106,132,155,175,172,151,125,125,115,115,100,60,48,58,63,46,54,63,91,109,161,120,113,89,60,52,42,54,50,37,76,89,141,188,186,172,173,112,101,125,177,240,219,174,88,49,41,23,23,37,34,31,37,54,64,69,86,104,122,156,145,125,122,115,139,106,119,92,77,66,60,74,103,128,163,221,183,148,94,45,35,30,697
796,61,65,52,42,58,38,34,35,56,75,129,116,158,128,116,84,116,120,180,178,153,156,138,118,137,135,81,60,63,57,63,47,55,73,78,135,135,139,100,77,52,43,41,53,45,62,73,97,144,159,176,188,139,127,115,113,202,233,227,174,90,55,33,28,33,24,36,26,52,47,71,86,78,105,123,153,149,132,121,110,114,108,115,91,78,59,64,86,97,123,151,224,203,172,88,54,30,24,691
773,63,54,51,56,53,37,39,41,51,76,108,143,142,142,116,84,99,135,186,172,167,134,134,131,118,129,99,57,48,50,61,51,55,59,83,142,158,133,96,71,46,42,36,40,54,59,85,115,146,177,169,163,162,119,98,124,183,227,239,172,97,56,30,34,31,27,39,36,42,50,70,79,96,103,119,148,156,125,123,117,129,130,93,80,64,86,61,63,100,136,197,202,199,150,95,39,36,41,692
809,67,54,56,50,50,43,48,39,55,77,101,120,139,158,113,110,110,136,159,165,176,130,150,110,118,112,96,72,62,72,58,52,49,58,78,133,159,138,118,62,35,35,29,38,47,67,85,117,137,185,174,159,132,138,116,118,170,230,238,178,82,38,37,25,38,23,40,41,32,66,78,66,89,94,130,142,153,127,126,129,139,108,95,83,64,67,73,77,76,130,213,206,199,156,67,31,39,35,696
797,66,50,41,58,41,45,45,39,55,70,99,114,147,136,118,110,114,143,158,177,169,132,156,125,120,95,91,77,73,57,62,63,44,50,86,147,134,136,111,86,34,31,28,30,49,48,97,106,132,188,180,171,156,121,117,131,179,242,235,182,80,45,28,30,29,38,34,36,46,55,62,75,76,106,126,150,130,147,104,121,153,116,90,76,68,82,55,62,91,120,191,240,213,125,78,49,45,35,673
791,80,64,47,50,44,49,39,46,50,63,99,128,155,119,100,117,126,175,137,164,175,150,120,142,119,97,78,69,70,75,59,57,51,60,86,127,155,140,96,65,39,33,34,35,49,50,88,120,134,169,180,191,157,114,103,105,200,252,234,173,79,36,25,28,31,45,42,24,50,57,72,77,93,102,115,132,144,140,125,119,132,124,107,74,61,64,80,67,73,120,198,239,191,112,90,72,39,47,666
792,79,62,60,62,38,37,30,45,52,84,99,124,149,142,101,111,129,148,164,173,170,141,140,148,107,108,83,76,55,63,68,64,51,47,85,110,149,154,96,69,41,28,29,31,39,58,81,128,152,187,184,157,161,98,98,133,187,247,213,170,91,51,29,21,39,32,42,30,49,57,55,77,87,113,129,165,126,127,126,124,131,122,110,64,59,50,77,63,91,131,178,224,223,139,86,62,43,37,700
790,82,70,43,71,36,45,35,33,54,78,103,131,139,122,108,112,135,138,144,162,165,142,168,134,128,94,78,70,62,59,70,60,54,58,85,119,150,140,114,68,66,27,25,28,30,55,76,126,163,188,212,158,122,113,108,111,191,260,213,166,107,47,35,18,31,43,32,37,35,55,70,79,99,103,135,136,140,107,124,129,139,135,99,78,60,52,59,77,75,127,177,209,201,154,83,60,46,35,671
777,85,73,60,55,58,39,38,39,37,87,103,138,123,129,121,107,121,146,154,172,145,171,141,134,109,102,65,75,61,76,59,51,52,70,80,124,153,135,110,73,55,27,35,22,28,58,68,116,167,215,194,157,126,134,101,127,170,259,195,172,88,51,32,25,35,25,28,37,53,46,66,74,98,129,132,145,121,115,104,150,133,121,117,65,66,62,49,56,95,126,186,211,201,149,95,57,51,40,690
771,85,50,66,51,58,51,33,44,37,67,114,108,131,134,112,109,124,150,156,171,161,155,164,139,101,94,79,72,72,55,56,76,47,59,82,147,167,132,112,58,45,38,33,28,29,63,74,120,162,183,211,178,127,124,109,125,181,204,244,155,110,53,33,26,29,23,32,41,45,54,63,62,90,119,147,142,116,126,119,139,126,117,125,83,70,54,50,53,72,125,203,262,156,153,79,52,56,40,700
813,71,69,56,62,64,45,39,41,53,57,88,117,147,121,126,110,130,153,153,165,150,160,153,141,107,101,71,73,62,63,57,50,45,58,93,136,159,137,88,84,44,37,35,29,31,43,79,138,150,170,210,174,154,109,103,126,175,231,242,163,99,43,29,28,29,23,35,35,52,55,63,65,87,126,130,119,132,123,125,135,143,122,109,111,56,50,56,38,70,147,203,237,169,129,86,55,42,42,684
779,92,57,47,49,49,54,46,36,53,68,85,116,155,116,109,110,122,143,156,163,169,137,146,146,119,89,90,63,63,58,36,68,61,65,77,137,179,130,95,64,52,38,25,26,34,48,76,109,146,189,190,186,157,105,94,122,182,248,233,145,110,50,31,24,26,30,23,40,58,61,66,68,81,113,127,143,122,128,123,118,170,125,111,78,73,55,50,64,91,114,192,204,193,141,85,58,41,33,724
812,80,71,44,43,52,47,45,43,55,70,98,124,122,141,133,100,99,163,163,176,137,148,140,141,130,110,84,69,59,66,43,45,56,70,103,132,158,150,89,71,53,37,31,36,24,50,62,126,152,201,190,188,148,119,96,133,201,248,265,144,80,41,24,23,29,28,30,40,46,67,72,72,72,128,128,146,121,133,112,117,158,126,105,89,61,56,50,57,85,145,183,204,199,130,91,43,29,31,710
787,84,74,56,49,55,39,43,46,44,72,98,130,132,126,112,118,110,132,156,165,163,169,131,164,114,115,89,58,57,55,41,53,60,60,95,161,176,156,98,60,28,38,39,24,38,57,75,96,150,195,199,166,165,124,90,125,186,267,231,168,77,26,30,24,33,20,32,39,44,58,78,71,91,94,138,142,123,131,134,122,143,124,112,89,64,56,57,55,72,158,191,216,206,136,76,44,30,36,693
769,88,81,68,65,36,43,38,58,43,66,103,136,144,103,120,107,111,132,156,159,170,159,131,159,136,99,77,74,47,58,55,48,54,57,99,136,175,159,105,63,37,25,28,27,42,48,76,118,151,199,165,183,140,117,121,113,196,274,224,152,73,35,18,21,20,22,27,44,52,50,70,77,75,101,119,152,147,121,122,152,138,128,97,88,71,57,55,56,86,135,194,220,202,146,69,49,31,30,708
802,88,78,62,59,49,46,32,51,56,66,89,131,142,117,97,113,111,125,175,183,178,149,148,134,135,113,76,64,64,60,46,44,59,65,96,129,167,159,112,84,35,24,15,36,34,46,76,105,152,185,196,176,151,109,97,142,194,259,242,152,85,37,23,23,29,18,21,40,52,60,67,75,90,102,123,162,147,114,113,133,138,152,100,87,67,61,48,66,87,116,192,246,214,125,79,49,27,31,689
763,79,83,63,52,64,53,39,39,47,66,89,125,136,123,122,97,98,145,197,172,164,165,126,139,138,100,82,66,48,53,60,37,50,65,108,138,180,148,138,74,36,18,24,25,39,47,69,102,131,198,214,182,135,114,108,136,243,218,223,149,91,38,25,22,27,22,28,39,44,57,68,75,83,101,125,149,143,125,106,122,147,130,108,89,55,45,63,66,80,135,184,203,218,123,97,49,20,29,681
804,74,71,66,45,58,56,56,36,40,52,114,129,123,104,129,99,117,171,182,149,153,155,148,146,125,107,85,55,64,54,57,49,47,68,83,130,194,151,139,74,33,23,23,28,25,51,65,94,148,188,214,218,145,114,84,135,190,263,254,142,74,32,19,22,25,17,21,38,44,54,58,103,77,110,137,129,138,127,128,124,155,126,111,79,46,65,54,62,107,120,180,201,205,161,76,57,32,18,660
760,83,68,53,57,64,44,48,39,62,64,100,115,116,110,105,123,124,157,165,187,142,131,150,147,142,103,87,64,59,55,50,56,55,67,91,130,169,167,126,88,42,26,21,21,31,41,74,86,148,181,210,203,155,120,91,119,197,256,244,158,85,32,28,22,22,19,29,31,37,50,67,70,92,110,139,119,144,132,142,133,143,124,118,77,59,49,51,59,91,125,194,221,202,135,80,48,28,30,693
776,84,67,53,58,56,43,51,46,58,79,92,122,120,98,110,110,129,170,185,168,162,125,123,142,152,111,96,77,58,53,43,51,45,70,112,122,180,168,127,82,56,18,23,19,23,35,87,104,135,175,205,199,147,105,101,124,169,254,256,167,72,44,23,27,29,23,39,29,32,48,44,72,88,105,128,142,132,131,147,135,139,119,110,76,60,55,52,45,100,146,193,226,188,138,72,49,31,27,677
785,77,76,52,64,57,47,53,39,61,65,107,129,119,95,93,126,139,149,166,166,183,128,124,131,141,116,100,73,64,63,43,53,52,75,98,136,165,165,139,83,49,25,26,27,16,45,62,95,164,183,192,183,158,108,102,135,186,237,240,162,80,41,30,24,25,20,31,38,43,42,51,69,84,107,124,149,146,122,152,146,146,122,89,72,60,55,54,62,83,140,189,254,190,142,71,50,27,30,666
761,68,72,71,48,43,55,50,50,62,70,103,118,119,102,117,97,155,163,163,168,170,133,118,137,133,106,79,85,67,70,46,56,51,66,86,129,171,186,115,88,40,33,21,23,24,45,59,91,158,188,180,181,170,117,82,117,217,257,246,150,89,49,21,30,26,29,47,26,43,48,53,58,97,106,130,156,132,111,135,135,147,128,103,76,58,53,57,59,79,132,184,217,230,165,93,35,20,20,703
792,74,71,58,57,52,39,52,43,64,75,123,137,121,115,86,99,142,148,176,167,176,135,138,152,126,114,76,71,69,62,53,59,48,62,85,134,185,174,126,87,38,28,19,19,34,41,59,112,146,190,170,186,163,97,84,137,223,238,236,127,83,31,25,23,22,33,39,31,37,41,64,67,76,107,125,149,142,130,125,134,150,119,93,82,51,65,58,79,92,123,199,188,218,139,93,38,35,20,673
738,77,76,62,41,68,51,38,42,62,82,95,145,137,112,95,105,126,155,172,186,152,151,129,160,122,99,83,77,70,65,61,54,59,56,83,139,158,163,136,69,59,29,28,15,26,45,63,105,159,173,195,191,140,109,105,120,208,252,253,148,70,32,44,25,19,20,29,53,39,63,64,64,81,107,147,132,147,125,111,115,148,145,99,80,58,42,65,63,94,130,200,215,202,152,96,43,25,20,697
745,89,76,61,46,53,52,47,37,65,95,127,110,113,130,106,93,114,144,168,203,160,145,140,140,136,118,85,71,58,70,59,57,57,61,70,131,173,178,132,88,42,26,31,31,20,39,66,97,153,161,193,183,149,117,112,121,212,261,237,150,69,27,32,22,38,25,29,33,40,55,63,83,84,122,125,150,144,129,106,131,124,121,118,83,52,54,58,61,93,140,211,231,199,141,73,35,39,29,638
736,78,79,69,53,41,47,55,44,52,82,106,120,138,117,92,94,115,160,194,188,173,133,141,134,121,103,92,84,55,69,56,48,67,70,83,117,177,160,144,92,55,32,30,25,25,41,54,89,138,167,208,179,144,108,95,122,160,274,231,163,98,30,23,17,28,30,26,39,36,48,68,84,99,109,131,130,124,126,120,119,144,115,111,96,74,52,64,71,90,124,226,214,191,134,65,40,47,33,684
716,85,73,70,47,57,56,42,34,51,81,114,153,126,113,89,100,119,157,186,164,182,141,131,142,113,109,105,73,67,50,65,53,50,76,83,139,165,189,115,73,65,24,29,27,35,49,58,96,122,183,202,205,147,109,84,110,166,248,248,173,83,45,22,16,21,24,41,35,31,49,59,99,102,129,124,121,124,114,115,145,124,124,121,74,65,52,65,71,95,134,179,225,209,130,85,47,33,37,690
731,65,60,67,80,58,48,48,37,53,70,115,141,138,122,98,84,124,150,175,177,158,140,138,121,137,110,81,66,65,63,75,36,57,73,100,130,149,194,125,74,71,42,38,17,25,56,66,99,152,157,197,191,176,97,91,122,178,255,243,172,73,43,24,12,16,29,33,31,42,47,55,89,109,113,136,125,139,95,124,147,121,136,111,82,65,48,50,70,105,139,193,196,202,144,76,60,30,30,675
749,67,70,64,75,53,50,39,51,57,81,104,123,130,128,110,107,120,145,174,169,169,162,126,135,130,108,85,72,60,74,60,50,52,59,85,130,176,154,141,91,68,47,30,21,27,38,81,103,142,170,174,184,150,124,106,111,167,255,243,157,69,35,31,18,15,21,28,30,48,59,60,73,95,126,120,113,126,136,109,142,130,122,106,87,65,58,55,69,108,147,176,196,194,144,80,57,30,40,655
756,62,58,70,62,60,47,42,50,57,100,88,130,146,107,102,125,124,135,193,189,175,146,107,128,136,108,88,69,58,63,62,67,46,53,92,122,202,168,138,88,61,38,29,29,32,46,73,116,128,149,205,189,141,114,100,130,192,249,235,136,97,43,19,22,18,21,14,32,41,64,61,75,106,119,119,127,120,146,127,130,136,109,89,87,84,51,46,66,96,141,178,213,202,130,92,42,46,38,648
700,80,87,64,54,55,49,33,44,63,87,112,127,137,123,107,107,126,132,192,207,185,116,119,126,141,112,82,68,58,63,59,64,63,60,97,124,163,186,141,94,49,42,29,30,31,33,62,94,141,163,204,192,158,110,82,119,186,254,243,153,94,37,33,16,18,18,20,26,40,46,69,63,101,124,114,157,137,125,117,142,129,118,101,88,61,57,57,61,100,126,171,241,190,132,67,46,35,28,677
757,70,70,64,55,51,48,49,48,65,76,101,134,113,138,113,112,142,153,172,195,176,135,123,126,141,112,84,64,53,71,62,52,58,75,87,120,157,154,150,110,54,38,32,41,25,34,53,118,114,176,217,193,168,111,98,114,180,234,266,162,68,42,30,19,27,13,19,31,29,40,64,73,95,120,132,152,133,118,121,136,149,111,107,96,64,46,48,65,79,150,194,221,193,143,82,55,42,30,656
742,65,60,69,59,57,57,45,45,56,61,109,122,127,122,107,118,117,154,176,215,179,144,117,157,137,111,81,70,43,55,54,63,63,62,95,141,161,171,139,123,58,47,34,22,34,56,49,102,117,175,215,180,185,116,79,114,189,240,252,176,76,33,27,18,22,23,20,21,38,37,63,72,94,116,115,135,139,134,120,132,152,139,101,84,66,41,52,69,68,121,206,230,197,124,72,50,38,41,658
751,63,59,68,57,53,58,47,51,43,69,111,124,144,110,100,113,132,156,185,199,182,145,125,150,159,103,90,60,59,63,50,49,46,63,110,133,146,159,161,102,70,41,35,29,30,51,68,89,124,183,199,195,178,118,85,117,177,246,238,169,78,34,23,13,21,29,13,28,21,40,52,77,90,112,128,139,138,123,107,134,138,137,130,74,70,52,50,61,73,123,189,228,189,143,71,55,32,38,671
754,51,50,67,61,58,47,51,55,55,69,92,134,132,133,89,105,133,139,183,205,167,145,160,117,141,114,88,68,59,68,44,53,40,57,109,124,180,165,138,106,63,47,32,28,29,49,63,105,144,176,228,182,158,113,103,111,182,266,260,154,75,34,21,15,15,22,22,21,23,36,54,74,71,102,150,135,143,100,118,138,137,169,108,86,53,40,62,65,75,128,185,235,190,150,86,50,34,26,661
784,67,53,60,64,48,60,46,43,43,67,106,124,142,124,111,91,129,158,182,182,171,127,147,132,134,120,92,73,57,61,60,54,56,48,76,123,180,189,132,95,70,44,37,26,41,44,73,85,139,182,195,223,138,127,97,119,164,255,267,158,86,30,19,18,15,23,16,19,25,31,55,61,93,100,129,148,145,132,113,144,135,132,105,76,72,52,56,66,79,133,197,228,177,147,92,49,27,21,608
787,66,60,50,75,62,53,45,43,46,63,111,120,126,129,105,107,121,171,192,170,167,147,154,136,132,139,94,61,70,77,62,55,41,54,72,137,156,184,150,105,69,44,41,28,40,36,63,97,131,170,206,197,167,112,91,110,192,231,249,180,96,23,19,19,17,18,12,20,22,29,44,75,94,107,126,151,132,117,118,132,127,125,141,79,80,59,41,81,80,128,179,229,195,169,76,46,39,25,602
779,77,55,63,65,55,55,43,36,55,70,96,111,139,110,106,87,121,155,215,174,153,155,132,138,127,123,120,89,69,51,69,54,40,63,78,113,183,183,139,102,63,52,28,44,40,41,63,84,133,166,209,213,175,107,97,101,178,236,289,161,110,42,14,10,15,21,12,17,23,28,41,50,93,110,127,144,130,118,110,139,111,137,117,111,67,69,61,70,91,130,179,187,213,151,85,45,37,26,589
796,68,60,67,60,56,54,43,38,52,69,88,144,118,112,112,105,105,146,194,197,143,149,144,140,133,115,107,115,62,69,61,61,45,52,70,107,177,185,161,86,70,33,41,34,36,52,63,85,133,143,193,224,183,142,82,106,177,237,255,210,86,40,16,23,16,11,13,18,22,42,46,57,59,98,127,140,123,128,124,130,133,121,116,90,83,64,75,73,78,126,186,239,183,162,86,42,44,28,569
794,71,68,57,58,75,55,30,44,48,71,98,130,121,108,104,97,128,132,175,198,178,130,148,134,136,123,107,88,80,77,63,58,48,55,65,120,165,175,166,99,69,45,41,31,31,44,64,104,142,135,208,208,187,137,105,102,169,229,265,196,105,46,19,18,17,14,12,20,26,34,33,59,71,97,129,114,124,115,122,113,114,137,118,106,89,70,65,80,81,117,180,228,202,155,75,44,23,35,564
774,75,52,68,80,55,53,36,31,65,74,88,107,114,118,112,102,116,149,181,156,190,143,128,145,125,152,95,96,73,75,61,57,65,44,68,125,155,177,159,95,94,53,33,31,22,42,67,101,118,167,170,202,208,137,109,99,172,250,250,184,107,47,23,11,13,25,12,16,23,32,36,51,86,94,147,126,96,127,115,136,108,117,120,102,79,73,73,75,78,125,186,197,208,156,101,51,41,27,563
769,83,59,66,82,62,52,32,31,63,68,95,107,126,120,114,103,110,123,185,180,166,144,157,131,152,145,107,96,77,65,88,54,54,60,59,126,158,166,136,110,88,63,52,25,42,48,58,98,116,152,183,195,189,150,101,120,149,251,246,209,140,53,21,14,8,19,16,16,23,32,32,53,70,97,112,135,122,111,124,113,130,122,113,95,66,73,81,73,98,132,173,203,211,151,90,62,33,26,559
771,83,84,77,68,47,57,54,32,45,60,82,101,118,114,109,127,110,130,172,185,158,123,137,167,131,133,128,97,70,61,69,57,60,57,63,88,176,178,156,103,73,60,47,46,31,45,59,85,114,172,187,206,175,146,114,128,163,233,253,199,127,62,33,16,13,23,13,13,26,26,43,47,75,87,106,138,141,98,104,105,129,129,115,96,83,95,69,71,92,140,207,214,177,148,112,62,39,24,501
774,86,67,76,69,68,51,42,46,38,52,86,103,119,132,99,79,128,128,181,185,163,125,140,163,157,141,107,82,76,79,69,69,49,63,63,107,152,165,153,130,76,57,53,43,36,41,54,90,112,150,173,164,188,159,105,112,166,246,239,194,138,75,33,18,16,21,11,13,28,29,32,37,50,105,99,128,128,120,110,102,116,118,112,98,96,71,70,92,79,126,188,204,208,143,102,68,45,27,505
767,84,78,70,80,61,65,35,50,48,45,75,92,107,97,107,93,84,135,176,165,153,128,98,138,152,163,120,89,68,83,90,62,61,61,57,102,129,147,154,119,74,56,44,40,48,45,55,71,114,157,147,151,177,168,112,106,160,204,267,199,140,83,30,29,25,23,15,11,24,22,40,40,64,77,103,116,112,106,113,108,96,106,109,97,90,71,86,72,95,107,181,196,193,174,109,57,39,36,454
671,86,60,52,60,64,46,40,44,51,39,73,79,85,80,74,80,67,100,146,156,134,128,115,130,142,116,89,68,74,79,78,61,64,43,58,81,98,119,125,104,63,54,39,37,37,45,46,77,99,97,139,150,154,106,109,104,176,184,197,229,121,70,47,23,25,17,15,14,23,20,26,37,43,63,81,90,110,90,88,100,83,105,85,91,71,81,71,83,73,115,152,194,155,144,112,55,35,21,403
502,57,50,41,45,34,42,15,27,30,36,42,49,59,78,44,45,62,71,95,107,97,106,106,90,83,89,62,63,49,52,45,26,49,31,39,55,83,72,77,72,52,32,22,32,19,21,50,51,58,80,103,101,109,89,75,90,119,174,169,152,113,49,41,35,20,13,15,10,13,19,18,25,23,38,50,73,90,74,66,61,75,64,61,58,54,52,61,51,62,83,134,147,122,118,82,41,26,18,285
229,40,19,26,20,17,24,13,9,11,9,25,31,20,25,23,28,27,48,50,45,63,50,60,58,31,38,37,20,27,28,15,16,30,12,18,33,36,48,33,43,26,7,12,10,6,6,15,23,38,46,56,48,62,38,53,51,67,88,109,83,48,39,33,16,23,11,5,2,7,9,8,13,14,18,26,39,32,36,37,40,43,25,24,28,40,24,26,24,38,46,62,72,77,62,40,27,19,10,125
64,13,13,7,11,11,4,6,1,2,7,5,5,6,10,4,4,10,19,20,11,13,16,18,12,5,12,14,5,5,8,6,4,4,7,9,8,10,12,16,13,1,1,1,2,0,0,4,8,16,12,23,22,28,14,18,15,25,33,55,39,15,11,9,10,3,5,3,4,6,3,2,4,4,6,7,10,14,10,15,5,11,8,8,11,10,7,13,13,11,7,29,23,30,25,20,7,7,2,43
7,1,4,2,3,1,0,0,1,0,0,0,0,0,1,3,2,2,0,5,4,4,1,2,1,0,1,1,3,1,1,2,0,1,0,0,2,5,3,3,3,0,0,1,0,2,0,1,2,7,5,8,5,4,3,4,4,4,9,12,9,7,2,0,0,0,0,1,0,2,0,1,0,0,2,0,1,2,1,1,2,1,1,0,1,2,1,2,1,2,1,3,4,4,5,8,1,2,1,6
1,0,0,0,0,0,0,0,0,0,0,0,0,0,0,0,0,0,0,0,0,0,0,0,0,0,0,0,0,0,0,0,0,0,0,0,0,0,2,0,0,0,0,0,1,1,0,0,1,0,1,1,2,0,0,0,0,0,0,2,3,1,0,0,0,0,0,0,0,0,0,0,0,0,0,0,0,0,0,0,0,0,0,0,0,0,0,0,0,0,0,1,1,0,0,0,0,0,0,0
0,0,0,0,0,0,0,0,0,0,0,0,0,0,0,0,0,0,0,0,0,0,0,0,0,0,0,0,0,0,0,0,0,0,0,0,0,0,0,0,0,0,0,0,0,0,0,0,0,0,0,0,0,0,0,0,0,0,0,0,0,0,0,0,0,0,0,0,0,0,0,0,0,0,0,0,0,0,0,0,0,0,0,0,0,0,0,0,0,0,0,0,1,0,0,0,0,0,0,0
0,0,0,0,0,0,0,0,0,0,0,0,0,0,0,0,0,0,0,0,0,0,0,0,0,0,0,0,0,0,0,0,0,0,0,0,0,0,0,0,0,0,0,0,0,0,0,0,0,0,0,0,0,0,0,0,0,0,0,0,0,0,0,0,0,0,0,0,0,0,0,0,0,0,0,0,0,0,0,0,0,0,0,0,0,0,0,0,0,0,0,0,0,0,0,0,0,0,0,0
0,0,0,0,0,0,0,0,0,0,0,0,0,0,0,0,0,0,0,0,0,0,0,0,0,0,0,0,0,0,0,0,0,0,0,0,0,0,0,0,0,0,0,0,0,0,0,0,0,0,0,0,0,0,0,0,0,0,0,0,0,0,0,0,0,0,0,0,0,0,0,0,0,0,0,0,0,0,0,0,0,0,0,0,0,0,0,0,0,0,0,0,0,0,0,0,0,0,0,0
0,0,0,0,0,0,0,0,0,0,0,0,0,0,0,0,0,0,0,0,0,0,0,0,0,0,0,0,0,0,0,0,0,0,0,0,0,0,0,0,0,0,0,0,0,0,0,0,0,0,0,0,0,0,0,0,0,0,0,0,0,0,0,0,0,0,0,0,0,0,0,0,0,0,0,0,0,0,0,0,0,0,0,0,0,0,0,0,0,0,0,0,0,0,0,0,0,0,0,0
0,0,0,0,0,0,0,0,0,0,0,0,0,0,0,0,0,0,0,0,0,0,0,0,0,0,0,0,0,0,0,0,0,0,0,0,0,0,0,0,0,0,0,0,0,0,0,0,0,0,0,0,0,0,0,0,0,0,0,0,0,0,0,0,0,0,0,0,0,0,0,0,0,0,0,0,0,0,0,0,0,0,0,0,0,0,0,0,0,0,0,0,0,0,0,0,0,0,0,0
0,0,0,0,0,0,0,0,0,0,0,0,0,0,0,0,0,0,0,0,0,0,0,0,0,0,0,0,0,0,0,0,0,0,0,0,0,0,0,0,0,0,0,0,0,0,0,0,0,0,0,0,0,0,0,0,0,0,0,0,0,0,0,0,0,0,0,0,0,0,0,0,0,0,0,0,0,0,0,0,0,0,0,0,0,0,0,0,0,0,0,0,0,0,0,0,0,0,0,0
