parameters (x,y,w,h,rx,ry):-5,0,10.000000,40.000000,100,100
49,41,40,50,53,50,62,71,52,27,23,29,23,20,31,44,81,81,71,74,60,61,55,43,72,60,57,77,53,55,55,32,51,35,30,34,40,50,55,50,57,42,37,46,54,58,63,52,59,64,52,31,52,33,44,48,56,54,40,37,36,53,54,54,58,64,85,64,61,58,50,60,54,55,73,52,73,69,50,58,29,25,41,36,32,35,33,32,28,42,31,36,27,39,59,69,69,77,76,60
115,114,87,96,115,134,136,124,107,79,57,49,56,62,88,119,156,196,179,157,116,117,112,117,148,125,139,159,143,118,104,82,79,97,90,92,107,123,136,121,110,118,67,90,113,120,133,171,130,116,96,92,87,77,112,89,134,130,96,105,82,101,97,122,128,166,167,180,170,123,120,112,108,108,142,153,150,141,128,101,74,58,66,57,49,65,65,92,88,88,72,54,48,64,103,132,165,144,169,128
101,98,95,90,120,122,136,141,105,75,65,49,50,52,74,106,150,221,215,165,100,110,120,119,131,151,133,168,158,136,80,71,75,70,92,109,118,120,146,126,119,82,81,81,106,134,137,160,137,112,109,84,93,91,94,111,102,118,107,93,100,99,72,119,124,168,197,175,172,124,101,119,108,118,146,156,151,133,134,118,104,70,58,45,60,50,74,90,92,101,69,42,49,64,84,121,174,179,167,155
114,90,86,97,122,138,139,140,116,86,47,48,47,48,69,92,144,207,231,170,117,93,106,114,131,139,166,172,175,116,100,73,59,67,76,104,111,145,136,134,101,95,70,84,102,122,150,171,148,115,104,81,92,84,88,97,110,131,115,97,95,86,106,106,116,159,194,183,155,134,128,101,88,135,139,151,145,157,135,112,85,75,60,50,57,48,51,91,107,97,54,49,68,67,89,101,160,168,188,139
119,73,85,88,114,138,157,130,118,91,62,52,29,36,53,100,133,207,224,188,137,85,97,101,119,146,174,178,156,137,110,68,57,58,63,98,126,135,150,141,95,86,72,79,99,126,143,194,139,132,84,91,82,83,95,96,94,135,116,114,110,83,101,92,113,136,180,218,143,147,117,95,105,132,146,142,147,178,154,87,86,68,66,65,60,56,58,89,84,94,70,54,52,56,76,114,172,181,160,169
112,95,73,96,113,127,142,149,130,105,54,31,26,35,47,99,136,196,226,198,135,118,85,109,109,141,187,186,164,127,109,71,58,64,59,94,116,152,165,144,96,68,62,82,104,138,158,181,159,110,96,83,88,76,75,111,105,124,123,114,115,86,94,99,105,146,173,201,161,154,117,106,100,125,127,168,164,160,146,96,74,66,82,55,47,52,68,85,90,96,64,67,48,56,73,102,144,207,181,164
127,88,72,83,109,131,146,157,159,103,47,36,25,29,47,91,143,180,227,213,128,105,88,99,130,136,167,193,183,128,91,87,72,58,51,57,125,157,164,161,120,67,54,69,95,135,168,182,150,118,98,114,78,64,78,78,109,120,132,109,120,94,91,94,107,137,186,190,161,148,137,96,85,121,143,162,175,168,122,119,78,91,65,57,45,41,55,79,87,88,76,55,67,51,65,101,160,178,194,168
127,96,72,78,82,123,173,185,137,104,55,22,28,32,56,102,126,198,217,184,151,108,79,100,106,160,181,176,164,121,110,78,71,54,66,78,94,121,168,178,114,69,57,69,97,128,160,195,171,120,103,104,57,70,86,83,91,136,120,120,118,115,101,85,103,138,166,201,174,151,124,108,105,84,130,167,199,145,127,113,85,91,84,46,68,37,58,74,80,89,78,59,56,55,74,104,159,194,165,166
129,91,78,81,91,137,160,153,134,98,85,30,24,26,41,86,152,180,203,205,140,102,82,73,118,144,185,165,185,148,109,69,83,53,75,81,75,117,164,165,136,91,64,68,77,127,174,171,163,140,112,92,78,64,57,103,104,114,136,112,115,93,105,83,119,137,176,200,188,154,106,101,109,103,121,152,184,157,132,112,90,95,75,71,48,42,59,70,79,96,85,57,46,60,55,96,168,187,199,144
133,84,82,83,105,126,155,152,127,107,71,42,20,31,36,80,133,192,217,195,157,105,81,82,119,139,175,181,212,153,76,59,66,65,78,77,103,133,169,162,111,90,62,62,70,115,172,168,167,129,134,77,85,69,69,86,118,114,116,114,110,86,91,82,117,133,177,190,197,155,120,92,97,110,132,153,197,152,135,125,92,91,89,67,51,49,60,76,63,97,99,55,34,49,65,95,156,188,203,147
99,102,74,85,96,127,177,163,134,100,68,39,28,21,39,64,128,175,234,200,137,120,90,94,101,141,179,197,189,122,103,58,55,74,70,72,107,150,154,150,113,83,73,62,73,111,149,179,167,151,110,109,87,72,80,96,84,110,127,108,118,109,84,79,104,124,169,212,185,165,112,99,95,102,144,165,167,169,143,114,100,90,61,69,57,50,68,72,72,99,76,56,54,52,59,106,157,191,206,161
102,83,63,70,107,135,180,168,155,91,69,39,33,28,41,52,112,205,235,212,140,93,84,97,118,124,172,223,193,142,92,58,60,66,72,75,101,132,171,128,113,84,77,76,68,109,156,156,163,161,132,99,72,88,78,77,117,105,122,94,123,91,78,89,89,128,186,218,178,160,123,93,94,107,147,138,168,157,177,103,120,88,76,61,48,50,69,73,79,87,63,48,54,39,88,102,147,195,215,161
128,75,69,82,96,138,166,180,141,100,63,42,31,30,32,46,112,190,233,216,154,88,81,88,108,150,167,207,190,135,108,72,56,63,62,96,91,134,182,155,108,78,63,61,89,102,138,172,195,156,116,74,86,80,88,72,109,124,116,100,114,76,85,92,93,128,177,233,196,144,110,90,92,124,135,152,180,162,154,134,109,76,83,54,46,45,55,70,91,93,80,47,52,50,49,112,158,175,209,175
111,81,75,61,100,125,178,168,159,122,59,45,26,35,40,56,95,182,227,233,153,91,82,80,101,138,187,198,184,148,111,69,51,52,71,82,98,152,162,158,107,78,64,55,68,118,156,185,173,152,104,87,79,69,88,92,103,115,109,112,109,90,87,79,102,130,176,211,188,165,101,108,103,107,133,147,178,172,158,138,108,71,86,67,64,39,46,68,80,98,96,41,46,53,45,120,133,201,179,205
122,72,64,67,99,142,160,168,152,131,76,33,20,34,42,64,106,174,227,217,139,105,78,97,99,131,183,200,175,130,92,61,55,62,62,80,96,143,161,163,110,108,60,59,62,127,148,169,180,140,111,84,84,77,97,77,102,119,127,102,112,87,86,98,87,134,179,194,201,147,118,101,104,105,101,152,197,158,155,143,97,82,81,58,72,45,46,68,85,99,70,64,45,50,72,109,138,201,180,181
115,90,80,74,99,124,163,171,159,116,75,42,29,26,39,65,107,153,241,238,144,86,81,81,110,146,175,207,174,144,98,68,54,55,60,74,103,134,170,158,108,96,85,65,69,104,152,159,190,130,121,87,77,78,77,82,89,110,124,120,106,95,86,92,103,153,183,185,192,138,102,99,103,88,124,142,175,181,174,117,97,84,62,72,50,58,59,84,89,77,73,74,39,62,53,109,170,198,203,161
107,91,71,81,98,121,169,173,141,125,81,47,30,27,30,69,125,180,224,226,147,85,79,76,111,156,174,204,148,166,102,77,57,47,50,87,96,128,166,159,134,105,73,59,80,86,138,185,165,136,122,107,75,71,68,102,95,103,120,126,93,107,81,87,111,143,170,197,192,153,94,94,102,98,129,149,170,185,177,120,99,73,82,64,49,67,61,80,88,73,81,63,44,54,67,89,172,198,198,153
120,82,56,79,101,134,161,170,150,115,74,56,32,27,43,67,113,189,205,210,155,88,82,87,96,149,177,201,184,138,87,69,65,67,60,68,102,140,172,151,121,84,64,72,83,97,134,180,177,152,122,96,79,69,63,72,102,122,110,120,110,100,104,100,93,146,169,205,180,154,109,76,90,107,122,167,160,170,183,134,107,76,65,53,56,59,61,71,114,83,58,75,59,45,64,115,137,185,219,167
134,84,79,82,94,137,154,166,143,117,77,51,33,31,45,72,103,186,230,165,166,105,93,89,97,160,175,211,171,128,89,63,55,55,68,71,99,135,147,170,133,90,63,53,75,96,148,169,184,164,130,82,75,58,85,83,93,101,119,105,110,95,114,104,95,144,165,218,199,154,104,68,82,106,119,175,183,170,162,163,95,77,60,42,54,61,56,75,109,80,70,64,44,58,76,104,131,172,221,156
132,96,60,80,103,113,142,182,157,122,57,50,43,34,47,56,129,191,220,212,140,102,77,93,119,134,203,189,169,152,95,53,41,54,56,87,105,139,150,138,131,93,82,70,67,96,149,169,181,136,115,100,88,54,71,84,88,110,115,97,117,101,120,104,110,117,175,212,192,164,90,93,75,83,132,142,184,192,173,131,110,66,57,53,47,65,60,79,96,109,68,52,43,70,71,91,139,173,206,179
132,98,74,69,100,112,143,185,164,111,77,54,38,29,42,69,119,169,217,166,178,117,100,81,117,144,187,193,179,134,99,58,53,39,63,59,105,122,186,158,130,80,71,62,95,100,155,173,171,124,122,99,87,60,61,77,94,117,124,117,97,107,98,88,116,130,160,201,190,176,106,95,85,77,127,167,169,172,165,141,126,99,62,51,48,46,70,78,87,83,94,52,66,40,64,94,156,207,201,142
126,103,64,94,73,126,156,193,137,103,76,54,41,45,31,62,114,177,189,219,168,110,76,95,116,130,181,218,181,146,92,68,52,46,58,53,90,130,196,161,106,97,85,66,77,108,148,151,165,137,117,102,98,62,74,69,97,96,126,103,110,118,93,90,106,139,175,201,195,144,117,94,89,97,117,163,199,169,150,114,99,107,74,62,42,45,68,90,83,92,75,69,53,49,63,84,183,190,198,161
142,95,68,79,91,109,169,177,143,99,80,55,34,34,37,46,105,175,209,245,155,97,87,90,106,150,190,186,174,145,96,80,58,46,52,53,92,121,165,160,120,115,70,59,86,111,125,154,172,158,124,98,78,59,70,78,95,124,114,99,87,103,94,98,125,118,166,204,184,156,117,102,93,93,131,146,186,179,148,105,102,95,73,59,58,59,53,83,92,90,76,65,50,42,65,104,166,211,183,155
129,94,88,72,92,123,137,173,151,112,77,48,36,37,39,40,112,175,244,229,164,111,84,63,121,173,185,183,177,142,94,61,67,60,44,56,95,125,160,141,121,118,82,59,61,119,137,146,170,160,130,94,70,54,67,93,114,121,107,88,94,107,104,92,111,137,179,200,160,141,120,104,108,106,126,157,197,183,136,123,95,79,70,54,69,54,70,84,91,79,71,62,59,55,71,98,145,185,195,176
126,85,90,74,75,122,141,163,157,115,84,47,51,33,36,67,114,172,238,212,154,118,80,80,104,137,187,178,182,150,100,61,61,45,52,77,103,130,118,124,146,115,111,62,62,105,133,159,180,141,127,109,67,66,76,80,100,118,112,103,77,105,96,97,102,125,201,192,178,146,128,110,88,97,120,164,168,196,161,129,102,82,58,58,46,71,60,88,90,96,94,53,49,55,67,98,165,197,201,167
119,90,91,94,93,113,157,160,149,113,88,46,42,27,42,58,127,161,229,230,158,104,98,83,117,131,172,190,189,136,114,73,54,52,46,77,109,121,126,117,134,117,82,65,83,99,107,176,153,160,110,110,93,76,66,73,101,116,107,105,96,98,95,90,109,142,161,203,194,140,141,93,85,91,131,155,166,182,174,118,104,92,59,64,54,58,52,84,94,96,90,66,56,57,80,92,142,210,199,162
123,90,69,76,106,112,173,171,151,113,73,59,36,23,40,66,121,198,204,217,168,103,94,83,109,130,181,186,161,158,92,82,62,51,50,71,95,131,131,121,141,110,87,70,68,117,140,147,157,164,122,101,68,68,95,78,97,110,123,98,108,101,80,101,104,137,161,214,192,159,118,106,88,96,133,134,180,172,153,145,94,93,83,53,49,44,77,87,104,87,79,53,56,58,75,105,157,195,188,154
96,97,85,86,82,103,166,191,147,108,69,63,36,28,48,60,110,165,221,249,158,100,82,97,104,129,189,186,195,133,126,68,59,43,63,57,103,111,138,147,111,113,82,81,71,104,151,148,169,141,122,100,77,51,70,97,108,123,99,105,110,93,99,83,108,128,167,211,187,167,130,96,118,82,130,148,163,172,146,137,120,92,62,47,48,48,73,81,98,110,84,58,49,51,78,104,150,208,183,160
136,90,72,93,105,112,132,189,149,109,77,52,41,31,43,68,110,185,221,206,149,117,79,97,86,140,170,189,184,145,114,87,67,47,56,82,75,130,152,146,107,78,79,86,93,117,129,155,138,157,134,81,80,69,58,83,106,119,119,131,104,91,87,85,91,140,175,213,172,154,136,95,96,108,119,157,163,193,136,123,111,97,68,64,47,57,55,74,99,83,87,72,53,55,64,99,147,192,183,164
115,91,71,99,104,121,147,155,157,108,83,47,33,47,36,63,106,199,228,220,157,103,76,78,90,140,162,189,179,164,107,95,55,47,36,74,93,135,148,144,96,96,72,61,92,106,141,188,144,142,122,94,84,70,68,74,105,116,127,119,98,90,75,81,102,141,174,207,186,156,131,121,104,103,146,138,185,157,139,122,114,88,75,62,45,50,62,84,88,111,76,70,47,56,54,117,169,191,188,160
116,111,73,89,94,120,164,158,132,112,74,57,33,40,44,61,130,177,232,213,149,116,85,85,97,142,163,194,175,169,114,77,64,48,50,62,97,155,145,123,130,83,59,67,83,101,153,173,156,146,106,87,82,74,76,79,98,103,117,133,110,82,72,87,98,138,173,220,192,146,120,103,85,117,133,150,182,156,141,132,107,85,81,50,48,51,66,78,104,89,66,56,64,62,79,119,140,163,185,168
117,103,76,96,78,147,163,138,142,100,74,59,45,31,52,80,116,159,229,199,157,117,81,91,94,126,191,185,200,159,107,57,66,50,58,70,103,118,163,132,121,89,62,77,71,119,134,142,154,155,127,102,78,60,73,82,98,118,131,123,117,86,93,77,119,140,162,209,208,147,127,95,80,103,128,162,187,171,168,120,96,93,75,62,43,53,48,83,93,99,69,64,57,72,78,96,167,147,210,149
115,105,75,85,101,126,148,141,143,109,63,57,40,38,49,77,123,174,206,222,164,104,81,97,97,139,170,216,171,161,108,72,50,45,49,66,104,132,151,150,110,88,60,67,87,106,133,153,155,145,134,103,77,62,72,74,77,115,130,119,119,95,79,80,115,111,182,201,194,167,141,86,91,92,138,149,157,178,177,142,111,81,61,57,48,55,61,68,108,97,85,71,66,59,67,101,144,199,189,164
108,96,88,87,84,118,158,153,132,97,94,43,37,49,52,76,136,169,218,207,140,113,76,97,106,135,159,195,186,156,99,71,62,44,52,80,90,121,172,162,123,85,73,54,70,120,125,158,156,151,116,102,89,70,80,67,86,122,117,120,113,92,83,107,100,130,168,190,189,178,136,103,86,101,133,142,151,162,176,156,97,94,63,52,47,59,53,69,78,85,73,81,86,59,52,112,181,213,186,159
120,80,76,88,91,105,171,151,135,106,78,52,38,26,50,91,138,189,214,184,174,103,78,86,99,147,164,195,171,128,126,90,54,53,55,55,85,105,169,161,133,86,89,75,79,94,132,136,159,152,120,92,77,82,70,73,96,98,117,122,117,96,89,93,106,131,166,184,191,171,125,96,89,103,133,144,153,170,185,156,115,88,57,49,52,52,71,58,87,82,67,61,71,77,64,104,143,206,218,166
131,81,92,86,93,109,164,156,116,118,76,61,42,46,47,86,126,190,224,197,144,93,83,85,106,144,198,177,192,144,91,77,61,52,50,74,77,108,142,154,144,120,72,65,96,97,115,147,144,155,119,100,81,83,55,77,104,108,120,121,119,111,82,80,105,140,184,184,209,143,122,95,103,120,110,142,151,177,183,161,123,101,54,38,44,55,69,68,87,79,83,61,68,77,59,96,142,195,206,151
122,85,89,74,97,125,146,155,145,104,65,61,46,57,58,66,121,184,215,195,169,112,84,79,110,128,164,214,210,140,105,72,59,55,60,58,99,104,135,147,157,106,82,73,76,124,129,143,146,136,116,94,97,63,64,60,105,109,148,111,91,83,95,89,114,141,161,194,187,169,135,99,86,104,124,123,182,177,126,139,128,110,69,53,33,60,61,76,94,85,70,76,79,68,64,91,148,205,182,176
114,87,101,78,113,114,153,141,131,119,77,40,46,48,51,69,119,163,240,201,155,112,87,78,106,127,187,215,186,136,93,59,53,41,56,69,110,113,157,161,113,94,77,75,81,104,133,141,142,146,124,105,70,75,62,64,99,119,127,120,129,93,86,97,108,144,158,208,190,170,141,98,106,85,122,157,169,186,149,137,104,93,76,60,39,50,69,59,84,73,79,84,60,51,76,101,164,184,187,163
132,89,72,86,98,129,161,144,127,108,84,51,39,35,54,77,125,164,203,199,165,108,91,92,101,126,179,219,162,148,109,69,53,36,50,81,91,123,171,148,120,92,83,60,78,113,132,159,151,158,108,102,81,62,62,80,87,125,110,111,129,109,89,82,106,136,180,196,204,166,150,111,83,96,124,148,170,178,171,149,90,74,74,57,32,54,56,83,81,79,78,66,64,67,61,98,171,197,202,141
120,98,82,77,98,122,159,159,145,101,72,60,37,33,47,85,113,192,206,201,149,115,89,92,104,127,183,231,167,155,104,62,52,49,50,66,91,133,144,157,113,89,76,64,86,106,136,153,148,149,111,95,63,78,56,75,107,120,120,121,113,95,81,93,88,130,184,208,192,155,135,120,79,109,143,151,169,169,174,135,96,79,68,56,49,43,41,95,93,73,63,69,65,58,72,115,141,205,206,156
111,93,70,94,87,138,148,167,142,104,71,63,39,34,42,60,146,178,219,203,155,110,108,79,115,123,170,222,188,152,105,79,39,46,57,66,100,125,134,146,137,111,63,65,62,80,147,168,174,137,123,95,71,61,53,68,109,115,126,124,113,95,83,93,88,140,188,223,192,153,135,98,76,111,125,168,178,185,147,126,107,76,60,54,44,45,46,92,90,83,79,50,58,61,73,115,164,184,188,176
131,101,68,92,92,125,167,172,143,94,72,51,37,35,42,77,119,170,231,205,152,97,93,98,113,137,174,199,196,132,105,71,58,61,51,71,94,113,154,144,133,103,83,45,77,91,131,171,168,156,106,97,75,58,60,71,115,130,122,129,96,107,88,100,85,122,178,189,194,163,106,122,95,96,148,171,184,180,160,119,101,70,73,46,39,49,62,70,81,79,86,54,52,56,72,125,159,201,190,152
109,94,84,89,92,144,182,152,136,98,65,60,50,38,43,63,107,187,223,196,142,110,88,87,115,130,175,209,197,129,83,82,73,45,52,66,83,124,151,139,122,117,82,51,66,92,135,173,177,164,110,95,72,60,60,73,91,132,138,116,99,107,85,80,102,131,170,202,206,162,106,103,124,113,125,150,171,185,170,132,91,85,62,44,50,51,55,73,79,96,85,43,49,57,92,108,169,188,196,153
110,112,85,65,77,127,173,166,154,103,69,54,51,36,44,74,120,177,202,212,153,101,76,91,122,167,203,180,190,139,88,69,57,59,55,59,87,124,133,162,133,98,91,75,67,94,131,178,162,148,124,72,82,77,78,84,89,101,141,118,99,111,94,85,97,131,165,216,194,143,136,101,86,136,127,167,159,186,160,151,123,73,68,52,43,39,62,61,77,85,92,53,46,54,85,108,181,189,184,134
117,107,82,87,77,119,149,188,161,115,68,56,33,35,46,72,120,175,219,205,170,103,80,67,123,173,183,187,182,142,84,57,58,54,68,56,94,114,159,143,129,108,72,71,71,85,132,188,154,119,119,93,75,95,71,82,96,102,130,125,96,100,86,90,116,130,156,186,209,154,136,109,79,106,154,156,150,175,185,161,116,92,80,40,37,33,58,60,69,86,80,59,52,71,53,117,146,193,207,156
119,110,75,74,86,124,159,153,158,124,76,49,46,33,44,71,134,161,211,222,167,108,87,84,125,138,199,201,160,119,113,75,57,57,63,66,102,121,132,136,129,95,91,65,65,97,129,172,158,161,118,109,62,79,57,95,107,86,111,121,105,101,103,88,107,141,161,182,205,150,144,105,104,97,145,154,162,182,166,168,124,78,73,57,44,33,43,61,77,95,72,65,49,53,86,89,168,184,185,165
145,104,89,84,86,121,161,160,154,121,78,52,37,43,53,67,108,193,224,203,142,114,93,83,120,145,192,206,175,130,86,80,70,56,61,74,84,106,139,147,133,87,67,69,81,98,120,156,179,139,124,86,76,88,63,101,84,91,118,111,125,113,85,88,107,124,169,194,197,152,133,106,101,97,136,139,194,186,144,141,125,111,56,61,52,39,41,67,76,90,68,64,45,56,76,89,152,193,193,172
139,116,92,90,84,122,145,175,142,133,89,40,36,28,50,72,105,174,226,204,153,111,86,89,110,131,201,210,161,123,93,80,46,63,42,90,95,85,139,164,135,92,62,59,72,117,140,137,164,158,120,99,71,70,83,91,84,111,113,105,104,98,98,92,110,124,188,205,183,151,149,98,103,107,142,161,167,178,162,119,122,102,59,56,53,51,59,72,73,80,70,69,70,50,59,99,143,172,202,164
116,117,89,81,86,124,159,166,153,112,90,52,38,33,37,59,114,200,230,213,149,89,77,112,101,132,192,226,164,129,113,69,53,63,55,70,93,103,160,179,112,96,64,65,59,109,169,146,144,153,125,106,77,67,87,76,100,125,105,116,94,107,84,91,100,127,183,201,187,161,130,104,104,115,139,126,145,215,165,118,130,97,61,59,46,39,49,66,64,79,83,66,52,54,69,113,148,189,195,162
150,111,82,85,105,114,130,184,160,107,76,70,34,29,32,54,117,218,214,209,152,100,69,107,99,130,164,203,197,143,101,69,67,60,44,67,89,126,147,137,121,93,68,59,65,114,139,150,153,146,120,118,93,70,63,100,105,122,126,92,85,109,72,89,103,125,182,207,202,136,133,117,103,134,113,145,185,173,184,123,120,83,70,67,42,39,56,63,76,72,80,51,63,44,75,114,147,187,169,152
135,95,89,76,118,103,155,166,160,119,67,57,33,40,29,64,120,206,237,206,141,94,74,91,103,125,157,205,184,153,98,77,65,53,56,68,83,135,142,149,120,78,70,71,68,99,115,170,152,155,139,126,74,67,71,73,99,119,109,111,102,86,71,88,109,161,170,198,190,152,152,96,110,102,124,145,189,185,176,131,114,73,65,63,56,45,49,73,76,88,74,71,41,51,68,114,141,195,185,168
108,89,89,82,107,138,147,153,150,95,96,66,32,28,49,63,115,198,214,230,146,89,75,69,97,119,188,222,206,140,101,72,73,49,62,57,91,125,145,143,126,89,76,69,51,98,132,152,153,157,120,125,71,92,61,80,80,123,123,115,105,83,88,78,103,143,190,199,184,148,109,113,97,110,131,141,167,205,173,142,110,94,71,51,50,45,54,61,83,82,72,58,51,49,82,111,158,188,192,150
103,96,79,93,99,144,145,167,146,115,73,56,44,38,43,80,113,183,208,204,166,98,56,81,88,129,156,206,203,163,103,73,64,58,62,69,86,132,160,146,138,89,72,47,81,92,107,147,177,146,124,108,89,65,78,74,80,108,119,129,122,87,88,94,97,130,191,202,185,155,123,109,115,104,117,157,182,182,154,127,119,96,73,66,47,45,50,64,71,86,82,53,54,49,63,108,154,207,206,156
119,92,80,82,107,124,161,162,144,119,77,58,51,40,34,88,106,178,223,220,143,114,73,72,95,116,165,206,217,151,104,70,43,48,56,80,89,109,161,166,125,112,65,66,80,100,109,145,170,153,115,106,98,66,66,69,91,113,93,113,142,106,80,79,85,150,177,215,186,168,114,114,98,100,123,166,183,161,161,119,124,111,88,65,52,45,60,70,92,85,59,70,64,37,55,102,154,193,232,144
120,103,69,91,101,135,160,171,154,100,78,46,43,39,51,55,131,164,225,220,147,120,77,65,89,131,178,215,174,167,98,71,51,41,60,66,101,126,133,171,146,102,66,62,66,95,154,154,163,131,127,91,83,73,67,79,87,101,100,116,122,100,101,75,87,127,194,208,184,173,128,116,96,107,125,157,184,179,148,116,130,89,93,71,43,51,48,76,86,92,67,62,47,48,55,103,161,198,191,148
120,95,73,60,115,125,173,183,146,130,74,41,33,42,40,74,124,186,206,221,142,114,79,71,98,126,196,197,160,162,105,65,50,43,61,78,87,130,147,145,141,98,73,59,75,78,147,152,170,138,118,84,90,75,64,79,93,81,119,117,123,100,89,77,108,144,180,229,166,147,125,112,117,108,106,152,178,173,161,116,135,102,74,77,51,48,53,68,104,78,82,59,64,43,69,81,154,205,204,160
120,90,82,70,102,141,149,157,160,102,81,60,38,33,47,76,129,185,233,192,155,96,80,78,93,138,183,199,183,143,109,77,51,45,62,63,100,130,134,153,124,102,83,70,65,97,131,168,160,126,108,114,69,71,78,58,112,97,103,121,128,93,80,93,100,133,186,198,182,156,113,115,126,121,101,143,174,179,122,137,131,119,78,64,72,48,55,74,87,79,70,63,52,58,57,98,159,213,201,156
132,85,63,75,98,160,165,168,141,110,75,47,36,38,51,75,134,201,226,184,148,90,73,88,114,132,166,197,208,128,94,76,58,50,67,83,89,128,159,137,127,99,85,67,68,89,144,164,157,134,120,104,68,83,56,78,93,116,106,115,101,118,83,91,116,130,183,188,185,158,123,112,103,111,111,159,164,148,153,142,146,103,85,64,55,41,67,86,86,81,64,53,59,59,65,94,144,206,179,157
115,100,84,70,111,117,178,178,139,109,76,48,39,36,61,79,128,186,225,195,137,106,75,65,105,129,183,190,190,135,96,82,64,37,46,76,90,123,149,145,129,95,90,76,72,94,126,171,139,152,122,86,77,71,62,82,98,93,121,107,96,85,108,100,101,139,174,213,170,145,135,106,88,114,125,157,173,189,137,126,124,122,86,68,61,48,59,81,82,90,68,72,44,59,69,97,160,203,184,153
112,101,74,91,86,130,175,181,145,116,65,53,40,34,49,75,137,185,218,186,148,104,84,70,99,137,168,185,201,148,95,80,59,45,49,64,98,137,125,140,132,111,94,77,75,76,146,158,158,156,126,92,91,58,57,74,106,139,107,106,93,101,85,108,119,134,159,213,189,159,135,74,95,117,135,139,170,179,177,113,134,83,82,65,59,77,57,72,91,98,73,73,58,36,57,106,171,203,177,165
107,98,68,79,103,144,164,151,156,105,68,46,46,40,32,57,142,194,207,216,147,99,82,74,90,134,148,207,191,145,105,76,70,62,38,73,94,125,151,155,108,98,87,77,92,102,123,154,159,123,138,109,78,82,52,71,89,129,115,101,89,69,102,115,109,136,147,209,216,149,120,87,93,97,129,140,178,179,144,140,125,99,77,70,48,61,67,74,92,74,85,78,58,48,66,104,163,194,203,150
115,80,80,64,101,153,155,178,127,117,68,52,43,43,33,61,136,212,208,213,151,107,67,78,99,111,192,199,183,147,89,74,55,46,59,72,79,122,150,128,124,100,76,76,86,115,129,126,171,154,110,98,79,81,56,59,78,124,127,100,101,89,99,107,123,122,156,208,224,155,120,103,84,101,124,148,154,178,155,142,112,108,78,62,51,53,61,86,96,97,76,83,49,55,70,98,169,199,181,154
121,88,80,73,96,139,168,174,146,103,77,45,27,36,38,75,135,177,223,203,163,107,71,78,86,129,177,201,187,155,89,64,64,48,44,57,80,132,158,153,114,93,97,71,77,104,139,147,154,154,137,113,87,69,53,61,90,116,111,102,103,102,68,99,101,144,173,214,220,157,126,91,82,94,132,161,144,174,145,167,104,85,76,71,41,52,68,91,96,82,89,68,55,50,65,110,131,202,181,190
127,84,74,81,99,130,171,184,157,101,69,45,25,47,46,68,117,180,223,198,156,120,77,85,90,137,167,176,186,160,91,70,48,60,36,78,78,138,151,158,110,100,98,67,87,90,127,142,150,150,143,108,91,78,70,59,90,105,91,114,103,99,101,93,110,125,174,192,200,173,115,86,100,97,144,154,174,192,145,141,111,105,68,61,49,53,66,94,114,94,76,71,56,47,63,110,148,175,222,154
147,78,73,75,99,129,159,189,160,109,63,37,38,24,49,77,98,186,219,205,141,108,85,85,101,117,190,202,188,149,93,57,62,47,55,73,94,105,153,146,133,107,83,74,78,97,111,146,154,159,124,114,74,82,64,79,75,114,109,115,84,107,86,115,118,131,165,199,180,153,138,87,88,109,132,153,176,177,136,126,121,105,84,65,54,43,62,89,107,97,64,53,57,69,57,107,147,188,225,157
124,98,66,84,90,119,156,199,157,108,65,43,26,18,39,73,131,162,245,188,155,104,87,88,93,123,165,201,188,137,87,78,46,60,48,80,96,122,120,136,146,105,62,81,81,100,139,141,165,145,134,108,83,64,61,79,97,114,109,94,88,109,99,105,118,145,162,170,193,172,128,106,82,94,122,185,148,167,157,128,132,89,75,66,60,54,73,97,105,87,70,70,50,47,68,94,158,197,235,142
113,75,86,76,97,132,155,162,200,98,73,42,25,27,31,63,128,206,226,172,160,100,78,92,109,135,160,231,171,127,101,72,56,36,40,62,110,127,152,132,142,95,52,73,72,89,150,147,170,154,125,99,89,75,78,63,102,107,103,115,100,89,76,112,133,168,159,169,186,155,146,94,78,94,143,162,177,155,160,127,113,85,79,52,61,75,74,106,90,100,78,49,53,40,73,91,151,215,216,173
112,73,83,85,97,145,131,171,173,126,70,38,39,16,37,75,123,196,216,191,149,117,84,86,84,129,184,191,216,124,90,56,47,45,37,75,87,118,154,138,143,75,74,63,63,91,147,156,167,133,141,103,76,68,86,64,95,106,94,105,100,101,93,103,130,140,158,205,168,155,122,123,95,120,140,171,170,150,160,135,114,104,62,61,54,71,87,89,112,107,72,48,46,40,69,77,154,227,236,144
103,84,68,86,104,95,160,179,165,115,78,49,38,32,49,71,123,189,194,217,129,98,79,89,91,132,187,213,189,132,85,61,42,47,48,58,78,120,159,151,140,97,62,56,70,95,120,178,198,150,124,88,82,77,78,81,115,89,93,105,98,97,91,110,102,153,161,179,199,144,137,122,114,101,113,163,166,153,153,149,117,94,64,56,43,71,84,114,93,92,80,64,40,51,58,105,156,217,213,177
111,74,89,78,83,125,146,208,156,95,77,44,40,36,50,57,122,202,219,180,137,89,77,90,111,122,199,200,223,122,84,69,48,45,40,47,88,128,138,152,122,89,69,73,73,106,150,167,161,142,127,88,80,81,66,88,104,96,103,99,101,90,93,100,103,131,190,197,183,152,143,104,126,94,121,150,181,179,164,139,113,108,61,49,56,67,74,104,124,92,77,56,54,44,52,112,150,207,198,182
113,73,71,69,96,140,167,178,144,110,69,45,34,38,37,59,117,206,231,192,137,87,74,101,105,135,171,213,195,145,70,62,45,36,55,58,80,100,138,163,125,97,61,90,97,111,126,149,174,135,117,88,93,79,70,80,92,91,127,100,83,105,98,85,118,137,174,207,182,132,132,112,93,99,127,139,182,171,169,138,121,85,57,47,58,68,75,99,131,111,81,59,44,34,63,101,170,210,217,179
102,97,76,72,79,134,163,179,166,109,74,44,28,22,39,66,130,200,211,204,145,104,80,94,98,142,178,203,186,141,88,63,48,33,53,56,74,102,159,167,125,95,58,81,76,116,150,158,152,151,116,94,82,75,66,80,94,87,134,108,81,89,103,104,120,131,157,180,224,170,118,109,89,110,128,146,181,167,171,139,117,110,57,50,51,51,84,83,143,119,81,61,39,45,60,102,169,222,236,143
103,90,62,82,81,128,183,179,159,122,65,43,25,32,27,61,113,187,229,201,159,90,73,79,101,144,187,200,166,142,96,60,45,50,34,47,109,109,160,151,140,72,83,69,69,97,149,170,153,147,113,89,65,58,84,74,89,124,106,120,97,87,100,89,116,146,151,219,203,149,119,108,98,99,141,138,180,192,166,126,115,95,67,56,60,45,73,100,114,125,74,75,46,38,46,97,181,221,211,167
125,92,69,78,72,109,173,190,156,119,71,33,23,26,30,53,99,183,238,208,171,88,78,85,103,134,182,215,178,133,96,65,37,44,36,59,83,109,168,159,130,87,77,70,91,113,160,161,167,127,100,89,76,69,65,78,68,129,133,96,96,90,93,87,117,153,150,192,194,172,115,91,96,120,132,149,174,201,163,142,101,88,51,58,55,56,77,95,111,124,86,80,47,51,37,103,181,206,229,152
125,83,89,77,78,113,171,204,163,120,70,47,28,23,39,59,105,149,241,212,155,91,76,75,99,126,181,207,193,153,86,58,43,39,46,63,82,121,137,176,117,91,86,61,59,102,148,180,166,128,135,75,73,69,60,62,87,115,125,105,100,100,86,92,112,139,186,185,189,157,115,114,91,120,146,153,178,182,167,131,119,77,67,42,57,54,81,92,131,116,91,62,59,52,52,82,153,214,213,169
121,93,74,54,104,120,172,185,167,128,75,33,37,17,26,47,98,191,234,210,151,99,81,67,86,127,176,240,194,141,91,53,42,37,42,45,92,102,176,158,115,102,82,62,61,83,158,175,151,156,119,106,68,56,58,66,90,112,132,108,99,92,87,89,104,141,186,218,180,164,124,118,99,117,116,157,176,202,155,137,115,87,66,68,47,52,64,98,113,111,104,89,41,55,58,81,144,215,217,163
111,93,80,67,84,133,170,188,162,124,86,42,26,30,32,46,91,178,238,195,172,112,78,61,91,126,166,225,195,159,96,64,38,29,51,51,75,127,166,137,118,108,85,58,74,91,138,177,181,155,120,82,74,44,73,62,92,119,120,104,105,81,93,92,103,116,204,206,182,150,121,112,88,117,136,141,184,191,169,143,111,86,62,54,57,62,65,95,116,114,101,69,61,45,56,91,149,210,206,200
104,94,63,75,82,128,157,172,174,140,75,53,38,29,22,55,99,159,223,211,157,125,75,64,82,115,184,206,198,169,88,71,32,35,32,64,83,121,129,151,137,99,56,69,64,93,128,168,163,134,133,92,70,64,53,63,81,102,119,108,106,98,87,105,101,135,161,189,202,149,128,117,101,119,139,144,159,203,157,158,120,76,66,47,65,66,77,95,106,115,91,54,63,55,53,107,132,195,230,181
130,89,69,60,97,98,156,205,168,102,72,57,49,33,29,59,111,172,209,209,160,110,85,66,83,132,177,214,195,158,109,65,49,37,31,60,69,119,148,148,133,101,86,47,81,83,163,140,166,146,136,100,68,64,52,59,78,120,107,107,111,89,80,105,111,134,196,191,167,153,127,106,115,110,133,170,161,171,169,148,128,90,63,60,46,67,81,109,109,116,76,54,66,60,62,98,146,179,216,189
130,77,70,77,94,123,150,173,163,132,77,41,39,39,46,60,102,170,241,187,160,96,76,71,111,127,159,199,206,174,80,69,46,42,29,46,75,116,152,147,137,99,70,67,82,97,130,170,147,164,130,106,76,60,60,69,85,91,124,121,112,108,71,92,109,146,185,170,198,155,122,108,114,112,144,149,174,191,162,143,110,87,74,58,58,54,84,99,123,110,75,68,56,60,60,79,174,186,204,210
151,95,73,60,92,141,154,163,142,126,89,53,45,33,34,49,103,184,209,222,152,110,83,55,98,144,162,193,200,136,112,73,48,41,27,59,71,117,152,141,131,83,88,58,64,93,136,191,136,149,132,91,64,59,66,63,96,107,101,106,108,97,88,89,98,150,158,192,187,161,131,114,95,112,141,159,179,154,178,157,133,77,76,52,54,61,78,107,130,102,82,69,58,51,82,99,138,196,199,184
131,113,84,63,96,122,173,172,156,110,98,58,36,29,42,56,88,154,209,220,168,110,76,74,88,151,171,194,184,162,97,51,52,49,39,47,76,100,147,140,115,113,83,57,88,78,118,159,187,138,144,93,78,54,69,67,82,98,117,96,94,84,98,79,114,160,185,171,179,155,148,104,111,106,134,142,171,187,156,169,116,106,70,50,45,71,87,106,122,117,69,65,57,51,67,95,163,168,209,164
148,92,95,58,86,138,143,162,179,126,78,49,33,35,46,66,89,150,196,216,191,119,74,68,98,119,162,209,200,149,101,64,50,36,39,52,69,125,128,138,128,90,68,71,72,93,137,141,178,151,130,90,93,60,60,77,83,102,93,103,108,76,96,85,115,132,177,180,197,149,126,129,103,96,116,151,163,183,180,148,134,94,90,60,43,59,76,126,138,110,71,55,67,52,65,106,137,207,187,166
122,105,90,68,95,126,142,190,178,132,82,55,31,22,35,52,101,165,191,215,179,118,85,70,98,118,176,189,195,135,127,74,49,39,35,51,75,100,135,128,128,105,71,65,60,102,141,136,156,137,130,91,95,68,61,85,82,91,119,112,95,101,69,109,103,122,182,217,181,162,138,98,126,104,105,141,181,178,155,150,141,105,76,63,43,63,75,94,137,106,90,71,64,45,76,85,148,213,190,173
137,100,87,77,78,131,168,187,158,119,92,56,32,25,40,49,101,140,215,219,173,119,96,84,94,113,171,181,208,158,107,92,51,30,38,42,79,105,123,113,102,114,92,67,76,83,129,156,134,155,142,86,84,65,61,65,103,96,112,99,110,87,80,98,117,132,173,195,195,158,124,120,107,113,132,154,154,158,174,161,126,94,82,61,50,44,60,107,123,128,94,84,65,55,72,80,130,193,205,171
138,117,83,89,98,129,156,174,157,121,82,58,50,36,35,43,75,141,193,204,168,141,98,99,77,111,161,179,180,169,131,97,51,55,40,50,47,96,118,122,135,99,86,66,89,89,125,183,140,131,125,113,98,60,59,84,83,94,92,91,113,95,76,87,117,128,196,197,177,156,136,118,98,132,119,142,145,173,161,146,123,116,91,66,49,60,58,87,132,113,98,95,57,47,74,107,126,212,195,154
135,107,96,86,86,123,154,164,151,113,89,68,42,46,29,54,79,144,166,212,177,140,111,84,78,106,157,180,191,139,121,107,77,55,46,46,53,86,115,132,117,86,92,67,80,106,119,149,167,132,117,115,78,72,57,78,93,90,83,116,82,107,79,82,111,144,181,201,161,152,130,122,97,121,118,153,142,179,161,140,113,118,92,88,61,54,67,76,136,120,86,89,63,62,65,104,149,162,189,172
135,102,85,86,82,106,160,141,167,121,95,70,48,39,29,55,86,130,166,168,176,146,114,86,80,100,139,167,181,155,116,73,76,67,65,46,67,84,102,122,106,98,84,68,71,90,109,129,146,153,115,102,90,66,75,81,56,86,100,97,100,107,87,88,98,143,155,206,147,152,144,105,123,100,111,148,157,155,141,140,129,102,87,81,62,65,75,77,103,112,111,91,76,50,83,85,123,160,187,165
131,104,73,78,60,108,131,125,125,113,96,61,46,41,35,55,82,125,143,165,133,123,101,92,83,102,116,160,154,134,121,76,80,58,38,62,57,76,86,99,101,88,74,74,81,58,108,102,150,124,101,82,70,81,71,67,76,54,80,83,89,94,79,95,94,117,121,174,150,131,124,119,98,97,93,129,135,134,153,141,119,99,79,69,51,55,65,82,87,82,87,73,67,45,66,85,109,147,156,134
85,71,60,50,52,72,73,95,100,74,65,34,44,23,22,35,64,88,115,106,104,81,82,63,64,87,105,111,115,106,87,73,67,52,44,32,53,69,67,70,62,63,52,55,64,47,69,90,94,100,71,68,54,71,49,46,50,53,66,63,76,73,67,64,70,63,115,115,125,110,92,95,83,75,80,116,94,113,124,111,96,95,60,58,43,35,42,58,64,63,69,49,33,50,38,63,75,90,115,106
55,43,29,35,25,34,48,40,53,42,23,22,16,10,7,19,29,48,53,56,53,37,36,41,34,47,53,59,73,57,54,45,28,30,30,25,24,37,36,39,42,30,31,24,26,31,34,52,59,50,51,25,35,17,24,28,33,33,39,34,42,49,33,37,38,30,54,63,77,60,56,56,41,50,66,60,65,73,67,68,68,50,54,27,35,27,20,29,35,30,39,32,12,19,19,48,49,45,56,53
15,13,8,9,10,6,11,9,16,18,8,6,4,2,11,9,10,21,20,22,12,25,9,18,15,15,15,28,23,26,16,17,14,14,4,10,7,10,17,16,9,9,9,9,7,9,14,15,16,16,21,13,8,6,10,7,13,16,8,13,6,18,24,8,12,14,18,20,32,19,21,18,16,18,27,29,28,29,22,25,26,21,21,14,8,13,9,3,8,9,14,8,13,1,8,15,25,11,17,22
7,2,2,0,0,0,3,1,1,2,1,1,0,0,2,6,3,4,8,4,0,2,3,1,5,2,3,7,6,5,6,4,1,0,0,2,0,1,4,3,3,5,3,2,0,2,2,1,5,4,5,3,2,2,4,2,4,1,4,1,1,3,3,6,6,3,2,7,3,3,4,3,1,4,2,5,8,10,6,10,7,4,3,2,0,1,2,1,2,2,2,3,0,1,1,0,5,4,2,7
0,2,0,0,0,0,0,0,0,0,0,0,0,0,0,0,0,0,0,1,0,0,0,0,0,0,0,1,0,1,1,0,0,0,0,0,0,0,0,0,0,0,2,0,1,0,0,0,0,0,0,0,0,0,0,0,0,0,0,0,0,0,0,1,1,0,0,0,1,0,0,0,0,0,0,1,0,0,0,2,1,0,0,0,0,0,0,1,0,0,0,0,0,0,0,0,0,0,1,0
0,0,0,0,0,0,0,0,0,0,0,0,0,0,0,0,0,0,0,0,0,0,0,0,0,0,0,0,0,0,0,0,0,0,0,0,0,0,0,0,0,0,0,0,0,0,0,0,0,0,0,0,0,0,0,0,0,0,0,0,0,0,0,0,0,0,0,0,0,0,0,0,0,0,0,0,0,0,0,0,0,0,0,0,0,0,0,0,0,0,0,0,0,0,0,0,0,0,0,0
0,0,0,0,0,0,0,0,0,0,0,0,0,0,0,0,0,0,0,0,0,0,0,0,0,0,0,0,0,0,0,0,0,0,0,0,0,0,0,0,0,0,0,0,0,0,0,0,0,0,0,0,0,0,0,0,0,0,0,0,0,0,0,0,0,0,0,0,0,0,0,0,0,0,0,0,0,0,0,0,0,0,0,0,0,0,0,0,0,0,0,0,0,0,0,0,0,0,0,0
0,0,0,0,0,0,0,0,0,0,0,0,0,0,0,0,0,0,0,0,0,0,0,0,0,0,0,0,0,0,0,0,0,0,0,0,0,0,0,0,0,0,0,0,0,0,0,0,0,0,0,0,0,0,0,0,0,0,0,0,0,0,0,0,0,0,0,0,0,0,0,0,0,0,0,0,0,0,0,0,0,0,0,0,0,0,0,0,0,0,0,0,0,0,0,0,0,0,0,0
0,0,0,0,0,0,0,0,0,0,0,0,0,0,0,0,0,0,0,0,0,0,0,0,0,0,0,0,0,0,0,0,0,0,0,0,0,0,0,0,0,0,0,0,0,0,0,0,0,0,0,0,0,0,0,0,0,0,0,0,0,0,0,0,0,0,0,0,0,0,0,0,0,0,0,0,0,0,0,0,0,0,0,0,0,0,0,0,0,0,0,0,0,0,0,0,0,0,0,0
0,0,0,0,0,0,0,0,0,0,0,0,0,0,0,0,0,0,0,0,0,0,0,0,0,0,0,0,0,0,0,0,0,0,0,0,0,0,0,0,0,0,0,0,0,0,0,0,0,0,0,0,0,0,0,0,0,0,0,0,0,0,0,0,0,0,0,0,0,0,0,0,0,0,0,0,0,0,0,0,0,0,0,0,0,0,0,0,0,0,0,0,0,0,0,0,0,0,0,0
0,0,0,0,0,0,0,0,0,0,0,0,0,0,0,0,0,0,0,0,0,0,0,0,0,0,0,0,0,0,0,0,0,0,0,0,0,0,0,0,0,0,0,0,0,0,0,0,0,0,0,0,0,0,0,0,0,0,0,0,0,0,0,0,0,0,0,0,0,0,0,0,0,0,0,0,0,0,0,0,0,0,0,0,0,0,0,0,0,0,0,0,0,0,0,0,0,0,0,0
