parameters (x,y,w,h,rx,ry):-5,0,10.000000,40.000000,100,100
51,36,30,38,31,31,36,53,37,32,33,28,29,32,47,66,77,53,72,71,71,65,64,65,74,68,62,54,58,73,42,39,34,64,59,66,70,68,64,68,52,38,33,37,50,52,68,74,49,57,50,27,17,18,38,46,33,46,51,39,42,41,32,55,64,73,69,66,70,66,68,55,53,55,68,51,66,42,53,42,33,34,28,30,41,49,54,56,43,36,29,27,31,29,43,68,56,68,59,47
67,85,72,64,88,67,94,98,100,80,70,66,67,78,119,146,159,198,146,151,149,148,152,147,127,139,134,142,126,131,146,109,88,101,102,126,168,157,144,130,118,82,78,86,75,122,164,188,156,137,94,79,59,57,75,78,104,103,86,92,85,88,83,117,122,144,157,162,158,150,149,113,134,132,123,125,127,125,117,103,67,74,70,60,89,83,113,118,105,82,59,45,55,69,93,133,157,146,124,118
70,61,63,63,71,75,94,106,115,86,74,54,56,67,114,134,179,190,144,156,162,140,149,149,147,119,147,160,136,155,135,111,98,79,99,112,160,189,174,137,106,83,79,79,87,102,157,174,186,163,102,85,56,63,50,79,94,100,91,90,82,81,94,100,112,137,178,186,168,128,154,133,131,126,126,123,134,112,122,111,102,52,58,55,81,102,112,121,127,80,54,47,50,63,95,124,158,174,166,97
66,60,52,55,77,73,89,94,126,88,67,54,58,63,94,144,190,188,161,158,142,137,156,166,144,114,141,148,155,148,123,120,91,83,86,113,145,197,168,153,108,91,70,59,89,93,149,185,220,149,93,90,61,46,59,75,89,98,107,98,79,86,83,107,98,145,172,188,154,154,153,106,126,146,137,101,119,132,124,113,88,72,57,52,74,99,111,118,108,100,64,52,37,70,89,128,169,183,164,99
70,62,55,47,62,90,79,114,118,90,61,55,55,69,84,139,156,203,194,138,149,155,142,134,136,125,133,158,149,170,110,122,92,73,85,113,130,208,189,148,106,96,71,68,58,95,158,175,216,184,98,70,60,50,59,98,72,93,99,89,96,81,73,91,114,135,157,171,175,162,141,105,127,156,127,136,119,140,114,97,80,77,61,59,65,93,101,118,119,75,73,51,42,43,81,139,162,185,170,118
94,52,61,53,61,90,76,106,104,104,73,45,50,53,90,126,161,189,218,156,132,167,152,146,137,130,140,149,169,147,143,124,87,78,93,111,140,191,209,159,99,76,70,64,68,101,153,182,212,171,119,57,46,43,66,78,87,94,92,96,90,88,84,97,128,139,148,162,167,181,126,132,129,129,142,111,152,142,132,95,72,61,64,61,63,95,119,126,117,89,54,44,43,49,88,112,162,194,162,120
79,73,62,52,58,89,86,84,113,100,83,61,41,47,79,141,179,182,185,160,140,138,148,149,139,133,134,152,163,152,132,111,104,80,86,121,169,194,197,168,94,66,55,57,78,115,166,191,228,151,114,76,38,44,64,90,94,99,97,87,72,75,82,83,108,138,164,188,191,140,152,128,124,123,130,129,140,172,107,94,82,65,69,61,70,98,102,120,132,97,54,44,29,53,90,91,173,184,170,136
94,80,43,50,62,64,93,97,127,94,82,66,33,44,75,116,170,186,220,157,120,140,147,145,165,127,132,155,148,148,146,114,85,85,97,104,153,212,214,140,101,62,57,61,68,113,146,198,208,166,115,82,59,43,64,85,94,94,101,79,88,66,78,109,108,152,149,168,162,162,153,135,125,110,148,145,156,157,120,86,68,55,61,54,84,97,100,153,132,87,54,31,38,40,61,107,153,220,156,121
97,77,48,45,55,76,87,115,101,105,95,44,48,52,69,112,149,204,210,152,131,115,142,152,178,127,134,154,135,168,149,108,93,94,99,113,142,193,216,153,97,80,57,70,69,102,126,206,193,157,122,83,56,53,57,75,94,100,95,86,70,76,72,93,117,140,165,146,172,146,149,151,134,117,122,148,175,163,128,89,55,66,54,74,60,85,118,136,145,94,60,44,29,41,49,91,144,198,210,121
99,57,47,50,51,85,96,113,129,86,73,61,39,44,68,106,150,202,185,191,135,115,135,143,155,151,145,137,154,164,150,122,100,78,87,116,157,195,203,143,113,84,67,48,72,111,131,192,189,175,127,71,75,52,50,71,95,102,98,74,87,71,80,94,111,142,179,151,140,154,134,155,146,118,124,137,176,166,145,98,54,56,66,59,69,89,103,126,135,110,64,45,39,45,46,84,161,190,197,148
90,55,50,54,49,74,80,102,114,111,82,54,47,47,62,108,142,198,223,180,136,113,124,153,155,155,141,141,174,140,150,144,68,88,101,106,154,192,195,163,109,64,63,61,73,99,137,199,204,180,116,80,61,53,50,68,90,102,98,76,86,70,72,108,102,149,148,162,155,140,163,151,140,118,115,146,172,140,126,110,77,52,53,58,77,93,109,127,124,106,82,33,33,42,71,114,138,187,199,154
76,60,47,55,69,67,78,102,98,109,91,52,51,49,56,90,153,174,219,168,143,141,109,132,160,170,149,140,147,147,151,101,112,90,83,105,140,175,222,165,105,101,55,57,53,98,135,199,234,175,117,79,61,53,51,68,87,105,110,88,78,58,60,90,128,133,167,135,162,148,149,156,137,125,121,144,152,160,166,108,76,65,36,52,73,99,114,133,132,103,67,48,31,38,54,86,164,194,185,152
91,50,49,47,77,73,77,93,123,108,84,50,47,43,72,86,137,193,226,180,130,136,114,133,143,175,148,126,146,165,136,137,95,82,80,101,141,199,174,177,113,90,56,57,66,90,126,218,207,172,138,83,43,51,68,66,97,105,99,72,70,64,68,89,102,147,163,160,157,159,152,163,122,118,126,139,153,169,136,133,77,47,55,46,73,90,93,131,127,94,74,53,36,43,65,107,149,195,175,150
85,64,53,44,51,71,91,87,131,118,65,50,37,48,73,95,134,195,189,185,131,123,113,133,162,186,149,144,119,152,146,136,87,91,86,100,148,211,201,163,115,79,55,42,73,92,168,203,194,176,146,87,54,44,57,76,89,103,86,68,81,74,70,78,111,135,157,161,165,152,176,133,124,122,118,144,149,162,147,116,97,49,46,65,70,85,112,113,134,108,78,48,55,40,61,91,172,192,195,131
91,62,59,44,55,63,92,99,131,107,78,70,52,45,73,91,146,199,196,164,150,112,113,151,148,165,134,158,141,145,138,130,96,85,86,110,145,196,210,172,113,83,46,57,68,100,148,208,232,174,112,82,47,46,52,82,93,102,82,95,82,64,66,83,110,133,153,158,154,150,158,145,146,128,118,109,152,154,135,126,91,65,50,50,67,72,112,108,122,109,88,48,47,49,61,76,160,208,195,135
82,61,56,52,46,69,85,117,113,94,89,48,59,58,62,101,145,166,182,190,168,141,112,132,137,143,155,149,137,159,125,131,110,81,79,120,144,214,186,173,115,96,64,45,56,93,142,206,228,191,136,67,46,37,52,78,92,104,89,79,81,70,59,69,103,145,155,158,176,159,140,156,141,129,111,120,149,168,130,126,97,72,56,63,50,86,130,115,106,117,70,55,37,52,80,98,145,212,186,126
91,72,52,40,52,62,82,112,109,106,80,63,59,58,75,101,133,159,193,188,158,160,103,132,140,160,149,137,148,137,147,116,102,82,90,120,151,198,179,164,127,72,66,67,69,83,146,210,242,203,130,65,41,39,51,76,99,89,98,89,84,61,61,69,87,148,144,164,167,177,154,154,134,125,116,124,140,179,128,134,92,79,56,55,57,96,117,143,103,105,70,41,47,50,76,111,167,187,178,115
91,76,53,38,48,59,89,112,116,91,71,66,59,46,77,98,126,161,182,196,175,132,124,129,130,170,146,133,155,156,144,117,96,102,83,107,164,197,188,174,107,64,68,57,71,105,123,195,236,214,111,73,35,38,44,65,99,106,109,88,65,70,63,71,105,112,164,174,184,155,139,144,118,133,123,132,132,172,133,129,96,78,63,44,58,87,104,150,120,103,75,53,46,61,70,94,162,197,170,137
77,58,54,44,38,58,82,118,122,120,71,53,51,52,80,97,131,142,220,165,173,151,126,115,130,164,134,158,145,153,152,114,108,80,88,108,161,193,205,180,100,77,53,55,80,99,151,184,209,225,129,62,51,40,45,68,99,110,92,95,78,72,68,65,116,133,144,165,182,168,129,126,152,119,125,137,157,145,135,125,111,79,61,49,65,85,101,134,112,101,74,52,56,56,69,105,156,202,193,140
95,58,48,44,39,45,82,112,141,127,73,53,46,50,79,91,138,168,168,176,161,149,139,127,129,134,170,153,139,156,141,131,98,77,90,112,148,174,218,186,134,57,55,50,71,111,143,176,233,205,119,79,56,50,37,66,67,93,99,104,76,69,60,86,98,117,144,172,164,177,137,126,137,122,115,133,156,146,141,106,91,94,62,50,59,79,120,155,122,96,68,47,50,38,55,135,146,166,204,148
99,80,41,40,42,49,67,106,149,136,68,47,47,42,66,99,149,180,185,167,148,141,155,142,136,142,153,152,161,150,139,108,118,86,86,91,136,197,203,189,126,86,61,46,52,88,151,192,217,182,136,97,50,48,53,60,81,85,98,86,82,76,72,67,101,140,147,155,163,148,173,151,128,125,103,128,146,168,132,116,103,74,59,62,64,94,109,138,120,86,63,60,50,36,75,102,142,186,184,141
103,61,59,37,51,45,85,104,115,100,99,53,48,51,65,89,146,172,199,188,152,134,130,108,150,129,148,156,152,163,138,129,108,98,83,103,142,181,230,186,122,75,75,47,58,82,159,178,236,183,132,89,47,54,54,45,72,109,101,92,70,67,52,82,98,140,141,166,172,166,154,155,142,108,119,118,132,145,148,112,107,84,57,49,74,74,114,140,112,109,61,50,49,51,71,85,180,177,200,126
99,67,50,64,50,60,60,120,112,95,79,59,58,63,63,94,130,190,186,197,163,125,115,131,130,139,147,177,151,162,145,111,87,83,90,110,166,194,214,167,117,84,57,47,77,88,144,186,215,183,136,94,40,57,47,52,73,83,112,94,72,50,69,77,106,109,170,183,167,164,159,154,125,124,125,119,133,146,150,140,94,69,64,64,62,82,112,127,117,105,90,46,50,45,64,110,161,193,182,122
91,70,64,48,55,61,48,82,126,110,74,70,53,49,82,101,146,185,173,191,161,141,120,136,134,117,129,169,177,160,154,119,98,63,80,119,184,179,201,168,125,86,59,44,55,105,157,213,201,171,141,93,74,49,37,65,75,83,115,85,67,73,47,79,85,140,127,187,187,171,122,151,137,120,129,143,134,131,153,136,102,63,48,50,72,81,107,142,126,101,82,54,46,36,53,111,151,213,173,149
102,77,52,49,49,62,57,90,98,90,77,72,62,63,58,106,148,188,188,171,161,138,129,132,135,135,130,152,168,149,148,144,80,69,82,125,168,210,178,173,114,91,51,53,55,93,133,206,215,175,144,90,68,58,47,60,72,90,104,98,68,72,58,70,98,104,166,166,191,161,144,125,127,120,129,150,135,160,142,122,99,73,48,44,63,69,132,135,143,105,65,59,44,31,70,100,130,216,198,124
92,72,56,47,57,61,67,82,110,101,83,59,50,60,66,116,148,177,229,182,160,130,130,131,114,149,141,127,167,154,159,129,88,74,69,122,167,213,210,151,127,86,51,47,56,94,123,209,229,176,139,95,71,50,48,71,75,91,96,89,89,67,58,75,81,109,142,203,183,163,153,141,129,104,116,135,150,171,153,128,77,66,48,47,60,69,130,120,142,124,69,66,48,41,56,107,146,193,200,144
83,83,53,42,45,69,65,85,93,106,83,64,53,62,75,79,141,185,222,189,135,136,145,147,108,140,149,140,154,160,166,122,90,86,90,97,174,189,219,182,114,76,48,57,60,94,143,199,209,175,147,87,67,53,50,62,82,80,102,102,89,54,60,66,100,118,169,175,175,163,135,127,113,133,117,124,153,160,171,130,80,59,43,53,57,90,112,150,127,103,83,55,53,47,64,89,138,203,173,153
101,65,51,58,57,57,74,98,97,98,74,57,43,63,71,91,129,170,220,169,156,148,147,139,133,124,147,166,168,149,157,133,114,68,63,102,147,219,217,182,126,69,57,47,65,93,139,196,206,178,139,74,70,53,63,54,81,100,115,85,62,81,56,73,100,116,153,173,175,151,137,154,121,117,122,127,148,149,153,126,79,71,51,51,48,71,124,134,149,121,71,52,61,47,76,109,143,179,176,139
94,78,54,41,55,63,76,95,95,99,70,51,52,55,78,111,143,162,174,183,174,145,136,121,126,129,144,159,185,140,167,117,96,83,81,91,149,214,224,179,111,80,55,46,59,96,152,170,223,158,156,80,55,47,62,59,80,78,116,90,62,53,79,78,122,125,119,174,166,188,155,137,109,109,127,143,165,132,182,95,88,67,62,58,52,69,95,136,125,120,92,56,42,53,71,113,149,184,160,166
95,70,58,61,49,53,76,85,120,105,67,53,36,53,83,103,146,169,180,167,174,173,127,135,137,136,148,144,155,183,147,124,81,88,83,107,165,195,229,173,115,94,57,45,59,92,146,204,209,171,137,80,68,52,56,65,86,87,81,77,72,79,71,80,101,123,152,157,180,191,144,135,104,119,121,136,155,163,149,124,89,65,50,56,53,86,89,117,141,111,90,77,44,38,66,111,137,181,185,152
110,62,50,59,51,57,78,94,98,101,76,44,61,60,63,108,143,174,192,160,151,158,125,135,155,137,143,145,166,185,146,125,81,75,77,105,162,203,225,199,149,61,49,56,52,98,150,205,197,165,117,85,60,57,57,71,91,88,83,84,68,65,73,83,100,134,163,171,169,155,151,140,119,100,120,138,170,174,147,104,72,79,66,56,58,75,97,102,127,119,78,88,49,44,63,93,155,203,181,133
115,70,55,41,55,55,70,86,106,108,66,53,54,57,70,96,153,179,161,192,139,156,149,152,139,161,129,133,169,158,182,116,85,78,78,89,135,194,210,196,147,91,55,58,50,82,137,227,230,172,101,79,61,49,62,67,95,99,93,88,64,62,53,74,97,138,173,170,155,170,144,138,121,105,113,147,148,165,167,115,74,74,60,61,61,74,88,118,118,114,85,78,54,38,75,96,144,183,164,152
93,76,51,55,55,53,64,103,107,93,67,40,55,67,84,99,128,181,184,158,151,151,131,160,147,147,125,164,142,167,168,126,102,71,74,95,142,204,212,189,124,109,54,58,47,89,154,201,212,185,126,75,69,55,38,62,92,103,101,98,69,50,56,65,90,132,166,173,186,158,129,135,106,121,99,133,147,154,167,126,88,81,61,72,53,56,96,124,115,113,92,78,50,61,70,99,154,167,192,149
100,74,53,42,47,56,71,97,110,89,67,48,47,53,70,119,135,181,165,181,156,141,146,154,144,132,129,152,148,166,163,140,99,78,71,116,135,197,211,187,134,90,52,50,64,104,150,202,215,183,131,73,42,63,51,60,94,104,98,86,73,76,64,64,78,114,156,185,201,175,127,144,121,98,96,139,144,167,150,135,84,66,67,62,61,67,76,114,132,112,90,78,64,58,55,91,139,184,173,146
108,63,49,50,44,52,72,89,96,97,73,64,36,49,88,119,144,157,183,177,138,146,145,146,130,141,149,151,158,172,151,134,100,91,104,105,137,194,197,192,114,75,75,58,55,87,147,188,247,179,140,80,53,46,47,51,91,95,116,85,84,51,78,70,76,110,162,200,196,156,148,132,130,102,119,117,164,154,165,126,89,66,56,53,67,66,115,120,132,116,88,63,53,42,63,86,139,190,211,146
99,82,51,47,49,44,72,91,112,81,82,52,56,53,65,109,154,183,180,170,149,146,140,156,129,143,133,138,159,148,166,132,115,78,112,106,140,170,208,195,117,80,54,43,61,113,136,177,218,192,141,88,60,41,47,59,73,111,102,88,74,60,76,71,94,111,148,191,168,168,132,143,136,125,113,137,140,147,155,144,99,61,64,58,50,83,90,123,127,126,83,53,58,37,68,93,138,177,194,149
101,82,54,41,40,59,73,89,80,98,77,51,40,66,71,122,138,165,195,170,160,138,135,132,147,133,121,161,166,163,153,137,110,99,103,100,136,177,216,206,136,71,56,54,56,97,128,211,213,193,133,103,62,43,54,46,75,88,93,91,76,73,50,71,104,115,132,189,192,155,144,138,148,118,116,122,149,150,129,157,78,84,62,51,50,83,106,131,118,116,76,67,53,48,56,86,158,206,170,137
92,74,53,67,60,58,56,78,99,94,79,41,44,49,88,127,131,187,190,142,160,146,161,119,136,129,137,159,157,167,135,129,105,118,89,118,146,195,224,181,123,74,67,45,52,76,156,189,202,198,141,100,72,41,39,73,71,80,82,78,86,74,70,75,98,117,153,168,205,155,157,118,118,122,115,139,155,128,141,141,114,87,49,61,67,84,105,128,129,85,89,47,48,48,59,103,151,194,173,133
100,53,58,51,67,77,75,67,97,95,79,44,42,46,92,120,138,168,180,185,136,133,148,138,154,110,142,151,161,167,147,127,82,105,94,107,141,173,216,186,119,79,64,59,61,67,123,196,240,222,109,99,59,65,55,59,70,80,88,66,75,77,74,78,96,117,160,163,177,208,136,122,128,116,125,140,128,159,138,132,103,83,67,48,78,76,112,113,125,121,73,37,46,57,57,113,139,175,202,155
95,77,42,46,44,73,92,88,92,104,71,46,35,50,86,117,152,179,161,147,134,137,145,149,127,159,134,135,180,155,150,138,86,104,99,119,144,191,215,186,115,64,68,60,71,79,121,196,212,203,124,93,65,59,65,64,65,88,86,76,68,66,73,78,100,136,156,159,184,188,142,105,131,132,112,150,141,161,135,104,109,99,62,53,73,76,102,119,149,102,71,44,51,49,60,106,156,183,180,143
115,74,44,36,48,68,74,102,97,91,68,62,53,55,81,117,157,172,182,155,153,152,145,138,132,154,135,131,173,151,159,127,104,76,85,121,169,180,218,160,117,87,59,59,73,95,127,185,227,191,128,87,59,54,59,65,79,81,79,75,75,69,72,93,105,124,138,163,181,175,155,121,109,125,123,137,147,164,139,113,106,79,64,51,67,94,116,117,146,92,65,50,52,35,66,111,143,185,166,144
108,71,64,49,45,56,78,105,116,83,69,50,45,57,70,109,145,177,163,154,151,165,151,142,149,121,142,129,158,171,143,132,100,91,78,124,165,182,193,161,120,91,74,57,53,102,150,173,224,195,135,91,67,50,54,85,74,77,75,76,72,75,77,69,102,128,135,210,186,167,137,138,109,107,176,127,141,141,144,123,95,79,56,49,62,85,123,130,143,109,62,47,41,45,52,98,157,192,170,123
80,75,51,62,51,63,79,86,111,86,76,54,44,47,64,114,142,182,163,147,162,127,156,160,166,127,148,135,144,167,164,132,91,88,91,133,138,167,214,160,140,92,68,63,58,89,146,185,203,204,126,104,79,49,54,73,82,74,78,81,65,63,74,78,90,127,160,175,176,173,161,135,107,134,125,141,154,175,149,95,94,70,74,60,65,99,112,132,148,122,65,53,40,40,64,99,160,185,188,121
94,64,49,61,50,56,84,97,92,107,64,67,52,49,77,101,124,177,180,168,153,133,154,163,150,141,137,139,132,163,153,134,106,71,80,116,153,184,182,185,131,94,78,60,63,73,131,200,224,183,129,93,79,56,54,63,82,79,86,80,88,60,56,80,86,116,161,177,179,171,159,135,110,112,106,153,140,164,137,122,94,72,52,60,63,101,110,131,122,97,100,55,38,53,64,99,143,193,176,117
98,52,51,55,56,59,90,92,87,83,78,64,45,65,65,108,143,158,174,186,157,142,133,165,138,152,155,113,149,154,176,121,116,73,89,111,148,169,210,169,117,83,79,62,62,92,140,190,214,195,129,95,58,53,66,72,77,85,79,86,71,65,71,84,94,116,145,194,184,161,149,145,116,107,128,141,161,142,153,117,83,73,71,45,63,96,112,140,125,103,78,71,49,42,62,86,154,164,168,153
85,55,41,40,45,65,101,89,95,86,54,64,54,57,90,111,140,169,174,191,157,132,125,121,127,148,129,137,142,173,155,134,119,65,78,107,160,205,216,177,98,89,56,58,87,89,121,199,203,203,141,91,62,52,60,62,80,94,95,84,73,80,69,76,88,111,148,192,174,183,165,126,118,102,134,150,161,144,134,114,92,70,55,54,67,72,113,147,128,128,67,68,56,49,44,94,137,184,200,145
112,67,50,31,30,52,79,105,115,76,76,59,47,52,81,118,144,165,187,177,154,133,138,148,151,121,126,140,154,166,147,156,99,90,75,101,143,214,212,172,114,73,55,65,74,97,125,201,188,210,139,81,54,44,64,63,77,70,93,97,72,64,74,62,100,116,155,190,174,173,147,128,111,124,148,128,145,156,151,139,73,77,49,57,70,72,101,137,134,124,72,55,54,54,58,85,153,181,191,122
101,82,44,47,35,51,72,89,119,78,66,64,55,59,71,106,147,196,183,182,151,128,148,153,142,131,120,138,158,140,154,147,125,94,92,82,159,196,213,165,125,76,52,55,70,81,135,184,225,221,164,86,50,35,50,65,100,81,99,71,78,63,69,82,92,103,185,190,173,169,168,126,100,129,122,140,166,167,144,126,103,60,42,59,65,69,109,123,145,120,88,59,56,67,57,91,142,194,177,122
115,58,49,39,42,48,89,81,103,78,87,50,45,59,87,104,137,178,186,178,158,138,129,149,138,117,139,147,158,153,153,150,104,78,74,108,178,179,212,178,126,89,38,58,60,83,129,190,245,194,140,94,70,39,46,70,78,95,91,89,72,72,71,70,78,121,179,177,179,145,153,140,97,116,129,157,142,158,153,126,83,87,52,50,63,84,95,133,138,119,72,60,52,43,75,97,168,164,178,147
103,64,53,30,52,48,73,95,102,93,61,50,59,56,82,112,140,154,206,194,149,142,133,138,142,135,127,173,149,151,157,124,120,78,89,109,137,197,214,165,130,75,59,43,57,78,146,193,211,193,139,99,75,45,60,66,75,75,92,99,82,78,66,66,90,137,175,163,175,158,141,155,115,99,126,129,157,180,171,128,92,63,70,63,64,82,95,132,122,125,106,44,32,55,69,113,142,177,188,152
107,53,59,45,37,41,59,97,107,90,61,41,42,53,73,108,149,169,193,173,161,145,116,124,158,124,147,145,151,166,157,110,101,73,93,104,165,179,206,164,130,77,58,67,53,113,142,183,206,195,128,93,67,62,52,61,77,78,87,96,82,81,69,69,95,134,156,171,161,153,156,137,124,108,129,127,148,168,169,118,94,68,62,60,73,95,97,125,129,126,74,49,40,41,78,113,145,183,158,163
99,64,53,49,52,51,69,89,107,93,67,64,43,46,80,106,144,187,182,173,160,133,144,130,138,126,135,151,161,180,144,137,103,81,97,103,159,191,202,173,118,81,53,64,62,89,130,187,222,167,125,88,79,63,56,64,66,89,74,94,83,71,63,85,116,123,157,155,173,158,155,120,123,123,119,144,131,175,145,133,90,70,68,53,68,85,116,140,122,115,85,45,53,49,70,103,149,176,175,144
81,66,51,56,42,56,78,81,102,91,78,52,41,48,73,105,154,172,196,179,156,136,147,127,140,160,140,131,152,176,148,131,87,90,95,92,152,192,208,184,132,91,49,44,83,94,134,174,198,181,119,99,76,66,54,60,90,81,89,94,74,80,81,70,100,133,154,176,190,174,150,111,124,112,125,140,165,153,167,111,99,78,65,66,77,92,117,134,114,115,81,60,49,55,53,108,165,169,178,139
82,55,53,49,41,66,66,86,99,97,80,46,38,49,79,108,167,158,212,180,138,125,147,148,116,132,146,136,166,159,158,120,84,95,79,103,157,178,206,200,130,69,44,70,59,103,144,178,202,186,124,72,63,47,63,77,88,100,83,68,93,68,74,77,94,144,147,179,174,177,164,131,116,121,113,133,157,156,146,117,93,77,65,53,54,75,121,153,133,102,72,66,63,47,58,111,155,184,189,117
71,57,46,45,54,50,77,84,104,99,69,48,34,55,84,113,152,171,202,160,150,147,145,150,130,136,134,145,146,154,163,115,98,67,99,112,140,205,201,204,131,85,45,61,75,100,127,170,192,201,131,89,51,41,63,69,99,89,99,84,80,75,56,85,107,117,137,182,174,163,162,128,134,102,140,125,157,177,147,108,87,82,66,49,49,87,120,124,151,104,77,75,46,56,54,89,147,216,190,141
90,61,29,33,48,55,81,101,92,101,76,38,33,59,88,114,141,159,198,170,151,159,137,164,160,131,106,146,173,141,158,121,98,78,88,116,125,183,233,193,126,79,47,67,66,109,140,168,196,194,105,85,42,53,61,61,86,100,100,82,76,72,71,64,110,123,144,186,197,147,137,140,132,119,107,145,163,180,152,120,79,77,80,53,66,86,112,113,136,117,87,66,61,43,46,104,138,209,191,142
103,52,35,35,52,47,67,97,98,100,65,51,43,61,90,93,124,170,193,174,140,135,153,153,148,131,139,135,173,160,138,120,91,74,90,118,147,190,230,197,106,81,53,53,59,115,153,196,198,175,97,85,48,35,61,60,88,96,99,91,73,69,64,92,96,144,140,188,168,159,129,132,137,114,125,134,159,177,148,119,91,62,62,61,67,75,124,124,126,121,92,62,54,52,61,80,158,182,213,142
95,77,51,33,39,49,69,90,101,92,57,57,44,45,76,130,154,159,184,149,149,152,172,126,162,145,124,138,143,168,155,129,93,72,79,112,147,205,218,178,120,80,57,46,56,114,155,181,206,193,114,85,61,38,51,62,77,103,119,94,93,60,47,68,107,150,146,160,171,150,134,149,133,106,136,133,141,160,167,117,90,76,56,64,53,79,117,124,145,121,99,62,46,51,62,97,117,217,173,147
109,70,75,39,39,43,57,93,108,90,67,59,36,43,76,114,155,166,192,150,139,145,154,176,128,133,132,138,172,178,165,125,88,76,78,105,158,178,210,190,136,65,61,58,72,99,145,194,206,191,124,69,59,51,52,52,103,96,110,102,77,52,56,94,90,124,162,184,166,160,142,145,114,108,141,155,148,173,154,102,107,67,67,46,53,81,103,134,144,123,87,70,45,50,68,94,146,195,157,155
101,93,57,40,46,40,65,82,106,87,71,43,36,54,75,104,157,189,179,166,143,134,146,157,126,126,130,135,157,202,149,118,97,86,69,96,152,186,212,190,118,96,63,55,59,101,141,217,210,176,122,64,61,46,48,61,98,94,116,98,72,69,70,79,72,132,146,190,167,174,146,132,139,124,136,129,142,161,144,144,95,58,55,45,65,79,116,128,152,118,86,67,42,49,60,94,141,205,162,134
87,91,60,39,48,41,67,83,115,97,63,54,48,56,62,109,154,189,189,156,157,133,134,136,149,128,149,147,156,169,171,115,95,85,86,79,150,216,213,181,96,95,63,62,59,94,158,192,208,173,124,86,51,46,45,58,85,104,122,79,72,73,72,82,78,93,156,171,197,167,155,140,138,123,113,146,145,169,157,136,101,65,48,40,63,90,113,166,130,105,89,53,44,55,63,95,134,183,188,130
100,77,46,48,45,50,67,100,110,79,63,59,47,44,77,95,137,170,165,193,158,136,125,134,152,138,156,123,160,176,157,118,102,92,72,111,141,216,208,179,107,83,69,59,65,88,147,174,256,166,114,66,63,55,56,65,101,91,95,72,69,87,75,77,84,121,138,168,185,179,151,119,131,133,122,133,163,170,142,129,95,57,49,47,62,82,114,145,144,119,87,74,42,59,62,97,146,170,179,147
82,74,52,45,38,55,58,93,97,92,71,64,42,50,68,102,124,179,189,174,171,129,126,126,157,143,147,150,156,182,148,120,95,89,78,100,156,207,230,170,116,81,52,39,69,97,136,201,215,193,119,58,48,48,60,72,70,111,95,87,83,58,72,92,90,120,122,160,189,161,158,153,142,123,115,124,166,164,156,120,85,77,41,55,52,86,111,145,132,114,98,61,48,55,85,90,147,184,160,133
104,67,66,43,41,58,60,86,84,87,79,55,49,50,65,100,147,164,195,159,160,134,131,141,140,145,144,141,165,156,178,116,97,74,92,95,149,212,227,178,124,79,48,48,60,87,153,204,234,193,115,67,55,55,58,71,91,86,109,79,71,65,81,78,103,115,128,178,183,172,131,147,147,128,138,109,155,181,159,110,87,86,64,40,62,80,100,154,139,98,96,62,50,50,68,108,151,180,183,135
104,73,56,45,55,60,56,76,98,84,73,60,43,54,78,95,141,172,183,199,155,130,143,153,139,140,131,140,158,165,154,135,90,71,79,97,171,216,219,172,103,77,61,47,75,81,142,204,214,192,116,83,53,51,55,70,82,92,93,95,66,72,77,76,85,107,136,186,172,167,162,155,129,118,126,131,165,166,136,132,108,63,63,54,50,73,107,144,156,126,88,60,49,47,67,111,133,193,173,121
85,68,36,49,53,48,72,82,106,89,71,61,55,50,75,73,136,191,189,184,153,142,146,151,123,140,135,151,155,165,158,150,80,86,80,93,173,209,218,189,106,61,59,55,60,90,150,198,211,182,125,84,58,46,49,59,89,94,113,91,78,69,67,83,89,114,131,167,164,170,169,158,115,122,98,139,170,142,146,125,109,78,74,47,45,79,118,158,143,127,73,49,44,54,72,111,138,210,173,138
97,71,52,35,50,48,61,90,93,90,87,60,52,46,52,99,135,172,183,200,148,116,137,133,153,148,138,143,163,152,162,120,104,82,81,87,154,202,217,175,129,78,56,35,71,101,126,214,195,194,114,116,64,57,38,60,86,96,102,78,62,72,76,74,96,137,132,163,159,190,164,145,128,109,134,125,157,168,148,132,84,81,58,63,55,68,109,161,144,118,75,46,36,50,63,108,146,179,188,128
104,64,59,43,37,52,67,85,105,86,77,69,48,36,73,100,141,164,179,179,166,145,132,172,131,129,132,149,151,154,170,121,95,90,82,108,126,188,210,224,135,88,48,45,57,96,140,161,218,204,139,82,68,53,50,60,76,105,92,85,75,54,72,70,86,133,168,168,165,188,163,149,140,118,128,128,159,151,156,109,107,63,54,65,67,74,115,144,138,126,81,59,36,50,71,102,140,188,180,142
107,70,52,51,37,52,62,85,107,87,77,55,49,59,63,102,148,166,185,169,150,146,154,141,138,128,130,117,180,171,159,126,90,83,81,103,135,192,218,196,124,90,66,45,49,90,161,200,186,178,115,97,55,62,44,57,86,108,96,67,67,72,66,78,92,111,174,169,189,155,149,153,139,116,101,127,171,163,157,115,96,67,52,68,69,86,127,136,124,123,82,57,41,35,73,104,151,178,174,136
98,70,42,44,58,44,63,83,99,110,80,47,43,48,65,103,141,196,180,149,153,142,173,129,117,130,126,146,171,176,171,121,92,73,80,82,156,228,217,196,126,94,41,58,55,119,154,170,213,180,115,96,57,56,49,66,77,100,97,83,64,65,63,78,84,125,160,162,187,181,163,147,122,117,115,152,162,170,162,110,97,63,50,62,55,89,111,134,147,122,95,51,35,42,60,97,165,176,172,149
105,70,62,42,52,59,52,79,102,91,86,48,49,44,59,87,152,191,190,161,122,132,153,143,130,135,132,142,154,192,149,125,97,72,73,97,136,189,219,209,131,85,47,42,60,116,160,171,211,189,124,73,59,60,52,70,69,112,91,83,84,58,70,77,100,128,138,156,178,186,178,163,113,119,101,155,184,164,145,114,86,74,48,54,56,86,110,126,172,120,89,52,41,36,60,93,176,175,152,142
86,58,59,46,42,59,70,75,107,82,100,60,45,46,53,99,135,182,186,168,144,140,115,157,149,130,137,136,177,148,161,129,101,84,84,107,128,192,209,196,137,81,61,38,64,118,168,198,218,152,120,65,46,39,51,73,92,93,95,87,76,67,71,61,92,124,145,192,163,179,177,145,125,112,113,142,177,169,146,126,90,63,58,49,58,90,105,128,155,149,71,52,31,42,56,97,138,187,171,156
85,66,41,37,37,57,75,81,98,113,83,66,39,40,78,107,117,171,185,183,143,131,131,139,172,119,127,134,159,163,161,140,121,83,83,115,146,178,199,185,166,86,51,36,75,125,159,213,190,163,130,74,52,45,39,62,83,89,99,99,72,64,71,61,99,128,151,167,167,198,148,158,138,105,100,155,163,177,159,132,80,59,49,66,76,73,115,149,174,89,83,46,44,46,64,93,149,210,157,151
95,56,33,52,36,48,75,83,93,100,68,69,50,51,63,114,142,147,183,171,136,134,157,146,136,118,136,144,173,153,152,159,100,82,96,90,152,196,198,206,139,86,56,46,68,118,147,205,221,166,111,78,49,37,50,60,88,86,93,85,84,73,62,61,101,120,142,169,175,183,167,146,136,111,109,141,195,179,158,108,90,55,57,42,74,81,140,136,148,117,71,58,44,37,74,102,148,194,171,157
92,56,34,51,41,49,68,100,76,92,75,57,40,55,73,94,130,190,173,172,146,121,144,158,143,120,116,137,155,158,174,143,107,90,86,105,136,164,234,194,120,74,59,64,60,115,144,175,242,172,130,67,45,45,39,74,91,85,94,86,81,48,64,73,99,114,151,162,188,179,148,150,145,121,119,166,159,189,135,124,90,66,53,64,56,93,106,152,136,104,86,57,43,54,60,91,153,175,202,139
89,58,49,41,41,53,68,86,102,89,76,48,49,49,77,114,134,159,175,154,136,149,148,146,150,130,123,120,169,154,170,131,111,86,91,93,150,201,214,189,129,97,55,51,68,91,157,197,214,183,130,73,54,44,54,55,75,88,100,87,79,58,60,92,87,124,134,156,187,206,151,144,121,133,136,150,166,169,130,149,95,54,61,59,69,86,101,137,136,122,86,68,61,43,55,96,153,175,184,126
90,61,49,34,53,56,67,86,103,86,66,60,46,42,70,97,157,171,171,144,125,145,148,155,166,129,128,140,162,159,174,145,104,75,83,92,165,200,192,201,116,83,60,66,58,95,129,210,232,198,128,80,46,58,52,53,61,96,86,82,75,80,68,83,86,108,131,167,179,189,156,146,135,137,121,157,174,181,152,135,87,68,62,53,70,77,104,142,148,111,84,53,52,52,60,79,165,173,179,142
84,66,42,45,50,50,70,72,103,90,76,47,38,43,67,101,154,178,198,154,128,134,138,145,169,142,128,138,169,148,154,137,118,95,74,104,159,204,191,197,142,76,60,65,71,88,147,194,201,198,131,70,45,55,55,60,68,80,84,88,92,57,67,69,96,117,138,169,202,163,150,128,128,124,137,139,159,171,151,122,94,68,67,58,59,82,113,147,126,117,97,73,38,55,64,95,149,173,161,156
79,62,48,47,35,58,65,82,87,99,75,43,28,54,61,89,145,181,192,168,125,140,141,163,155,137,132,147,168,129,152,127,129,85,85,99,156,185,213,194,121,81,73,64,71,93,152,193,207,182,128,79,47,42,53,54,86,78,78,89,83,64,76,82,85,115,151,156,204,186,150,142,129,111,130,122,176,185,178,125,91,64,64,64,59,82,126,123,146,118,88,55,38,40,74,100,136,201,167,145
89,69,52,36,48,53,61,69,102,92,62,40,33,52,69,91,123,179,180,157,163,150,127,125,128,158,147,144,148,155,151,149,112,93,72,98,144,177,221,195,138,77,68,68,75,107,154,187,212,192,127,69,49,42,48,62,76,79,78,85,77,49,78,66,112,120,140,165,178,196,177,137,102,122,134,142,160,178,153,137,96,78,61,50,60,91,119,130,126,139,89,64,42,37,55,104,155,185,183,151
108,62,55,36,48,50,71,74,103,86,67,44,40,43,54,92,139,183,191,158,134,157,120,109,158,148,140,138,168,158,155,153,102,101,90,83,128,190,199,199,150,83,65,63,65,112,151,184,213,181,140,73,55,54,34,77,84,72,104,78,67,62,65,70,92,123,135,175,178,184,160,143,141,121,119,128,143,170,177,132,120,85,68,53,57,87,118,112,136,129,89,68,37,40,65,96,139,189,178,145
93,70,58,31,28,61,55,92,100,98,61,58,43,35,54,100,128,164,188,187,142,115,134,126,130,167,139,137,156,154,147,149,116,90,100,87,123,190,203,205,150,98,74,73,66,93,129,197,226,198,117,78,67,56,52,56,83,77,92,83,74,59,56,72,87,115,155,169,181,152,169,162,151,118,118,134,149,157,157,143,119,95,75,57,52,73,113,129,126,122,95,66,57,31,42,91,138,226,173,131
91,67,47,44,29,49,79,77,99,94,69,49,33,48,43,79,145,175,202,154,149,115,124,145,143,144,130,131,136,171,177,158,103,88,92,87,123,180,216,195,147,125,71,75,72,89,137,189,215,194,119,79,66,52,54,63,84,91,94,85,64,58,45,61,103,136,128,161,177,169,171,141,134,140,105,128,149,161,173,145,106,92,72,47,69,84,97,156,132,111,94,84,54,41,42,70,136,223,192,149
118,66,50,36,45,59,49,81,108,89,76,47,52,37,48,73,115,200,205,164,147,112,120,138,130,144,140,127,151,153,156,145,133,105,116,88,109,177,201,182,150,112,81,78,55,91,120,200,220,173,128,78,56,56,48,59,82,99,89,89,73,62,58,52,88,141,143,182,152,152,171,172,130,139,112,116,129,167,178,150,109,97,67,60,68,76,112,135,140,112,105,83,53,49,48,84,125,191,191,168
109,83,58,48,45,51,50,73,99,98,74,59,44,37,44,82,116,195,180,159,136,123,129,139,131,154,119,150,138,140,175,133,149,101,100,115,128,162,187,180,174,119,90,63,64,88,131,188,213,170,131,83,58,54,61,63,76,80,91,67,84,71,51,66,87,127,148,163,159,172,181,158,133,98,129,113,136,161,171,146,124,84,67,51,62,89,107,154,153,114,102,77,67,34,50,88,151,158,169,156
109,71,64,45,44,55,58,81,95,90,80,52,46,49,48,70,122,163,167,152,168,148,136,141,138,141,141,138,132,153,154,158,124,108,124,110,149,129,170,186,167,108,96,63,76,95,131,175,195,197,160,79,73,58,55,68,60,77,98,74,68,74,63,56,71,120,142,144,192,183,169,145,133,109,109,124,132,159,167,139,117,97,84,53,54,86,100,126,160,124,96,91,69,39,46,79,140,157,175,163
117,80,64,49,45,65,73,80,98,72,67,62,47,43,60,81,110,139,167,164,140,123,137,146,153,129,139,125,160,139,178,132,128,102,124,113,139,153,185,171,174,88,91,75,71,93,122,167,193,190,132,96,84,51,62,70,82,67,87,79,73,67,61,76,63,124,124,147,178,178,160,135,149,111,113,119,136,181,167,147,107,99,68,59,63,84,97,131,144,113,123,97,58,53,53,84,109,174,163,157
113,85,65,66,56,48,80,77,109,85,52,47,44,48,67,76,108,117,168,132,143,132,142,137,117,125,126,128,128,167,166,151,131,102,100,120,118,138,190,200,126,113,80,61,77,95,132,158,172,184,150,111,71,65,59,53,78,76,79,81,67,67,74,57,74,107,118,144,165,174,144,149,145,136,107,119,147,166,138,130,137,92,80,55,63,73,97,140,123,134,109,79,57,57,48,76,122,144,156,137
112,71,63,62,60,41,64,67,91,79,52,41,40,37,47,71,92,123,129,127,118,125,128,126,137,117,110,125,121,149,144,147,116,95,108,98,107,163,157,178,134,118,83,49,67,76,124,142,160,151,132,86,78,59,54,40,55,81,76,55,70,49,50,53,64,65,122,151,151,140,128,135,110,108,115,103,132,148,124,131,111,93,93,65,55,73,80,98,124,110,124,76,56,44,49,64,104,107,160,105
70,51,70,39,53,27,33,46,51,48,36,27,38,26,36,45,67,82,95,100,96,68,99,92,87,107,103,107,96,97,111,108,103,71,78,74,97,123,128,156,109,79,53,51,53,48,95,98,123,126,122,64,59,46,35,34,31,52,53,46,40,32,37,38,37,69,83,100,123,114,97,110,92,76,84,76,94,101,100,107,84,66,52,45,50,46,55,89,94,75,78,63,42,36,32,45,90,109,109,93
54,33,38,19,27,15,17,26,18,11,16,21,22,7,17,28,31,53,54,61,48,49,47,53,67,53,52,51,57,54,50,58,58,47,42,55,60,72,74,85,65,59,36,25,28,34,46,55,73,79,67,62,33,23,22,20,19,23,31,20,21,15,21,19,26,27,41,66,61,70,44,65,74,51,51,62,63,49,53,48,49,26,27,27,28,26,37,36,40,52,43,34,25,16,23,21,47,61,53,49
13,11,13,3,6,6,7,12,5,12,3,5,3,7,2,10,10,20,22,19,15,18,15,33,25,21,19,19,17,21,25,23,19,29,18,12,27,26,30,28,31,17,20,13,14,10,19,18,26,32,16,16,17,9,7,5,3,9,11,9,6,2,12,7,10,5,13,17,22,26,22,27,20,30,27,18,15,26,15,20,15,15,8,13,14,8,14,2,12,17,10,6,4,8,8,4,14,25,11,23
4,3,1,2,2,1,0,1,1,0,1,0,0,1,1,2,3,3,4,7,4,3,4,9,6,4,5,6,6,6,1,2,5,4,4,7,4,9,6,9,5,2,2,2,4,3,5,7,6,9,3,6,2,1,2,2,1,2,5,5,2,1,3,0,2,0,3,8,7,5,6,3,1,4,4,3,2,7,5,1,4,3,0,3,3,3,3,1,1,1,0,1,0,1,1,2,0,1,3,3
1,0,1,1,0,0,0,0,0,0,0,0,0,0,0,1,1,0,0,0,2,1,1,2,0,0,0,1,1,0,1,0,0,3,0,1,1,1,0,0,1,0,0,0,0,2,1,2,1,0,0,0,2,0,0,0,0,1,0,1,0,0,0,0,0,0,1,0,0,0,0,0,0,0,1,0,0,1,0,1,1,1,0,0,0,0,1,0,0,0,0,0,0,0,0,0,0,0,0,0
0,0,0,0,0,0,0,0,0,0,0,0,0,0,0,0,0,1,0,0,0,0,0,0,1,0,0,0,0,0,0,0,0,0,0,0,0,0,1,0,0,0,0,0,0,0,0,0,0,0,0,0,0,0,0,0,0,0,0,0,0,0,0,0,0,0,0,0,0,0,0,0,0,0,0,0,0,0,0,0,0,0,0,0,0,0,0,0,0,0,0,0,0,0,0,0,0,0,0,0
0,0,0,0,0,0,0,0,0,0,0,0,0,0,0,0,0,0,0,0,0,0,0,0,0,0,0,0,0,0,0,0,0,0,0,0,0,0,0,0,0,0,0,0,0,0,0,0,0,0,0,0,0,0,0,0,0,0,0,0,0,0,0,0,0,0,0,0,0,0,0,0,0,0,0,0,0,0,0,0,0,0,0,0,0,0,0,0,0,0,0,0,0,0,0,0,0,0,0,0
0,0,0,0,0,0,0,0,0,0,0,0,0,0,0,0,0,0,0,0,0,0,0,0,0,0,0,0,0,0,0,0,0,0,0,0,0,0,0,0,0,0,0,0,0,0,0,0,0,0,0,0,0,0,0,0,0,0,0,0,0,0,0,0,0,0,0,0,0,0,0,0,0,0,0,0,0,0,0,0,0,0,0,0,0,0,0,0,0,0,0,0,0,0,0,0,0,0,0,0
0,0,0,0,0,0,0,0,0,0,0,0,0,0,0,0,0,0,0,0,0,0,0,0,0,0,0,0,0,0,0,0,0,0,0,0,0,0,0,0,0,0,0,0,0,0,0,0,0,0,0,0,0,0,0,0,0,0,0,0,0,0,0,0,0,0,0,0,0,0,0,0,0,0,0,0,0,0,0,0,0,0,0,0,0,0,0,0,0,0,0,0,0,0,0,0,0,0,0,0
0,0,0,0,0,0,0,0,0,0,0,0,0,0,0,0,0,0,0,0,0,0,0,0,0,0,0,0,0,0,0,0,0,0,0,0,0,0,0,0,0,0,0,0,0,0,0,0,0,0,0,0,0,0,0,0,0,0,0,0,0,0,0,0,0,0,0,0,0,0,0,0,0,0,0,0,0,0,0,0,0,0,0,0,0,0,0,0,0,0,0,0,0,0,0,0,0,0,0,0
0,0,0,0,0,0,0,0,0,0,0,0,0,0,0,0,0,0,0,0,0,0,0,0,0,0,0,0,0,0,0,0,0,0,0,0,0,0,0,0,0,0,0,0,0,0,0,0,0,0,0,0,0,0,0,0,0,0,0,0,0,0,0,0,0,0,0,0,0,0,0,0,0,0,0,0,0,0,0,0,0,0,0,0,0,0,0,0,0,0,0,0,0,0,0,0,0,0,0,0
