parameters (x,y,w,h,rx,ry):-5,0,10.000000,40.000000,100,100
90,89,97,72,84,93,89,73,89,100,95,105,73,84,86,77,95,84,85,57,54,48,45,43,37,41,41,36,33,32,27,17,8,12,12,16,25,19,28,20,14,24,20,19,27,33,44,37,38,40,26,29,24,20,24,26,28,26,24,31,33,35,37,42,30,52,59,53,58,44,33,26,26,32,44,47,45,59,49,46,44,34,26,48,47,55,56,69,73,63,52,52,65,50,74,86,104,84,98,85
205,175,215,153,164,171,189,174,185,200,211,196,179,147,170,152,192,186,159,116,113,88,95,83,84,100,115,94,97,91,52,26,22,16,22,36,47,65,39,45,37,37,46,42,47,77,98,100,101,104,77,57,59,47,43,48,67,69,82,76,72,82,90,90,107,113,126,139,121,101,105,61,83,81,77,89,141,127,115,99,121,95,124,104,99,142,139,155,141,143,147,156,130,137,168,163,179,215,203,190
187,182,192,178,158,196,174,146,190,223,200,200,180,142,141,171,204,179,181,127,104,92,83,94,98,109,120,102,102,85,61,25,20,12,18,28,49,47,59,52,45,35,44,39,49,50,82,105,121,99,72,66,51,45,47,57,59,69,82,78,88,72,86,84,92,95,124,154,137,94,100,80,60,81,87,110,122,106,108,119,121,110,91,103,115,116,152,173,155,144,142,155,120,142,139,152,182,210,218,223
180,190,195,176,181,184,171,190,175,211,196,199,175,159,150,145,185,216,177,147,126,68,77,104,109,99,120,110,98,101,56,26,28,16,19,24,44,52,49,59,62,36,22,30,42,60,82,107,115,107,91,47,45,41,41,46,65,82,70,73,77,76,70,89,82,91,131,152,156,116,89,75,65,78,92,96,106,117,114,121,109,106,92,107,99,113,147,166,131,156,148,143,131,133,136,152,182,206,236,232
207,182,197,185,181,184,177,172,184,196,209,213,176,175,163,168,166,195,200,163,141,88,68,73,106,112,123,110,99,105,57,27,26,21,21,24,36,51,53,45,60,45,30,34,28,58,63,123,130,112,88,46,32,28,59,41,51,82,74,94,91,72,69,88,81,103,129,154,146,142,100,64,56,70,91,85,105,117,130,133,120,98,76,98,110,117,136,172,165,148,146,133,135,122,107,159,180,212,230,228
187,186,180,185,203,183,147,166,191,194,192,199,203,167,148,166,182,204,192,131,131,99,71,78,104,110,132,130,111,93,53,44,24,16,23,25,40,44,54,47,42,54,32,35,39,50,75,99,135,122,84,47,37,39,37,49,60,59,65,90,88,64,74,87,67,106,124,173,168,139,105,75,63,66,73,82,94,113,121,119,114,107,87,80,102,120,127,175,148,152,142,149,120,123,119,147,151,246,216,218
197,189,193,209,197,164,152,158,179,205,201,204,192,178,169,161,166,202,181,188,124,98,84,83,80,114,128,147,118,103,67,30,29,19,22,25,36,51,53,51,45,35,32,34,44,52,80,91,122,116,91,49,42,36,38,38,58,67,67,81,92,68,56,74,81,90,113,170,161,135,111,84,82,62,63,81,94,121,112,114,105,123,96,81,95,91,166,142,161,168,145,149,115,114,127,140,196,215,221,229
208,193,180,163,190,186,180,169,160,185,217,200,190,164,167,164,168,199,210,174,144,94,82,94,106,106,123,127,106,116,74,39,29,21,19,28,36,54,47,47,54,38,33,23,40,62,84,112,120,111,90,45,45,36,32,32,50,58,84,70,82,85,68,56,81,92,129,141,187,153,102,74,73,73,69,76,105,95,127,99,114,106,95,88,77,112,126,144,182,162,133,128,113,120,104,158,194,238,213,217
207,196,189,173,170,182,179,187,183,193,205,194,172,180,185,160,169,190,207,161,115,95,106,89,101,115,129,114,118,112,74,38,25,24,23,23,29,53,50,54,51,36,20,29,37,53,87,97,119,115,95,53,44,40,51,43,51,47,79,68,90,69,67,53,75,98,144,162,161,148,116,65,70,54,76,82,100,112,108,112,111,104,98,91,80,104,121,153,169,173,134,119,123,114,128,152,204,193,235,204
240,197,204,173,168,177,171,168,187,215,196,200,173,161,193,169,190,187,188,184,131,102,96,97,97,120,144,109,131,111,67,44,32,22,22,18,27,44,54,44,48,49,43,24,22,62,72,102,131,118,91,50,44,36,46,65,53,53,50,78,73,79,56,56,82,100,122,171,159,145,111,72,70,61,81,70,97,97,119,108,105,101,99,93,103,89,133,141,176,166,131,122,124,127,135,156,184,187,200,209
222,197,200,163,165,181,168,166,201,210,164,194,187,200,164,168,199,182,195,180,140,97,81,100,95,109,154,127,129,116,71,45,42,17,26,21,35,40,38,59,45,31,39,30,33,45,61,106,106,135,96,61,46,40,32,40,77,57,50,65,75,77,64,66,82,95,132,143,173,157,111,75,67,56,67,82,98,97,120,105,95,102,88,91,90,109,125,150,155,157,135,121,123,117,128,150,174,219,227,196
205,218,203,166,174,164,181,182,173,188,194,201,210,204,157,173,156,197,180,196,146,102,96,82,105,126,133,127,130,108,75,50,43,30,23,29,31,38,54,51,49,25,48,31,31,52,53,77,96,126,111,65,56,45,38,55,49,60,58,62,63,67,68,68,80,113,120,164,184,136,98,84,74,61,60,84,87,106,108,112,96,89,93,102,97,90,111,139,167,172,145,127,119,124,124,150,185,191,202,222
206,201,191,183,173,168,152,180,196,189,211,204,209,204,150,162,190,200,203,181,141,121,76,67,105,132,131,129,134,115,81,37,50,27,21,28,33,37,52,45,38,31,33,38,38,50,64,88,105,95,90,70,62,60,43,34,59,64,51,76,68,63,61,73,77,96,141,160,183,142,102,69,57,75,66,73,102,84,119,99,95,104,112,97,86,99,114,137,178,151,167,129,112,133,126,156,180,201,196,219
221,176,193,176,194,158,133,206,200,181,183,205,231,170,181,161,171,202,202,160,156,125,107,78,90,112,120,140,145,127,79,58,27,53,22,20,45,43,36,42,45,31,31,29,42,55,64,96,100,89,75,58,70,59,42,44,59,47,77,64,70,70,61,70,55,93,128,175,166,140,113,74,63,64,74,70,89,96,95,98,119,90,99,104,94,97,105,147,177,147,163,123,120,128,126,154,193,189,222,200
194,211,175,175,182,156,160,186,223,188,199,198,191,199,187,153,181,186,205,179,138,122,114,84,98,114,96,162,153,116,98,59,29,32,31,42,39,42,43,42,37,42,30,35,43,55,74,84,87,89,92,67,55,47,50,61,35,43,62,60,73,74,61,77,66,91,120,152,157,168,104,58,58,71,67,87,82,93,84,99,111,95,111,100,85,86,121,153,158,183,167,116,122,93,121,178,169,217,202,216
193,167,186,187,185,150,153,200,196,196,190,191,193,220,190,158,202,199,187,176,128,112,96,117,113,100,118,132,123,128,98,63,38,36,31,33,47,40,43,46,30,26,33,40,40,47,58,76,98,87,86,76,62,45,67,46,47,46,59,64,60,72,59,63,75,100,123,165,178,160,104,62,67,59,65,69,91,94,97,99,102,103,87,108,98,88,113,137,161,170,144,136,108,117,119,154,194,211,202,243
187,185,189,191,168,163,166,177,173,218,186,194,219,192,178,156,194,198,196,167,136,98,110,92,122,118,118,135,151,119,89,58,39,37,26,28,40,42,45,48,45,40,34,34,44,52,69,83,74,87,69,75,53,56,45,59,43,47,64,71,72,59,67,65,75,99,148,157,177,131,105,78,65,53,60,69,78,86,115,105,94,102,85,95,101,97,117,140,163,163,137,132,118,114,121,141,193,235,199,239
194,186,205,188,175,184,157,191,211,198,176,198,195,209,182,170,192,208,227,132,139,83,104,106,114,110,120,157,142,133,92,64,37,31,32,26,41,34,42,50,40,40,36,37,44,48,85,83,87,91,58,70,54,36,52,72,52,56,62,82,69,70,49,66,56,91,135,161,176,134,90,89,69,70,58,71,77,87,108,114,91,94,94,84,105,102,112,115,148,166,152,117,118,112,126,132,194,235,202,219
191,190,158,198,198,175,159,172,216,204,197,203,191,186,180,166,175,235,199,179,113,104,91,104,107,132,134,137,154,116,88,54,43,47,29,31,34,31,37,42,65,32,36,25,49,55,62,83,91,81,85,63,44,52,34,58,54,62,59,74,87,65,58,47,62,76,147,158,162,146,114,80,76,76,67,57,83,87,89,103,88,86,86,91,97,93,139,118,173,160,145,126,126,111,117,139,187,216,231,210
190,174,168,184,183,177,205,163,209,198,220,202,199,174,176,173,185,206,212,192,143,108,71,98,107,133,152,174,137,122,92,53,47,38,28,38,39,31,39,39,51,34,37,37,36,50,53,82,93,93,72,63,55,52,50,56,44,62,67,65,76,65,70,52,54,70,136,152,154,144,116,81,74,61,75,72,76,77,96,82,97,85,89,90,81,97,110,158,159,151,125,135,117,125,113,137,216,228,217,205
187,178,192,161,171,193,166,221,184,206,219,221,196,179,160,173,189,200,206,184,127,126,92,80,110,140,157,148,147,120,103,47,43,35,34,42,40,45,41,38,38,28,36,47,36,41,82,73,101,80,71,56,41,56,42,57,49,57,83,73,59,63,68,62,52,83,130,146,145,143,124,91,67,72,63,86,73,89,87,94,95,89,96,97,85,74,108,146,163,174,146,121,99,105,116,141,202,206,248,215
207,214,182,163,157,171,182,211,182,219,213,181,207,170,163,186,192,200,202,175,158,107,108,93,114,123,151,133,157,125,107,65,49,29,21,37,38,48,45,51,36,36,35,33,40,52,87,83,73,97,75,47,49,49,57,38,61,58,75,77,74,77,60,48,49,81,142,151,155,148,109,80,75,68,68,89,77,87,88,80,111,99,84,66,93,95,110,140,148,179,157,128,107,90,112,154,196,196,227,210
205,198,180,177,155,178,204,188,180,198,210,202,195,179,179,166,179,224,203,185,149,123,105,101,116,120,135,153,135,112,107,69,52,45,30,35,37,41,37,52,50,36,31,25,42,60,77,70,89,85,79,58,39,40,49,49,54,73,73,79,71,52,63,44,56,87,122,157,143,140,123,85,77,59,66,67,105,76,90,86,96,99,81,86,82,115,109,117,160,180,160,127,96,105,102,141,197,202,231,217
192,184,210,175,157,174,158,207,176,185,193,231,185,181,172,184,193,213,216,194,163,113,93,121,99,135,154,156,127,121,97,62,40,43,46,38,39,45,48,57,47,38,35,33,35,43,62,84,92,102,61,53,44,44,44,50,44,59,66,87,75,66,59,46,52,89,122,137,164,122,113,93,67,60,73,81,90,107,80,91,99,81,72,91,84,116,112,114,142,175,160,114,121,99,117,132,196,217,245,190
189,190,183,207,171,166,187,183,199,183,199,206,203,200,203,152,200,198,176,209,127,127,99,101,91,137,160,161,144,118,89,64,48,42,50,31,32,45,52,54,59,37,49,28,29,39,60,79,87,99,87,44,43,40,55,40,50,45,82,85,77,51,56,57,75,73,107,142,159,152,95,77,53,76,70,80,94,97,86,102,74,92,84,90,86,100,129,142,160,168,116,137,115,108,115,156,175,229,210,217
205,189,182,176,174,182,182,177,178,186,180,202,188,219,165,168,178,193,198,182,148,123,103,89,117,130,167,155,180,121,94,56,47,33,41,35,41,40,51,49,62,39,44,43,29,41,64,88,93,86,69,53,50,43,44,36,38,62,63,75,67,70,58,63,73,80,109,135,143,156,95,82,68,57,79,91,92,107,94,87,85,97,94,79,81,84,135,156,154,143,128,133,124,118,101,141,190,234,192,215
214,161,163,196,184,167,166,203,185,203,198,190,197,219,162,168,189,198,221,194,154,106,83,89,119,132,152,152,165,126,101,74,37,33,36,38,40,45,48,38,47,43,44,39,43,48,81,82,89,80,63,51,59,44,61,45,42,56,56,67,71,72,51,56,77,86,104,128,141,122,111,100,64,59,76,85,91,103,106,91,94,79,81,92,93,107,115,145,167,140,141,125,111,108,116,148,204,204,228,212
206,177,175,180,186,162,175,177,194,220,202,190,186,198,159,174,186,212,222,206,144,104,86,108,111,135,150,176,150,159,103,64,40,19,38,31,38,42,44,54,43,41,51,29,44,57,65,84,91,83,71,46,45,41,52,49,51,45,59,67,62,68,68,48,65,102,103,155,151,107,96,82,72,63,71,92,93,96,115,94,76,73,69,92,95,102,129,141,177,154,136,105,104,112,110,161,206,196,235,217
214,174,174,201,171,179,162,181,195,204,205,216,202,170,179,189,188,174,223,195,149,106,105,97,104,130,148,162,163,142,121,63,51,20,25,40,43,42,51,61,41,46,28,37,59,51,74,68,93,87,72,54,47,50,40,44,46,58,55,55,74,63,60,66,80,73,121,118,159,138,83,73,60,62,60,75,109,105,115,88,77,72,72,81,95,107,122,155,188,158,144,86,100,105,131,157,172,217,219,228
194,184,196,185,164,181,188,173,194,175,200,201,221,200,168,172,200,201,219,190,152,106,84,102,95,129,148,153,173,151,119,63,38,38,29,26,44,46,54,48,52,29,39,49,45,50,83,75,102,78,75,46,41,47,55,51,56,43,45,61,74,61,52,55,80,92,127,144,139,145,88,63,58,50,69,71,89,99,115,100,81,92,68,61,83,110,134,141,176,168,138,89,104,103,128,165,190,188,224,224
204,197,177,183,178,172,190,199,193,174,198,187,233,176,178,194,181,212,224,212,138,94,108,87,111,111,156,171,178,151,108,51,55,39,35,33,33,42,37,50,47,38,31,36,41,57,62,83,89,89,79,46,35,49,49,52,53,46,52,49,63,74,61,61,59,101,134,144,171,138,80,65,54,51,72,76,87,99,91,108,99,75,81,68,73,124,119,152,192,166,118,102,95,105,154,149,196,189,214,197
201,181,177,193,170,145,191,204,192,185,210,164,224,200,180,164,194,241,216,174,149,117,99,102,100,105,150,183,184,146,109,77,55,44,32,37,30,43,47,48,46,36,43,33,46,55,72,90,106,86,72,42,41,36,41,47,53,62,52,48,56,59,58,73,65,84,107,158,153,123,99,68,52,49,73,81,95,81,102,98,95,68,74,94,74,101,129,144,181,156,123,108,98,104,112,163,203,211,200,217
192,184,182,188,167,154,181,162,214,210,190,223,215,179,163,156,194,243,198,180,149,123,96,108,109,145,126,174,160,155,98,82,59,46,36,38,38,44,36,40,50,45,38,38,42,59,75,86,94,101,81,57,42,35,29,34,49,50,65,51,61,59,72,59,68,72,120,153,157,138,97,63,48,48,76,82,89,99,90,101,94,96,77,71,79,91,127,136,162,171,139,98,110,123,121,143,181,244,216,203
200,209,182,167,187,165,166,184,193,186,203,212,220,186,172,160,196,220,217,187,153,107,110,106,94,115,126,172,163,141,93,92,55,44,56,46,38,42,44,46,35,45,30,38,44,62,69,98,82,87,79,62,48,31,38,32,40,49,59,57,54,69,59,62,70,77,125,150,177,110,93,76,52,61,66,71,88,95,103,101,101,94,83,60,80,88,107,143,163,196,142,117,107,101,102,147,174,228,243,205
203,205,184,178,175,169,169,173,189,188,214,188,231,208,173,160,181,204,213,186,150,133,101,90,106,124,153,153,178,147,96,85,59,49,46,56,44,53,48,40,36,33,28,36,41,82,80,76,97,94,79,54,41,39,29,37,40,43,50,58,79,66,64,65,68,88,129,128,163,137,91,61,62,62,62,70,78,87,86,108,123,98,83,67,65,98,102,137,174,170,153,123,103,105,125,118,175,223,218,206
184,200,195,190,167,174,161,187,194,224,191,205,214,193,161,185,199,208,208,188,152,115,115,112,98,111,132,160,157,176,106,77,64,44,50,46,47,44,55,51,41,34,34,27,34,62,73,88,91,88,77,54,44,40,28,35,44,46,42,49,64,70,63,68,68,89,131,148,141,118,107,57,60,66,73,62,69,85,84,131,102,86,94,74,78,84,118,142,160,160,154,120,115,106,129,138,178,211,217,206
159,209,185,188,174,156,175,164,195,202,209,215,191,170,182,180,198,231,208,166,145,116,108,110,112,122,129,150,182,160,106,60,62,45,52,49,52,42,61,57,41,46,22,36,47,53,83,71,104,73,86,61,50,27,24,37,48,43,34,53,50,70,59,60,80,76,123,160,152,122,83,81,60,45,66,79,103,69,90,106,116,101,67,75,74,79,119,138,165,156,136,136,109,118,136,130,185,189,214,223
199,186,191,185,160,193,150,183,182,206,189,182,205,192,177,158,240,220,211,161,148,114,98,115,105,110,137,160,183,146,111,69,42,50,73,51,53,57,51,62,35,31,29,37,37,55,72,75,83,96,77,59,48,42,30,29,43,39,51,40,47,63,57,71,80,87,122,170,157,101,94,70,57,61,52,79,83,95,96,108,95,94,77,77,65,96,107,159,169,150,125,116,123,106,108,162,161,188,250,230
177,184,207,183,156,168,169,196,211,181,201,201,207,179,171,159,237,203,206,175,147,133,100,114,99,123,156,170,162,144,121,58,51,42,48,56,65,72,73,46,39,35,23,32,43,46,63,86,78,94,83,49,58,38,36,37,44,35,34,46,69,60,45,57,72,105,137,162,165,112,82,59,70,48,54,75,92,88,92,105,102,89,86,66,67,88,91,160,154,157,154,107,107,108,126,141,153,167,285,231
192,151,199,181,191,165,173,190,206,209,206,185,217,203,168,168,210,209,206,182,147,122,89,112,145,104,133,156,174,159,126,79,43,50,34,59,60,74,72,61,40,30,23,38,47,47,73,79,81,79,70,71,53,45,42,38,35,42,44,48,56,57,50,57,49,95,144,160,153,157,68,70,53,59,67,68,84,83,97,103,99,97,63,67,58,75,127,140,165,156,141,109,91,113,119,143,169,226,222,239
208,169,189,176,199,179,181,171,222,184,208,189,184,205,163,186,194,207,205,191,135,117,105,129,123,135,135,151,130,172,124,67,45,45,46,55,56,76,66,62,54,28,20,42,41,58,69,78,93,84,70,42,50,41,47,49,45,39,40,45,69,37,54,46,54,96,133,161,160,135,104,59,58,52,52,84,71,84,85,120,93,104,67,62,84,89,99,148,166,187,140,96,106,92,120,155,187,183,233,211
194,190,189,179,199,179,156,200,195,215,197,212,194,174,177,191,193,196,212,182,137,126,125,98,128,137,133,124,135,168,140,86,58,35,39,51,65,66,84,61,52,41,30,32,35,52,72,67,98,97,60,57,44,37,48,45,42,50,53,38,59,58,51,41,68,101,119,146,149,153,99,80,59,52,62,71,70,62,95,100,120,92,76,71,85,79,118,117,178,163,142,117,125,104,108,140,165,203,224,245
192,182,194,151,179,173,163,179,178,190,233,205,193,183,161,201,184,213,205,180,148,116,111,116,129,106,133,151,151,158,105,79,77,44,44,54,67,57,75,57,52,53,36,34,36,51,66,72,96,73,66,60,46,43,39,44,43,35,53,45,49,52,51,44,67,83,118,133,177,116,114,73,55,43,57,85,72,69,84,102,103,103,83,83,79,89,103,136,160,141,153,136,112,107,115,133,182,218,220,223
185,158,204,193,167,185,168,178,182,193,232,219,205,164,159,195,203,197,225,188,166,113,97,97,125,133,131,158,145,131,99,78,72,52,44,55,67,76,79,59,52,40,33,43,40,46,61,79,80,73,73,66,55,40,45,44,42,48,47,58,45,49,52,39,57,89,121,136,177,126,115,80,52,44,63,69,73,72,94,90,98,86,96,84,79,96,101,130,142,164,136,131,121,106,125,129,174,212,243,227
220,163,162,171,193,153,184,172,189,197,224,227,193,175,164,167,196,222,211,196,139,120,105,111,116,139,157,162,153,115,109,65,63,48,45,54,72,62,77,72,57,50,36,33,30,54,70,91,75,77,61,63,44,40,50,41,42,49,47,53,67,47,38,39,60,72,139,147,158,132,118,64,54,61,37,82,79,96,84,90,92,85,80,85,90,93,105,133,137,168,138,141,123,103,117,141,187,216,209,235
197,182,167,174,188,187,178,201,176,194,218,245,204,189,133,167,179,227,236,164,139,121,111,110,131,129,159,152,161,139,85,77,46,43,61,37,62,79,70,86,71,43,32,30,39,49,67,94,72,77,57,49,42,49,45,35,47,46,55,54,59,47,52,35,52,65,110,156,159,148,102,78,61,56,42,62,80,84,85,103,90,97,90,71,76,93,100,138,151,146,137,150,106,112,105,135,168,199,227,238
213,175,167,166,192,198,191,197,169,187,208,224,207,204,171,154,188,229,224,180,129,112,122,102,114,136,151,154,176,130,102,66,51,58,47,57,67,70,73,83,63,49,39,36,37,47,67,62,94,92,57,49,35,50,51,40,42,42,44,58,50,47,54,50,59,53,119,137,153,134,112,85,68,64,49,51,67,84,97,94,102,78,87,75,102,90,93,136,158,148,143,125,126,102,119,145,164,188,258,240
224,156,190,184,168,193,197,196,180,206,190,230,191,200,168,161,195,188,241,177,117,125,92,106,121,149,149,139,152,154,105,70,50,48,39,55,60,73,84,75,72,51,46,41,41,44,60,75,81,97,62,54,36,48,53,53,51,45,41,59,53,41,51,51,62,72,83,138,160,138,108,94,75,60,57,55,70,64,92,98,84,94,85,77,84,104,101,136,127,156,156,137,92,111,123,143,166,204,232,246
203,197,174,183,169,164,228,192,168,192,227,211,200,196,171,153,187,221,199,203,150,118,89,100,117,150,131,179,161,148,113,70,55,47,47,50,54,66,81,71,62,59,46,37,33,44,53,70,107,75,72,39,39,58,46,47,55,45,38,49,52,51,47,51,68,68,107,144,127,145,105,75,76,67,51,62,77,81,94,75,94,81,89,93,58,97,111,141,139,152,134,119,117,106,125,135,174,201,206,246
245,182,163,200,187,177,191,191,178,181,219,214,219,183,171,147,187,228,225,171,141,123,100,99,118,122,149,153,180,141,117,80,52,49,48,52,68,64,62,71,70,49,58,47,35,44,56,83,83,84,67,46,36,39,52,61,57,40,48,49,52,55,48,50,50,70,104,143,120,146,97,74,63,69,68,58,62,97,96,86,94,95,67,86,75,78,106,155,160,150,132,137,108,117,129,134,174,224,200,221
227,180,152,177,184,210,193,164,174,206,221,245,199,180,159,159,181,216,237,183,146,108,111,104,120,137,138,165,154,148,118,79,65,47,37,55,66,68,82,55,59,70,65,43,32,32,65,89,77,89,57,41,49,32,49,41,56,42,49,66,53,55,49,40,48,62,118,143,153,139,95,61,56,78,76,75,74,68,90,92,86,91,88,74,61,81,97,131,171,149,144,105,131,106,132,144,162,199,242,228
200,194,148,163,176,194,174,185,189,187,218,232,215,180,141,156,185,230,224,193,158,107,97,94,130,134,141,152,151,147,103,70,76,45,52,41,57,75,71,82,51,57,50,40,44,50,54,89,90,86,74,48,41,31,35,49,58,55,57,58,60,52,51,34,53,56,108,133,167,123,86,69,55,67,80,65,58,79,85,82,90,93,74,78,69,84,109,141,166,158,150,108,107,112,120,142,167,195,246,247
199,197,166,161,156,209,204,193,198,177,190,225,200,212,149,153,189,214,224,233,137,106,94,104,110,143,169,145,165,137,109,80,50,57,50,54,51,68,84,69,62,47,66,45,48,49,71,83,84,81,65,55,32,34,37,34,50,57,82,55,58,39,52,41,45,70,103,125,145,133,104,72,61,61,60,67,75,80,88,83,84,92,66,84,64,96,96,141,160,168,133,116,112,109,127,144,172,187,234,246
219,191,186,159,155,183,200,203,207,177,187,207,199,193,174,149,184,221,232,201,163,98,89,101,115,127,158,184,158,124,122,57,52,58,57,56,54,60,85,69,74,45,55,57,50,55,72,77,76,76,72,47,40,29,42,40,40,55,69,67,47,44,50,53,50,57,101,113,137,129,83,87,61,59,61,69,78,87,91,79,95,84,77,74,71,82,114,142,182,150,151,118,115,116,130,152,182,205,209,227
209,185,198,166,161,164,181,206,209,194,210,200,204,195,181,161,183,215,236,197,157,103,95,101,110,128,167,162,173,133,109,74,52,47,47,60,51,68,75,69,66,53,48,46,51,60,98,86,74,74,63,53,39,42,28,36,58,40,66,69,56,59,57,47,50,71,92,119,123,141,107,63,58,56,60,79,83,89,83,87,82,78,66,79,78,92,116,126,168,156,143,109,111,105,124,157,169,194,233,215
203,171,201,196,184,156,177,207,199,191,194,220,201,184,205,175,146,194,259,194,150,124,86,113,112,131,166,164,168,151,100,89,52,39,44,55,71,67,71,60,69,54,55,47,53,62,73,100,79,78,71,35,33,30,36,36,45,55,54,73,64,55,49,42,56,67,101,123,124,111,99,76,50,54,67,79,75,80,91,69,91,80,75,70,97,98,109,122,159,154,154,114,98,105,114,147,178,188,240,203
186,202,198,184,194,138,177,187,215,201,214,196,181,184,195,172,175,199,222,207,166,136,92,90,116,146,147,189,160,171,86,75,45,35,46,45,65,64,78,79,56,46,56,54,48,75,77,74,99,76,58,44,38,33,35,44,41,41,65,58,75,66,64,45,53,69,96,110,114,123,92,75,55,57,64,90,90,73,88,86,64,96,83,73,81,86,124,157,148,151,146,112,104,102,124,157,167,214,221,221
217,185,174,181,187,166,153,188,224,196,200,200,190,215,198,151,177,214,237,183,173,143,105,88,114,121,146,169,189,169,111,65,50,42,41,48,51,65,75,75,55,47,59,54,59,64,74,88,106,75,56,49,40,32,39,34,37,40,70,62,75,51,55,46,64,72,90,117,120,103,96,69,58,57,59,64,89,74,98,79,81,85,86,69,70,85,111,148,164,162,131,114,108,102,128,141,204,197,242,201
193,192,184,199,184,187,166,170,223,210,191,183,195,193,204,174,178,215,212,192,157,153,106,121,103,118,149,171,157,156,122,83,41,48,43,58,53,63,77,67,67,52,38,51,69,69,81,101,102,73,57,37,36,35,31,27,40,45,48,78,58,65,46,60,68,71,92,121,130,108,85,68,54,52,55,61,94,84,88,96,78,76,90,68,70,88,113,150,169,165,136,114,101,99,118,155,174,227,235,211
189,192,171,173,194,170,179,197,191,201,201,203,171,187,209,190,179,191,221,190,171,140,108,115,93,119,157,154,168,158,124,75,59,24,55,50,62,61,81,77,58,52,47,35,39,77,88,115,100,77,62,42,29,45,27,39,34,40,38,71,52,56,49,49,69,69,90,141,136,114,83,53,60,50,64,60,66,89,109,96,91,67,68,65,68,99,123,124,153,172,149,138,108,90,99,147,199,215,241,196
177,188,179,187,191,178,171,196,223,190,197,195,188,213,176,195,188,185,230,208,167,126,119,106,98,120,147,158,189,175,120,102,41,46,33,39,62,79,68,67,80,53,40,35,53,68,81,114,105,87,49,38,35,38,34,30,37,43,50,55,64,43,40,51,56,88,112,111,129,114,79,53,48,56,56,65,70,94,89,99,97,96,64,59,68,100,128,135,165,148,161,131,97,108,104,138,179,211,228,207
230,194,174,180,191,167,160,176,187,197,219,207,198,173,193,191,195,201,222,180,186,134,93,100,115,128,138,167,174,166,134,94,52,36,40,51,51,66,72,57,58,62,56,42,64,65,70,101,112,106,60,34,40,35,30,19,38,31,53,53,78,53,32,40,62,72,111,119,140,95,96,72,52,50,52,61,66,73,74,107,105,79,80,67,68,99,103,124,153,181,159,117,124,112,103,137,153,203,239,197
208,208,188,197,187,163,179,184,191,204,210,185,203,193,189,196,196,205,210,204,163,122,120,105,109,113,156,142,186,188,143,76,58,54,36,40,47,69,69,81,46,50,56,44,57,70,72,110,104,103,67,36,31,43,30,21,33,44,59,41,57,50,48,55,36,70,94,126,128,126,103,59,60,42,40,70,78,73,84,105,86,69,75,71,84,89,118,120,142,159,161,133,107,109,112,135,160,229,225,213
203,188,188,175,165,177,168,183,201,200,208,216,187,202,180,164,192,210,214,201,167,124,109,127,112,124,137,149,195,171,136,90,56,45,48,34,47,80,63,77,68,60,40,40,58,50,114,105,115,101,58,43,29,29,36,34,31,36,45,56,46,44,52,42,36,59,96,150,131,114,88,56,54,52,41,60,72,97,88,86,84,86,76,73,73,95,107,135,155,160,149,116,107,92,109,145,187,236,232,213
210,179,206,180,160,178,163,192,179,206,210,211,198,183,208,174,191,186,238,201,151,125,118,115,138,119,129,143,179,177,144,96,64,41,34,48,57,66,71,77,59,51,54,35,48,64,90,124,112,88,68,42,43,28,22,35,35,42,42,41,52,57,59,42,44,63,84,133,162,106,81,72,56,50,55,51,60,76,71,85,91,83,84,70,79,79,117,129,171,157,143,111,116,102,119,134,163,215,266,219
204,208,185,172,172,160,195,175,204,188,222,215,187,182,184,221,153,221,204,216,155,148,138,97,103,136,130,149,170,188,149,101,52,37,28,43,54,60,75,73,68,44,35,50,45,61,93,123,116,84,69,54,41,35,29,17,38,44,45,33,58,41,58,53,42,63,94,120,133,134,79,76,49,41,43,60,51,84,89,81,76,66,96,82,75,80,92,147,159,168,140,134,114,86,124,126,174,221,224,229
214,198,199,172,190,177,163,188,202,193,214,215,206,180,177,185,206,187,213,205,148,160,125,121,133,116,133,188,166,167,138,88,56,45,40,39,57,64,64,75,55,53,49,43,52,61,86,112,112,98,72,56,38,20,35,24,26,41,39,52,48,41,47,60,63,76,83,123,128,119,102,62,42,57,49,48,77,76,82,91,73,86,74,81,90,88,104,119,146,179,149,113,109,102,121,137,169,210,221,207
188,206,197,169,191,187,165,165,199,201,198,200,212,181,187,190,199,199,208,209,150,147,120,116,149,125,145,160,193,167,122,84,62,47,50,46,45,65,76,65,71,62,39,50,51,66,95,120,133,90,81,47,37,36,28,23,31,27,37,49,46,48,40,59,45,77,97,122,142,102,90,75,39,43,47,66,57,69,102,79,72,74,86,66,89,96,98,146,137,151,139,107,127,120,115,157,143,219,216,223
192,213,159,174,169,197,180,169,187,205,205,227,184,186,188,197,200,208,206,186,170,128,140,117,130,142,128,186,180,151,140,91,62,48,40,47,61,67,59,73,61,61,43,46,52,56,94,107,140,96,91,37,43,32,28,25,29,29,34,54,44,46,40,44,41,77,92,117,141,120,89,64,48,33,40,57,61,85,100,78,77,76,75,68,86,95,107,120,181,136,116,121,125,97,114,139,208,185,237,231
215,182,200,170,178,194,185,181,194,183,236,194,189,171,185,183,206,231,201,187,148,136,137,139,131,141,148,172,186,159,118,86,77,51,47,42,56,79,62,52,72,55,39,40,52,62,98,106,125,125,74,51,38,34,35,26,23,32,22,41,37,50,46,53,55,72,90,122,130,122,107,64,44,40,40,41,68,102,75,85,76,74,66,84,70,84,108,141,151,150,131,133,102,105,100,152,166,211,243,212
188,171,190,177,178,177,174,194,195,214,202,209,197,214,178,186,184,232,213,187,135,129,119,139,156,108,146,168,193,148,122,95,69,67,55,54,59,64,73,61,59,55,47,53,54,59,99,93,133,122,100,49,36,24,35,28,38,30,28,35,35,34,47,51,45,71,104,113,129,122,87,74,43,37,33,49,66,91,78,77,76,68,69,66,72,82,106,145,164,130,151,122,119,103,114,134,190,194,243,233
203,210,162,202,164,161,182,192,204,218,187,212,178,211,188,181,200,217,214,161,151,129,139,122,136,143,136,176,185,158,127,95,65,56,52,53,60,65,78,52,50,46,49,57,57,64,83,126,137,105,96,48,36,32,31,30,26,36,31,37,46,39,31,40,43,82,96,147,136,118,67,64,62,41,43,41,66,91,81,88,91,65,56,55,78,79,114,130,161,164,132,144,92,117,109,136,181,210,230,219
205,178,173,194,191,199,180,163,196,209,223,213,212,167,181,182,211,214,180,186,145,145,122,129,123,136,160,164,178,150,132,126,73,58,49,56,51,80,65,61,51,46,53,54,53,66,81,138,133,106,91,62,37,42,25,27,37,41,29,27,41,32,43,37,56,82,86,132,150,107,66,60,44,51,32,48,51,67,83,94,92,73,64,64,64,85,105,106,158,167,145,137,88,94,106,127,198,218,187,230
196,199,170,181,193,183,186,174,209,162,217,214,206,174,182,193,217,229,196,179,149,128,127,128,143,140,137,186,173,148,117,99,89,75,66,53,54,68,67,58,55,39,52,47,59,64,89,127,140,121,72,53,46,41,38,25,22,26,31,34,36,45,33,43,44,61,110,134,140,110,64,57,46,48,52,47,48,70,61,95,77,96,70,79,59,72,102,134,145,146,159,116,105,95,127,124,160,218,229,226
206,183,186,176,188,180,179,211,181,177,191,233,201,178,206,184,186,228,238,174,131,123,116,141,158,129,153,141,173,160,134,94,87,76,63,72,67,74,69,55,55,48,45,36,44,60,92,113,122,125,95,62,51,32,41,32,22,19,34,24,38,40,35,42,49,76,93,132,144,113,64,58,35,43,45,55,47,67,62,83,100,86,53,75,86,79,97,127,164,172,128,105,116,116,101,136,169,232,226,213
185,192,202,202,184,174,197,192,194,180,187,227,211,181,178,190,197,223,228,202,147,102,115,136,161,148,152,142,149,144,146,89,86,63,74,75,82,88,70,73,46,50,52,44,42,58,78,117,138,121,95,69,44,38,39,37,41,18,26,33,33,32,34,35,66,73,112,115,134,112,87,53,43,40,41,48,53,54,65,69,88,80,77,65,76,85,101,138,148,146,148,98,103,97,119,135,153,230,210,227
199,188,210,183,175,154,189,210,192,207,186,214,212,182,191,150,206,230,223,213,158,118,114,126,133,154,144,191,163,147,130,94,77,57,70,77,78,99,79,71,58,41,44,38,46,65,89,118,140,102,93,83,56,29,36,42,42,32,29,24,35,30,31,34,43,74,107,115,130,114,96,60,38,46,47,57,45,58,59,67,83,92,70,50,70,72,118,150,138,129,138,123,96,129,113,129,167,195,230,201
214,175,190,193,176,163,164,214,217,217,203,216,180,194,180,173,207,219,219,203,158,108,123,116,133,145,171,174,177,142,125,92,77,54,68,76,106,88,80,68,64,56,38,36,45,64,83,115,132,126,74,82,47,41,36,42,38,36,44,34,30,24,35,29,41,69,105,127,138,121,78,50,42,41,39,61,51,54,65,62,89,82,72,57,59,84,99,134,143,135,132,125,111,123,129,121,167,178,206,225
189,194,205,167,169,172,165,200,207,215,202,216,206,181,176,191,188,226,219,203,155,119,106,127,139,135,133,189,171,152,123,98,67,61,60,91,87,104,86,70,60,40,33,45,61,67,74,100,134,136,96,74,48,49,46,41,27,30,37,39,35,31,24,26,38,81,121,127,133,113,93,60,40,38,35,51,46,54,69,79,63,81,59,67,83,66,97,130,156,141,133,113,108,117,119,144,199,188,192,218
208,182,155,178,185,173,162,166,199,220,233,195,209,174,183,188,183,213,204,218,178,114,115,105,131,153,168,183,173,152,123,94,80,67,60,75,108,85,100,83,74,43,31,41,51,73,77,99,123,121,95,69,53,47,44,39,37,25,31,43,44,31,26,23,39,71,99,112,116,130,91,64,35,47,34,42,42,67,65,72,48,72,57,67,79,78,96,122,155,156,127,106,107,103,116,143,187,176,233,203
200,180,172,192,170,180,177,183,196,208,222,226,204,184,192,169,189,215,225,185,167,128,115,120,123,146,157,186,200,158,119,93,72,69,64,72,84,100,96,107,74,52,28,34,53,61,85,116,120,113,89,78,59,49,47,49,37,36,43,41,36,32,18,41,40,60,95,120,135,115,86,54,52,41,31,46,53,52,64,57,62,55,55,54,99,86,106,129,137,146,140,107,92,107,110,143,181,204,211,208
183,156,187,190,185,183,149,190,209,213,199,208,199,194,192,198,171,223,239,198,157,123,125,126,113,121,165,213,182,168,116,89,67,72,81,71,78,99,108,112,77,50,38,29,40,62,84,122,118,111,90,71,60,40,63,40,42,42,28,40,48,25,22,32,43,49,96,116,153,136,71,52,35,36,35,45,54,66,52,72,56,68,58,65,64,79,110,145,146,132,143,127,78,80,97,134,180,201,238,235
200,165,174,186,196,147,172,187,215,216,219,196,198,174,220,194,180,179,226,209,184,127,126,133,124,122,165,202,208,151,125,77,88,58,65,70,86,110,112,99,79,52,35,44,36,52,80,115,142,110,89,73,54,56,44,57,54,46,37,41,42,34,15,33,37,67,96,110,144,95,106,60,47,29,50,36,46,56,65,57,70,55,60,61,62,90,96,123,155,159,141,127,90,76,90,125,167,200,207,223
209,177,150,175,180,164,166,182,200,212,233,193,156,190,208,211,204,203,185,209,157,162,150,112,117,124,162,176,226,172,120,99,77,69,64,65,90,97,148,112,65,59,35,37,46,63,78,93,136,123,99,67,55,54,45,52,56,41,53,36,53,39,26,24,41,59,70,119,133,114,95,56,47,39,36,41,56,68,61,64,58,76,56,61,63,90,94,121,135,149,150,121,87,69,83,137,173,225,215,201
212,184,163,163,186,178,151,178,212,197,208,201,178,188,195,228,200,187,216,187,179,152,151,139,116,121,149,196,192,190,136,75,82,73,64,79,73,115,119,97,76,68,39,49,33,53,82,106,118,142,98,74,57,38,51,54,40,50,52,41,45,44,26,31,42,53,98,82,118,118,98,79,48,34,41,39,53,52,49,65,55,65,59,70,70,77,100,109,127,141,147,117,94,75,71,140,173,206,216,207
209,183,173,163,171,165,174,186,192,201,229,170,211,178,200,181,197,238,196,189,187,146,138,158,109,119,155,170,208,172,146,107,77,70,58,68,95,98,115,102,68,72,52,36,48,57,85,94,119,135,94,84,54,46,62,40,44,53,45,56,37,32,39,32,43,56,80,88,108,120,97,77,66,36,37,42,62,53,50,47,54,61,70,52,76,83,98,102,110,123,158,105,108,95,88,116,151,215,202,207
187,200,174,172,141,192,177,180,201,218,196,201,204,184,185,176,210,213,215,208,186,147,149,140,131,145,128,159,184,207,148,111,75,60,61,67,86,108,104,102,77,52,57,48,53,52,80,93,109,113,101,83,58,44,54,69,52,57,51,42,41,44,39,25,31,38,80,92,111,110,106,72,58,47,39,39,57,55,68,53,49,53,45,69,60,80,87,112,111,136,144,108,115,85,91,109,144,204,220,200
213,175,178,157,172,146,177,175,206,206,210,205,206,186,175,191,195,200,228,192,188,152,123,137,143,147,136,157,166,191,152,122,87,61,64,68,72,86,116,99,91,75,60,57,52,53,48,99,113,109,79,75,60,56,58,59,49,44,57,39,43,35,24,36,41,32,71,80,94,99,87,63,68,40,49,36,47,60,46,46,49,53,45,60,63,71,83,79,122,114,121,121,83,83,93,105,144,194,223,195
195,169,152,158,166,154,150,157,218,192,190,192,207,190,181,192,188,191,197,200,161,152,121,132,135,140,153,154,150,150,135,97,80,61,48,47,69,90,101,84,84,61,34,42,46,40,54,74,68,90,75,65,40,44,49,51,39,27,37,48,34,39,19,27,28,33,40,56,80,82,63,51,50,30,42,37,35,42,47,35,47,39,32,38,49,48,69,77,102,103,94,85,89,88,89,99,121,156,202,182
128,166,123,150,130,120,115,158,160,173,203,163,140,158,176,178,183,178,158,152,134,133,111,89,121,113,114,123,136,112,102,87,61,41,31,38,49,51,64,75,43,45,36,32,25,30,30,53,61,54,48,38,33,20,30,21,23,26,22,28,24,13,19,28,22,19,17,30,43,40,43,18,23,20,19,18,23,26,26,22,15,23,25,20,40,36,43,44,59,64,57,52,75,51,72,73,93,119,142,168
85,94,90,103,67,86,85,102,106,140,142,122,108,113,111,139,136,146,112,100,101,80,65,49,74,77,66,74,79,70,64,71,34,23,31,21,28,17,30,35,30,26,20,16,9,21,14,26,23,21,7,20,18,11,13,4,12,4,9,21,5,13,8,12,12,11,7,12,6,16,11,9,11,12,6,8,8,14,10,6,11,5,5,9,11,13,17,24,19,18,26,28,22,28,40,38,53,65,82,104
43,41,34,44,32,28,29,44,54,66,76,64,63,54,52,53,57,74,61,54,46,32,40,25,34,26,32,35,41,32,25,25,24,16,8,15,7,4,4,10,9,7,7,8,6,7,4,5,10,1,5,5,8,5,2,2,5,3,4,5,4,0,2,2,1,2,0,5,1,4,1,3,1,3,5,7,2,2,1,1,2,2,3,4,5,5,5,7,6,10,8,5,9,4,10,15,25,29,38,38
13,14,9,15,8,5,12,11,9,18,15,28,17,6,16,20,16,28,21,20,16,8,6,9,4,7,3,13,6,5,2,5,10,4,4,1,5,1,1,1,2,0,3,1,0,1,3,1,1,1,0,0,4,2,0,1,0,1,0,0,1,0,0,0,0,0,0,2,0,1,1,0,0,1,0,0,2,0,0,0,0,0,0,0,1,0,0,2,0,2,1,1,0,0,0,1,6,8,11,9
2,3,1,3,0,0,0,1,0,1,5,2,3,1,4,7,6,9,6,4,2,0,0,1,2,1,0,0,1,3,1,0,1,0,0,3,0,0,0,0,0,0,0,0,0,0,0,0,0,0,0,0,0,1,0,0,0,0,0,0,0,0,0,0,0,0,0,0,0,0,0,0,0,0,0,0,0,0,0,0,0,0,0,0,0,0,0,0,0,0,0,0,0,0,0,0,0,1,1,0
0,0,0,0,0,0,0,0,0,0,0,0,0,0,1,1,0,0,0,1,0,0,0,0,0,0,0,0,0,0,0,0,0,0,0,0,0,0,0,0,0,0,0,0,0,0,0,0,0,0,0,0,0,0,0,0,0,0,0,0,0,0,0,0,0,0,0,0,0,0,0,0,0,0,0,0,0,0,0,0,0,0,0,0,0,0,0,0,0,0,0,0,0,0,0,0,0,0,0,0
0,0,0,0,0,0,0,0,0,0,0,0,0,0,0,0,0,0,0,0,0,0,0,0,0,0,0,0,0,0,0,0,0,0,0,0,0,0,0,0,0,0,0,0,0,0,0,0,0,0,0,0,0,0,0,0,0,0,0,0,0,0,0,0,0,0,0,0,0,0,0,0,0,0,0,0,0,0,0,0,0,0,0,0,0,0,0,0,0,0,0,0,0,0,0,0,0,0,0,0
0,0,0,0,0,0,0,0,0,0,0,0,0,0,0,0,0,0,0,0,0,0,0,0,0,0,0,0,0,0,0,0,0,0,0,0,0,0,0,0,0,0,0,0,0,0,0,0,0,0,0,0,0,0,0,0,0,0,0,0,0,0,0,0,0,0,0,0,0,0,0,0,0,0,0,0,0,0,0,0,0,0,0,0,0,0,0,0,0,0,0,0,0,0,0,0,0,0,0,0
0,0,0,0,0,0,0,0,0,0,0,0,0,0,0,0,0,0,0,0,0,0,0,0,0,0,0,0,0,0,0,0,0,0,0,0,0,0,0,0,0,0,0,0,0,0,0,0,0,0,0,0,0,0,0,0,0,0,0,0,0,0,0,0,0,0,0,0,0,0,0,0,0,0,0,0,0,0,0,0,0,0,0,0,0,0,0,0,0,0,0,0,0,0,0,0,0,0,0,0
0,0,0,0,0,0,0,0,0,0,0,0,0,0,0,0,0,0,0,0,0,0,0,0,0,0,0,0,0,0,0,0,0,0,0,0,0,0,0,0,0,0,0,0,0,0,0,0,0,0,0,0,0,0,0,0,0,0,0,0,0,0,0,0,0,0,0,0,0,0,0,0,0,0,0,0,0,0,0,0,0,0,0,0,0,0,0,0,0,0,0,0,0,0,0,0,0,0,0,0
0,0,0,0,0,0,0,0,0,0,0,0,0,0,0,0,0,0,0,0,0,0,0,0,0,0,0,0,0,0,0,0,0,0,0,0,0,0,0,0,0,0,0,0,0,0,0,0,0,0,0,0,0,0,0,0,0,0,0,0,0,0,0,0,0,0,0,0,0,0,0,0,0,0,0,0,0,0,0,0,0,0,0,0,0,0,0,0,0,0,0,0,0,0,0,0,0,0,0,0
