parameters (x,y,w,h,rx,ry):-5,0,10.000000,40.000000,100,100
94,97,73,72,74,90,74,92,97,93,87,85,98,79,95,73,109,81,94,74,60,51,42,37,47,69,60,53,48,47,31,16,15,8,11,17,16,13,12,11,12,14,21,18,36,37,42,36,43,45,20,15,15,11,16,12,18,30,25,18,43,32,30,28,46,58,63,58,51,44,50,34,31,21,34,46,32,51,53,35,38,33,48,31,40,48,56,78,64,76,71,57,44,58,70,80,92,90,105,105
201,209,189,168,162,167,187,195,182,217,194,192,188,175,159,148,193,222,190,154,120,107,77,90,121,112,123,136,143,94,68,46,22,18,27,26,33,33,37,49,27,45,45,37,64,58,112,98,98,94,68,50,34,32,29,36,41,58,35,61,67,71,80,66,79,116,134,133,124,114,87,78,67,74,68,106,90,106,108,113,81,99,93,101,116,112,126,140,175,172,158,135,115,138,141,181,177,210,229,210
230,209,166,164,158,184,184,175,200,207,199,214,204,160,172,162,191,219,220,159,118,100,79,92,93,133,114,146,133,127,65,38,20,23,18,23,30,31,45,38,45,37,32,39,67,58,106,91,108,104,63,58,29,43,27,26,45,50,52,59,64,63,68,73,90,111,93,146,156,122,87,76,51,63,58,99,93,119,131,107,81,76,94,98,120,120,129,166,165,150,156,151,126,109,126,180,206,204,205,216
228,207,182,174,159,175,175,198,179,212,201,210,184,167,155,177,192,203,219,159,120,88,69,88,91,128,124,155,152,105,84,39,23,18,21,25,23,43,43,39,42,34,28,40,54,70,90,114,115,91,81,47,46,24,26,33,39,45,55,58,61,65,57,81,84,115,93,132,175,136,79,68,55,55,68,83,113,127,120,106,108,80,87,83,91,125,130,156,173,170,146,150,129,104,128,163,212,224,239,192
227,216,193,167,161,176,184,178,215,188,189,205,217,170,150,174,196,209,187,170,129,74,74,68,104,146,155,147,145,106,79,49,32,17,17,18,22,35,48,41,35,30,38,26,58,51,94,112,123,103,87,53,41,23,32,27,42,47,58,56,61,70,54,56,73,104,120,146,158,143,100,76,53,51,67,66,128,120,108,109,112,90,86,83,94,109,129,148,197,177,149,133,118,119,123,152,200,238,223,185
216,195,209,173,155,175,194,198,218,188,183,199,203,200,156,166,187,211,190,181,120,97,65,63,96,131,164,153,135,123,78,51,27,14,19,15,26,41,38,46,38,29,34,31,55,61,86,110,128,118,79,54,32,26,27,35,26,31,48,60,68,56,62,67,76,99,121,161,161,123,96,67,51,60,57,82,94,120,130,109,106,99,63,81,85,109,150,155,170,164,150,136,121,111,105,144,211,273,208,193
206,194,188,193,147,177,157,201,197,218,194,194,184,203,168,168,176,216,200,188,114,108,80,66,88,144,148,169,163,125,90,35,27,9,17,23,21,33,37,39,31,33,26,39,47,64,72,124,144,116,69,51,37,27,25,19,42,36,51,56,63,64,43,67,68,105,122,158,181,140,104,56,34,52,71,66,102,103,128,131,92,76,61,89,103,117,134,171,176,176,145,137,108,109,129,129,204,236,267,192
196,204,192,191,167,166,177,173,209,239,204,172,205,194,166,180,188,202,216,177,137,98,75,67,101,117,156,177,159,150,81,41,18,14,14,23,23,27,42,36,39,27,22,32,39,46,92,134,142,105,75,46,46,22,22,23,33,46,58,60,59,56,57,52,74,88,134,165,162,167,92,56,38,44,52,74,95,108,133,133,94,82,76,78,96,123,142,154,177,158,142,119,115,129,133,154,183,211,248,217
218,193,192,172,184,170,167,189,200,208,208,209,190,192,182,151,192,198,234,179,133,90,76,72,105,107,133,165,168,142,88,42,24,18,10,14,28,29,38,34,37,29,31,28,34,58,88,116,122,124,95,47,38,21,20,30,24,41,57,52,58,47,57,68,68,81,113,142,215,156,97,49,43,41,59,76,94,128,142,120,87,74,65,89,104,114,142,144,189,159,138,115,118,117,146,171,179,208,213,216
215,206,179,154,189,207,186,189,197,181,199,225,212,157,190,184,188,184,201,176,146,89,82,75,83,133,139,168,181,138,80,36,18,29,14,13,25,26,39,36,30,33,25,32,42,58,75,126,146,116,87,66,42,19,25,19,27,42,54,57,54,52,45,67,76,94,120,183,195,149,110,36,45,51,59,70,86,115,127,135,102,77,78,71,91,118,147,151,178,162,136,129,111,125,157,146,184,207,230,208
216,183,173,176,187,187,198,186,193,199,209,208,201,189,163,161,197,210,213,190,148,112,65,72,92,133,168,169,178,121,81,41,28,10,15,23,23,18,32,29,30,36,35,24,44,53,88,131,130,114,95,58,32,24,23,21,21,46,49,51,61,61,52,57,67,113,137,161,185,124,98,55,41,45,42,61,84,109,138,116,110,88,80,75,86,102,140,162,170,173,140,109,102,117,140,156,197,196,236,246
217,173,172,187,188,183,167,186,182,220,205,221,204,216,159,150,173,243,213,195,158,91,73,83,100,120,150,194,161,133,92,39,12,20,13,17,16,26,24,37,29,27,33,34,37,51,99,122,144,123,80,61,41,26,14,17,17,41,47,52,57,61,43,48,84,92,146,171,171,148,97,59,36,47,51,59,77,117,124,126,111,108,75,81,64,117,141,176,178,163,135,111,103,104,129,167,203,220,210,239
217,171,198,184,189,180,169,158,183,206,217,196,214,189,191,148,153,230,247,185,155,110,71,76,117,118,119,168,182,152,80,47,25,20,12,14,13,16,23,26,34,29,35,27,36,62,92,126,150,129,84,53,37,17,28,18,18,39,44,51,50,51,53,44,72,101,136,200,180,125,99,55,49,43,43,80,99,107,108,120,117,104,80,60,74,120,113,162,183,160,151,117,102,104,115,182,195,196,230,243
206,193,183,184,175,175,186,197,190,201,193,224,212,188,180,164,146,212,233,196,181,103,61,74,98,128,150,164,186,122,93,42,31,21,19,13,21,22,25,29,40,37,32,21,32,63,84,120,141,128,102,67,32,16,26,19,21,33,38,55,43,58,45,62,53,103,150,170,193,130,94,60,36,38,52,74,98,95,114,120,121,87,76,74,88,94,125,182,180,175,143,117,100,114,125,155,186,206,253,226
196,197,206,190,157,170,196,179,216,201,190,213,206,216,174,157,156,230,211,189,166,104,100,80,89,129,168,171,171,134,81,57,22,18,16,30,14,20,20,29,33,25,29,20,32,66,100,134,130,145,92,48,27,16,18,20,35,24,42,46,46,48,65,46,62,86,127,188,183,163,89,51,41,46,52,75,79,111,123,130,110,97,79,69,90,82,125,162,196,193,150,108,98,114,113,153,200,216,221,217
187,178,208,183,202,170,171,209,197,198,216,207,201,211,170,190,157,199,221,191,149,106,79,102,94,135,155,167,170,138,82,36,29,16,13,20,19,24,22,34,27,21,17,35,35,66,87,105,180,115,92,62,35,23,12,25,27,26,33,31,63,46,45,53,72,91,135,178,171,154,85,58,43,46,62,54,90,126,116,117,122,90,67,69,61,86,125,153,199,160,168,115,120,104,125,154,176,227,231,222
192,172,195,182,198,184,181,202,207,223,199,192,190,219,182,176,169,198,207,206,132,105,84,104,106,126,164,178,167,144,86,39,20,17,17,21,29,25,21,19,42,18,15,29,41,51,85,131,150,138,94,54,32,29,31,13,20,26,38,39,46,45,45,56,67,80,144,203,199,126,92,57,47,48,50,66,99,125,118,118,119,97,69,52,58,86,115,161,168,183,143,123,114,120,115,155,193,218,243,212
203,206,173,165,193,187,196,182,191,219,218,214,209,176,184,176,162,192,213,211,127,109,97,83,98,132,152,170,178,126,96,43,19,26,18,18,14,32,28,29,28,20,23,24,37,58,82,124,140,139,106,60,36,28,23,12,22,31,36,40,33,38,37,52,63,103,140,191,168,144,92,64,40,47,64,58,123,133,121,122,130,92,57,52,58,88,130,144,180,203,158,116,126,106,118,158,182,230,221,222
220,216,168,168,147,186,191,208,194,206,219,187,207,167,163,172,203,206,238,186,150,103,101,80,106,112,151,192,195,133,74,62,34,25,14,22,17,31,33,33,24,22,25,16,32,63,84,115,167,130,105,67,30,22,15,16,32,25,33,39,47,39,40,43,51,92,142,186,197,142,100,65,46,43,39,54,108,128,135,123,110,86,73,50,57,78,118,166,176,165,151,124,115,104,122,153,200,242,214,208
229,198,186,181,157,183,188,206,199,202,199,206,198,197,171,158,163,210,240,236,141,123,95,86,86,111,153,218,198,147,63,40,36,25,14,20,18,33,28,32,31,20,17,21,30,49,99,125,142,136,100,71,27,21,18,25,20,29,27,38,40,33,42,45,61,94,144,188,180,149,92,59,40,43,51,71,97,119,137,123,103,84,80,50,66,77,118,148,186,170,146,131,112,94,138,151,195,223,213,203
197,214,198,178,162,178,193,204,193,199,196,180,222,211,180,157,174,195,253,216,161,119,95,86,93,106,153,193,184,145,95,35,33,22,14,18,21,25,37,37,24,19,14,21,38,43,92,135,139,145,90,67,33,19,15,21,29,32,26,30,36,46,43,44,64,97,158,172,202,150,89,54,42,54,47,69,93,102,141,121,102,91,74,68,58,69,122,151,166,177,147,136,117,117,119,158,176,231,217,228
205,201,191,198,153,183,196,199,196,191,190,220,190,203,155,171,177,203,236,217,169,116,89,82,86,132,152,174,165,170,98,51,25,15,13,30,25,29,24,40,21,18,12,16,40,52,85,135,123,147,87,59,41,22,23,18,15,30,42,24,38,36,33,39,64,96,161,182,182,161,95,60,35,41,60,56,88,103,121,117,105,96,77,65,59,78,127,158,171,189,150,127,112,121,127,148,170,235,223,220
226,192,189,175,169,167,211,198,199,219,193,208,208,186,187,157,175,205,244,216,160,121,89,84,82,123,147,192,169,148,110,67,20,19,13,18,33,36,30,37,24,24,21,13,26,65,81,138,163,118,87,60,52,16,24,20,26,29,26,36,30,38,33,39,57,96,135,193,193,169,100,49,38,39,56,71,76,84,120,110,113,91,82,60,65,97,126,142,185,166,157,121,117,115,120,172,206,209,232,217
205,220,156,204,185,172,175,182,224,187,171,220,208,201,187,174,191,212,214,199,180,121,86,86,95,113,157,168,180,146,120,44,40,15,14,19,25,35,36,27,22,28,27,21,35,48,88,137,140,127,84,66,33,22,23,23,22,36,34,34,17,27,34,39,69,93,139,188,194,140,126,64,30,47,52,56,83,96,118,106,116,91,85,77,53,95,123,152,194,183,129,111,124,128,116,140,201,204,215,229
231,199,193,188,195,162,169,175,208,228,173,219,196,191,181,185,183,199,194,203,175,130,87,86,100,136,148,167,171,161,105,51,32,21,17,16,26,27,32,31,27,28,13,21,29,58,86,126,141,134,108,58,34,25,14,20,32,24,43,30,34,24,18,45,69,85,151,155,209,153,120,66,26,45,60,67,83,104,98,102,119,92,98,66,76,82,116,159,156,188,161,97,105,108,107,161,208,228,204,219
201,197,203,209,193,151,166,183,202,190,226,207,194,186,181,166,188,203,212,211,156,122,111,86,99,135,150,162,186,153,114,64,28,27,15,24,33,28,33,30,25,22,23,22,18,56,100,135,147,135,115,57,30,23,22,27,29,28,30,29,34,23,26,36,56,90,145,164,166,169,133,70,39,45,55,70,91,96,97,108,113,86,70,67,75,80,117,174,175,171,156,127,118,92,116,144,186,209,244,220
203,205,202,185,187,166,150,196,215,200,186,217,201,200,167,178,200,207,217,205,150,136,89,90,110,121,153,166,172,168,110,64,27,22,14,25,33,25,40,34,29,20,18,23,30,56,85,122,148,119,94,89,33,23,22,25,30,21,27,28,28,29,21,38,50,86,142,180,197,168,116,70,52,25,46,72,92,89,114,101,90,86,75,73,65,91,107,172,164,171,135,132,107,115,133,145,153,228,229,247
217,192,191,206,195,167,147,213,199,215,202,193,228,189,170,187,193,190,225,210,146,120,87,86,106,125,131,175,194,167,107,71,38,17,20,21,22,33,43,34,31,16,17,19,33,57,73,140,157,128,93,56,37,26,17,31,32,27,23,24,34,27,29,33,49,84,149,182,195,161,115,70,47,33,56,59,78,109,93,103,113,73,88,76,72,95,126,157,174,176,143,124,86,106,138,152,183,187,235,218
192,218,177,193,178,184,187,187,183,217,190,206,239,174,194,165,204,200,212,193,168,105,102,74,117,119,137,171,189,164,107,64,40,26,12,24,27,31,38,36,32,21,25,25,30,56,80,127,141,126,99,64,35,32,35,19,35,44,18,26,31,30,28,29,50,97,148,171,194,166,113,62,40,35,43,72,88,81,108,109,100,99,84,60,62,84,126,158,160,187,157,108,90,109,132,176,161,205,237,228
184,217,208,185,206,162,184,170,197,200,212,203,216,200,185,198,191,218,203,183,146,113,121,109,92,122,150,177,191,143,112,73,33,25,21,20,23,31,38,43,27,32,20,21,33,59,71,119,133,133,85,74,36,30,23,26,32,30,31,34,17,31,24,41,49,98,143,184,168,155,120,72,36,40,48,54,84,91,97,116,99,85,83,69,74,87,103,167,162,198,139,121,99,104,144,143,190,224,254,197
202,187,188,203,192,191,163,173,186,217,214,200,216,205,179,171,191,216,233,189,150,107,102,93,101,122,154,182,170,144,109,72,42,25,33,19,22,29,28,42,33,23,20,27,25,53,87,106,140,124,113,59,37,23,16,29,40,31,29,33,26,24,31,40,54,90,148,170,174,158,120,71,51,47,45,48,58,89,111,119,97,83,78,62,74,79,103,152,189,171,171,123,100,94,103,171,204,226,212,228
205,179,202,185,192,167,167,188,214,207,225,196,217,191,188,174,169,221,216,183,155,132,93,89,96,121,165,175,199,131,95,80,39,30,29,19,29,24,31,45,30,26,25,25,31,51,80,104,142,132,80,64,45,27,23,24,23,41,36,40,27,30,27,49,58,96,122,156,186,175,99,81,52,47,45,44,61,76,109,123,129,90,70,72,72,64,108,162,183,174,155,131,89,105,106,132,188,225,250,213
199,197,207,179,175,181,171,203,226,205,218,202,203,239,189,161,183,223,219,219,143,109,87,94,100,113,149,199,182,154,107,68,43,26,30,27,28,28,37,40,40,28,21,27,39,42,78,122,141,140,95,44,28,25,32,30,25,33,37,33,29,28,36,43,70,73,132,150,191,161,111,66,62,36,38,52,61,68,108,119,101,105,85,52,68,78,110,143,200,183,151,122,94,91,121,118,203,225,236,219
223,194,205,217,172,168,137,192,222,226,215,193,221,218,173,178,173,225,210,173,163,114,91,88,99,117,159,183,202,145,117,57,38,24,26,27,29,30,42,50,31,23,20,26,36,58,80,108,132,145,93,51,34,27,28,23,25,29,33,43,26,37,36,35,65,96,131,172,176,156,123,52,47,47,39,51,60,74,105,120,108,81,92,70,69,83,121,146,166,193,165,128,85,89,127,141,187,235,203,197
197,181,212,220,166,163,182,201,210,205,228,194,241,189,175,180,187,209,204,200,153,122,108,94,85,107,140,186,215,136,93,65,45,27,22,37,30,40,26,47,35,35,21,22,32,43,91,103,145,121,88,52,34,35,21,23,28,22,32,36,36,33,36,36,54,91,142,169,185,163,118,48,44,34,37,43,73,74,123,117,95,94,87,73,61,93,101,151,175,198,165,116,100,74,113,158,184,199,216,251
198,197,213,188,202,170,162,208,238,206,188,198,230,216,197,164,184,239,194,203,137,142,109,99,93,134,166,167,185,153,100,60,54,30,27,26,28,36,35,53,36,26,24,26,36,52,86,101,160,131,82,46,46,24,22,20,18,24,33,41,34,26,37,39,59,91,142,170,191,163,100,65,43,39,43,40,68,97,101,112,103,86,73,74,69,90,113,148,201,181,172,102,84,94,122,135,189,197,228,228
210,192,184,194,207,160,184,209,191,241,202,190,222,210,180,155,185,210,208,195,147,111,105,108,94,127,167,172,181,147,98,73,46,25,23,32,36,33,49,36,41,24,18,29,36,72,82,112,130,115,92,63,37,37,20,17,24,24,39,33,35,35,33,39,61,105,124,185,208,138,106,63,37,35,50,59,63,93,100,97,86,79,75,72,60,75,130,164,171,172,162,117,79,99,107,124,195,223,230,215
197,222,189,206,191,150,184,200,191,210,195,214,245,212,151,195,166,223,199,201,148,106,124,107,116,121,150,174,190,135,104,70,49,36,28,34,25,46,42,46,32,28,18,22,56,59,81,119,131,122,92,71,40,35,22,20,17,32,30,32,26,33,39,28,54,97,129,195,194,166,92,48,34,41,41,63,72,97,91,92,89,107,58,50,84,89,124,141,191,188,136,109,103,86,119,124,184,204,236,204
192,206,218,205,161,183,188,186,217,192,212,201,203,212,193,165,187,221,226,179,145,111,106,104,129,140,138,163,176,172,94,57,47,28,33,31,27,41,58,40,44,30,28,16,41,63,76,101,147,122,83,66,47,28,27,26,23,28,22,32,23,29,30,37,58,84,127,191,179,151,103,73,32,38,46,71,82,95,94,80,80,99,71,69,68,92,119,160,200,163,153,120,101,78,124,138,186,255,225,187
197,219,207,209,166,171,187,188,190,198,204,224,212,187,189,167,167,216,228,188,156,124,90,110,127,125,165,175,187,139,112,58,32,35,24,40,32,42,55,44,28,35,22,30,22,61,86,114,137,121,103,51,49,38,21,23,27,20,27,31,32,24,21,29,60,96,136,179,191,144,108,65,44,34,42,55,85,86,79,95,87,82,83,62,69,83,110,152,185,194,171,128,90,93,113,141,217,223,207,187
213,195,199,220,171,158,192,190,191,223,202,211,204,223,183,174,181,187,256,191,185,112,86,104,124,143,137,180,199,160,99,63,27,28,29,33,34,47,50,59,25,26,28,26,32,44,104,126,142,107,93,70,50,30,25,20,22,17,30,30,34,33,29,35,56,81,145,200,171,147,102,65,41,35,47,54,70,87,78,92,104,79,76,59,79,60,111,155,168,200,141,123,104,100,115,145,208,226,210,183
203,213,206,200,141,156,168,205,209,201,202,222,205,199,200,166,188,196,243,192,168,134,98,96,95,129,157,172,187,164,116,59,30,24,26,31,46,54,47,53,37,29,25,30,30,54,98,124,133,99,98,75,34,29,32,27,16,22,30,34,24,38,35,37,61,70,139,189,210,150,80,67,43,40,42,53,63,94,95,98,95,85,78,56,56,86,107,158,199,180,134,129,94,112,100,148,188,210,216,219
200,209,187,193,181,155,154,201,189,191,250,204,202,202,174,180,189,208,244,190,169,131,103,82,111,117,141,176,207,170,106,73,38,26,22,35,47,58,46,49,32,24,25,23,32,55,69,140,135,132,91,57,43,33,31,20,22,34,27,31,28,38,28,33,61,77,123,170,210,140,91,72,41,45,33,53,67,85,96,96,83,94,71,59,66,79,110,157,199,162,157,119,100,86,122,156,207,201,226,205
181,186,180,193,166,162,179,189,193,206,215,207,211,206,198,165,179,215,239,220,139,117,105,99,116,134,144,151,196,185,89,65,52,34,22,32,33,56,63,52,41,32,23,20,25,51,79,124,131,127,106,56,35,38,32,19,23,27,37,34,21,25,26,33,62,87,145,165,206,140,106,44,50,38,43,42,77,82,114,104,92,70,62,67,65,94,109,142,196,169,145,127,88,105,111,138,221,207,241,216
182,181,190,186,186,158,180,200,191,223,206,213,203,230,196,186,170,196,241,212,148,108,82,97,120,134,156,146,175,181,101,72,42,37,28,26,42,53,70,45,33,33,30,16,27,45,82,115,157,148,101,53,34,24,35,21,27,33,40,28,26,23,20,23,57,93,131,196,185,149,100,57,41,46,38,49,62,91,97,103,92,83,72,58,63,84,114,145,178,177,157,147,89,100,104,167,192,222,210,221
211,177,194,179,179,170,179,202,199,213,222,201,189,224,199,164,178,198,235,223,150,106,89,98,120,128,152,158,178,164,101,77,51,27,33,29,40,54,63,46,35,23,32,28,29,49,58,128,144,144,88,68,44,30,23,30,22,45,39,30,31,19,32,25,50,81,142,195,187,141,101,61,46,45,42,49,67,78,84,115,85,78,63,66,54,71,134,159,170,176,134,145,88,109,108,140,223,195,220,200
175,218,206,192,165,155,182,194,226,205,212,211,206,184,197,182,184,203,271,206,139,121,98,100,109,147,138,172,189,179,92,60,49,36,28,35,39,61,59,33,40,38,26,35,33,40,85,99,137,131,87,72,45,30,21,26,26,35,40,34,37,22,24,40,54,89,122,181,179,151,111,64,46,33,47,56,72,67,77,93,113,77,60,68,66,91,99,160,184,183,132,132,114,103,114,150,200,217,227,212
178,185,210,205,160,157,172,201,200,206,205,210,196,210,187,165,197,216,240,197,168,125,94,100,116,119,148,186,210,141,104,61,43,44,24,32,58,50,51,56,40,32,23,37,38,52,92,106,135,117,110,75,43,34,23,23,33,25,29,31,39,37,36,35,52,86,113,165,178,156,108,83,35,39,42,52,70,89,82,86,87,84,71,77,71,78,115,129,184,181,164,120,115,93,93,129,198,225,233,212
175,156,225,195,160,169,169,234,205,213,191,199,196,207,202,183,188,222,236,192,175,135,82,103,95,136,136,157,196,187,95,67,50,35,32,30,46,59,43,57,42,31,30,26,30,51,86,101,123,124,102,65,43,34,14,29,35,32,25,34,40,28,37,33,54,74,130,171,177,140,101,65,47,40,44,61,53,77,91,104,88,64,80,58,71,96,117,151,142,183,180,120,96,86,95,141,173,243,246,227
174,179,193,197,173,150,179,211,231,199,175,209,218,196,205,155,190,218,219,173,179,138,93,86,100,151,150,179,181,134,106,73,43,38,40,38,35,56,55,55,43,33,33,26,35,43,96,106,116,125,98,56,56,22,21,25,36,28,43,27,35,44,29,29,57,81,140,153,180,159,94,71,33,39,37,53,80,68,84,98,77,77,67,57,71,89,110,169,143,174,160,138,96,92,103,125,202,233,243,229
181,195,201,193,166,182,176,207,212,206,206,187,205,204,204,185,189,223,219,213,144,132,102,95,108,119,164,192,166,144,118,61,49,41,38,39,42,43,59,48,40,37,33,29,27,58,69,130,147,104,91,63,32,32,20,18,30,38,43,43,27,28,34,31,50,79,124,158,173,164,109,67,42,37,40,44,55,96,89,96,71,81,66,52,55,93,128,159,172,168,176,116,99,88,127,138,173,221,238,221
191,213,191,194,183,170,184,188,208,187,207,208,203,198,187,177,200,228,235,210,150,115,92,100,106,126,164,187,185,141,122,62,41,30,41,39,54,45,58,57,33,35,29,31,32,58,90,106,146,131,97,58,35,27,20,18,19,45,27,38,44,29,31,40,46,81,125,153,177,141,119,63,45,46,35,54,60,68,102,96,74,79,51,59,63,91,129,151,170,170,166,133,99,81,112,152,176,217,255,193
174,184,191,178,185,188,191,195,209,186,208,206,210,204,197,166,165,242,229,188,164,120,96,102,108,136,151,170,179,163,119,56,32,31,28,45,44,53,59,50,31,31,35,29,35,56,83,119,154,117,104,50,43,24,21,16,19,32,45,39,44,37,44,42,43,82,119,149,178,164,108,71,30,38,46,42,55,97,88,95,80,78,62,53,58,82,119,159,187,174,172,127,100,87,117,129,193,228,243,232
210,189,174,186,186,150,184,197,212,219,203,199,219,191,175,177,190,195,242,203,154,123,97,96,104,134,146,201,190,161,103,78,31,24,34,41,46,55,64,54,55,26,37,27,36,56,81,98,150,117,98,64,31,34,20,18,26,29,39,37,39,46,44,48,44,91,108,152,168,178,101,69,34,37,29,50,43,85,94,81,85,80,58,60,63,95,129,139,192,179,159,162,115,79,135,132,188,235,238,194
217,179,182,195,159,160,164,207,228,220,202,184,210,217,180,177,167,222,224,204,160,120,101,91,126,120,160,182,201,146,101,64,41,22,30,37,45,58,59,60,45,44,31,29,29,57,85,125,134,132,82,56,51,31,27,20,20,26,33,47,37,38,44,46,57,70,115,170,188,148,76,69,43,37,43,39,54,79,78,91,80,68,75,45,79,78,119,138,189,160,166,142,109,95,113,142,199,236,241,202
218,170,189,171,189,169,174,183,209,227,212,168,213,201,193,180,185,210,229,182,158,125,127,93,94,134,153,182,189,158,107,70,33,32,28,34,37,57,61,63,49,45,40,41,35,72,88,109,146,119,81,51,29,24,26,13,27,26,26,26,54,34,34,55,55,78,138,154,199,128,96,60,51,43,34,35,57,71,82,80,85,81,72,52,52,96,133,174,167,148,155,136,95,106,123,134,190,223,225,237
178,197,184,188,182,156,169,176,216,217,216,206,204,210,192,169,197,194,239,220,138,127,112,110,108,127,166,180,203,159,93,58,46,26,27,40,35,47,60,64,48,43,30,35,54,71,97,138,131,112,88,47,34,23,19,23,20,24,27,34,33,33,40,39,48,101,118,163,183,156,95,59,40,40,30,38,53,50,94,94,78,87,70,59,59,80,123,183,185,139,136,140,108,111,104,141,180,216,256,226
201,184,203,183,196,157,188,173,186,224,216,195,216,206,175,180,178,217,231,195,150,125,115,109,100,129,158,177,211,142,108,56,44,34,31,30,41,49,52,71,42,37,40,37,43,80,100,124,149,109,80,54,43,24,20,22,22,25,24,32,47,29,33,50,57,82,146,150,203,145,101,66,30,37,29,37,49,61,81,104,87,80,66,58,75,89,116,157,181,165,143,124,117,98,120,130,170,284,209,198
184,205,185,182,192,180,177,201,197,210,194,228,191,184,182,194,201,200,219,191,138,125,121,113,100,110,171,195,193,161,127,71,42,24,25,25,31,59,56,57,45,41,33,45,47,76,110,124,151,116,71,69,36,21,20,25,23,17,25,36,40,34,41,42,62,91,112,165,164,158,103,78,45,32,31,36,47,74,77,96,85,65,65,68,80,79,122,140,172,160,148,124,89,104,124,129,207,218,235,219
216,196,185,189,194,164,157,219,190,206,217,193,210,184,195,163,217,195,213,200,145,125,99,116,108,96,174,173,188,156,140,70,44,34,24,33,37,42,59,59,58,33,38,35,51,78,92,143,135,126,84,51,31,23,14,20,29,22,22,33,33,35,33,51,55,64,149,173,174,145,108,71,40,45,42,39,50,69,70,107,77,66,56,84,75,87,119,138,163,179,155,111,107,93,127,151,199,196,259,203
206,195,204,195,190,164,177,198,228,208,192,200,214,197,169,198,196,211,231,197,144,113,111,109,100,105,152,190,191,187,112,66,48,25,24,50,35,52,38,56,57,41,29,29,62,68,114,151,146,113,80,43,33,29,20,24,24,30,31,22,33,34,44,45,57,74,120,162,189,141,108,60,48,32,40,37,69,69,81,84,81,56,69,69,63,105,118,146,153,165,146,119,100,103,118,155,163,231,214,216
209,198,203,196,169,164,166,218,238,216,205,183,208,204,182,197,196,193,245,172,148,125,98,108,111,121,139,182,190,183,126,77,36,24,27,43,49,55,42,58,42,43,39,29,52,74,107,145,151,127,76,54,25,24,16,22,21,25,29,32,31,50,42,34,62,73,104,148,183,163,114,73,48,35,32,46,61,85,73,80,70,66,63,54,55,103,127,161,171,151,132,121,106,111,118,117,177,213,237,230
221,209,172,209,165,167,184,196,230,208,203,207,202,195,181,220,173,225,216,173,139,124,105,115,106,130,120,185,196,168,124,83,38,17,24,36,48,54,58,46,34,32,35,37,48,100,104,145,152,115,84,43,38,29,22,24,18,27,16,30,31,38,32,39,44,83,117,149,183,159,118,69,50,34,40,44,53,70,81,88,68,62,57,60,65,94,138,168,176,148,144,118,119,97,108,150,189,191,210,239
186,201,178,204,207,148,178,188,197,230,227,211,182,176,202,200,206,203,202,195,163,121,85,103,116,123,131,171,199,172,118,90,48,22,21,34,52,53,46,44,41,30,33,42,67,65,102,139,138,118,114,51,34,24,17,20,16,27,28,23,30,36,40,37,57,79,105,146,161,151,114,79,50,38,39,57,61,66,89,90,58,70,52,60,70,92,122,149,174,192,146,116,92,111,106,142,179,201,236,244
180,180,212,212,182,165,171,196,208,201,219,186,215,224,197,204,179,202,207,198,153,129,106,90,105,114,178,190,169,159,126,94,52,35,21,32,48,48,49,50,32,36,36,35,50,79,96,148,175,136,104,54,27,28,17,22,16,24,15,35,35,30,39,41,59,88,122,135,166,156,118,68,48,41,52,53,62,60,61,94,64,58,63,68,70,66,104,165,197,174,140,141,81,102,103,134,181,217,216,244
215,158,199,215,196,152,154,183,219,199,223,199,206,207,199,187,163,214,217,180,160,141,109,76,125,125,135,164,189,161,147,84,57,35,22,30,39,54,40,56,35,39,27,31,44,81,102,140,156,147,94,55,30,39,20,18,24,24,20,29,31,35,29,39,51,79,128,170,166,142,125,71,43,41,42,70,42,65,73,77,77,60,59,66,60,72,121,156,182,174,150,137,92,82,96,153,201,213,207,215
208,185,193,195,189,155,169,188,211,208,230,207,222,208,202,210,177,192,224,199,158,141,94,101,122,126,137,160,196,191,141,84,49,27,23,30,33,54,44,52,52,36,36,29,39,65,100,134,183,138,92,59,34,23,21,23,25,28,21,32,34,26,29,30,54,87,128,164,168,125,101,64,52,45,32,61,61,67,84,71,84,62,59,48,52,85,132,144,176,168,161,111,106,80,127,143,188,213,234,221
191,206,198,198,193,165,166,193,192,237,209,219,201,212,229,178,202,194,202,204,178,115,92,100,124,132,150,159,180,186,133,86,35,32,27,28,30,56,43,34,41,41,36,41,40,57,101,145,189,138,94,45,40,22,32,13,31,25,25,26,27,35,27,32,43,85,123,153,193,147,100,63,34,35,47,47,60,80,76,84,77,63,49,67,50,79,105,128,185,178,166,119,102,89,118,129,193,242,224,191
197,192,192,191,173,166,177,200,187,209,196,190,228,203,213,197,171,195,238,202,157,129,113,97,108,123,131,166,201,159,126,85,43,29,36,27,31,59,49,60,37,45,30,31,43,50,97,154,173,158,75,66,37,32,26,21,20,33,38,24,34,32,21,32,52,78,117,154,173,159,96,59,50,34,31,50,57,64,87,88,87,65,62,46,50,77,99,131,192,193,159,127,85,86,119,152,188,234,241,188
210,204,208,186,183,154,164,189,224,223,204,213,207,191,197,183,178,215,212,187,150,147,119,105,112,139,154,181,199,173,107,73,33,34,32,47,37,38,48,70,34,38,24,40,52,51,102,147,157,167,88,47,47,20,30,26,12,34,29,31,29,18,32,32,42,84,98,157,203,148,115,55,28,44,36,45,59,71,75,93,71,64,55,51,61,69,106,152,159,195,163,128,87,96,107,151,200,227,214,195
193,223,212,160,168,173,177,207,202,231,186,216,218,205,204,186,163,205,237,192,145,117,122,125,122,126,136,179,190,160,120,65,40,29,37,42,48,47,46,51,58,29,27,32,41,58,95,140,168,146,92,72,43,38,31,19,23,21,23,38,23,22,33,37,47,76,130,175,190,153,81,64,28,37,42,51,56,71,78,78,81,61,53,34,55,72,102,154,178,177,162,127,86,99,111,158,201,206,223,198
184,196,203,185,179,182,148,208,198,209,204,212,208,189,221,161,179,208,234,207,146,134,98,116,133,125,164,160,173,178,127,72,48,26,28,33,46,57,53,59,39,40,28,29,42,46,111,135,159,166,107,62,45,34,29,24,25,34,22,25,21,31,33,36,49,73,125,177,172,152,91,67,43,42,32,46,62,61,85,78,87,61,60,48,52,57,103,147,163,190,173,134,102,81,110,140,185,229,235,207
216,187,196,187,158,177,173,184,226,203,221,208,205,204,170,207,179,218,208,207,165,130,104,100,122,134,163,159,191,182,92,75,53,44,31,32,51,44,60,48,49,37,33,30,32,78,105,139,153,149,101,81,47,33,29,26,28,26,23,22,29,30,33,41,43,74,121,156,165,165,101,50,39,44,32,44,52,77,83,81,64,63,68,50,42,68,104,135,167,192,161,130,87,88,107,134,208,226,218,227
209,197,182,197,185,156,193,197,210,227,216,199,210,179,184,204,183,214,214,204,165,132,120,97,128,132,149,185,187,160,111,80,48,28,29,41,43,60,51,49,48,31,32,25,39,70,105,120,155,144,125,74,53,26,32,33,33,25,36,22,26,30,29,28,56,86,114,163,167,159,106,60,37,37,45,49,54,67,87,82,60,67,48,59,46,61,102,125,176,202,155,125,110,75,111,131,188,203,195,250
209,213,184,181,178,171,177,194,204,191,223,238,215,182,175,177,214,197,216,193,168,127,116,98,123,136,157,187,200,167,105,70,37,27,32,37,57,69,60,36,42,32,18,34,42,53,103,128,138,159,100,89,45,30,33,25,26,27,28,36,33,27,28,37,48,82,124,163,178,145,118,62,44,36,31,51,51,74,72,77,70,73,47,57,47,65,92,139,185,161,167,136,92,101,92,135,166,229,208,218
204,203,205,185,181,170,215,166,184,204,214,220,208,182,189,201,176,229,224,196,176,126,117,98,111,129,160,186,207,172,124,66,42,29,34,42,68,40,57,54,38,33,28,30,30,60,96,128,150,161,137,63,50,32,24,29,22,21,27,42,37,24,30,37,38,75,99,174,176,168,109,60,39,41,29,39,55,73,78,91,85,61,45,43,57,63,91,160,172,183,143,138,93,92,102,115,190,209,229,224
171,209,179,211,170,183,192,195,190,187,227,209,189,200,178,185,188,193,244,215,163,152,106,113,102,151,164,189,194,163,146,69,29,46,32,42,51,62,49,52,39,34,33,24,35,65,97,116,167,133,90,95,46,36,31,24,19,25,27,35,30,36,32,37,35,59,100,153,196,168,109,69,42,36,31,55,57,60,73,86,74,66,56,45,48,56,95,145,190,169,167,133,87,74,98,127,177,216,258,217
208,179,205,184,174,158,193,193,183,216,204,220,197,207,191,203,181,219,217,201,165,138,104,117,110,95,162,192,189,186,147,86,46,38,33,40,51,74,59,43,43,32,31,29,32,60,96,129,152,147,114,87,46,34,25,20,30,26,34,36,38,27,21,29,40,70,114,154,177,175,110,65,39,34,42,42,59,67,80,82,64,67,54,52,47,61,73,162,165,189,160,132,89,101,94,122,178,235,219,222
180,197,197,184,178,182,155,193,216,201,232,219,165,200,211,186,212,213,208,183,173,124,133,112,107,118,150,176,185,176,132,89,51,22,35,42,53,57,58,66,41,33,27,27,41,51,82,153,154,149,109,78,52,33,30,24,27,23,34,37,40,25,21,33,32,69,128,157,191,169,103,50,34,30,41,49,51,81,75,57,73,80,60,62,54,58,89,133,177,182,155,128,101,86,94,121,178,224,234,223
184,192,185,186,185,173,175,160,218,209,202,238,176,205,201,199,214,208,200,200,162,144,102,122,115,140,144,184,193,189,110,90,49,33,30,41,52,58,73,51,38,32,35,31,36,61,87,133,160,149,130,70,42,33,23,26,31,31,28,31,34,31,29,28,37,84,104,174,188,155,97,62,38,22,25,36,62,71,74,85,65,75,63,61,43,66,88,137,155,173,171,141,100,78,109,114,187,197,227,226
197,196,187,167,184,174,174,190,206,216,228,185,185,202,208,217,202,207,210,187,163,128,131,123,114,137,181,175,182,181,114,67,61,41,38,39,48,67,63,55,40,27,21,24,49,54,79,134,174,147,136,85,50,19,24,17,25,31,48,32,33,26,21,28,48,79,111,156,174,163,90,59,44,30,36,37,54,57,73,98,77,60,73,38,62,73,87,149,150,139,174,130,115,74,94,140,186,212,235,211
200,190,224,151,188,172,187,177,206,216,214,203,174,195,196,174,186,213,214,211,164,122,145,112,113,133,147,170,222,157,127,78,62,54,42,33,50,53,70,51,43,30,36,25,33,44,86,133,183,153,132,80,46,22,20,23,18,26,38,40,39,31,20,33,48,63,119,172,187,160,104,51,37,34,38,35,65,55,82,77,75,66,75,51,52,63,108,133,143,154,150,128,108,87,101,134,175,221,222,207
187,202,186,179,179,184,164,173,193,235,212,231,171,189,194,183,208,199,205,207,174,138,146,136,107,138,143,181,206,177,117,91,48,57,41,40,55,52,59,67,50,34,25,28,37,56,100,140,181,150,108,70,49,22,33,18,19,20,37,44,40,31,24,19,39,64,114,178,190,161,110,58,32,35,37,44,52,62,78,77,66,89,55,56,51,62,90,134,153,152,147,143,127,83,96,123,174,227,223,216
198,173,189,196,206,161,173,181,209,188,229,225,206,174,173,226,198,197,197,187,181,149,133,133,129,139,150,178,186,195,96,73,63,64,41,47,34,49,74,71,44,31,24,20,31,57,101,157,148,139,121,68,55,35,22,26,27,26,42,37,44,29,29,25,23,70,112,167,174,170,108,58,39,26,31,51,48,64,51,87,77,65,54,58,53,70,91,129,152,152,132,137,104,100,111,117,164,216,237,199
198,181,187,203,186,166,182,173,190,211,234,224,181,171,187,201,227,209,207,186,159,152,137,134,120,141,158,185,202,147,125,70,64,55,51,54,55,52,61,66,62,36,30,31,22,71,98,134,162,145,98,66,49,47,33,33,29,22,32,41,42,35,14,25,42,55,119,170,157,185,96,50,39,28,37,45,49,52,65,87,80,59,60,60,73,47,80,116,156,168,127,136,78,79,120,142,153,227,225,211
174,203,191,196,173,169,185,160,179,195,245,226,194,182,182,178,201,240,194,185,172,156,149,125,138,134,171,182,180,171,131,83,60,50,44,49,66,66,55,68,63,37,34,34,44,53,78,109,154,142,116,72,43,38,43,31,33,24,32,38,46,41,23,16,31,57,104,172,188,153,95,64,41,36,38,48,53,63,58,78,86,72,54,48,59,70,80,112,141,171,155,110,100,107,99,116,150,226,244,224
194,182,188,192,172,190,166,172,176,203,220,226,200,181,185,176,212,228,208,186,145,169,174,111,132,137,161,187,181,171,124,101,67,43,47,58,55,67,52,69,44,55,38,43,44,44,70,118,163,131,113,69,42,31,38,36,29,29,39,37,41,46,24,24,33,61,84,158,184,145,120,58,46,36,33,51,50,59,71,61,63,78,66,54,71,73,86,104,124,171,142,113,87,83,108,125,160,226,243,214
201,178,183,180,178,169,175,179,162,215,209,260,184,162,188,182,190,210,228,202,151,155,150,157,114,148,146,158,191,160,135,96,69,46,45,40,69,62,56,55,54,56,39,34,29,53,75,116,150,130,121,56,46,39,34,31,30,24,36,42,45,48,39,29,39,46,83,136,165,150,101,76,47,32,39,39,58,64,63,64,60,64,61,69,58,66,94,105,128,138,149,110,96,100,107,130,148,205,232,200
215,174,174,188,191,153,183,162,171,179,192,230,187,165,172,174,188,212,216,198,152,153,121,137,134,120,128,148,184,167,145,89,54,48,38,51,59,61,51,52,49,49,39,32,31,53,60,84,133,120,83,71,53,41,31,26,25,32,36,33,35,44,33,22,36,50,76,127,135,129,105,70,43,33,24,34,47,65,59,63,52,66,52,52,45,62,86,99,125,124,125,91,105,107,100,103,153,175,211,212
190,134,154,167,152,143,147,137,142,165,188,199,179,157,151,158,149,191,201,155,156,123,99,93,93,103,94,113,130,134,101,65,56,38,25,40,42,29,49,37,28,30,25,30,28,35,49,60,75,83,62,47,38,32,24,18,15,18,27,16,30,28,14,24,33,40,59,82,85,99,62,63,36,35,24,29,20,23,47,49,44,50,36,43,39,41,59,70,84,106,82,76,81,84,67,86,123,172,173,170
147,124,108,110,87,100,98,121,104,102,134,149,112,121,126,123,122,108,146,140,110,96,65,60,58,55,58,56,72,75,77,46,30,22,15,13,22,22,20,18,12,13,6,13,20,14,25,31,36,34,35,28,17,19,8,2,11,10,9,12,5,13,9,11,19,28,31,47,46,42,31,27,23,24,10,15,18,12,14,13,23,25,25,17,17,25,29,35,41,56,32,40,45,37,44,73,77,127,131,140
101,76,59,54,39,56,51,51,61,64,71,78,72,79,70,73,66,77,57,64,57,52,37,28,21,23,29,21,21,37,40,13,9,7,5,5,8,5,2,8,10,2,1,9,5,3,15,11,8,16,17,6,7,4,2,0,6,7,5,0,1,3,0,4,2,4,18,12,15,8,13,9,14,7,2,6,8,5,4,5,7,8,2,3,7,9,11,10,17,13,18,21,7,21,23,30,36,62,63,73
24,18,18,18,16,10,11,14,20,27,33,32,22,27,34,25,19,40,24,22,14,9,6,7,4,3,7,7,7,4,7,7,1,1,0,0,1,0,1,2,2,0,2,1,1,1,3,1,3,2,4,0,1,0,0,0,0,1,1,0,0,0,0,1,0,2,1,1,0,0,1,2,0,0,1,0,0,1,0,0,2,1,0,0,0,0,3,3,3,7,1,6,2,5,3,6,6,18,21,30
4,2,3,1,3,1,0,6,2,8,7,3,9,3,4,7,6,5,3,1,2,0,0,2,1,1,0,0,3,1,0,2,0,0,0,0,0,0,0,0,1,0,0,0,0,0,0,0,0,0,0,0,0,0,0,0,0,0,0,0,0,0,0,0,0,0,0,0,0,0,0,0,0,0,0,0,0,0,0,0,0,0,0,0,0,0,1,0,2,0,1,0,0,0,0,1,1,3,6,7
0,0,0,0,0,0,0,0,0,3,2,2,0,1,0,0,0,0,0,0,0,0,0,0,0,0,0,0,0,0,0,0,0,0,0,0,0,0,0,0,0,0,0,0,0,0,0,0,0,0,0,0,0,0,0,0,0,0,0,0,0,0,0,0,0,0,0,0,0,0,0,0,0,0,0,0,0,0,0,0,0,0,0,0,0,0,0,0,0,0,0,0,0,0,0,0,0,1,1,1
0,0,0,0,0,0,0,0,0,1,0,0,0,0,0,0,0,0,0,0,0,0,0,0,0,0,0,0,0,0,0,0,0,0,0,0,0,0,0,0,0,0,0,0,0,0,0,0,0,0,0,0,0,0,0,0,0,0,0,0,0,0,0,0,0,0,0,0,0,0,0,0,0,0,0,0,0,0,0,0,0,0,0,0,0,0,0,0,0,0,0,0,0,0,0,0,0,0,0,0
0,0,0,0,0,0,0,0,0,0,0,0,0,0,0,0,0,0,0,0,0,0,0,0,0,0,0,0,0,0,0,0,0,0,0,0,0,0,0,0,0,0,0,0,0,0,0,0,0,0,0,0,0,0,0,0,0,0,0,0,0,0,0,0,0,0,0,0,0,0,0,0,0,0,0,0,0,0,0,0,0,0,0,0,0,0,0,0,0,0,0,0,0,0,0,0,0,0,0,0
0,0,0,0,0,0,0,0,0,0,0,0,0,0,0,0,0,0,0,0,0,0,0,0,0,0,0,0,0,0,0,0,0,0,0,0,0,0,0,0,0,0,0,0,0,0,0,0,0,0,0,0,0,0,0,0,0,0,0,0,0,0,0,0,0,0,0,0,0,0,0,0,0,0,0,0,0,0,0,0,0,0,0,0,0,0,0,0,0,0,0,0,0,0,0,0,0,0,0,0
0,0,0,0,0,0,0,0,0,0,0,0,0,0,0,0,0,0,0,0,0,0,0,0,0,0,0,0,0,0,0,0,0,0,0,0,0,0,0,0,0,0,0,0,0,0,0,0,0,0,0,0,0,0,0,0,0,0,0,0,0,0,0,0,0,0,0,0,0,0,0,0,0,0,0,0,0,0,0,0,0,0,0,0,0,0,0,0,0,0,0,0,0,0,0,0,0,0,0,0
0,0,0,0,0,0,0,0,0,0,0,0,0,0,0,0,0,0,0,0,0,0,0,0,0,0,0,0,0,0,0,0,0,0,0,0,0,0,0,0,0,0,0,0,0,0,0,0,0,0,0,0,0,0,0,0,0,0,0,0,0,0,0,0,0,0,0,0,0,0,0,0,0,0,0,0,0,0,0,0,0,0,0,0,0,0,0,0,0,0,0,0,0,0,0,0,0,0,0,0
