parameters (x,y,w,h,rx,ry):-5,0,10.000000,40.000000,100,100
49,44,51,52,50,69,56,82,64,54,68,52,56,59,67,65,64,75,75,70,98,66,54,44,49,62,85,76,65,51,34,26,21,21,23,47,54,60,54,59,50,48,41,39,35,59,78,64,75,68,54,26,11,3,2,1,0,2,11,2,6,24,23,24,28,40,51,53,63,43,53,32,44,38,38,47,38,45,76,43,52,63,52,53,58,86,94,80,80,67,79,44,47,55,51,56,58,72,63,49
101,102,125,102,109,124,155,162,160,126,125,125,118,110,112,143,142,140,170,186,183,133,123,90,98,131,161,192,161,100,85,46,44,39,75,101,113,148,149,149,122,112,110,57,77,108,140,169,168,149,119,48,19,6,5,4,3,6,9,14,19,35,42,44,51,75,110,131,152,138,117,97,84,79,93,129,113,125,148,131,119,121,100,109,125,164,193,208,158,155,110,108,110,139,130,156,154,165,147,112
102,113,86,107,97,121,166,175,145,154,130,125,98,114,144,137,130,136,174,187,183,148,105,92,104,123,172,205,176,111,82,38,34,46,58,77,113,131,165,159,139,90,110,67,88,91,129,201,189,167,124,45,13,7,4,0,3,1,7,19,17,28,28,37,63,71,102,145,157,139,120,97,82,74,91,89,136,123,170,156,125,75,85,120,134,166,218,200,177,130,112,96,117,149,124,145,165,152,146,133
101,108,103,104,89,122,143,202,183,167,128,105,104,124,142,143,119,142,174,228,185,132,90,79,93,125,191,231,177,109,79,45,31,31,50,72,93,141,155,181,146,112,91,77,66,79,111,198,225,204,122,40,10,7,1,0,0,4,1,10,10,24,29,41,70,67,111,119,144,167,123,112,77,70,83,98,113,153,191,163,112,90,92,91,129,164,206,217,205,131,104,101,94,125,134,139,172,184,135,114
125,106,98,103,99,125,139,188,170,164,109,99,118,117,141,134,132,141,194,214,198,131,90,67,85,140,176,222,189,144,59,44,28,51,40,68,83,135,155,180,176,106,82,68,68,66,126,193,232,227,113,40,9,3,1,1,0,2,2,7,8,23,23,42,50,72,93,129,163,147,130,102,93,69,87,88,110,156,169,150,117,112,89,123,114,157,193,210,234,134,116,93,79,95,122,154,176,168,150,110
115,115,81,98,99,123,118,176,184,153,132,120,108,124,134,122,129,153,179,216,192,158,84,58,91,109,161,234,219,157,86,26,25,39,52,61,91,120,151,204,171,105,82,59,68,67,98,190,244,225,120,33,15,1,0,0,1,1,3,6,12,14,19,34,45,70,99,149,137,144,127,102,84,78,76,105,113,152,186,161,130,102,82,101,104,159,201,200,209,157,101,86,80,111,133,165,158,159,145,133
112,101,100,88,96,102,140,180,181,186,127,110,114,142,133,131,114,165,204,225,194,135,90,64,77,102,155,232,234,154,82,49,25,29,53,51,80,141,188,186,175,107,78,60,62,75,108,207,253,217,122,34,12,2,1,1,1,1,0,2,9,16,23,27,37,67,102,143,170,168,114,93,71,79,59,82,136,141,174,162,151,114,68,80,107,156,188,216,213,154,110,82,90,103,129,162,181,175,148,119
95,97,93,98,92,100,136,186,179,159,121,118,137,126,132,113,148,149,204,205,184,131,91,57,76,103,181,207,239,165,89,32,17,22,43,55,80,135,183,179,159,141,85,51,44,70,140,215,237,233,101,35,7,5,3,0,1,4,0,3,8,16,19,23,46,53,79,147,166,162,137,103,73,66,69,77,110,147,183,180,145,105,84,79,112,132,183,220,214,165,109,95,83,100,159,153,174,181,147,140
113,97,86,77,87,97,150,197,164,165,135,127,130,131,133,119,129,171,201,210,183,141,92,76,73,102,173,245,241,145,78,44,16,21,26,52,87,160,184,197,152,126,91,43,39,62,137,203,266,230,103,41,9,2,0,1,2,2,3,1,3,10,10,28,36,58,93,148,173,132,143,100,81,69,60,68,108,172,178,164,136,110,85,89,100,149,187,222,208,164,96,85,91,96,137,170,166,173,162,137
125,97,92,72,81,106,168,183,184,145,121,125,133,131,153,132,113,159,187,221,214,148,101,73,58,86,161,265,252,152,87,32,24,19,21,54,84,146,184,213,152,138,53,44,34,66,123,214,251,221,130,42,13,2,0,0,1,0,3,2,1,7,14,23,31,59,94,140,162,148,140,97,81,78,65,62,108,126,172,189,161,107,103,86,96,140,197,245,212,148,95,86,71,104,115,161,182,176,166,114
90,110,86,85,85,111,156,179,201,162,118,122,124,136,153,124,138,131,180,210,223,145,107,76,63,83,172,245,274,175,73,34,24,13,37,47,93,146,192,208,164,129,68,31,22,70,92,184,281,242,138,54,10,3,1,0,0,0,1,3,3,4,11,14,43,48,89,127,176,166,117,110,82,74,58,70,100,122,163,186,173,143,84,75,99,137,195,232,236,147,112,68,83,90,125,123,185,183,151,139
116,87,86,96,99,127,141,191,186,171,118,100,138,136,137,123,135,150,198,209,219,155,105,65,56,98,150,244,253,195,78,42,12,17,33,55,88,136,203,168,179,132,63,41,31,52,108,206,248,223,156,59,18,3,1,0,0,0,0,0,1,2,13,21,32,55,97,141,146,152,144,110,83,57,59,68,83,138,175,182,188,135,87,69,98,118,190,222,232,173,116,63,79,86,113,168,179,151,153,134
110,99,100,62,85,125,159,190,212,138,138,99,132,141,110,153,133,137,201,205,251,162,91,72,61,95,155,235,245,197,82,36,15,14,27,54,79,147,214,172,156,130,72,49,31,43,116,200,274,218,143,59,17,4,0,0,0,0,1,1,2,4,8,16,36,49,92,123,145,167,139,131,91,53,63,56,79,130,166,189,202,120,95,62,98,105,164,263,212,167,119,79,61,78,134,160,193,155,140,131
112,92,94,78,82,125,147,198,189,173,120,110,132,127,130,160,137,128,182,237,219,175,100,81,65,92,160,221,274,181,83,47,15,17,21,46,91,160,206,191,157,116,69,35,39,47,110,201,251,248,136,62,20,7,0,1,0,0,0,2,2,4,8,17,26,51,92,115,134,180,161,105,103,58,64,69,85,130,163,189,174,147,96,65,74,126,187,210,219,182,116,80,69,69,104,158,186,173,158,135
95,83,81,77,97,121,172,157,188,178,125,133,116,142,137,162,110,138,205,217,224,172,116,75,57,94,188,236,226,178,88,37,17,10,30,57,92,134,198,208,173,115,74,36,24,64,101,190,255,253,145,57,16,4,2,0,0,0,0,0,1,5,7,10,21,44,73,139,161,165,145,125,97,47,79,76,72,128,187,185,171,127,88,93,77,103,186,248,211,176,132,71,57,70,98,156,183,167,168,150
106,101,74,89,75,114,161,198,200,159,127,122,97,135,148,153,140,142,208,221,212,165,113,65,55,123,172,235,233,189,96,46,13,17,19,47,94,144,197,198,192,124,59,33,40,43,103,213,228,257,129,54,19,7,2,0,0,0,0,1,2,4,10,10,17,37,85,136,168,191,159,106,68,64,56,60,86,131,162,176,166,140,90,78,63,126,178,265,212,154,115,73,44,78,94,142,186,176,191,125
93,98,83,62,92,98,173,197,150,185,130,112,101,141,169,144,131,144,186,226,208,164,130,76,69,97,171,237,266,149,97,31,14,15,20,42,83,134,214,174,207,121,75,32,32,46,116,205,273,229,161,56,17,4,2,0,0,0,0,0,1,5,2,6,25,30,87,136,163,174,166,98,66,65,63,70,88,128,163,175,169,155,98,78,69,141,184,225,221,161,112,74,53,67,104,161,150,196,178,137
95,87,82,71,96,108,175,198,174,168,125,116,137,134,170,136,145,145,175,213,249,177,111,80,63,97,147,286,238,177,92,33,10,15,22,40,85,122,193,189,224,110,66,36,23,47,115,201,274,243,137,50,12,5,0,0,0,0,1,0,1,2,2,4,20,35,73,130,180,165,164,101,82,60,52,71,85,120,154,177,196,146,109,68,71,128,171,235,208,183,112,69,66,77,92,121,196,188,166,136
91,79,74,70,91,131,186,206,171,146,107,114,128,154,157,150,127,141,176,211,222,196,104,68,54,87,151,250,270,174,80,52,13,8,16,44,78,115,176,226,199,145,69,38,30,49,117,212,242,242,137,72,20,4,3,0,0,0,0,0,3,2,6,7,15,37,52,125,170,196,143,120,82,56,64,67,75,126,165,168,174,164,102,66,64,109,196,242,210,169,102,71,69,60,93,149,182,191,186,146
81,85,71,61,102,126,177,205,178,136,123,108,116,150,167,157,149,147,199,217,193,178,121,79,67,90,142,244,255,167,102,46,17,13,20,34,80,118,167,228,215,127,82,43,49,49,110,207,268,215,128,60,19,6,2,1,0,0,0,0,1,3,4,6,11,27,57,123,176,198,154,123,67,69,57,67,77,117,159,174,189,167,83,87,67,113,190,242,227,154,114,83,53,68,91,134,188,213,186,134
85,80,70,74,74,118,166,193,192,162,129,117,112,125,166,155,158,160,179,216,196,175,124,87,58,86,165,228,260,193,75,50,32,13,17,25,77,127,192,225,194,126,65,50,42,52,97,204,255,266,135,58,21,6,3,0,0,0,0,0,0,0,1,10,6,21,56,123,168,181,161,129,77,63,57,63,72,111,157,197,170,126,108,81,66,108,188,249,222,164,88,65,64,81,85,156,179,213,195,138
107,65,75,61,89,122,168,190,200,171,121,104,107,125,171,176,142,160,182,196,229,168,134,86,69,77,161,211,273,196,113,50,15,14,20,36,65,117,197,206,185,140,72,45,33,71,95,181,264,248,149,66,15,7,0,0,0,0,0,0,0,0,0,8,13,22,60,121,182,182,163,118,96,74,56,64,84,115,154,181,164,138,96,100,78,136,181,218,229,158,112,68,57,66,104,137,179,207,176,122
107,66,68,72,76,120,161,197,191,167,120,95,133,127,199,148,155,126,184,198,206,221,135,84,69,65,161,240,260,179,114,44,24,16,17,46,45,121,174,217,194,143,85,41,43,52,107,197,262,240,155,63,18,2,1,2,0,0,0,0,0,0,0,6,5,21,68,101,173,173,170,130,102,62,55,73,76,115,174,162,145,118,123,77,108,122,171,218,206,174,127,64,73,70,89,148,183,196,180,125
84,79,54,71,77,95,157,223,204,156,102,121,116,154,156,183,136,127,179,195,219,213,134,88,73,80,156,239,268,198,97,41,28,8,19,40,72,105,169,207,182,159,90,44,38,55,95,195,265,225,154,76,16,4,1,1,0,0,0,0,0,0,1,3,7,28,63,107,161,178,169,138,79,70,61,52,72,127,154,163,168,121,91,86,102,130,186,220,223,168,121,67,74,72,92,142,200,198,170,113
91,61,57,62,87,113,153,205,216,147,124,92,124,157,176,165,143,150,172,198,231,205,137,89,48,94,161,229,245,204,107,55,19,11,22,43,70,102,177,197,233,134,94,41,35,46,103,192,269,243,154,63,22,5,0,0,0,0,0,0,0,0,0,2,5,22,70,131,168,158,161,136,108,61,49,61,70,126,147,168,165,117,111,80,96,136,178,221,228,174,118,71,70,78,97,146,196,195,160,131
86,62,72,55,94,124,156,219,200,159,97,99,112,151,173,174,140,156,182,211,210,199,127,74,63,81,156,236,275,203,103,43,25,15,22,44,68,98,189,205,190,156,93,38,34,57,107,195,254,262,135,58,13,6,2,0,0,0,0,0,0,0,0,4,8,25,56,125,170,171,144,117,104,79,66,51,68,100,151,162,164,143,88,77,105,153,186,234,197,176,117,76,65,73,86,126,185,210,201,121
83,71,50,57,80,132,157,206,203,162,106,88,110,149,180,182,158,158,167,212,231,183,123,83,72,87,160,237,273,220,97,44,19,14,17,43,58,114,212,202,202,123,77,48,41,59,107,186,247,270,140,47,16,7,4,0,0,0,0,0,0,0,0,5,7,30,47,114,161,161,156,128,97,71,66,46,75,97,149,175,188,141,97,71,98,138,179,232,205,168,108,81,62,74,79,150,173,209,174,165
108,63,52,53,65,111,153,230,216,165,105,87,103,151,189,172,165,146,193,190,226,171,152,90,75,88,136,235,263,221,94,56,18,13,23,31,71,127,193,223,176,125,85,44,34,71,98,183,269,236,157,59,20,6,1,1,0,0,0,0,0,0,0,0,6,27,57,138,139,162,167,132,84,70,53,67,71,109,145,200,173,123,109,85,77,119,186,215,221,186,117,77,57,75,90,149,174,192,191,132
79,66,63,54,70,110,162,201,201,177,95,96,104,159,183,211,163,149,176,215,225,178,130,111,85,84,127,239,268,205,113,40,24,15,23,31,83,133,170,224,182,141,70,49,39,42,104,212,262,233,148,58,20,5,1,1,0,0,0,0,0,0,0,1,10,29,64,106,139,163,147,133,108,62,59,67,55,99,149,200,177,135,120,95,91,111,181,232,214,171,120,71,57,67,93,146,177,196,173,138
85,61,58,60,75,121,159,208,217,135,108,96,127,162,173,174,162,150,157,192,257,187,150,88,70,81,151,236,264,219,93,44,18,20,24,46,76,109,198,206,179,142,87,48,34,55,110,189,276,248,129,54,11,5,2,0,0,0,0,0,0,0,0,5,10,35,45,98,124,198,162,122,91,77,55,50,75,102,154,181,172,154,97,89,83,116,174,242,214,183,118,74,38,80,109,136,172,222,189,113
96,61,57,62,85,119,152,204,208,153,96,95,101,152,209,195,147,149,169,207,213,187,156,106,64,73,141,267,252,200,117,38,20,10,28,43,77,122,188,223,182,131,74,50,43,43,105,206,269,251,141,51,21,4,1,0,0,0,0,0,0,0,4,5,14,21,57,88,143,182,159,102,96,77,52,57,80,117,138,181,147,142,105,88,94,107,185,263,224,158,130,62,56,65,104,148,187,217,164,126
84,56,62,51,80,113,174,228,183,141,113,89,101,138,184,211,179,175,165,211,227,178,158,98,75,79,168,231,255,213,109,42,21,14,29,32,85,115,181,193,212,124,81,51,37,51,121,193,262,216,149,78,16,3,1,0,0,0,0,0,1,1,2,3,15,26,56,100,147,144,152,117,114,70,68,62,77,115,160,152,143,144,104,97,105,113,170,238,247,166,105,76,62,58,100,150,165,213,177,133
92,78,62,52,77,117,150,197,204,157,118,89,105,140,195,199,169,146,188,212,216,210,153,81,79,95,145,237,275,189,100,46,25,20,23,38,75,122,173,215,208,140,80,41,32,71,95,188,261,250,141,63,21,2,1,0,0,0,0,0,0,0,2,4,9,28,61,113,137,138,143,126,96,87,63,70,68,109,136,161,144,149,112,80,103,112,173,235,242,176,104,67,67,58,89,128,181,196,175,142
87,74,53,63,62,100,170,198,194,169,125,88,106,154,201,204,167,151,161,218,230,180,140,102,79,114,156,245,268,184,97,46,18,23,19,39,66,109,181,213,222,121,69,43,33,59,114,179,254,254,145,70,17,2,2,0,0,0,0,0,0,0,1,4,10,24,61,94,149,154,140,114,83,85,80,76,75,83,140,156,176,136,122,78,93,119,173,228,241,181,116,70,61,62,93,113,173,199,182,165
105,60,61,62,73,109,140,209,225,156,104,95,115,152,169,198,192,150,162,179,225,215,141,84,57,125,160,273,245,183,99,49,27,26,20,35,59,145,171,217,209,116,89,40,36,54,118,194,234,252,137,79,12,6,1,0,0,0,0,0,0,0,1,4,6,25,50,117,143,155,117,108,92,91,68,66,85,102,136,157,141,149,123,90,102,109,162,246,214,185,136,76,64,62,81,115,154,214,187,143
104,61,49,66,66,115,168,209,186,152,134,98,113,120,201,208,171,159,166,178,260,187,155,88,80,95,164,248,264,192,95,49,24,23,27,40,65,136,158,206,196,120,81,44,35,59,113,180,266,235,146,60,17,5,0,0,0,0,0,0,0,1,1,2,7,24,47,108,147,148,130,105,84,78,72,73,94,106,132,150,136,137,121,88,102,112,162,213,228,195,109,86,55,73,89,132,175,188,213,137
116,61,44,52,70,122,156,188,205,175,128,96,116,140,206,191,165,173,137,207,209,223,128,126,67,82,147,253,265,191,95,48,23,26,24,43,63,130,184,204,207,131,81,51,39,55,116,197,282,231,125,54,17,8,0,0,0,0,0,0,0,0,1,6,4,22,61,106,129,165,113,94,93,71,86,63,99,109,126,146,157,155,100,82,98,114,179,211,218,177,119,87,53,63,99,120,197,183,167,152
122,68,55,56,66,106,184,162,209,167,130,90,120,132,197,190,163,170,163,197,214,195,151,121,61,87,142,240,278,185,107,45,36,22,25,34,62,103,189,248,184,142,72,47,33,65,129,200,250,236,124,54,20,9,2,0,0,0,0,0,0,1,5,7,5,26,49,98,144,142,126,102,99,95,87,58,79,109,134,152,149,138,108,105,91,140,150,238,206,177,125,74,59,60,98,123,170,208,165,145
116,77,58,60,72,89,157,223,210,152,103,96,101,142,186,181,180,172,175,206,217,170,165,102,79,103,124,242,248,203,117,63,33,24,27,25,66,120,189,207,219,125,76,50,41,74,97,214,258,237,124,54,16,9,2,0,0,0,0,0,0,2,7,1,8,17,52,85,114,159,135,119,102,68,76,71,76,126,127,164,135,118,124,98,103,131,179,231,224,170,124,76,43,66,76,121,182,201,184,142
115,82,56,43,74,98,159,238,196,154,117,94,126,134,176,173,178,197,191,208,219,175,148,110,88,99,130,223,250,198,128,64,30,22,19,42,80,121,174,217,176,132,88,47,36,70,113,182,291,230,122,47,20,6,3,1,0,0,0,1,1,1,0,7,17,24,34,73,111,156,147,111,99,79,78,78,80,123,109,171,141,132,113,93,103,122,198,231,218,162,106,71,57,73,96,123,162,199,184,144
125,85,49,39,70,94,158,209,237,162,116,87,111,141,183,179,171,177,192,200,226,180,140,95,79,119,128,212,250,195,158,66,28,23,24,41,78,115,175,214,200,119,78,57,32,59,108,180,288,233,141,62,15,4,3,0,0,0,0,0,2,0,1,4,16,24,46,71,120,154,136,114,87,82,69,53,88,95,147,142,158,149,116,81,92,131,196,257,241,156,92,69,57,72,92,141,163,195,166,141
107,86,50,47,57,114,161,193,224,156,123,98,110,162,188,173,180,171,168,189,229,193,142,88,77,119,164,197,245,206,152,61,33,27,26,40,70,109,189,231,174,161,76,43,43,47,114,187,269,241,157,40,11,4,1,0,0,0,0,0,2,0,0,6,11,20,55,74,113,136,135,120,96,78,75,57,78,109,143,155,138,143,117,95,94,143,198,232,231,151,102,73,51,75,86,125,166,208,181,135
118,66,57,53,70,100,169,190,206,161,143,93,107,157,186,164,190,157,165,201,221,217,141,98,84,107,156,213,215,204,127,62,41,20,21,37,76,127,190,209,193,146,89,52,37,39,108,211,268,243,153,49,12,6,0,0,0,0,0,0,1,1,0,7,11,19,43,84,143,116,127,126,87,84,68,75,75,107,146,165,150,129,126,74,99,148,201,238,205,151,97,79,66,57,92,133,184,197,178,148
107,78,54,64,71,93,150,222,192,173,123,96,95,139,176,184,189,153,160,208,232,230,150,112,89,106,154,212,238,185,136,81,37,19,24,36,75,116,187,184,202,166,68,49,41,53,95,207,259,274,117,51,19,4,1,0,0,0,0,0,0,2,0,1,9,15,51,71,124,155,129,96,100,75,58,53,77,105,146,179,155,137,117,70,92,124,196,219,238,154,123,80,55,62,64,152,183,203,183,140
103,70,59,54,73,100,136,205,210,154,136,95,110,150,182,188,174,168,153,207,236,213,156,82,94,108,158,210,239,203,145,64,33,21,27,37,68,114,184,181,203,164,78,49,47,52,123,213,274,245,133,49,13,3,3,0,0,0,0,0,0,0,1,3,3,22,37,72,117,146,122,120,88,83,63,66,68,101,139,199,156,116,105,84,99,136,190,223,217,213,102,78,47,65,75,143,182,198,198,143
118,76,47,57,65,104,161,206,182,181,113,90,118,150,173,176,204,151,157,189,222,227,154,113,68,114,168,212,256,197,138,62,35,14,24,32,78,124,196,179,201,157,79,44,39,59,123,203,259,241,144,49,9,6,2,0,0,0,0,0,0,0,2,2,12,23,35,62,106,140,138,121,86,82,69,61,75,112,137,157,166,130,109,89,93,111,191,218,228,171,128,72,57,47,106,135,175,197,194,142
118,64,58,55,59,103,157,215,217,176,119,93,81,152,173,197,171,176,145,206,214,225,167,115,80,96,167,221,244,203,119,67,29,23,28,39,63,134,192,185,179,152,91,57,33,57,101,219,287,217,139,42,16,2,0,1,0,0,0,0,0,0,0,2,15,23,37,72,88,138,135,112,108,76,57,65,74,95,151,157,178,127,123,78,85,110,198,257,210,161,118,69,57,63,104,124,187,212,181,150
104,59,62,54,70,89,174,187,221,183,119,79,96,127,174,196,182,189,149,183,203,206,164,124,85,110,138,237,252,224,112,61,26,24,31,44,82,140,189,182,175,139,107,59,36,56,96,211,271,253,115,67,20,3,1,2,0,0,0,0,0,0,1,7,14,25,40,71,99,114,117,102,126,87,61,64,88,102,132,162,145,129,109,76,91,131,195,236,229,151,114,83,57,71,101,154,168,198,177,142
98,75,65,56,65,111,146,228,210,161,121,79,95,131,179,185,174,203,172,178,234,185,162,127,87,93,160,208,241,216,130,79,32,29,30,48,71,137,151,220,180,145,102,56,30,56,114,197,247,249,149,51,22,1,0,0,2,1,0,0,0,0,0,0,6,23,47,65,107,110,126,103,106,101,66,76,96,110,133,148,150,133,95,92,93,142,167,225,222,193,102,67,68,54,103,120,209,202,181,133
123,65,57,56,85,100,172,180,210,191,111,88,99,114,152,198,170,162,178,206,200,195,163,124,92,96,175,229,224,217,123,63,43,32,33,45,84,108,171,211,193,149,102,54,34,37,116,208,277,251,145,48,15,3,1,1,1,0,0,0,0,0,0,3,7,25,37,66,86,121,137,108,94,93,67,83,90,114,132,170,143,106,96,88,101,138,188,241,224,166,114,79,59,74,92,131,155,201,196,151
111,69,45,64,88,112,148,195,216,201,92,77,113,110,171,195,185,167,186,168,183,207,180,123,110,102,167,217,242,209,125,58,48,27,32,43,72,116,187,193,193,154,107,44,26,43,116,187,265,265,147,46,16,7,4,0,1,0,0,0,0,0,0,4,12,21,35,65,96,117,137,95,96,91,68,75,73,117,150,160,146,108,95,84,90,138,196,228,209,168,123,82,58,69,85,127,169,187,181,167
100,92,52,44,74,117,136,204,227,176,122,79,91,135,155,162,204,197,163,192,185,195,161,140,106,105,161,220,250,192,119,75,37,33,29,41,88,125,178,188,206,144,90,53,27,50,115,206,274,255,121,69,22,7,3,0,0,0,0,0,0,0,0,4,8,14,36,61,101,113,92,134,106,88,56,74,79,108,154,163,154,128,92,70,99,141,176,208,227,175,117,86,67,69,103,105,188,187,181,155
108,67,51,49,80,118,165,214,215,158,120,84,109,126,140,194,179,174,196,198,178,187,166,151,105,100,158,243,246,198,102,65,44,36,41,54,71,121,149,223,195,164,87,52,26,61,108,197,278,254,127,59,23,14,2,0,0,0,0,0,0,0,2,4,6,20,34,62,87,108,98,112,104,92,71,66,89,98,164,172,156,117,109,81,87,122,167,237,229,171,138,84,67,66,90,128,160,195,195,150
115,77,55,58,84,121,154,196,200,167,131,85,94,138,150,186,174,191,190,180,186,195,134,133,114,105,156,230,268,181,110,76,35,40,44,51,81,105,168,203,205,166,111,44,34,49,122,191,284,223,152,56,22,10,1,0,0,0,0,0,0,0,0,6,5,21,28,61,97,97,118,105,96,82,61,85,71,93,142,154,162,115,99,106,93,120,148,223,223,176,139,86,80,63,87,120,161,222,185,158
109,71,61,53,78,123,151,173,234,182,131,101,81,123,151,163,196,183,179,205,209,175,160,115,106,128,143,237,236,204,107,69,46,49,53,43,76,126,168,187,208,152,98,71,36,65,99,213,269,236,134,53,17,10,1,0,0,0,0,0,0,1,1,7,14,15,20,69,96,109,110,105,99,51,76,72,84,101,144,180,140,126,103,106,107,123,168,228,197,213,140,81,70,70,82,118,165,187,200,147
116,90,60,57,73,106,158,193,221,177,131,83,93,124,172,175,179,175,175,161,224,215,157,103,97,127,161,218,231,209,128,82,42,42,44,55,85,120,174,216,170,166,92,54,47,60,115,196,272,234,147,48,20,3,3,0,0,0,0,0,1,4,1,6,5,11,24,52,85,116,126,108,82,76,69,64,78,120,142,148,149,131,107,94,92,115,167,211,207,201,135,85,64,70,109,122,158,165,190,166
127,79,51,58,60,96,145,217,249,147,114,106,101,130,142,195,172,131,197,192,202,215,171,123,90,98,180,240,249,189,125,66,53,38,51,68,71,103,190,196,193,145,98,53,44,52,121,180,269,254,156,50,21,3,2,0,0,0,0,0,1,3,6,4,8,6,30,49,86,124,112,107,74,94,60,61,77,108,130,144,143,153,118,84,117,116,157,194,218,202,131,84,64,72,85,121,149,186,186,183
116,104,71,63,65,90,149,188,235,162,127,94,99,112,160,184,183,166,176,182,200,188,187,118,99,88,182,233,246,196,124,51,59,53,50,60,65,98,179,200,200,155,95,54,46,69,114,195,260,215,142,67,27,10,3,0,0,0,0,0,1,1,2,5,9,21,25,48,90,81,130,84,99,64,67,80,85,101,138,135,129,142,114,115,110,134,165,202,217,203,126,80,57,60,92,122,160,186,187,163
124,93,56,60,59,98,158,216,220,159,140,115,83,121,128,198,176,177,170,183,190,203,171,115,93,97,164,237,245,194,128,69,66,52,51,58,88,106,165,214,219,139,97,53,49,66,132,199,254,225,125,65,24,9,2,0,0,0,0,0,0,0,0,7,9,20,23,62,68,108,101,107,66,99,64,61,97,109,138,137,144,121,109,107,106,166,164,213,211,169,117,83,53,83,70,125,159,201,189,163
123,83,71,57,75,101,133,197,209,200,131,110,90,104,141,174,202,182,175,198,222,180,152,126,102,103,148,238,262,189,101,80,66,59,43,56,79,110,181,212,197,149,100,58,41,76,122,215,255,225,143,64,24,7,1,0,0,0,0,0,0,0,3,4,7,11,41,50,65,85,107,98,67,81,80,76,89,100,150,155,155,105,96,99,134,158,175,219,221,147,107,61,80,79,78,123,150,199,212,156
133,84,64,55,77,99,143,205,216,171,145,110,86,100,130,174,196,189,193,218,167,182,164,126,107,105,175,235,239,181,121,76,64,51,44,61,91,138,168,191,197,164,97,62,52,54,122,192,280,225,124,68,19,10,1,2,0,0,0,0,0,0,2,3,4,20,29,54,56,94,98,83,81,83,61,89,91,87,128,153,134,140,106,100,111,153,198,207,214,173,95,91,64,88,96,110,181,187,186,154
118,84,82,62,63,96,136,223,196,191,136,87,101,118,151,171,184,176,181,194,204,190,149,119,115,130,162,219,224,181,143,78,49,61,54,71,83,136,173,194,178,161,104,78,42,60,118,197,257,248,146,65,30,5,5,1,1,0,0,0,0,1,3,2,7,12,29,47,79,91,95,84,82,75,64,76,95,101,129,148,151,119,117,97,134,119,192,216,193,159,131,71,87,82,92,112,162,196,166,184
116,97,68,72,73,92,132,198,217,190,119,98,102,130,159,175,162,170,178,184,240,193,143,110,121,119,164,231,217,182,129,79,48,56,67,66,99,141,168,191,162,153,111,78,52,54,122,178,276,219,139,79,27,8,2,0,0,0,0,0,0,3,0,3,5,17,24,40,78,79,99,102,85,60,63,80,80,126,145,141,126,137,99,86,120,152,194,203,191,161,117,93,85,81,89,127,171,185,183,149
98,90,65,82,78,95,172,189,198,166,135,99,111,113,152,162,179,166,198,205,213,168,142,136,115,128,183,207,234,191,132,68,74,55,72,51,93,136,178,192,214,140,108,59,48,64,125,191,263,218,154,65,31,11,1,0,0,0,0,0,0,2,1,4,3,11,28,53,63,75,91,91,85,64,61,62,101,129,130,154,122,123,92,103,103,139,186,190,217,158,129,93,88,80,99,105,163,208,189,162
106,75,77,75,79,116,153,186,186,194,133,117,110,111,148,163,171,173,189,203,192,187,146,104,132,130,149,242,226,172,118,72,61,51,69,78,97,122,197,197,194,144,110,75,51,64,125,210,258,224,139,72,17,8,2,0,0,0,0,0,1,2,2,2,5,16,29,47,81,86,77,80,75,71,75,78,83,120,116,159,119,118,102,96,99,146,185,202,197,164,144,83,88,68,87,134,130,206,203,143
117,67,49,81,83,110,138,192,195,174,143,111,101,123,148,161,170,166,175,165,199,186,156,128,120,124,167,242,231,160,110,83,70,54,64,86,98,128,174,198,202,160,104,75,48,64,122,206,254,216,160,53,28,3,0,2,0,0,0,0,2,2,1,1,9,15,37,33,59,84,80,71,76,81,78,75,98,105,124,147,139,121,96,78,78,160,172,223,210,162,138,89,71,78,83,106,170,209,182,164
123,96,53,72,82,125,141,190,203,158,136,121,100,135,137,157,170,155,206,220,200,153,181,121,119,124,178,251,231,164,119,82,56,58,59,76,97,123,189,211,198,172,109,80,42,57,107,189,264,245,151,60,16,7,4,0,2,0,0,0,1,3,0,4,4,10,34,55,70,75,83,76,70,76,76,71,78,116,127,159,138,125,89,95,87,125,203,236,221,175,94,93,81,68,92,129,165,175,181,154
117,105,53,65,87,112,145,181,205,175,127,101,124,130,155,152,161,164,183,246,193,174,149,123,103,125,194,222,227,167,118,82,60,65,70,78,100,138,181,219,200,173,108,82,43,54,95,195,268,229,158,64,24,7,4,1,1,0,0,0,1,1,2,1,7,10,22,54,71,65,87,69,65,78,68,87,86,99,135,156,130,117,109,87,89,121,191,248,216,161,115,66,76,84,86,128,171,173,170,161
129,76,64,67,86,112,143,184,200,170,143,95,125,149,168,163,138,164,186,220,210,169,154,110,126,126,179,230,249,173,104,89,65,70,66,65,111,155,166,184,183,173,121,94,60,56,109,209,248,234,153,67,24,6,2,4,1,1,1,0,2,0,1,1,1,14,30,49,71,71,85,67,75,71,63,79,83,104,122,162,125,128,104,87,78,116,205,243,202,176,117,68,69,91,90,117,159,191,156,170
124,77,68,72,68,107,150,197,185,163,124,108,118,141,172,160,141,170,183,211,206,173,158,110,101,127,155,240,244,178,125,87,70,65,69,76,128,143,157,187,190,161,117,102,39,58,130,185,246,254,165,64,22,7,3,1,1,2,1,0,0,0,1,3,7,8,23,48,63,83,71,84,62,67,60,84,87,104,113,158,145,116,105,94,108,136,180,233,234,163,107,69,66,73,104,134,137,168,193,147
114,70,72,74,84,115,139,192,184,167,144,101,111,143,170,154,174,177,191,190,217,162,141,110,102,113,159,227,242,217,117,94,82,70,80,95,114,121,163,184,191,152,129,94,51,63,110,194,280,224,155,60,16,11,3,1,1,1,1,2,0,0,0,5,2,7,27,48,64,71,74,72,74,61,59,71,82,105,135,150,161,120,95,94,107,127,195,245,197,171,115,82,68,85,96,127,167,145,187,140
113,92,67,79,84,97,146,194,185,175,118,107,124,150,154,140,160,177,203,196,211,183,145,110,79,117,178,240,217,174,153,103,66,82,84,90,105,107,175,188,206,148,112,82,58,56,95,186,268,250,159,74,26,10,3,3,2,1,1,4,0,0,0,2,2,11,27,52,53,82,60,75,78,64,51,55,77,114,135,157,149,105,98,88,98,129,204,231,192,169,111,84,76,87,101,127,157,162,170,138
125,70,76,68,85,115,144,165,202,179,133,132,99,142,149,156,177,168,190,207,205,172,152,108,99,140,177,186,218,210,153,99,62,84,96,83,103,154,168,173,199,163,117,92,54,51,111,181,252,271,157,81,26,7,3,3,3,1,1,6,0,1,0,1,4,13,25,35,65,78,58,77,62,56,59,78,68,112,163,150,148,96,97,88,111,127,176,226,209,164,111,81,79,92,118,139,154,146,171,159
129,91,91,51,80,110,140,173,186,174,126,121,129,121,152,143,165,172,187,198,216,183,146,110,104,139,175,223,219,182,147,91,79,83,89,97,97,141,158,185,189,155,139,83,49,58,112,162,263,277,167,70,36,5,3,4,1,0,2,3,0,3,0,0,1,17,31,35,61,72,66,57,69,55,45,64,90,114,142,143,157,133,87,84,97,154,190,200,207,157,129,91,85,82,88,148,169,165,149,153
117,107,86,70,66,108,142,180,191,171,148,113,124,106,139,148,155,172,187,216,197,216,146,121,114,145,181,234,212,143,134,101,95,73,90,103,92,124,169,202,176,180,141,85,58,61,99,188,263,254,166,69,27,9,3,2,2,2,3,1,1,2,1,1,4,16,28,36,56,70,59,61,56,61,46,67,90,105,150,156,149,101,77,87,93,127,189,205,205,176,128,96,79,80,86,131,160,170,168,133
114,84,91,62,91,109,164,182,193,180,116,111,125,140,127,161,150,182,183,202,194,197,130,120,112,140,188,225,219,165,155,110,79,74,100,109,101,114,169,196,168,153,144,102,57,54,109,180,277,265,155,67,30,16,4,0,1,1,4,2,2,1,0,2,8,11,20,29,59,80,67,47,47,44,69,59,95,116,133,155,131,100,94,99,104,119,164,200,234,162,112,93,84,77,96,126,158,175,180,139
113,88,74,87,82,104,145,198,184,164,111,106,113,137,147,162,148,166,197,190,194,192,160,120,85,128,161,229,222,201,125,100,88,69,97,119,107,124,148,192,185,162,130,107,65,66,103,215,259,245,153,73,29,12,3,2,1,1,0,6,3,1,0,0,9,12,14,49,62,59,54,56,48,54,60,62,84,141,137,128,136,95,87,100,109,120,162,234,218,176,115,96,78,84,89,119,136,189,178,154
141,75,82,84,78,95,151,183,214,176,122,87,111,135,158,165,155,172,163,182,212,211,158,105,104,104,147,229,256,203,129,105,83,80,93,113,106,136,170,164,194,177,131,102,67,67,119,201,236,251,155,77,26,13,5,1,1,2,0,3,2,1,2,1,3,15,19,39,54,69,51,51,60,43,50,69,107,111,129,124,137,110,93,88,95,128,195,240,217,172,113,81,69,90,101,111,141,174,185,151
119,104,70,61,82,93,160,180,208,161,120,104,106,142,130,159,166,176,163,182,213,204,153,128,81,115,170,201,221,203,152,83,82,78,109,103,126,138,146,179,210,189,133,101,72,69,131,184,276,226,162,72,34,12,5,1,4,2,3,0,2,1,1,2,9,11,31,31,47,59,63,55,47,50,50,68,91,122,125,144,114,103,80,84,115,125,178,230,197,178,131,84,65,69,110,128,151,158,187,157
98,97,86,76,74,111,131,178,229,166,119,102,132,141,145,162,176,162,179,198,202,188,170,114,87,118,156,196,238,206,147,90,70,89,96,122,120,155,139,172,206,202,131,90,71,72,106,185,261,252,145,81,38,13,5,2,3,4,1,2,2,1,1,2,2,14,26,33,52,53,65,60,47,36,50,70,75,107,134,142,137,100,82,73,124,148,185,209,196,180,126,88,65,70,117,134,150,168,188,155
121,84,81,79,90,88,143,179,193,196,119,97,112,149,134,148,163,193,181,198,198,196,149,112,89,130,165,224,211,194,141,91,76,93,92,123,131,157,143,167,206,200,146,102,68,71,103,174,257,259,168,86,28,17,4,5,2,4,4,4,1,0,3,4,6,8,21,37,42,41,56,68,63,45,33,53,89,111,127,137,148,107,83,94,109,125,185,223,201,178,122,84,74,67,101,144,153,156,176,149
118,97,83,78,91,104,129,181,196,172,128,104,94,123,144,170,165,171,195,202,181,178,170,124,96,97,166,259,223,177,135,89,71,84,108,108,145,136,156,198,189,189,127,112,90,78,108,188,235,241,186,108,38,7,8,5,2,3,8,1,0,1,4,4,4,3,21,40,37,66,50,54,58,40,47,51,65,111,132,143,140,107,89,87,96,127,173,232,215,160,100,98,77,92,96,128,163,158,177,152
122,109,89,75,86,103,145,189,191,165,132,102,102,118,126,166,176,181,196,176,187,203,152,136,106,107,165,217,240,167,145,90,75,103,99,115,116,135,175,176,188,197,133,128,80,85,112,167,262,244,198,81,44,14,7,5,4,6,4,4,1,2,1,3,6,6,12,36,38,63,60,37,41,45,47,62,71,101,120,134,132,132,84,103,80,132,182,238,204,160,111,97,71,78,103,131,151,172,161,159
140,101,106,64,61,93,133,179,185,188,144,110,113,113,129,157,175,203,184,183,183,171,172,148,108,127,153,222,221,179,142,74,74,92,103,116,111,135,138,170,226,195,149,124,85,81,102,185,229,270,188,88,33,14,12,4,8,5,2,5,3,1,2,5,5,14,21,25,51,48,47,54,40,37,45,67,66,90,121,135,132,100,102,96,112,113,175,259,182,165,117,82,88,73,75,109,159,162,170,163
144,113,90,76,61,111,125,167,200,153,139,126,113,110,136,147,176,178,184,209,205,177,176,129,109,130,166,213,228,194,126,100,74,87,114,109,107,134,145,182,219,202,164,111,87,82,100,180,250,238,190,93,37,20,10,5,5,7,8,4,1,2,3,8,4,5,23,19,40,49,45,62,54,40,39,57,71,80,121,134,111,121,106,68,109,138,194,215,198,195,113,67,91,79,86,105,148,163,190,149
143,100,97,75,75,101,118,163,192,189,131,111,119,113,107,167,162,190,191,205,213,196,144,129,106,113,166,207,235,183,124,108,82,85,100,112,129,116,151,178,221,183,163,113,92,82,112,163,248,257,184,98,56,20,13,6,6,4,5,1,6,6,2,2,9,12,14,28,41,46,42,49,65,43,42,59,61,77,103,130,127,113,101,88,114,120,171,200,218,198,127,89,65,78,72,121,130,174,152,186
129,103,96,68,71,102,122,157,201,178,132,114,111,104,127,134,176,189,191,180,209,174,172,117,116,120,170,221,244,165,132,88,83,69,100,111,119,138,167,185,212,167,146,127,103,108,101,180,231,254,196,91,51,28,21,5,6,8,2,8,5,2,2,3,3,12,18,27,36,39,42,62,41,45,50,54,68,87,108,113,125,104,103,96,104,129,163,202,221,171,122,80,87,80,79,102,158,171,156,182
122,100,100,81,71,80,123,144,181,181,128,122,110,105,131,129,170,178,197,224,190,159,159,135,117,129,148,228,227,192,118,101,83,63,83,112,123,167,171,161,189,172,152,133,100,123,104,153,217,251,183,116,52,39,32,13,10,4,5,6,6,2,3,3,7,8,13,19,37,32,55,59,47,40,41,45,58,67,92,133,107,103,111,107,109,134,159,215,194,171,141,75,92,78,71,98,138,171,173,143
109,97,76,77,72,63,105,168,168,142,119,115,111,99,126,114,143,170,207,195,184,154,133,125,128,124,154,191,209,174,146,82,77,74,83,87,109,138,155,152,153,153,159,125,80,103,128,150,210,195,155,115,70,36,25,10,12,4,5,3,5,3,3,2,6,6,9,19,35,33,37,48,42,48,32,37,48,65,96,110,97,91,96,94,108,151,159,169,168,153,127,80,82,77,81,98,141,133,174,133
75,86,79,47,54,69,71,102,118,106,91,82,81,90,99,117,125,147,129,188,167,130,115,104,97,110,143,180,165,164,126,72,55,69,51,78,84,97,125,117,121,122,124,105,66,76,100,129,178,165,132,84,63,31,29,12,12,4,3,2,2,1,4,7,4,2,11,9,18,32,27,35,44,17,27,31,23,47,57,76,79,71,72,96,106,105,134,133,146,118,99,70,65,68,69,81,117,104,110,104
40,50,45,36,30,34,46,67,67,58,52,51,47,70,60,59,80,83,100,121,102,94,78,68,55,81,104,107,102,110,71,53,45,30,32,35,46,51,72,83,72,55,72,66,54,44,50,62,121,123,90,45,40,18,13,7,1,4,2,3,2,2,2,0,3,2,2,8,14,13,18,19,19,6,11,19,21,18,32,38,39,50,44,39,48,58,97,103,88,98,40,39,44,39,44,54,54,74,76,77
17,26,14,16,11,5,18,18,20,28,27,21,21,17,22,26,34,34,46,55,56,38,31,29,31,34,43,46,50,46,17,28,22,16,11,15,21,25,43,32,27,27,20,19,14,12,18,26,35,46,34,30,9,9,4,3,2,1,0,0,0,0,0,1,2,0,0,3,5,6,10,7,6,4,3,8,3,6,13,13,13,17,12,11,16,27,27,40,39,23,18,17,17,10,20,22,23,26,32,21
5,5,2,0,2,4,4,3,4,6,5,6,7,5,3,5,6,14,10,15,19,6,9,7,9,6,7,17,12,9,6,5,3,2,4,2,3,5,16,14,7,3,3,1,2,1,3,7,14,18,9,7,4,0,2,0,0,0,0,0,0,0,0,0,0,0,1,2,2,0,3,1,3,1,1,2,2,2,2,2,1,4,3,2,3,6,1,5,11,4,6,3,2,5,5,8,6,7,7,7
0,2,1,0,0,0,0,0,0,0,0,0,1,1,0,1,0,2,1,4,1,1,1,1,2,2,3,2,3,4,1,0,2,0,1,0,0,0,3,1,2,2,0,0,0,0,0,1,1,5,1,1,2,0,0,0,0,0,0,0,0,0,0,0,0,0,0,0,0,0,0,0,0,0,0,1,1,1,1,1,0,0,0,0,0,1,0,0,0,1,0,0,0,0,0,2,0,2,0,0
0,0,0,0,0,0,0,0,0,0,0,0,0,0,0,0,0,0,0,0,0,0,1,0,0,0,0,0,1,0,0,0,1,0,0,0,0,0,0,0,0,0,0,0,0,0,0,0,1,0,0,0,0,0,0,0,0,0,0,0,0,0,0,0,0,0,0,0,0,0,0,0,0,0,0,0,0,0,0,0,0,0,0,0,0,0,0,0,0,0,0,0,0,0,0,0,0,0,0,0
0,0,0,0,0,0,0,0,0,0,0,0,0,0,0,0,0,0,0,0,0,0,0,0,0,0,0,0,0,0,0,0,0,0,0,0,0,0,0,0,0,0,0,0,0,0,0,0,0,0,0,0,0,0,0,0,0,0,0,0,0,0,0,0,0,0,0,0,0,0,0,0,0,0,0,0,0,0,0,0,0,0,0,0,0,0,0,0,0,0,0,0,0,0,0,0,0,0,0,0
0,0,0,0,0,0,0,0,0,0,0,0,0,0,0,0,0,0,0,0,0,0,0,0,0,0,0,0,0,0,0,0,0,0,0,0,0,0,0,0,0,0,0,0,0,0,0,0,0,0,0,0,0,0,0,0,0,0,0,0,0,0,0,0,0,0,0,0,0,0,0,0,0,0,0,0,0,0,0,0,0,0,0,0,0,0,0,0,0,0,0,0,0,0,0,0,0,0,0,0
0,0,0,0,0,0,0,0,0,0,0,0,0,0,0,0,0,0,0,0,0,0,0,0,0,0,0,0,0,0,0,0,0,0,0,0,0,0,0,0,0,0,0,0,0,0,0,0,0,0,0,0,0,0,0,0,0,0,0,0,0,0,0,0,0,0,0,0,0,0,0,0,0,0,0,0,0,0,0,0,0,0,0,0,0,0,0,0,0,0,0,0,0,0,0,0,0,0,0,0
0,0,0,0,0,0,0,0,0,0,0,0,0,0,0,0,0,0,0,0,0,0,0,0,0,0,0,0,0,0,0,0,0,0,0,0,0,0,0,0,0,0,0,0,0,0,0,0,0,0,0,0,0,0,0,0,0,0,0,0,0,0,0,0,0,0,0,0,0,0,0,0,0,0,0,0,0,0,0,0,0,0,0,0,0,0,0,0,0,0,0,0,0,0,0,0,0,0,0,0
0,0,0,0,0,0,0,0,0,0,0,0,0,0,0,0,0,0,0,0,0,0,0,0,0,0,0,0,0,0,0,0,0,0,0,0,0,0,0,0,0,0,0,0,0,0,0,0,0,0,0,0,0,0,0,0,0,0,0,0,0,0,0,0,0,0,0,0,0,0,0,0,0,0,0,0,0,0,0,0,0,0,0,0,0,0,0,0,0,0,0,0,0,0,0,0,0,0,0,0
