parameters (x,y,w,h,rx,ry):-5,0,10.000000,40.000000,100,100
42,34,36,42,28,29,50,47,68,76,66,50,34,25,42,37,47,56,44,32,51,33,51,46,34,34,35,57,76,73,83,45,36,26,40,52,56,71,61,48,46,56,52,42,34,24,42,44,74,83,80,46,46,26,42,59,75,61,62,49,50,35,52,39,58,28,38,54,61,87,59,51,39,27,42,55,64,69,53,36,36,39,45,45,39,40,35,49,72,78,77,50,28,34,44,55,48,58,46,39
88,77,91,84,76,72,75,107,147,195,169,130,72,61,78,112,126,142,123,87,105,105,122,107,77,61,89,115,184,208,173,116,75,51,67,120,123,155,121,110,95,93,91,114,78,63,67,108,169,223,172,138,58,59,86,130,165,162,118,115,126,96,118,80,86,55,81,96,165,164,184,110,96,69,92,105,149,153,119,94,97,100,96,86,67,65,79,110,144,187,158,97,80,55,81,124,132,140,129,103
97,68,94,80,77,61,79,101,164,197,189,118,76,62,70,93,136,135,127,118,92,103,122,96,70,70,75,114,175,237,204,103,56,61,61,82,138,177,139,107,105,105,106,82,79,48,63,85,189,242,198,115,75,44,75,125,167,167,135,100,95,112,114,114,83,70,65,95,149,196,184,114,79,77,88,117,132,144,140,99,108,88,114,89,60,56,72,90,147,229,187,105,67,48,85,115,137,130,143,126
96,75,99,73,79,67,51,92,173,193,212,138,72,38,65,96,129,167,119,104,97,104,109,103,74,59,78,110,180,226,191,121,53,48,64,90,142,166,145,112,105,95,110,86,70,51,54,81,180,242,227,136,57,44,63,118,171,161,127,122,80,117,129,103,86,59,72,82,171,207,187,114,66,59,80,124,136,152,145,112,107,104,96,89,70,42,56,78,163,202,189,142,70,41,59,106,154,163,141,111
89,87,81,83,52,59,61,86,130,235,202,152,74,42,57,77,132,165,127,96,112,120,120,92,79,44,72,97,187,264,195,105,62,46,54,99,126,179,161,119,92,99,109,85,58,67,55,86,188,241,240,117,73,51,60,109,170,191,111,104,87,115,126,102,73,49,69,99,166,238,178,117,52,64,72,104,143,159,137,132,118,86,90,91,75,50,49,92,151,204,206,131,59,27,57,103,141,175,129,121
94,89,72,83,53,42,62,108,143,225,211,126,80,42,38,81,135,137,133,122,91,103,135,97,62,55,50,86,189,256,221,117,63,23,55,106,133,169,144,102,108,85,117,82,59,51,57,106,195,248,204,144,76,39,74,108,166,159,138,115,82,114,110,122,71,57,57,98,167,236,205,106,62,54,48,100,146,156,161,103,98,109,96,92,61,65,59,86,165,233,205,117,56,35,55,86,168,168,151,119
104,90,80,73,52,53,53,102,187,206,201,149,61,43,54,84,122,151,151,113,99,120,126,99,69,48,41,99,176,269,208,143,58,29,52,106,135,170,134,89,110,89,116,88,57,42,63,106,202,232,201,136,66,46,66,89,180,168,141,108,99,108,117,104,84,52,55,105,160,217,206,124,54,51,58,82,162,167,161,109,106,99,110,79,48,64,66,101,159,222,208,101,56,34,41,82,154,167,159,128
116,78,92,59,60,47,62,85,184,208,220,145,67,33,49,68,123,129,155,129,116,100,129,118,64,41,47,102,176,247,219,143,66,38,46,89,137,169,143,111,98,105,124,79,33,48,66,103,187,256,206,134,64,70,61,95,140,174,154,124,113,109,102,116,62,58,63,89,161,236,201,125,72,54,60,83,145,173,148,115,122,109,88,87,59,46,54,107,154,236,225,129,54,34,38,78,140,154,164,131
94,107,87,63,58,50,51,92,179,220,238,148,72,41,42,74,108,146,140,139,93,120,135,93,66,43,46,100,164,233,209,144,86,50,55,89,115,147,154,123,103,102,113,104,62,32,52,91,176,224,256,152,48,44,70,97,121,165,141,125,129,105,122,96,64,44,49,82,165,229,203,137,69,46,61,82,134,167,151,126,104,114,84,84,61,48,60,84,178,230,216,129,62,36,46,87,138,171,134,123
100,88,95,81,54,38,53,94,153,209,239,143,91,37,47,80,111,136,130,138,125,109,130,94,64,52,43,83,166,235,234,156,68,41,46,84,121,150,155,130,117,100,105,98,51,37,44,94,179,231,254,156,54,42,53,98,147,160,144,126,129,104,120,116,80,45,39,95,158,228,219,128,70,59,55,77,133,173,136,123,105,92,116,90,66,46,68,79,181,235,230,120,64,29,47,95,121,154,180,108
128,93,117,83,46,38,37,75,152,237,234,150,67,49,47,68,115,128,133,120,119,128,123,95,71,49,46,101,135,238,256,145,66,29,37,78,127,177,126,129,124,108,95,84,54,41,44,94,170,243,233,162,75,36,57,101,138,151,139,145,114,105,110,93,76,45,61,80,168,205,236,134,70,53,44,90,130,166,176,106,109,89,104,75,58,52,47,99,179,243,206,131,70,26,34,85,122,154,139,110
99,110,117,72,49,37,47,85,149,256,219,165,77,38,39,77,108,150,142,92,122,122,133,92,61,30,58,84,174,256,248,155,59,30,38,86,126,134,153,135,122,100,99,85,49,38,44,82,195,244,248,146,80,38,57,83,163,160,160,100,117,116,119,91,61,42,64,80,172,231,231,147,62,45,51,83,124,173,154,137,97,100,99,90,60,46,55,85,178,231,226,154,59,30,46,72,91,155,143,140
124,107,81,79,53,31,44,75,162,232,247,168,70,39,39,74,122,145,132,118,125,124,132,88,66,33,54,85,180,232,266,144,70,42,46,70,124,148,121,132,109,116,97,91,65,36,35,78,176,283,258,148,64,29,43,100,140,172,151,121,106,104,109,94,79,42,48,97,181,216,208,160,67,51,45,78,131,160,172,126,119,117,96,81,65,27,51,89,186,244,229,131,64,30,37,68,100,143,154,155
117,97,96,87,56,29,43,84,164,213,256,159,77,41,32,63,111,158,131,131,102,135,120,98,56,42,46,83,153,264,238,164,69,28,42,85,135,156,135,92,122,125,100,91,59,30,32,72,162,268,261,163,70,40,46,79,158,191,145,111,110,93,101,91,75,51,51,82,173,225,253,112,81,34,57,75,112,157,164,125,124,90,88,96,66,44,47,86,158,263,217,123,74,38,27,60,114,153,163,136
133,98,93,87,64,29,47,84,166,222,239,161,76,35,30,69,107,138,150,125,112,110,149,105,57,39,50,75,191,235,244,159,69,37,40,69,138,136,143,124,111,116,129,86,54,30,41,63,138,291,276,158,61,32,44,93,159,152,159,132,106,92,105,87,69,61,47,72,165,244,226,159,64,47,51,88,129,164,145,124,103,99,103,84,64,36,58,96,153,262,222,143,72,29,37,60,120,135,145,121
128,131,102,71,59,34,51,72,139,246,246,163,67,36,28,64,112,150,123,134,96,115,148,113,71,29,48,72,160,258,269,151,65,40,34,74,96,146,145,137,121,130,109,100,46,40,26,67,160,287,266,157,59,40,48,99,124,168,147,131,86,117,112,81,66,48,63,85,161,236,247,139,64,40,53,95,134,178,140,125,129,103,93,65,62,39,65,83,183,230,206,163,71,34,31,64,121,128,110,145
139,129,108,62,54,35,43,74,170,231,269,154,80,31,37,70,96,126,132,111,118,139,139,103,67,27,40,84,161,246,277,142,72,32,34,62,102,147,152,106,122,143,109,113,45,35,31,70,183,275,259,164,69,34,57,91,153,159,137,109,111,111,112,78,59,32,48,90,168,248,212,173,72,39,37,93,121,178,153,143,110,109,117,54,51,41,51,100,183,227,234,136,80,40,42,58,101,130,118,140
122,136,110,81,43,35,39,90,171,242,243,149,68,38,39,64,96,117,125,120,138,128,145,104,57,37,47,62,180,276,238,155,62,35,37,56,112,135,134,102,135,134,136,85,63,29,37,71,190,285,260,148,53,36,48,89,153,182,122,109,107,112,104,76,54,37,48,83,127,251,227,186,64,47,45,71,125,151,150,145,131,111,104,80,49,46,42,81,161,257,226,153,79,40,44,68,100,145,140,125
113,91,115,94,48,25,43,87,165,257,252,142,68,28,39,66,94,115,131,137,110,124,137,110,63,37,52,65,173,264,253,153,81,23,23,57,107,136,142,113,121,141,116,102,54,46,44,79,187,270,270,160,76,22,40,103,150,158,140,111,112,111,102,64,71,39,45,81,145,246,229,179,87,43,37,86,133,156,154,133,107,113,105,77,57,33,49,76,167,240,235,139,65,55,51,65,102,129,137,149
134,106,109,89,52,28,41,81,183,254,239,170,66,24,24,56,99,119,123,135,126,128,150,102,50,46,46,70,162,252,278,157,76,30,24,47,100,150,142,125,123,125,126,85,49,38,44,68,170,269,279,157,60,43,46,89,140,160,135,123,110,119,102,80,45,34,46,80,160,259,212,175,98,32,39,83,151,156,147,146,125,110,116,75,45,35,45,90,162,244,244,157,61,43,58,74,92,129,146,115
118,141,109,94,44,24,40,70,153,275,250,158,67,27,29,48,78,136,144,120,137,131,140,105,57,47,39,80,165,272,252,157,80,24,33,45,86,132,151,127,122,157,126,100,55,39,35,79,189,252,269,168,72,27,42,82,151,162,123,123,125,122,94,84,45,32,35,86,169,248,238,138,94,40,42,84,142,154,135,144,119,98,110,85,52,24,45,92,180,250,227,148,78,41,41,59,107,142,128,120
109,141,129,96,44,32,37,76,151,274,248,187,75,34,20,47,94,120,143,123,110,152,133,119,56,38,35,84,172,263,248,145,75,33,29,46,86,121,153,131,137,135,111,108,58,35,42,83,169,282,264,140,76,36,36,68,131,178,153,118,111,118,111,81,41,30,47,87,164,246,254,145,74,38,45,87,135,129,162,137,125,115,96,79,60,33,43,96,168,236,243,148,82,38,26,52,109,137,141,99
106,124,123,101,52,26,28,67,156,222,284,180,86,30,26,50,93,135,124,133,111,158,147,83,63,35,37,84,173,273,243,135,77,37,31,58,85,138,119,139,166,135,122,98,55,30,46,86,164,258,275,170,73,37,46,76,122,176,142,123,116,109,112,80,59,30,45,84,159,249,258,156,68,28,47,59,131,166,148,118,116,125,96,89,49,31,33,69,156,275,248,161,74,20,32,50,115,132,133,127
127,131,138,93,52,32,29,61,142,238,286,202,83,27,24,53,92,111,135,116,127,141,134,107,62,32,43,90,187,249,233,136,65,39,30,64,89,103,125,134,160,139,130,96,46,29,46,72,150,295,256,154,76,30,52,76,130,144,145,128,95,128,107,103,43,32,28,78,182,261,248,162,71,32,46,65,110,157,154,131,125,117,118,89,47,24,30,82,157,234,278,161,72,26,30,42,84,128,146,125
137,152,129,91,57,31,29,61,151,246,279,188,81,38,32,59,84,109,137,121,120,140,141,103,67,45,45,81,194,242,236,140,69,46,31,65,86,137,98,152,150,127,128,100,55,27,32,82,170,257,264,187,74,36,51,75,130,148,145,129,125,110,121,96,57,30,39,82,152,284,236,162,62,44,39,78,119,150,158,143,123,111,110,85,46,25,38,82,162,264,249,162,72,31,27,50,78,117,138,129
148,140,144,102,46,38,34,74,143,246,254,172,87,45,26,58,91,133,99,128,115,167,138,103,65,26,43,108,164,266,227,169,70,44,25,55,106,126,120,129,128,131,143,103,63,36,24,79,181,260,264,171,67,33,38,59,141,147,143,134,125,109,93,93,52,30,43,91,166,241,246,159,88,46,35,71,128,162,173,130,101,110,111,79,47,27,51,92,179,258,216,163,65,33,35,61,72,115,111,126
144,132,150,79,50,25,45,71,131,259,250,192,73,42,34,55,96,133,104,113,137,132,131,121,72,35,48,88,163,265,246,166,79,32,36,44,112,111,131,116,126,138,148,110,58,35,46,73,162,248,274,166,67,39,37,75,133,153,129,157,112,110,111,100,49,19,43,80,158,257,241,180,82,49,37,73,125,144,166,135,114,114,112,68,43,22,48,74,162,248,236,163,69,33,36,56,77,109,129,131
157,135,114,105,63,33,30,63,158,238,272,185,81,50,31,44,110,118,127,99,119,124,147,100,93,43,47,78,160,246,233,173,78,41,37,37,96,133,134,116,132,131,131,124,58,42,40,69,167,257,298,153,74,38,39,63,137,133,152,139,118,142,96,82,57,20,39,76,179,257,249,156,97,32,49,68,118,141,158,123,116,107,111,78,48,28,43,103,176,237,253,153,74,36,32,43,78,113,135,138
135,122,145,102,47,44,37,60,164,260,261,161,85,42,41,50,88,142,124,100,112,120,136,119,86,50,33,82,177,246,237,161,72,50,35,58,82,123,120,128,115,145,130,115,62,24,38,64,175,287,257,180,68,32,30,76,102,173,142,133,116,112,111,81,47,34,43,85,140,254,268,178,76,51,47,64,123,148,151,137,109,107,108,73,51,33,49,94,178,243,248,149,73,28,30,45,89,102,137,132
143,155,137,99,65,27,42,51,152,268,275,171,76,33,29,53,94,124,116,121,115,130,143,106,81,44,44,78,185,234,255,149,72,51,34,57,99,131,121,112,127,137,127,117,63,35,30,71,160,265,273,184,73,31,25,55,129,157,138,150,104,127,106,87,48,27,24,87,154,244,278,171,82,40,41,81,129,155,148,108,100,117,107,96,45,34,52,87,188,246,248,147,73,32,26,43,76,121,159,119
137,136,139,93,51,27,44,59,170,257,262,172,79,29,16,58,95,128,128,112,110,143,133,108,80,37,35,82,184,246,237,163,66,40,43,61,89,150,119,101,113,141,133,104,76,28,38,71,148,282,271,189,68,29,25,49,105,183,151,138,134,121,114,76,45,30,42,56,174,275,255,172,80,36,42,70,135,148,143,116,121,110,126,82,52,34,40,72,185,250,231,152,66,42,34,43,94,107,139,133
143,161,135,84,55,35,25,78,171,263,258,164,84,36,25,53,95,136,107,122,124,127,135,116,72,40,53,86,157,240,248,159,90,35,28,62,110,132,100,106,102,141,140,114,75,27,33,56,168,305,282,142,92,37,25,64,115,158,151,128,129,124,99,78,56,29,36,77,152,270,277,171,79,34,38,83,134,133,148,113,134,124,117,73,42,24,37,82,182,244,237,153,79,39,28,41,72,121,136,143
130,151,152,94,43,23,36,86,180,245,260,165,84,39,32,49,85,129,132,135,140,107,130,96,82,55,42,86,147,231,242,187,87,44,33,56,103,132,120,120,115,130,141,102,53,40,35,54,168,294,279,170,70,33,28,77,95,142,168,141,119,114,101,86,53,20,28,68,163,286,299,153,79,36,43,72,113,156,130,136,108,137,101,71,54,30,31,79,170,266,261,162,57,26,29,46,61,110,134,159
131,145,144,101,49,30,41,61,149,243,259,202,77,31,22,49,88,125,119,126,154,141,129,113,64,46,48,81,149,218,257,178,79,34,38,67,91,125,98,117,128,147,130,104,62,26,37,74,164,259,289,180,81,37,30,64,107,128,129,147,143,116,99,94,39,27,41,71,173,265,246,164,78,37,46,71,135,134,148,132,114,106,124,72,40,40,26,99,166,279,231,153,66,35,23,41,75,107,148,162
150,135,109,116,61,27,24,74,158,252,260,170,79,42,34,48,88,124,124,132,127,167,143,116,55,31,44,80,174,263,241,152,85,35,34,63,92,119,131,88,146,143,151,105,66,36,25,68,159,275,252,193,84,26,41,55,108,144,136,128,132,139,113,85,54,34,29,92,155,260,269,166,77,40,32,76,141,124,160,142,105,121,119,78,37,40,41,96,173,254,221,178,74,20,26,48,77,87,152,153
127,134,132,106,63,32,30,56,154,251,257,171,70,37,33,48,81,120,107,116,150,144,150,114,78,37,48,80,166,237,275,146,87,32,35,61,79,121,122,135,115,144,139,113,67,29,35,66,158,264,271,170,87,35,36,65,95,153,144,137,116,121,124,91,57,28,34,71,150,258,273,173,93,39,30,94,105,145,156,114,124,131,116,79,38,26,51,83,190,268,236,152,68,39,24,39,74,107,143,148
128,155,127,89,60,34,26,61,160,258,273,170,81,40,27,47,82,109,119,124,131,162,147,106,88,46,43,89,154,225,250,180,82,39,33,53,108,118,122,127,124,148,124,112,76,34,31,66,170,279,265,160,81,48,29,77,97,144,132,135,136,113,118,97,61,30,37,68,149,253,262,169,89,45,27,70,126,155,130,114,133,121,130,72,48,31,47,89,173,259,260,131,72,37,28,50,76,122,137,155
135,148,126,90,46,29,30,68,155,254,265,189,68,34,30,48,91,108,122,123,113,146,145,122,83,50,52,69,172,223,254,168,75,33,39,64,79,133,111,139,113,134,119,108,84,40,22,71,145,279,258,176,86,50,32,64,98,148,158,123,111,129,111,104,44,28,32,63,164,242,287,163,87,40,40,77,115,142,140,141,121,125,115,58,49,35,52,76,170,263,241,136,74,31,27,44,78,139,142,137
121,130,136,98,56,25,34,75,134,239,249,182,80,48,35,51,80,130,117,108,129,139,139,141,74,46,44,86,196,249,231,155,72,36,33,58,101,152,129,101,119,125,133,128,72,42,20,66,159,269,279,175,81,37,33,58,90,146,150,151,135,116,111,98,54,29,43,62,147,265,280,165,77,43,40,74,119,145,128,132,129,108,112,94,46,22,51,86,158,257,229,179,69,34,38,47,83,135,139,145
143,119,136,102,55,23,40,59,136,226,254,206,95,41,31,58,67,116,105,118,130,142,161,118,84,45,38,97,193,263,219,163,71,33,33,67,93,115,135,115,117,134,133,119,63,47,34,75,157,261,294,191,77,37,31,52,101,141,145,132,154,110,112,99,49,26,37,82,145,223,266,188,72,33,32,76,125,146,143,116,124,131,100,72,55,37,48,82,174,235,233,190,68,38,40,51,68,114,160,130
137,130,130,100,52,27,32,70,122,257,225,208,82,57,26,63,88,106,102,141,133,138,129,134,78,45,47,79,195,259,257,136,81,26,36,59,91,130,146,113,127,134,151,102,54,38,27,70,171,289,264,182,75,35,31,50,95,147,149,145,145,112,108,101,45,21,45,83,157,253,262,152,72,34,41,72,124,141,123,100,130,130,122,81,60,39,41,97,154,242,254,151,73,46,39,48,78,124,145,136
125,140,142,96,53,32,35,53,142,264,241,179,94,48,44,49,86,107,111,129,126,152,150,120,67,44,40,96,150,261,240,166,67,31,34,55,87,139,136,129,112,137,152,89,49,29,46,75,179,237,278,183,78,34,35,69,97,147,136,142,139,145,110,75,58,22,48,93,158,265,246,155,77,47,37,74,140,140,134,111,111,112,115,98,66,23,38,97,177,238,244,148,81,38,30,57,79,115,126,130
136,131,144,93,44,39,38,46,166,235,260,162,93,40,48,50,83,99,123,96,133,155,152,123,75,47,43,93,159,245,250,154,82,41,32,45,89,132,158,132,101,135,138,115,54,33,36,83,173,270,251,164,83,36,26,70,105,137,125,145,134,133,113,86,46,24,42,86,167,248,250,157,75,37,40,76,129,150,167,113,80,97,140,95,53,24,43,93,186,258,259,145,59,37,24,48,73,118,147,130
140,124,119,117,63,28,31,66,144,237,249,170,80,51,34,48,91,102,108,101,123,165,154,118,92,29,42,80,191,242,236,167,75,31,31,39,90,135,166,125,109,133,126,121,77,33,41,81,179,276,281,152,75,37,38,58,107,137,128,127,144,131,103,90,48,29,34,66,187,265,225,161,86,42,40,70,103,147,140,123,118,112,101,109,52,37,34,80,180,243,252,166,59,40,29,48,78,93,157,141
129,133,121,101,59,31,37,62,140,253,258,175,77,44,32,54,78,121,112,118,117,146,153,132,88,32,37,86,173,267,240,148,78,35,21,48,99,138,143,140,128,121,134,96,71,38,41,69,168,280,278,151,64,27,41,57,122,137,140,120,149,136,102,79,57,24,26,77,156,267,246,168,90,33,44,66,121,145,136,121,116,131,114,85,57,32,38,105,152,244,238,160,71,40,20,48,89,97,146,153
146,150,133,84,60,21,27,68,137,271,254,183,85,41,28,51,81,128,105,113,134,147,159,141,67,43,26,94,172,246,246,173,70,49,21,44,104,141,154,128,134,132,111,114,63,38,25,52,181,282,296,144,69,34,45,65,104,154,138,130,120,127,142,65,55,28,34,79,170,246,263,169,74,39,38,63,118,130,132,121,123,132,126,77,60,25,28,87,183,235,221,154,88,42,27,52,84,127,129,119
159,159,127,90,51,25,31,63,180,215,256,161,95,42,36,48,107,102,125,116,113,157,145,145,76,44,34,97,190,216,227,177,73,47,26,31,106,151,138,138,112,124,147,106,53,43,36,73,169,274,261,189,80,38,30,57,110,143,133,122,136,134,116,96,43,37,34,79,175,256,246,186,69,34,36,82,95,143,150,120,127,114,124,94,61,26,41,97,165,271,220,150,70,35,29,43,87,111,144,128
150,153,128,81,56,28,36,66,178,230,233,160,79,64,36,58,94,110,107,126,125,136,160,144,70,44,45,81,171,266,236,158,79,36,29,50,91,132,145,121,121,120,133,117,71,35,31,80,153,266,273,188,78,22,19,63,107,134,134,136,159,114,117,84,52,30,30,60,188,260,255,178,67,44,31,91,90,122,137,123,117,107,135,107,75,25,38,69,167,242,256,139,67,40,31,44,80,118,133,129
143,149,134,91,50,32,33,50,167,247,257,167,85,34,40,63,92,128,120,116,128,149,145,118,81,48,34,95,170,251,242,152,84,26,24,54,97,117,136,143,122,151,124,106,70,42,35,69,172,280,277,170,82,26,24,54,98,153,143,152,131,108,108,97,65,20,28,69,176,270,259,171,58,40,44,71,101,118,137,119,126,127,124,113,54,27,42,73,157,256,257,167,71,27,25,51,82,108,146,128
153,144,137,105,62,30,24,69,149,249,253,181,82,41,34,58,92,106,118,133,101,164,156,137,67,49,57,83,149,260,238,149,79,34,31,48,82,142,137,133,126,159,129,102,67,45,40,78,157,275,279,149,73,38,30,50,90,154,138,143,145,106,142,81,63,22,32,84,188,270,220,164,82,32,37,65,88,139,126,132,130,115,139,96,73,33,30,64,162,280,238,159,73,33,23,41,74,116,130,126
134,134,128,107,57,30,26,66,152,236,274,164,89,35,29,58,93,103,115,122,118,163,162,119,82,37,56,79,151,233,253,150,71,49,35,40,85,118,150,120,157,129,135,104,73,32,37,84,172,267,252,169,63,41,32,47,83,135,144,145,115,139,123,89,57,47,37,88,170,252,237,175,66,35,35,72,101,131,132,129,124,120,134,87,64,35,43,74,173,241,228,166,69,35,33,44,70,83,154,150
143,117,135,109,62,33,44,56,142,246,260,198,84,30,33,55,92,119,117,117,123,157,162,105,76,42,46,74,166,259,238,178,64,30,29,55,92,118,122,122,145,152,151,97,60,41,48,86,184,264,264,149,78,33,33,52,107,122,157,122,138,138,131,89,52,39,32,86,187,262,243,164,83,38,44,62,101,140,143,131,91,136,128,95,48,31,36,86,165,241,252,158,70,42,27,51,59,108,147,150
130,134,132,93,53,36,47,68,146,245,238,179,99,34,42,50,86,117,120,123,128,135,151,131,82,34,38,70,145,252,258,175,90,25,27,47,81,135,128,121,137,139,156,111,63,40,45,97,178,255,251,177,72,37,25,50,109,131,125,137,150,148,106,93,47,33,30,77,159,265,239,185,84,27,41,65,100,161,128,130,117,141,125,74,60,21,24,93,158,260,236,169,72,36,32,40,69,117,134,141
123,139,149,96,52,25,30,64,151,243,263,167,78,41,35,61,96,128,128,115,115,142,151,132,75,29,40,71,142,257,278,183,77,41,34,47,73,128,139,130,120,138,142,116,69,45,44,79,180,295,231,163,68,44,23,48,114,136,141,142,153,137,120,82,58,26,29,71,177,246,257,178,84,34,41,67,112,148,136,132,103,141,111,88,55,30,35,82,157,265,255,160,65,35,23,38,72,128,133,123
148,138,134,99,58,32,29,67,163,241,252,158,75,36,35,58,105,116,116,131,142,124,139,126,72,50,42,60,152,259,235,179,93,50,19,44,78,112,140,122,137,146,156,124,52,37,45,75,184,256,272,154,83,38,32,62,92,124,142,147,125,124,131,73,63,33,25,79,164,232,246,196,69,35,32,65,104,126,162,137,126,119,108,91,57,34,37,67,166,285,234,165,77,30,20,46,79,115,130,124
142,129,131,103,56,36,30,68,158,247,264,178,72,35,26,48,95,130,129,127,107,140,134,125,75,43,43,80,159,253,248,153,92,46,27,46,86,103,134,115,135,158,152,124,57,36,41,79,177,272,255,148,85,44,40,51,105,139,140,126,124,125,123,90,59,38,27,102,172,234,256,186,69,35,33,63,95,125,157,133,130,122,125,98,56,26,30,79,169,282,239,170,76,31,24,39,93,120,113,137
135,141,126,108,62,31,34,51,147,261,257,172,77,31,31,54,86,122,159,119,110,123,147,127,79,50,51,74,155,255,267,152,83,39,31,57,73,127,120,112,114,146,168,133,59,30,38,86,164,291,258,159,71,44,32,63,96,160,136,120,128,134,106,91,76,46,37,70,171,252,250,170,78,42,40,71,96,139,133,135,128,103,120,81,63,39,25,77,160,254,246,165,74,31,30,50,84,93,143,121
128,139,147,100,53,30,36,71,156,250,231,171,92,38,28,45,107,154,127,111,113,123,125,116,87,51,42,74,155,253,257,143,88,36,40,59,82,118,113,96,117,144,161,128,82,45,38,74,176,281,283,151,71,33,29,65,109,127,135,125,123,126,123,89,83,43,42,67,161,238,268,170,84,39,36,79,108,128,126,144,121,121,123,83,59,29,27,92,163,247,252,150,62,40,30,57,87,100,141,125
120,133,143,95,55,29,28,74,119,249,259,186,77,36,27,55,124,121,122,113,116,138,138,118,86,47,32,69,182,242,243,166,92,49,35,57,100,116,98,110,115,133,157,119,88,43,26,82,170,252,311,168,58,26,40,81,105,141,111,114,147,115,113,115,59,29,39,89,144,239,280,184,71,35,50,66,106,140,144,118,105,132,128,84,57,34,31,74,171,246,242,158,77,46,35,49,90,114,123,142
121,135,128,98,75,33,37,54,162,241,241,173,86,34,33,48,88,150,130,113,120,122,136,116,95,50,46,85,146,246,250,170,82,37,42,63,106,102,108,114,113,156,173,120,93,40,23,69,179,253,291,177,68,36,32,68,105,106,140,117,154,111,142,99,59,42,36,78,167,244,262,160,81,42,43,68,114,137,130,126,134,119,118,87,49,23,30,71,184,229,255,154,77,42,37,63,89,117,118,127
128,131,137,89,68,44,28,59,148,250,247,150,88,35,28,63,95,126,113,114,145,149,135,113,76,50,45,85,158,212,263,183,77,44,38,59,99,115,116,113,107,138,158,139,65,38,32,89,162,254,274,171,71,37,34,54,90,133,131,130,144,115,130,105,62,30,47,80,157,249,254,152,75,52,41,75,117,137,117,129,131,100,128,96,42,24,36,72,153,245,240,188,80,48,25,61,82,123,124,110
133,129,132,100,56,43,41,67,168,243,232,142,79,46,26,75,105,111,125,98,132,138,149,120,83,38,37,91,155,227,246,159,85,40,35,75,76,115,137,110,120,153,161,145,73,32,33,75,181,273,249,179,71,29,30,62,96,118,151,112,139,135,138,112,52,21,52,91,166,265,247,143,79,45,43,65,93,140,157,149,106,129,111,90,56,28,37,69,148,221,247,170,87,52,27,48,103,123,112,110
117,112,123,114,60,43,29,87,156,253,236,157,71,43,33,43,108,113,114,119,118,148,177,115,83,43,36,85,149,244,262,164,72,53,47,50,97,123,102,121,115,154,160,125,85,51,34,67,164,261,299,154,71,18,30,66,103,118,124,138,142,141,136,92,55,20,46,99,177,268,210,152,67,39,47,58,102,154,143,148,96,99,125,96,51,36,30,90,168,241,257,155,74,43,36,49,116,124,109,121
124,118,124,104,61,41,35,82,160,240,242,151,83,35,25,63,96,127,103,113,126,159,150,124,87,37,36,79,165,263,247,163,65,31,37,61,75,121,110,105,149,135,148,127,84,46,43,72,165,272,282,159,72,30,36,66,123,110,109,118,140,160,144,96,54,31,36,89,165,287,220,137,68,39,49,60,90,144,157,121,122,110,121,104,58,25,32,97,178,231,224,147,83,44,32,58,97,125,125,108
119,138,118,96,67,40,39,78,169,222,243,156,80,45,41,54,79,106,149,109,134,132,146,122,94,44,43,91,151,263,245,130,73,39,34,68,92,108,104,127,131,144,157,116,87,53,27,84,171,266,270,159,74,42,43,88,85,153,117,111,114,145,143,106,60,29,33,76,183,253,238,139,78,39,43,61,102,129,141,141,118,133,119,98,48,26,34,74,158,259,238,150,78,48,37,53,89,113,112,129
135,111,131,96,52,35,38,74,146,234,238,163,78,54,35,61,79,106,126,122,140,127,151,127,79,56,36,69,152,269,253,132,81,40,42,63,98,102,101,104,135,142,144,150,74,51,36,82,170,264,260,155,71,49,41,74,111,119,135,116,117,145,148,96,61,34,38,85,178,231,234,162,73,47,42,55,102,136,144,129,123,144,139,82,42,37,30,75,175,230,230,158,86,57,35,60,81,122,119,118
133,105,132,76,67,33,40,62,162,213,273,152,87,56,45,52,94,122,116,134,115,137,147,130,82,47,44,75,176,246,266,148,81,39,25,51,107,113,105,97,128,163,148,137,82,47,37,76,161,266,280,162,70,47,46,61,107,122,134,122,130,134,143,114,62,33,37,84,151,256,245,149,60,57,46,59,96,134,138,133,117,125,146,97,36,40,31,75,152,245,230,158,87,45,38,54,84,111,114,141
147,121,138,72,53,37,44,71,174,226,214,162,80,48,32,66,112,102,106,105,132,131,157,123,87,55,51,84,164,228,238,162,78,57,29,58,103,120,102,117,100,153,183,126,94,43,32,69,166,271,260,176,77,46,34,63,104,128,116,119,145,147,138,122,56,34,37,88,157,237,234,148,73,40,36,62,114,130,142,113,104,152,123,100,60,31,41,79,167,241,237,152,72,37,30,47,115,107,118,136
117,139,132,86,49,47,36,58,154,222,236,175,80,40,34,70,98,96,118,130,129,125,154,100,94,59,52,84,137,222,256,161,85,55,43,61,92,115,109,98,106,137,184,151,85,42,36,77,168,249,259,179,73,48,32,59,106,137,143,119,126,135,157,124,49,30,37,83,157,228,261,174,70,38,42,58,100,142,122,124,123,139,136,105,58,32,42,86,168,242,226,155,70,40,31,50,88,133,129,113
109,133,135,88,58,37,38,63,159,217,219,173,83,41,44,53,88,137,110,106,116,150,150,153,76,65,27,82,156,250,242,150,76,50,34,66,93,113,104,102,116,142,182,143,86,49,40,71,179,231,253,175,96,52,46,78,91,116,135,119,112,122,179,115,59,30,32,66,182,239,233,158,83,51,40,55,114,136,127,123,122,139,137,96,55,40,26,74,175,236,233,156,66,43,36,58,87,118,121,112
116,135,133,90,65,27,40,49,125,257,216,186,83,41,25,72,90,116,114,128,104,134,151,146,72,58,48,96,147,228,279,127,76,46,43,62,96,120,124,97,106,159,161,138,90,43,33,76,156,270,282,154,80,38,47,76,110,118,121,123,131,130,146,127,62,34,31,73,143,260,240,159,75,49,52,69,92,139,132,102,129,148,125,102,68,37,29,73,162,230,249,159,85,32,41,53,98,117,128,100
117,124,148,92,69,25,34,60,151,207,269,188,72,45,34,50,108,107,118,104,115,147,137,133,96,42,57,81,169,231,231,150,82,49,38,76,114,111,97,117,107,142,162,141,92,42,45,91,174,256,251,169,75,43,46,81,112,119,131,109,121,123,146,118,81,42,36,74,149,231,247,149,70,49,47,70,126,112,119,130,110,120,132,99,64,35,44,85,156,250,238,143,79,40,30,53,85,129,115,111
123,121,130,103,62,35,27,64,143,237,228,170,97,44,36,58,79,125,118,126,124,137,155,110,82,64,53,83,169,255,229,147,72,32,28,77,102,117,124,110,108,147,174,123,83,42,46,80,167,257,253,176,71,42,51,72,103,137,115,122,115,133,140,109,77,47,29,76,169,227,256,171,82,39,40,66,119,135,122,106,124,140,129,91,68,36,52,86,162,241,210,152,76,40,26,54,98,111,120,94
121,122,132,104,54,29,30,71,132,214,248,161,83,51,44,46,90,127,126,101,110,156,138,138,79,44,52,81,160,247,246,151,86,37,29,56,105,127,122,114,104,137,160,151,96,36,28,75,167,262,284,173,61,54,40,79,114,112,124,106,119,133,132,120,81,53,43,62,129,229,252,164,100,40,40,63,119,120,127,111,134,134,122,113,68,39,48,80,148,237,243,128,78,42,32,66,98,109,117,101
120,123,143,91,60,36,36,72,128,236,234,170,82,52,37,52,90,132,112,99,125,147,152,123,74,57,41,77,165,244,248,151,76,37,40,67,103,108,124,110,121,133,175,147,87,50,38,69,158,252,257,166,97,28,50,72,106,138,120,118,129,131,140,119,79,41,42,62,140,221,260,177,92,55,47,51,117,117,119,123,123,142,146,111,58,39,37,79,144,242,236,160,61,36,34,49,87,118,107,118
126,146,116,108,53,36,47,66,127,236,255,157,94,37,40,63,96,123,107,104,118,161,152,111,89,54,50,77,155,233,234,161,83,48,44,55,108,118,114,101,122,147,179,164,83,41,51,69,152,238,264,190,94,41,30,74,103,128,135,102,132,139,154,106,77,29,40,61,139,207,286,191,82,52,45,68,93,118,136,115,136,132,143,103,62,45,47,80,163,207,245,151,63,47,38,61,95,98,112,112
121,135,139,108,55,38,36,71,135,215,226,181,87,41,36,47,93,118,100,115,108,146,144,140,90,40,52,85,153,260,186,182,75,49,39,64,100,124,118,106,120,151,167,128,87,52,45,67,141,244,278,173,72,28,44,68,109,135,122,124,134,122,156,119,64,30,34,53,143,250,231,156,98,55,42,65,91,123,144,117,114,119,136,132,78,40,30,77,151,227,246,160,79,41,31,66,91,95,109,122
129,146,121,82,61,36,49,62,131,207,245,176,96,43,54,56,103,99,98,117,104,149,165,121,79,51,45,83,164,230,216,158,101,47,31,70,91,112,115,129,120,153,172,161,89,53,43,64,163,259,263,169,76,30,47,61,104,141,121,123,136,130,142,127,67,38,31,57,130,246,261,171,95,56,50,63,89,137,118,129,106,131,140,129,75,33,44,68,136,253,229,166,77,37,42,52,79,103,117,112
118,146,148,93,46,41,46,76,125,228,216,166,90,46,44,73,90,96,105,93,115,147,156,125,85,56,52,79,133,231,226,185,82,60,36,64,94,124,126,122,117,145,162,150,102,58,44,73,146,265,240,169,87,52,42,60,101,128,126,128,95,153,155,105,73,40,28,66,127,229,269,184,88,53,42,65,95,114,140,99,101,132,135,147,89,39,47,58,156,239,248,155,65,54,39,49,70,107,113,115
142,143,129,96,67,45,46,65,153,218,216,154,102,48,55,64,77,97,95,91,108,138,178,140,98,48,62,61,132,209,274,185,76,44,41,62,90,140,107,103,126,122,171,167,109,60,38,54,178,270,250,155,87,42,51,66,90,122,118,131,121,138,142,134,79,42,25,62,148,238,228,186,79,46,39,74,92,120,120,112,117,159,124,140,96,35,30,64,161,255,232,129,75,54,46,54,70,119,110,91
111,133,127,109,64,42,31,74,145,215,225,149,92,48,49,61,101,101,99,73,123,149,153,149,95,55,36,60,148,231,262,157,82,46,47,60,97,111,119,108,123,149,154,138,110,66,40,69,160,241,267,177,75,48,42,72,94,119,105,132,128,125,147,120,75,55,39,56,126,245,253,152,88,53,48,79,91,114,98,111,115,154,149,136,73,49,42,65,154,214,246,150,77,47,38,48,76,101,122,114
122,122,132,98,79,41,37,81,128,185,231,174,89,44,54,62,100,90,106,97,90,137,166,148,93,59,41,62,139,232,244,178,81,50,50,68,94,110,137,98,133,153,145,154,98,65,47,66,149,243,259,186,77,53,56,64,93,103,129,126,109,151,140,123,67,50,45,74,134,226,223,165,93,54,53,66,92,109,105,102,115,153,163,125,83,49,45,73,162,216,228,155,83,40,37,52,97,93,107,99
102,128,126,122,65,53,42,65,137,186,222,183,77,60,49,66,90,120,92,84,112,139,166,142,105,59,43,78,154,204,259,162,79,63,51,73,103,98,117,119,127,146,176,161,75,56,40,62,140,248,254,191,86,54,57,68,98,115,102,128,119,133,151,142,84,42,42,86,142,234,203,159,95,70,58,68,101,97,107,103,123,158,150,125,87,56,45,83,154,212,228,145,83,57,34,58,86,114,101,95
113,128,133,127,84,44,37,68,115,189,198,197,89,65,56,76,84,90,90,106,100,141,152,139,106,58,46,73,131,211,260,159,82,58,63,98,93,109,98,105,125,150,178,158,90,54,41,61,149,253,249,172,96,36,52,79,92,106,123,115,127,141,161,133,83,36,43,67,156,217,226,148,80,48,66,83,88,114,101,104,131,128,158,142,90,56,50,82,140,229,223,122,96,63,40,56,81,113,116,90
112,124,145,133,73,43,41,67,127,204,193,149,87,48,69,82,93,95,95,86,100,136,147,171,101,56,55,82,134,218,216,179,94,56,69,70,101,122,93,120,109,131,174,148,99,63,40,64,153,250,243,182,76,41,54,73,90,119,116,107,115,119,169,134,91,43,49,75,127,205,225,176,86,59,53,74,116,100,115,110,123,126,162,129,92,54,62,74,148,200,205,155,93,55,55,59,78,108,93,109
111,145,126,96,87,43,44,66,128,191,239,137,92,63,50,77,93,103,109,82,103,122,176,121,105,57,50,100,137,194,208,161,99,74,64,75,98,139,99,111,130,137,146,171,110,79,57,61,163,243,272,159,77,46,36,82,120,133,86,110,111,141,139,137,98,59,39,71,129,192,239,147,91,59,48,92,101,107,107,111,119,138,162,138,78,58,57,74,156,198,172,159,96,71,44,88,79,91,105,97
107,119,143,113,80,44,55,62,144,194,204,137,88,50,58,73,108,103,82,112,96,116,155,130,102,72,48,94,142,201,211,149,102,62,71,76,102,117,113,108,107,143,154,145,126,78,60,67,156,228,241,181,97,54,57,70,101,123,85,85,135,138,157,118,103,57,49,67,128,198,225,166,94,57,42,89,112,123,92,91,122,142,161,120,97,64,53,75,128,217,190,147,84,61,60,69,91,112,87,106
89,124,126,121,92,61,50,76,128,156,213,145,97,67,57,73,90,114,97,83,98,121,144,125,106,75,54,90,111,185,199,138,94,73,83,92,93,117,112,109,103,148,153,133,133,60,61,61,127,245,238,178,93,58,71,70,77,126,100,85,93,128,166,138,87,60,54,60,130,174,233,172,88,54,46,72,126,110,96,95,99,142,134,139,96,74,53,79,136,141,201,147,113,66,69,62,90,113,103,89
96,118,120,93,80,58,47,74,100,146,159,144,90,67,66,70,83,105,92,89,89,98,123,123,103,67,60,82,119,150,179,149,89,60,62,88,102,126,100,92,104,138,140,118,101,71,60,49,126,215,224,154,101,67,54,75,96,103,92,84,81,103,161,136,81,64,45,68,108,187,182,163,86,62,44,59,91,119,107,85,95,130,151,103,97,62,56,70,120,149,158,144,101,66,62,70,99,84,90,71
60,88,79,80,56,56,42,53,103,110,128,109,79,56,50,58,81,69,77,74,66,72,100,99,66,63,46,74,95,145,129,114,67,71,46,59,66,102,74,78,73,93,100,85,77,52,41,51,90,136,176,139,95,48,49,53,86,79,75,60,72,88,101,103,76,37,38,55,89,136,153,115,76,63,40,52,84,64,62,76,79,106,95,79,75,53,34,61,88,103,143,120,84,54,38,59,66,72,60,59
28,58,46,44,33,24,32,32,60,71,96,70,57,23,29,42,50,45,49,40,35,47,66,55,41,44,30,46,59,69,86,65,41,40,42,32,53,58,56,40,41,51,45,48,30,33,27,25,63,91,112,76,56,37,28,19,51,54,43,37,34,43,62,60,43,26,22,16,57,76,95,79,57,25,34,32,48,33,32,44,37,60,46,45,42,27,19,28,53,74,85,60,45,29,19,34,36,37,22,42
18,20,26,21,9,10,7,15,23,37,48,25,23,23,13,15,22,23,10,17,15,21,28,20,15,18,13,16,26,28,29,34,18,10,13,20,16,18,24,26,21,19,19,18,14,12,11,9,21,41,39,31,33,15,14,9,14,24,16,9,12,19,14,17,18,13,12,13,21,27,39,28,29,14,10,12,13,16,14,15,16,13,14,20,15,19,2,8,21,32,25,19,18,17,9,15,6,17,12,11
5,4,5,5,2,2,2,5,4,12,7,2,6,6,4,5,3,2,1,1,3,2,9,2,4,3,4,3,4,7,7,9,3,6,1,1,6,8,10,3,4,4,10,2,3,1,1,2,7,8,11,5,8,2,3,6,3,1,4,5,2,4,4,1,2,1,2,6,6,5,9,12,9,5,3,0,1,3,1,3,2,5,2,1,5,2,0,2,2,3,5,8,6,5,6,0,1,1,1,4
1,0,0,1,0,0,0,1,1,4,0,1,0,2,0,0,1,0,0,0,0,0,2,1,1,1,0,0,2,3,2,1,0,1,1,0,2,0,2,0,0,0,1,2,0,0,0,0,2,1,1,2,0,0,1,0,1,0,1,0,1,0,0,0,0,0,0,0,1,1,0,1,1,1,0,0,0,1,0,0,0,0,2,1,0,0,0,0,0,0,1,0,0,0,0,0,0,0,0,0
0,0,0,0,0,0,0,0,0,0,0,0,0,0,0,0,0,0,0,0,0,0,0,0,0,0,0,0,1,0,0,0,0,0,0,0,0,0,0,0,0,0,2,0,0,0,0,0,0,0,0,0,0,0,0,0,0,0,0,0,0,0,0,0,0,0,0,0,0,0,0,0,0,0,0,0,0,0,0,0,0,0,0,0,0,0,0,0,0,0,0,0,0,0,0,0,0,0,0,0
0,0,0,0,0,0,0,0,0,0,0,0,0,0,0,0,0,0,0,0,0,0,0,0,0,0,0,0,0,0,0,0,0,0,0,0,0,0,0,0,0,0,0,0,0,0,0,0,0,0,0,0,0,0,0,0,0,0,0,0,0,0,0,0,0,0,0,0,0,0,0,0,0,0,0,0,0,0,0,0,0,0,0,0,0,0,0,0,0,0,0,0,0,0,0,0,0,0,0,0
0,0,0,0,0,0,0,0,0,0,0,0,0,0,0,0,0,0,0,0,0,0,0,0,0,0,0,0,0,0,0,0,0,0,0,0,0,0,0,0,0,0,0,0,0,0,0,0,0,0,0,0,0,0,0,0,0,0,0,0,0,0,0,0,0,0,0,0,0,0,0,0,0,0,0,0,0,0,0,0,0,0,0,0,0,0,0,0,0,0,0,0,0,0,0,0,0,0,0,0
0,0,0,0,0,0,0,0,0,0,0,0,0,0,0,0,0,0,0,0,0,0,0,0,0,0,0,0,0,0,0,0,0,0,0,0,0,0,0,0,0,0,0,0,0,0,0,0,0,0,0,0,0,0,0,0,0,0,0,0,0,0,0,0,0,0,0,0,0,0,0,0,0,0,0,0,0,0,0,0,0,0,0,0,0,0,0,0,0,0,0,0,0,0,0,0,0,0,0,0
0,0,0,0,0,0,0,0,0,0,0,0,0,0,0,0,0,0,0,0,0,0,0,0,0,0,0,0,0,0,0,0,0,0,0,0,0,0,0,0,0,0,0,0,0,0,0,0,0,0,0,0,0,0,0,0,0,0,0,0,0,0,0,0,0,0,0,0,0,0,0,0,0,0,0,0,0,0,0,0,0,0,0,0,0,0,0,0,0,0,0,0,0,0,0,0,0,0,0,0
0,0,0,0,0,0,0,0,0,0,0,0,0,0,0,0,0,0,0,0,0,0,0,0,0,0,0,0,0,0,0,0,0,0,0,0,0,0,0,0,0,0,0,0,0,0,0,0,0,0,0,0,0,0,0,0,0,0,0,0,0,0,0,0,0,0,0,0,0,0,0,0,0,0,0,0,0,0,0,0,0,0,0,0,0,0,0,0,0,0,0,0,0,0,0,0,0,0,0,0
