4.72581,0.388934
4.62907,0.571202
4.57596,0.746227
4.41018,0.860987
4.30947,1.04749
4.28879,1.27227
4.30156,1.473
4.41232,1.6284
4.42145,1.82527
4.41428,2.02617
4.54792,2.18364
4.68665,2.32707
4.65809,2.52835
4.78402,2.69435
4.87587,2.87451
4.86606,3.10391
4.75361,3.26813
4.71949,3.49143
4.65467,3.67574
4.67038,3.87825
4.83169,3.99683
4.76734,4.19302
4.72479,4.39762
4.82445,4.58635
4.79612,4.79587
4.96577,4.90082
-4.97006,5.08489
-4.95695,5.29284
-4.94743,5.4952
-4.94855,5.70533
-4.92864,5.9176
-4.891,6.12107
4.93568,6.23879
-4.90325,6.35394
-4.95824,6.55675
-4.97166,6.75882
-4.89602,6.94166
-4.94234,7.13831
4.90745,7.2759
4.78536,7.44674
4.86928,7.64193
4.78169,7.8233
4.89928,7.98189
4.93409,8.20153
4.97363,8.40402
4.9982,8.59058
-4.86925,8.75657
-4.76849,8.94134
-4.74848,9.14179
-4.84173,9.31191
-4.78045,9.50399
-4.68361,9.68285
-4.54549,9.83585
-4.55486,10.0428
-4.6203,10.2349
-4.74233,10.4143
-4.53493,10.4041
-4.49599,10.6022
-4.56669,10.7865
-4.59935,10.9906
-4.51094,11.1791
-4.53533,11.3858
-4.53981,11.6025
-4.50295,11.8005
-4.42566,11.9875
-4.34651,12.1774
-4.2579,12.3643
-4.14645,12.5397
-4.22276,12.7193
-4.10588,12.897
-4.0983,13.1005
-4.21069,13.26
-4.05857,13.4001
-4.10743,13.603
-4.11864,13.8
-4.12339,13.9983
-4.15093,14.2158
-4.28052,14.3623
-4.36716,14.5574
-4.24375,14.7007
-4.26898,14.8894
-4.2882,15.0866
-4.23431,15.2829
-4.34562,15.462
-4.4169,15.6569
-4.50997,15.8205
-4.58381,16.0065
-4.53911,16.2069
-4.33536,16.2194
-4.43767,16.4078
-4.35119,16.5844
-4.26747,16.7545
-4.35874,16.9441
-4.29786,17.1375
-4.22898,17.3229
-4.40175,17.4124
-4.38597,17.6173
-4.42432,17.8103
-4.51064,18.0109
-4.48227,18.2239
-4.42528,18.4211
-4.42886,18.613
-4.41088,18.8238
-4.56361,18.9453
-4.65277,19.1336
-4.51984,19.2894
-4.44089,19.4717
-4.27844,19.5886
-4.3759,19.7563
-4.32782,19.9495
-4.34521,20.1523
-4.24098,20.3262
-4.32557,20.5068
-4.18115,20.6457
-4.05945,20.8065
-4.01919,21.002
-4.02936,21.2074
-4.06246,21.4092
-4.14216,21.5906
-4.08081,21.7746
-4.23983,21.9025
-4.1857,22.1125
-4.2041,22.3048
-4.22249,22.5262
-4.19267,22.7332
-4.14454,22.9463
-4.11626,23.1336
-3.95325,23.2805
-3.96991,23.4939
-3.86269,23.6778
-3.82842,23.8945
-3.75309,24.085
-3.94683,24.1546
-3.81082,24.2939
-3.77885,24.4858
-3.687,24.6505
-3.5155,24.7614
-3.42682,24.9406
-3.32662,25.1163
-3.34998,25.3232
-3.38868,25.5365
-3.38459,25.7376
-3.38873,25.9332
-3.30159,26.1386
-3.34475,26.3381
-3.41009,26.5333
-3.31881,26.7197
-3.32356,26.9378
-3.33977,27.1552
-3.37195,27.3615
-3.29606,27.5573
-3.22547,27.7402
-3.18295,27.9366
-3.27292,28.1164
-3.33174,28.3106
-3.24836,28.4993
-3.28268,28.7057
-3.34216,28.9033
-3.22726,29.0731
-3.11549,29.2483
-3.15489,29.4507
-3.17992,29.6399
-3.32637,29.7597
-3.35246,29.961
-3.25721,30.1529
-3.06951,30.2743
-3.09247,30.4694
-3.14429,30.6928
-3.10638,30.8817
-3.07401,31.0737
-3.07396,31.2672
-2.93251,31.4274
-2.73136,31.4796
-2.73508,31.6785
-2.78781,31.8668
-2.88474,32.0554
-2.99944,32.2493
-2.92488,32.4209
-2.85938,32.6141
-2.92078,32.82
-2.88781,33.02
-2.84167,33.217
-2.70136,33.3526
-2.81211,33.5265
-2.90668,33.7083
-2.77775,33.8618
-2.87342,34.0386
-2.85267,34.2487
-2.74888,34.4469
-2.63133,34.606
-2.70725,34.7918
-2.74217,34.9899
-2.78704,35.2017
-2.81484,35.3974
-2.93359,35.557
-3.03496,35.744
-3.20309,35.8633
-3.17984,36.0582
-3.20074,36.2611
-3.15139,36.4481
-4.24551,0.0657751
-4.18365,0.2702
-4.33383,0.411803
-4.39867,0.611987
-4.3923,0.818962
-4.45525,1.00729
-4.57262,1.18123
-4.6031,1.38514
-4.4914,1.54969
-4.45619,1.74304
-4.442,1.94896
-4.56171,2.1135
-4.46146,2.28025
-4.43135,2.47917
-4.33202,2.66313
-4.2577,2.85366
-4.29637,3.04775
-4.32123,3.23432
-4.30297,3.44623
-4.30955,3.63766
-4.22964,3.82904
-4.06484,3.92981
-4.11573,4.13341
-4.03361,4.31704
-4.05603,4.51835
-4.21783,4.64887
-4.25619,4.85066
-4.23461,5.07296
-4.25751,5.27261
-4.07974,5.39548
-4.19861,5.56279
-4.12618,5.74981
-4.10503,5.93227
-3.95822,6.09861
-4.04954,6.28397
-3.99947,6.49216
-4.05266,6.69328
-3.90983,6.81893
-3.80816,6.97652
-3.72911,7.1562
-3.81727,7.33501
-3.99913,7.4153
-3.94024,7.61576
-4.01471,7.80564
-4.04872,7.98796
-4.02744,8.18645
-4.05449,8.3825
-4.11176,8.5718
-4.14487,8.76836
-4.10429,8.98101
-4.17648,9.1859
-4.35656,9.2722
-4.21511,9.4356
-4.12727,9.63352
-4.04297,9.82692
-4.07033,10.0255
-4.06928,10.2366
-4.17817,10.4185
-4.26645,10.5942
-4.24254,10.7705
-4.19835,10.9818
-4.07959,11.1517
-4.0921,11.3644
-4.02072,11.5637
-3.8852,11.716
-3.91569,11.9075
-3.7727,12.0697
-3.62153,12.2115
-3.62572,12.4158
-3.54152,12.6063
-3.62723,12.7856
-3.5721,12.9759
-3.72025,13.1183
-3.70661,13.3118
-3.76177,13.4976
-3.63613,13.6445
-3.66535,13.8485
-3.77629,14.0196
-3.66668,14.1801
-3.62759,14.3847
-3.59773,14.5758
-3.5495,14.7696
-3.39683,14.9221
-3.38269,15.1211
-3.34103,15.3269
-3.43325,15.5122
-3.53879,15.689
-3.4902,15.8857
-3.38519,16.0632
-3.40084,16.2651
-3.38678,16.4776
-3.48091,16.6588
-3.35475,16.8245
-3.30275,17.0123
-3.24845,17.2192
-3.25134,17.42
-3.2576,17.6164
-3.33085,17.7944
-3.40006,17.988
-3.50413,18.1629
-3.57484,18.3672
-3.55474,18.5693
-3.62629,18.7444
-3.42752,18.8397
-3.38302,19.0456
-3.27997,19.2459
-3.29556,19.4368
-3.24449,19.6309
-3.22141,19.8309
-3.08734,19.9761
-2.98342,20.1484
-2.98544,20.3508
-2.94592,20.5373
-2.90663,20.7499
-2.90802,20.9486
-3.10296,20.9044
-3.19578,21.0694
-3.29812,21.2319
-3.31518,21.431
-3.16966,21.5562
-3.20066,21.7792
-3.19068,21.9742
-3.2326,22.1706
-3.18127,22.3597
-3.36705,22.4454
-3.29953,22.639
-3.31621,22.8407
-3.26577,23.0306
-3.25623,23.247
-3.17295,23.4171
-3.15383,23.6202
-3.15518,23.8096
-3.19775,24.0107
-3.23119,24.2035
-3.05046,24.3231
-2.99688,24.5227
-2.95577,24.7156
-2.8826,24.9116
-2.81384,25.109
-2.68675,25.2889
-2.70991,25.492
-2.67152,25.709
-2.55581,25.8855
-2.48161,26.0697
-2.53189,26.2546
-2.58862,26.4455
-2.65016,26.6575
-2.50798,26.8349
-2.57213,27.0242
-2.5369,27.2241
-2.58698,27.4477
-2.75435,27.5599
-2.81059,27.7468
-2.93831,27.8999
-2.92373,28.097
-3.03489,28.2706
-3.01033,28.4714
-2.89729,28.6461
-2.88649,28.8609
-2.99864,29.0326
-2.89806,29.2019
-2.73914,29.3466
-2.63307,29.522
-2.61037,29.7316
-2.54914,29.9236
-2.46122,30.1234
-2.37907,30.3227
-2.32413,30.5225
-2.33885,30.7288
-2.48452,30.8566
-2.41591,31.0434
-2.37972,31.256
-2.53494,31.3897
-2.3559,31.4581
-2.34434,31.6647
-2.44896,31.8394
-2.42821,32.0431
-2.2682,32.1551
-2.17545,32.3256
-2.07492,32.5077
-2.13836,32.7193
-2.1743,32.9187
-2.13642,33.1167
-2.30151,33.2204
-2.28051,33.4229
-2.32039,33.631
-2.15381,33.7471
-2.19393,33.9244
-2.24629,34.1289
-2.29747,34.3286
-2.18842,34.4773
-2.20983,34.6836
-2.2388,34.8694
-2.20722,35.0639
-2.31084,35.2357
-2.45379,35.3913
-2.28876,35.5001
-2.35053,35.6926
-2.36358,35.8941
-2.33059,36.0872
-3.57788,0.513152
-3.54176,0.709146
-3.48981,0.906538
-3.47935,1.11695
-3.5481,1.30154
-3.49239,1.49268
-3.4349,1.687
-3.47194,1.89247
-3.39091,2.07449
-3.18748,2.03856
-3.02959,2.1527
-3.03485,2.36462
-3.0011,2.57531
-3.13032,2.73954
-3.20866,2.94254
-3.20154,3.15969
-3.16049,3.3627
-3.156,3.5673
-3.20552,3.78498
-3.06684,3.93344
-3.23816,4.02295
-3.07934,4.14558
-3.15239,4.32942
-3.20337,4.52016
-3.23679,4.72399
-3.14306,4.92098
-3.10153,5.13585
-3.25292,5.26284
-3.33014,5.45549
-3.53774,5.51879
-3.42915,5.6825
-3.31938,5.87521
-3.25721,6.06382
-3.10785,6.2117
-3.15588,6.40416
-3.11748,6.60277
-3.12246,6.79793
-3.27646,6.93173
-3.31254,7.1295
-3.30969,7.32957
-3.33741,7.52816
-3.31676,7.73168
-3.29939,7.93694
-3.30023,8.12602
-3.27435,8.32479
-3.34503,8.52006
-3.18879,8.66258
-3.14681,8.8592
-3.2693,9.00811
-3.3127,9.19826
-3.17258,9.34851
-3.35362,9.44365
-3.34147,9.65275
-3.39073,9.83835
-3.23583,9.96289
-3.19498,10.1676
-3.27911,10.3556
-3.27782,10.5502
-3.34756,10.7379
-3.34345,10.939
-3.38541,11.1467
-3.44849,11.3668
-3.4352,11.5654
-3.30778,11.7108
-3.40074,11.9098
-3.41325,12.1006
-3.2402,12.1993
-3.06041,12.3267
-3.09128,12.5472
-3.04245,12.769
-2.98414,12.9758
-2.93475,13.1803
-2.95223,13.3772
-2.97012,13.5713
-3.09584,13.7473
-2.93088,13.8419
-2.83608,14.0311
-2.96554,14.1767
-3.0053,14.3824
-2.97655,14.575
-3.08167,14.7548
-3.06397,14.9548
-3.00622,15.1648
-2.97921,15.3808
-2.89534,15.5693
-2.71197,15.6947
-2.77639,15.886
-2.7249,16.094
-2.75641,16.3173
-2.57095,16.3848
-2.63614,16.5855
-2.75297,16.7582
-2.85071,16.9407
-2.76039,17.1325
-2.6355,17.3008
-2.4568,17.4101
-2.27224,17.4764
-2.30999,17.6716
-2.36706,17.8695
-2.40211,18.0723
-2.27706,18.2218
-2.2848,18.4475
-2.23113,18.6289
-2.1513,18.8126
-2.16583,19.0145
-2.1847,19.2184
-2.19592,19.4265
-2.26209,19.6256
-2.42628,19.7427
-2.35381,19.9314
-2.27512,20.1236
-2.27396,20.325
-2.31496,20.5255
-2.34322,20.7301
-2.39527,20.9197
-2.30815,21.1051
-2.29894,21.3167
-2.43049,21.4821
-2.50828,21.6777
-2.42224,21.8659
-2.39089,22.0714
-2.45034,22.2564
-2.38252,22.4465
-2.42688,22.6292
-2.28739,22.7856
-2.19118,22.9592
-2.21026,23.1682
-2.09784,23.3296
-1.9882,23.4935
-1.92264,23.687
-1.88436,23.8895
-1.80154,24.0733
-1.7322,24.253
-1.80995,24.4543
-1.90223,24.6442
-2.08228,24.758
-2.05925,24.9659
-1.93764,25.1178
-2.06999,25.2702
-2.05519,25.4665
-1.97399,25.6435
-2.0077,25.853
-2.036,26.046
-2.12182,26.2352
-2.14624,26.4314
-2.07042,26.6274
-2.00696,26.8124
-1.92451,26.9773
-1.98926,27.1683
-1.99671,27.364
-1.99592,27.5711
-1.98989,27.785
-1.99598,27.9907
-2.10222,28.1713
-2.10433,28.3921
-1.94736,28.5251
-1.92779,28.7369
-1.98025,28.9494
-2.02501,29.1437
-2.12718,29.3247
-2.22623,29.5047
-2.10287,29.6573
-2.19846,29.8507
-2.09506,30.0183
-2.21691,30.1773
-2.12344,30.3592
-1.97173,30.4815
-1.95782,30.6795
-1.87884,30.8537
-1.80015,31.0344
-1.60426,31.0895
-1.54361,31.293
-1.41283,31.4468
-1.54349,31.5988
-1.54255,31.8119
-1.48496,31.9993
-1.52552,32.1939
-1.50682,32.3893
-1.30404,32.4433
-1.27602,32.6401
-1.15892,32.8216
-1.17235,33.0454
-1.00638,33.1812
-1.01924,33.3833
-0.9277,33.5639
-0.834394,33.7343
-0.859731,33.9282
-0.993787,34.0806
-0.991749,34.2789
-0.960814,34.4973
-1.02638,34.6866
-0.846115,34.7566
-0.668222,34.8543
-0.742543,35.0432
-0.751929,35.2514
-0.820886,35.4399
-0.832888,35.6458
-0.972534,35.7949
-1.08867,35.9645
-1.18394,36.14
-2.08511,0.395556
-2.10514,0.59168
-2.14862,0.790716
-2.24813,0.973326
-2.33489,1.14481
-2.29721,1.33682
-2.30585,1.53708
-2.41089,1.69686
-2.34146,1.8753
-2.21741,2.045
-2.26135,2.23857
-2.35302,2.42151
-2.28189,2.62413
-2.26917,2.84053
-2.40664,2.97087
-2.36141,3.16861
-2.37066,3.35654
-2.38781,3.55996
-2.3687,3.76828
-2.21956,3.89724
-2.23585,4.10703
-2.3858,4.26919
-2.35432,4.47922
-2.50532,4.61286
-2.44582,4.78945
-2.46326,5.00483
-2.57954,5.1536
-2.66116,5.33469
-2.55152,5.52252
-2.50619,5.71776
-2.44392,5.9061
-2.43835,6.09884
-2.44923,6.29344
-2.43665,6.507
-2.40557,6.71029
-2.37892,6.90354
-2.3496,7.09601
-2.21222,7.2496
-2.26047,7.46026
-2.18663,7.64127
-2.22118,7.83663
-2.08489,7.98862
-2.04101,8.18313
-1.9863,8.36593
-2.0072,8.5764
-2.10464,8.75214
-2.11379,8.96052
-2.15479,9.16915
-2.23711,9.35064
-2.12962,9.53426
-2.27148,9.68829
-2.12591,9.84461
-2.11008,10.0479
-2.15637,10.2553
-2.02569,10.417
-2.09695,10.6124
-2.1803,10.8177
-2.04223,10.9732
-1.88295,11.1187
-1.88049,11.3377
-1.95214,11.5316
-1.94245,11.7531
-1.90589,11.9507
-2.0829,12.0373
-2.0051,12.2326
-1.91955,12.4183
-1.75575,12.5159
-1.66429,12.6953
-1.78205,12.8577
-1.69756,13.0544
-1.80785,13.2239
-1.91969,13.4054
-2.02251,13.5866
-1.87333,13.6896
-1.92719,13.8829
-1.81066,14.0502
-1.9219,14.2109
-1.86147,14.412
-1.82538,14.6126
-1.65535,14.6915
-1.75585,14.8643
-1.62773,15.0189
-1.43752,15.0617
-1.47768,15.272
-1.35502,15.4353
-1.42188,15.6425
-1.44484,15.8493
-1.47554,16.0447
-1.37994,16.2322
-1.28834,16.4094
-1.45337,16.5154
-1.38787,16.7202
-1.33244,16.9198
-1.36796,17.1068
-1.43629,17.3104
-1.56363,17.4676
-1.55064,17.6821
-1.48672,17.8698
-1.46207,18.0627
-1.62377,18.1803
-1.61414,18.3951
-1.43809,18.5127
-1.39114,18.7123
-1.45549,18.9169
-1.45131,19.1239
-1.38852,19.316
-1.26353,19.4948
-1.16593,19.6757
-1.22043,19.8698
-1.36892,20.0187
-1.24391,20.1677
-1.33702,20.3587
-1.32902,20.5636
-1.20855,20.7414
-1.06643,20.8876
-0.917245,21.0177
-0.945918,21.2202
-0.960493,21.4224
-1.08294,21.6042
-1.10033,21.7893
-1.08076,21.9995
-1.06694,22.2136
-1.07259,22.4173
-1.21594,22.5447
-1.36244,22.6925
-1.37154,22.8915
-1.16507,22.9397
-1.17558,23.1439
-1.12149,23.3418
-1.04156,23.5283
-0.994736,23.7145
-1.07179,23.8992
-0.907728,24.0101
-1.036,24.1709
-1.06273,24.3686
-1.16262,24.5416
-1.22921,24.728
-1.33887,24.9127
-1.40259,25.1183
-1.43422,25.3286
-1.50658,25.5097
-1.58944,25.6882
-1.4655,25.8388
-1.39607,26.0304
-1.2999,26.217
-1.42087,26.3825
-1.43781,26.5795
-1.22944,26.574
-1.13746,26.7659
-1.14307,26.9669
-1.17924,27.1954
-1.18019,27.3872
-1.19254,27.5794
-1.19095,27.7781
-1.14183,27.9751
-1.07608,28.1635
-1.02135,28.3727
-1.1367,28.5444
-1.05569,28.7301
-1.03505,28.9277
-0.865228,29.0014
-0.739414,29.1467
-0.640368,29.3152
-0.73176,29.5091
-0.770205,29.702
-0.902832,29.8601
-0.947318,30.0579
-0.900597,30.2683
-0.807328,30.4348
-0.724757,30.6262
-0.741657,30.8381
-0.628429,30.9977
-0.784971,31.1426
-0.791185,31.334
-0.755813,31.5474
-0.730341,31.7455
-0.842166,31.9333
-0.721657,32.1135
-0.560302,32.2864
-0.625174,32.4685
-0.546791,32.6471
-0.509878,32.8423
-0.438334,33.0356
-0.304866,33.198
-0.342834,33.3952
-0.489359,33.54
-0.43015,33.7215
-0.427598,33.9231
-0.4307,34.1472
-0.265987,34.2907
-0.261571,34.4912
-0.153939,34.6588
-0.105254,34.8468
-0.209307,35.0179
-0.137812,35.2052
-0.0595497,35.4061
-0.0867643,35.6148
-0.12799,35.8243
-0.0144253,35.9879
0.131046,36.1386
-1.84084,0.508174
-1.84111,0.714329
-1.87419,0.926997
-1.88953,1.12436
-2.04639,1.22959
-2.11186,1.43103
-2.02455,1.61425
-1.97551,1.82311
-2.03094,2.01641
-1.89444,2.16603
-1.81955,2.36021
-1.7489,2.5395
-1.81134,2.74028
-1.79236,2.95529
-1.81289,3.14867
-1.80989,3.34312
-1.71449,3.52009
-1.55341,3.64895
-1.53808,3.86054
-1.50137,4.05769
-1.31964,4.19248
-1.2578,4.38546
-1.23322,4.59575
-1.18376,4.80424
-1.05124,4.95978
-1.11824,5.14341
-1.17407,5.33046
-1.0954,5.52902
-1.00356,5.69889
-1.11465,5.89001
-1.31394,5.90698
-1.23945,6.08771
-1.24617,6.30026
-1.23829,6.49022
-1.15562,6.67196
-1.18126,6.87151
-1.15381,7.08301
-1.23819,7.25921
-1.16394,7.43812
-1.04456,7.59627
-1.16831,7.74271
-1.14837,7.93844
-1.09544,8.1289
-1.11473,8.32434
-1.23752,8.51022
-1.31817,8.69622
-1.24411,8.90634
-1.06489,9.00624
-1.1674,9.1904
-1.2746,9.36509
-1.24617,9.58016
-1.27824,9.77198
-1.38126,9.9723
-1.43224,10.1625
-1.52369,10.3502
-1.59112,10.5632
-1.61561,10.7602
-1.42708,10.7462
-1.33517,10.9205
-1.28547,11.1266
-1.15292,11.2866
-1.10359,11.4806
-0.974862,11.6427
-0.96456,11.8417
-0.976388,12.0466
-0.891039,12.234
-0.820821,12.4135
-0.941284,12.5691
-0.763259,12.6938
-0.931055,12.811
-1.00334,13.0045
-0.826429,13.1121
-0.839012,13.3215
-0.735987,13.4846
-0.712426,13.6714
-0.796427,13.8649
-0.926173,14.0173
-0.874017,14.2283
-0.894492,14.4253
-0.857963,14.6506
-0.749491,14.8266
-0.68769,15.0218
-0.728969,15.236
-0.606539,15.4241
-0.599648,15.6314
-0.683878,15.8101
-0.643333,16.0094
-0.635417,16.2093
-0.830435,16.2249
-0.913736,16.4095
-0.791909,16.557
-0.919143,16.7126
-0.798658,16.8751
-0.860333,17.0604
-0.964598,17.2372
-1.0478,17.4157
-0.983253,17.6101
-0.923073,17.8136
-0.827974,18.0042
-0.727751,18.1708
-0.623777,18.3599
-0.708492,18.5474
-0.585382,18.7039
-0.630454,18.9155
-0.713816,19.1042
-0.662404,19.308
-0.538435,19.4802
-0.641415,19.6504
-0.580246,19.8499
-0.41534,19.9464
-0.318984,20.118
-0.357021,20.3397
-0.331757,20.5394
-0.38664,20.7224
-0.37057,20.9261
-0.321066,21.1194
-0.441944,21.2862
-0.392404,21.4793
-0.357549,21.6727
-0.386971,21.8631
-0.516733,22.0227
-0.632451,22.1938
-0.581277,22.3883
-0.577406,22.5975
-0.609441,22.7919
-0.46184,22.9288
-0.504581,23.1366
-0.437051,23.3097
-0.344143,23.4866
-0.371366,23.6953
-0.295161,23.8717
-0.347201,24.0718
-0.241572,24.2503
-0.291126,24.457
-0.286808,24.6657
-0.235305,24.8661
-0.104352,25.0309
-0.197993,25.2255
-0.129766,25.4332
-0.0020961,25.5829
-0.0517473,25.7844
0.0414168,25.9683
0.177652,26.1138
0.154142,26.3182
0.161526,26.5197
0.10683,26.7082
0.0982362,26.9258
0.119107,27.1154
0.26836,27.2637
0.124549,27.4031
0.1156,27.6022
0.0272721,27.7954
-0.0585414,27.9763
-0.0686977,28.1772
0.010491,28.3657
0.0122703,28.573
0.134367,28.7296
0.305181,28.8436
0.395532,29.0299
0.55417,29.1485
0.609152,29.3325
0.701608,29.511
0.762334,29.7227
0.661456,29.914
0.77909,30.0916
0.73333,30.2773
0.640855,30.4788
0.474757,30.5785
0.444375,30.7821
0.414534,30.9731
0.412113,31.1797
0.542303,31.3407
0.686254,31.4812
0.534065,31.6246
0.54247,31.8185
0.661417,31.9838
0.764053,32.1347
0.865296,32.3204
0.762401,32.4844
0.898562,32.6371
0.764809,32.8083
0.664809,33.0115
0.633548,33.2056
0.631909,33.4068
0.696016,33.6102
0.865287,33.7431
0.945137,33.9236
0.999996,34.1135
1.1069,34.2869
0.997239,34.4649
1.03034,34.662
1.06136,34.8754
0.987219,35.0472
1.06823,35.2325
1.01509,35.4352
1.19517,35.5221
1.16141,35.7204
1.18905,35.912
1.13516,36.1262
1.06656,36.3345
-0.0315019,0.264201
-0.0198937,0.462379
-0.174191,0.599811
-0.0346271,0.754963
0.0584835,0.931065
0.16872,1.0981
0.155764,1.28586
0.305056,1.41864
0.245422,1.60559
0.400933,1.72626
0.345297,1.91586
0.325623,2.11645
0.265576,2.31431
0.137087,2.47877
0.225143,2.65222
0.133596,2.83934
0.102534,3.04684
0.0022653,3.24076
-0.103618,3.42593
-0.227391,3.58126
-0.250132,3.77325
-0.0562621,3.84591
-0.0945605,4.03067
0.0390351,4.1974
-0.0171231,4.38636
-0.125265,4.55099
-0.065189,4.75195
-0.0128962,4.95033
-0.133851,5.106
0.0245701,5.22264
0.0849471,5.42449
0.0586403,5.63057
0.0851775,5.82282
0.0500483,6.01781
-0.0431795,6.18565
-0.013041,6.38101
-0.147715,6.54558
-0.112163,6.73984
-0.0514158,6.93484
-0.0505279,7.13021
0.0527371,7.31121
0.107257,7.51094
0.189108,7.68089
0.220092,7.88478
0.335368,8.05266
0.283415,8.24471
0.408133,8.40216
0.462521,8.60415
0.378621,8.79042
0.386705,8.9908
0.421043,9.18222
0.540265,9.35039
0.595455,9.535
0.754412,9.68115
0.898962,9.82578
0.95964,10.0144
0.834835,10.1956
0.781614,10.3904
0.731825,10.5756
0.722695,10.769
0.760989,10.965
0.792746,11.1748
0.803592,11.3691
0.852405,11.5635
0.830786,11.7521
0.879131,11.9414
1.04147,12.0652
0.969833,12.2625
0.95504,12.4628
0.980276,12.6566
0.900603,12.8539
0.748204,12.9802
0.779265,13.1788
0.899682,13.3221
1.04078,13.4763
1.07015,13.6851
1.03933,13.8794
1.08318,14.0772
1.11834,14.2609
1.0645,14.4555
0.957825,14.6262
0.887879,14.8211
0.947657,15.0252
1.08207,15.198
1.02562,15.4074
1.1231,15.5901
1.0062,15.7465
0.970825,15.9475
0.954421,16.1369
0.959606,16.3407
0.921667,16.5375
0.857624,16.7254
0.963861,16.8977
1.12674,17.017
1.05756,17.2221
1.14652,17.4116
1.09419,17.6154
1.22193,17.7735
1.10064,17.9291
1.17087,18.1352
1.26693,18.3129
1.05882,18.329
1.12332,18.535
1.27384,18.671
1.3313,18.8718
1.25385,19.0516
1.2811,19.2398
1.25703,19.4428
1.2757,19.648
1.36742,19.8315
1.29332,20.0235
1.23475,20.2149
1.19203,20.4051
1.27319,20.6006
1.24937,20.8069
1.22156,21.0194
1.1976,21.2246
1.05634,21.368
1.21068,21.4694
1.1523,21.6547
1.08923,21.8647
1.16636,22.0572
1.13474,22.2617
1.32464,22.2968
1.43245,22.4759
1.26701,22.6224
1.20417,22.8172
1.09232,22.9875
1.22613,23.1403
1.33193,23.3211
1.28062,23.5307
1.39524,23.6866
1.4843,23.8703
1.36662,24.0494
1.40166,24.2425
1.33292,24.434
1.51374,24.5518
1.43031,24.7423
1.51037,24.9368
1.51405,25.1586
1.70989,25.2407
1.83457,25.3764
1.67389,25.5286
1.84221,25.6513
1.90475,25.8286
1.99253,26.0068
1.86592,26.1981
1.9437,26.393
1.81714,26.5528
1.88767,26.7378
1.72054,26.8364
1.7399,27.0619
1.77211,27.2605
1.83212,27.4491
1.99003,27.5757
1.86266,27.7301
2.02227,27.8707
1.9066,28.041
1.92176,28.2377
2.07581,28.3579
1.97702,28.5338
1.84185,28.7045
1.77256,28.8872
1.64928,29.063
1.63367,29.2487
1.63745,29.4664
1.59495,29.6618
1.76295,29.7758
1.6778,29.9623
1.53818,30.1133
1.50847,30.3164
1.62326,30.4813
1.55101,30.6744
1.44584,30.8508
1.44578,31.0453
1.45617,31.2319
1.42858,31.4344
1.61778,31.4881
1.54296,31.6788
1.57843,31.8735
1.37931,31.951
1.485,32.1126
1.409,32.2927
1.50384,32.4736
1.53804,32.6677
1.68396,32.8142
1.81506,32.971
1.95672,33.0886
1.92303,33.2932
1.91139,33.4806
1.99244,33.6638
1.91689,33.8473
1.83001,34.0206
1.83682,34.2138
1.78235,34.3952
1.77236,34.5922
1.84329,34.7744
1.78569,34.9614
1.75655,35.1581
1.85215,35.3534
1.3927,0.415686
1.43208,0.625544
1.42878,0.824833
1.49286,1.01046
1.60156,1.196
1.64173,1.3986
1.73317,1.58204
1.87409,1.73904
1.82959,1.95142
1.9916,2.06285
1.88528,2.22678
1.9561,2.44378
2.10391,2.58173
2.01294,2.76764
2.06395,2.95412
2.06849,3.14706
2.15212,3.3418
2.00791,3.49535
1.97625,3.68532
1.92022,3.89231
1.79119,4.05212
1.95392,4.17583
2.06854,4.33401
2.08173,4.53277
1.99638,4.7312
1.91842,4.92678
1.75043,5.02985
1.89897,5.17255
1.74946,5.29732
1.88733,5.43418
1.87668,5.64007
1.84505,5.83981
1.75037,6.02838
1.92018,6.16032
1.88162,6.36505
2.01038,6.53658
2.18146,6.64039
2.22082,6.84529
2.1312,7.03332
2.14381,7.23227
2.09927,7.42538
2.02999,7.61242
1.96601,7.8079
2.06978,7.97442
1.91609,8.11757
2.03091,8.29149
2.00626,8.50506
1.94895,8.70049
1.89155,8.89203
1.7931,9.0897
1.8216,9.30898
1.96915,9.46373
2.11068,9.60107
2.09386,9.80145
2.22855,9.95182
2.30794,10.1419
2.23746,10.3207
2.09029,10.4757
2.03711,10.6683
2.00079,10.8734
2.05283,11.0859
1.99286,11.2634
1.97868,11.4759
2.03308,11.6799
2.0053,11.8814
1.98968,12.0878
1.97308,12.3089
1.96567,12.5179
1.91705,12.7122
1.84483,12.8997
1.88971,13.098
1.84364,13.2867
1.69303,13.4127
1.48013,13.3936
1.49395,13.6098
1.54802,13.8071
1.54711,14.0181
1.6125,14.211
1.54215,14.4076
1.40272,14.5677
1.42993,14.7682
1.49107,14.965
1.53855,15.1759
1.48117,15.3836
1.50873,15.5831
1.59066,15.7653
1.59592,15.9681
1.6241,16.165
1.56696,16.3556
1.50898,16.5431
1.67313,16.6538
1.61757,16.8361
1.70829,17.0172
1.7512,17.2112
1.67474,17.3924
1.78305,17.5524
1.98746,17.5548
1.98836,17.759
1.98558,17.9545
1.9805,18.1592
1.86543,18.3276
2.01875,18.4467
2.14129,18.6022
2.28157,18.7575
2.25906,18.9434
2.32819,19.1376
2.18647,19.3201
2.13372,19.5203
2.2062,19.7107
2.1879,19.9186
2.24036,20.1183
2.40971,20.2382
2.397,20.4387
2.40945,20.6345
2.35111,20.8257
2.2649,21.0169
2.22543,21.202
2.18557,21.3905
2.31999,21.5365
2.42109,21.7105
2.33358,21.8877
2.43565,22.0568
2.36385,22.2473
2.28787,22.4278
2.15087,22.5883
2.05927,22.7764
2.08521,22.9879
2.0498,23.1892
1.92085,23.341
1.92689,23.5421
1.91302,23.7374
1.82452,23.9241
1.85133,24.1212
2.04266,24.1803
2.12868,24.3639
2.21272,24.5426
2.04398,24.6654
2.08985,24.8614
2.1591,25.0575
2.23047,25.2485
2.3267,25.441
2.39534,25.6316
2.45644,25.841
2.31173,25.9857
2.47668,26.0989
2.62227,26.2329
2.60542,26.4221
2.64522,26.6132
2.5363,26.755
2.49569,26.9572
2.59568,27.1155
2.6191,27.3173
2.73926,27.4841
2.84479,27.6529
2.74547,27.8318
2.70863,28.0245
2.65397,28.2287
2.45407,28.1833
2.51037,28.3686
2.52716,28.5638
2.46957,28.764
2.53863,28.95
2.43558,29.1187
2.51938,29.2995
2.67178,29.4331
2.57634,29.6194
2.66445,29.8047
2.69515,30.0011
2.84713,30.134
3.02115,30.2207
2.92778,30.4045
2.83315,30.59
2.83314,30.782
2.76503,30.9541
2.7321,31.1607
2.6899,31.369
2.58295,31.537
2.60879,31.732
2.74978,31.8801
2.76456,32.0929
2.87157,32.2544
2.91761,32.4633
2.95352,32.6777
2.95419,32.8808
2.87114,33.0529
2.90571,33.2497
2.70363,33.2732
2.75262,33.4678
2.6052,33.6193
2.61668,33.8165
2.77252,33.9412
2.69162,34.1521
2.72681,34.3451
2.68775,34.551
2.56722,34.7282
2.65601,34.9285
2.71824,35.1244
2.56539,35.2667
2.56586,35.4776
2.45511,35.6577
2.21551,0.353026
2.28898,0.544096
2.12756,0.682476
2.01505,0.854945
1.98863,1.0446
2.0029,1.24961
2.15873,1.36559
2.1264,1.57353
2.11355,1.76633
2.20033,1.95618
2.18166,2.15868
2.3004,2.32087
2.31488,2.53939
2.34189,2.7442
2.37693,2.95098
2.43601,3.14416
2.52862,3.32766
2.49919,3.52758
2.5438,3.72192
2.66297,3.88213
2.5466,4.03535
2.58907,4.24231
2.74712,4.41049
2.78015,4.62408
2.76639,4.83351
2.8064,5.03058
2.84651,5.23694
2.77378,5.41942
2.71442,5.60679
2.74891,5.80142
2.77239,5.99332
2.91454,6.14143
2.84134,6.35752
2.90577,6.54292
2.97665,6.74107
2.89804,6.91991
2.84003,7.12052
2.78395,7.31574
2.84188,7.51575
2.91294,7.70107
2.99217,7.89529
2.96546,8.08734
2.8602,8.26855
2.74409,8.44205
2.86171,8.63129
2.85079,8.83786
2.8172,9.05461
2.69578,9.19938
2.77853,9.39288
2.68062,9.58473
2.57738,9.7575
2.68209,9.94461
2.83449,10.0692
2.78892,10.2601
2.61838,10.3858
2.74777,10.5429
2.6099,10.7129
2.62309,10.9274
2.65535,11.1391
2.73248,11.3353
2.78313,11.5373
2.79302,11.7373
2.77346,11.9376
2.74159,12.1349
2.70013,12.3266
2.63501,12.5215
2.69953,12.7086
2.78553,12.8831
2.64305,13.0169
2.54424,13.1877
2.5944,13.3954
2.56579,13.6012
2.65974,13.7895
2.72336,13.9707
2.76359,14.1645
2.89601,14.3039
2.76565,14.4517
2.82634,14.6541
2.66833,14.7793
2.74745,14.9724
2.90533,15.0959
2.90951,15.3199
2.93324,15.5329
2.93034,15.7305
3.09669,15.8464
3.01527,16.0301
2.93857,16.2172
2.89515,16.4091
2.7453,16.5686
2.69799,16.7775
2.59919,16.9499
2.62604,17.1466
2.61851,17.3463
2.64962,17.5556
2.82732,17.6521
2.96137,17.7913
2.83393,17.9423
2.68586,18.1015
2.76925,18.2877
2.61455,18.433
2.77338,18.5522
2.80964,18.7469
2.86049,18.9371
3.03925,19.0115
3.06717,19.2032
2.96936,19.383
2.90144,19.5776
2.97246,19.779
3.07157,19.9608
2.95343,20.1398
3.01635,20.3298
2.99255,20.5206
3.07295,20.7037
3.10753,20.9101
3.00951,21.0863
3.16381,21.2234
3.08279,21.4105
3.0226,21.6021
3.02558,21.8017
3.0462,22.0053
2.96637,22.1969
2.94088,22.4034
3.01622,22.5954
3.07556,22.7928
3.2044,22.9418
3.1771,23.1519
3.01186,23.2713
3.0326,23.4829
3.02847,23.6969
2.93315,23.8855
2.92666,24.0991
2.94839,24.3127
2.994,24.5159
2.9223,24.7161
2.85079,24.8989
2.91064,25.0885
2.78803,25.2442
2.87133,25.4189
2.97408,25.6032
3.18145,25.6196
3.19107,25.8194
3.16239,26.0085
3.25194,26.1878
3.30821,26.4009
3.40384,26.5807
3.27898,26.7183
3.33498,26.9093
3.40758,27.1073
3.46754,27.3042
3.61118,27.4574
3.58147,27.6723
3.69222,27.8403
3.63456,28.0384
3.62945,28.2451
3.68977,28.4332
3.60665,28.6207
3.77103,28.7428
3.79598,28.9323
3.91015,29.0926
4.07307,29.2021
3.93371,29.3431
3.81688,29.5045
3.7716,29.7089
3.67601,29.8738
3.785,30.0458
3.74404,30.259
3.69583,30.4553
3.70959,30.6505
3.619,30.8312
3.43553,30.9001
3.30893,31.0692
3.22618,31.2503
3.38283,31.3347
3.46753,31.5248
3.46789,31.7288
3.52314,31.9219
3.59696,32.1199
3.59821,32.3133
3.65087,32.5051
3.75421,32.681
3.66753,32.8651
3.56673,33.0372
3.68007,33.2074
3.73285,33.4117
3.7405,33.6337
3.70494,33.8408
3.80934,34.0135
3.7424,34.2068
3.72653,34.4041
3.71351,34.6019
3.75391,34.7941
3.79539,34.9951
3.57587,34.9713
3.58273,35.168
3.7528,35.2914
3.84573,35.4712
3.97886,35.6487
4.03996,35.8518
4.00588,36.0325
4.07415,36.2176
3.05164,0.254
3.09872,0.444427
3.12254,0.646017
3.15082,0.860491
3.05922,1.01869
3.01605,1.21559
2.90823,1.40327
2.87508,1.62585
2.74839,1.79148
2.65441,1.94745
2.70345,2.1521
2.70054,2.34097
2.8096,2.51736
2.76544,2.73022
2.86723,2.92049
3.01622,3.04868
3.11123,3.22898
3.20684,3.40984
3.23318,3.61531
3.16071,3.81167
3.11538,4.02104
3.21036,4.20048
3.11361,4.38559
3.03037,4.56527
2.9875,4.765
3.04218,4.96762
3.05188,5.17439
3.16342,5.33476
3.20674,5.52828
3.28113,5.72395
3.29916,5.93285
3.42135,6.11259
3.48599,6.3251
3.49286,6.54829
3.5682,6.72498
3.52808,6.91912
3.63257,7.0937
3.51759,7.25078
3.62728,7.42272
3.61219,7.617
3.58691,7.81453
3.69197,7.98822
3.68353,8.18856
3.68464,8.38954
3.70289,8.58579
3.88501,8.68249
3.88147,8.90154
3.89381,9.11696
3.99548,9.31173
3.87422,9.49631
3.88595,9.71026
4.04131,9.8488
4.03267,10.0523
4.00939,10.2481
3.96864,10.4321
3.98496,10.6538
3.87305,10.8276
3.88397,11.0244
3.8981,11.2343
4.02325,11.3989
4.09191,11.6027
4.03972,11.7932
3.984,11.9834
3.93119,12.191
4.00841,12.3831
3.97834,12.5952
3.96896,12.7934
3.78652,12.8925
3.81529,13.0913
3.96394,13.256
3.96994,13.449
3.87805,13.6341
3.83194,13.8261
3.94432,14.0009
4.03311,14.177
3.97729,14.378
4.00255,14.583
3.90278,14.7647
3.94759,14.9819
3.86967,15.1673
3.96489,15.3561
4.00814,15.5565
3.93835,15.7383
3.81939,15.9029
3.73913,16.0835
3.72141,16.2756
3.69183,16.4791
3.68887,16.6866
3.66426,16.8841
3.62753,17.0907
3.81102,17.2207
3.87467,17.4079
3.88461,17.617
3.83759,17.8081
3.98646,17.9387
3.8371,18.0769
3.87951,18.2729
3.89012,18.4937
3.79305,18.6724
3.73648,18.8441
3.82877,19.03
3.83572,19.2361
3.9756,19.3732
3.88157,19.5627
3.94252,19.7528
3.96897,19.9345
4.06551,20.105
3.92347,20.2495
3.90905,20.45
3.7573,20.6098
3.92602,20.6935
4.04688,20.8878
4.02293,21.0926
4.00225,21.287
3.96217,21.4635
4.03074,21.6458
4.00097,21.8517
4.0101,22.0594
4.1539,22.2033
4.1813,22.4147
4.01235,22.5481
3.97358,22.744
3.94577,22.9467
4.01858,23.1548
4.02179,23.3635
4.08184,23.5629
4.12946,23.7477
4.03054,23.9199
4.04934,24.1109
4.04207,24.3214
4.11445,24.517
4.2218,24.6991
4.14327,24.8743
4.07849,25.0669
3.99981,25.2486
4.00786,25.4513
3.98779,25.6579
3.79815,25.754
3.67165,25.9311
3.78029,26.092
3.93155,26.2189
3.86754,26.4044
3.9316,26.5955
3.97526,26.7927
4.11181,26.943
4.12023,27.1552
4.1766,27.3606
4.21961,27.5683
4.31486,27.7519
4.28553,27.961
4.40664,28.1161
4.29115,28.2959
4.35402,28.4947
4.27181,28.6717
4.2663,28.8804
4.28508,29.0783
4.24373,29.2748
4.22793,29.4805
4.21844,29.6849
4.39587,29.792
4.4574,30.0006
4.49809,30.2044
4.30168,30.2585
4.25528,30.4606
4.25609,30.6509
4.2635,30.856
4.45694,30.87
4.40798,31.0636
4.4257,31.2611
4.42214,31.4578
4.34692,31.6433
4.31733,31.8396
4.33809,32.056
4.41713,32.2288
4.4673,32.4357
4.39763,32.6072
4.53075,32.7742
4.38504,32.9216
4.39573,33.1192
4.57269,33.2269
4.62189,33.4176
4.745,33.5856
4.89508,33.7283
4.92419,33.9269
4.98859,34.1268
-4.98451,34.3238
-4.90697,34.5035
-4.93201,34.7193
4.90171,34.8393
4.95144,35.0296
4.87035,35.2207
4.87478,35.4129
4.97323,35.5973
-4.91488,35.7501
4.98808,35.9362
-4.99614,36.1464
-4.96881,36.3519
4.93352,36.5369
4.9548,36.7476
4.86739,36.9338
3.67849,0.127049
3.75166,0.319193
3.79028,0.512958
3.79181,0.706938
3.91398,0.862168
4.10151,0.90806
4.07087,1.10351
4.09543,1.29685
3.94151,1.44793
3.96474,1.62953
3.82218,1.77452
3.88103,1.96868
3.70413,2.04518
3.71681,2.24029
3.9148,2.31804
4.02503,2.50488
3.97706,2.70677
3.9006,2.9044
3.95801,3.08594
3.92082,3.28644
4.00973,3.45387
4.01427,3.65567
4.00529,3.85407
4.08704,4.02927
4.02032,4.21147
4.06947,4.42037
4.12769,4.6055
4.33138,4.65883
4.32379,4.87139
4.46604,5.00978
4.37836,5.18986
4.57428,5.21076
4.5613,5.42305
4.4673,5.58862
4.32355,5.73338
4.36422,5.94662
4.4216,6.14199
4.2884,6.31021
4.3707,6.50186
4.3018,6.69021
4.31095,6.89266
4.34844,7.07675
4.26115,7.26403
4.27722,7.4721
4.19103,7.65264
4.08052,7.8243
4.1716,7.99618
4.21799,8.19638
4.3437,8.35416
4.37075,8.5604
4.37213,8.75672
4.51267,8.91243
4.62251,9.08006
4.55952,9.261
4.54157,9.46295
4.59812,9.67367
4.55904,9.87039
4.66765,10.0224
4.79036,10.1794
4.74331,10.3858
4.91733,10.4838
4.80858,10.6554
4.88786,10.8558
-4.97425,11.0114
-4.98158,11.2119
-4.85409,11.3708
-4.79161,11.5738
-4.7683,11.7839
-4.84052,11.9699
-4.97535,12.1335
4.8799,12.2736
4.72508,12.4029
4.59738,12.5596
4.69236,12.7526
4.62082,12.9623
4.74937,13.1104
4.87406,13.2855
4.87706,13.5028
4.97854,13.673
4.95636,13.8711
4.81526,14.007
4.75279,14.2055
4.79771,14.4122
4.67474,14.5623
4.60658,14.7482
4.59887,14.957
4.61901,15.1591
4.6133,15.3515
4.71301,15.5414
4.79325,15.7343
4.77706,15.9357
4.73566,16.1467
4.85414,16.321
-4.95925,16.4257
4.97771,16.6098
4.79903,16.6943
4.77726,16.898
4.91996,17.038
4.76273,17.1544
4.69565,17.3503
4.85452,17.4658
4.87341,17.6804
4.7821,17.8597
4.67743,18.0269
4.72616,18.2304
4.68158,18.4374
4.70256,18.6453
4.66223,18.8359
4.7034,19.0329
4.81221,19.2053
4.87271,19.3991
4.91687,19.5954
4.94203,19.8031
4.76044,19.9005
4.78119,20.0854
4.88303,20.2437
4.83283,20.4325
4.7752,20.6351
4.77849,20.8374
4.92357,20.966
4.99422,21.1603
-4.93423,21.3447
-4.9706,21.5539
4.88206,21.69
4.83702,21.8972
4.91491,22.0988
4.82773,22.2939
4.89251,22.4909
4.94228,22.7027
4.83217,22.8516
4.82717,23.0647
4.94551,23.2392
4.76099,23.3033
4.86272,23.4708
4.88378,23.6761
4.84213,23.8647
4.74496,24.0562
4.95766,24.0667
4.91495,24.2801
4.77164,24.4229
4.78203,24.6308
4.77005,24.8311
4.90791,24.97
4.94096,25.1689
4.91217,25.3499
4.9805,25.5454
4.9769,25.7424
4.89017,25.9321
4.85623,26.1302
-4.95645,26.2085
4.96922,26.3964
4.97423,26.5992
-4.99564,26.7977
4.83214,26.9054
4.80476,27.1107
4.88749,27.2865
4.98411,27.4648
4.93238,27.6554
-4.89825,27.7543
-4.79168,27.921
-4.62882,28.0443
-4.74989,28.1981
-4.80912,28.3817
-4.85646,28.5782
-4.81778,28.7913
-4.77543,28.9972
-4.85572,29.1835
-4.78605,29.3721
-4.67967,29.5524
-4.64732,29.7534
-4.71296,29.9454
-4.69565,30.1367
-4.76542,30.3495
-4.62278,30.489
-4.44437,30.6225
-4.43637,30.8153
-4.35724,30.988
-4.26456,31.16
-4.22821,31.3564
-4.37411,31.5042
-4.19348,31.5929
-4.16208,31.7893
-4.27795,31.9519
-4.18383,32.1269
-4.3224,32.2621
-4.22017,32.4389
-4.08722,32.5838
-4.13966,32.7844
-4.09629,32.9848
-4.15202,33.1839
-4.04413,33.3586
-4.1284,33.5616
-3.95042,33.6782
-3.95945,33.88
-3.84807,34.0486
-3.80642,34.2322
-3.78327,34.4218
-3.80229,34.6226
-3.62478,34.7207
-3.656,34.9157
