5.48202,0.165856
5.45011,0.365317
5.40891,0.574191
5.33947,0.773836
5.2702,0.959229
5.28326,1.17264
5.25657,1.36766
5.34361,1.54409
5.34971,1.76504
5.38882,1.97574
5.40581,2.17813
5.37863,2.37884
5.40841,2.60575
5.45155,2.80298
5.48772,2.98743
5.44651,3.20215
5.34673,3.38046
5.37395,3.5842
5.38353,3.77293
5.39331,3.96346
-5.49109,4.14372
5.37435,4.29051
-5.44294,4.38512
-5.4475,4.59165
5.40875,4.73455
-5.48211,4.92143
5.40373,5.092
5.36574,5.28849
5.25277,5.47273
5.13565,5.63744
5.26477,5.82389
5.35149,5.99817
5.26602,6.19334
5.14487,6.36588
5.29664,6.52028
5.17885,6.68408
5.19527,6.89538
5.21496,7.09509
5.32972,7.25374
5.43935,7.4081
-5.47388,7.59266
-5.48244,7.79965
-5.4593,8.01299
-5.4838,8.20256
5.49244,8.40717
5.36706,8.56241
5.43226,8.75246
-5.42696,8.90533
-5.41205,9.11588
-5.43686,9.30582
5.37434,9.36079
5.36151,9.56558
5.38386,9.77398
5.26391,9.93398
5.27846,10.1234
5.26072,10.3296
5.32537,10.524
5.4035,10.7097
-5.45328,10.8598
-5.37469,11.0528
-5.45892,11.2303
-5.3749,11.4173
-5.44592,11.5951
-5.48406,11.7917
5.43012,11.9772
5.419,12.1694
5.28549,12.3183
5.26908,12.544
5.23191,12.7465
5.27927,12.9471
5.30281,13.1577
5.1319,13.2978
5.00572,13.4488
5.04184,13.6609
5.11935,13.8557
5.22668,14.0258
5.24613,14.2264
5.21329,14.4304
5.32436,14.6044
5.25165,14.7876
5.39525,14.9478
5.39807,15.1493
5.46083,15.332
5.32672,15.5066
5.2831,15.6958
5.328,15.8891
5.36984,16.0734
5.33388,16.2869
5.4265,16.4779
-5.47571,16.6578
-5.43496,16.8574
-5.41466,17.0736
-5.48848,17.2698
5.35258,17.4052
-5.48437,17.5207
-5.38682,17.7129
-5.37743,17.9161
-5.45467,18.1355
-5.44752,18.3583
5.42614,18.5219
5.41344,18.7335
5.45222,18.9318
5.3385,19.1142
5.25851,19.2874
5.2274,19.4765
5.4354,19.5404
-5.45052,19.7071
-5.39584,19.89
-5.33985,20.0777
-5.46442,20.2361
-5.45147,20.4286
5.46034,20.5957
5.41735,20.7964
5.44517,20.9953
5.47393,21.1978
5.40405,21.3932
5.31676,21.5596
5.19594,21.7303
5.30335,21.9072
5.31172,22.1067
5.23044,22.2964
5.29135,22.5019
5.29252,22.7131
5.23156,22.9231
5.16525,23.1089
5.03305,23.2642
5.03279,23.4603
5.08398,23.6372
5.19723,23.8033
5.35715,23.9388
5.3656,24.1515
5.36984,24.3396
5.35719,24.5448
5.35397,24.746
5.28147,24.9234
5.32506,25.1168
5.42355,25.3077
5.40606,25.5106
-5.46939,25.6824
5.34882,25.7493
5.32214,25.9432
5.232,26.1183
5.21979,26.3296
5.27308,26.5398
5.06117,26.5689
5.16352,26.7209
5.18413,26.9307
5.28961,27.1177
5.35648,27.3007
5.30376,27.511
5.42299,27.6857
5.46358,27.8812
5.35889,28.0517
5.44519,28.2408
5.43997,28.4279
5.48472,28.6235
-5.47198,28.819
5.33504,28.8771
5.33646,29.0871
5.24077,29.2542
5.18118,29.4295
5.26738,29.6238
5.241,29.8312
5.13449,30.005
5.19598,30.2053
5.02472,30.3158
4.97287,30.5273
5.05193,30.725
5.15195,30.9038
5.10956,31.1036
5.08803,31.3009
5.15213,31.5024
5.17197,31.6986
5.15058,31.8969
5.22128,32.1054
5.34533,32.2638
5.36388,32.452
5.36186,32.656
5.43082,32.8487
5.39831,33.0594
-5.43418,33.2015
-5.4142,33.4112
-5.4523,33.622
-5.47356,33.8188
5.37513,33.9601
5.36205,34.152
5.4315,34.3444
5.38558,34.538
5.43186,34.7382
-5.42301,34.873
-5.31875,35.0337
-5.32362,35.2324
-5.33639,35.4296
-5.32717,35.6581
-5.33504,35.8487
-5.33616,36.056
-5.34592,36.2658
5.46818,36.375
-5.40625,36.5445
-5.44541,36.762
-4.504,0.376033
-4.37319,0.526466
-4.24852,0.677767
-4.34076,0.861315
-4.33743,1.04407
-4.27684,1.23292
-4.24096,1.44217
-4.14793,1.60606
-4.11804,1.80801
-4.1708,2.00124
-4.11184,2.1963
-4.13204,2.38863
-4.07633,2.58489
-4.13901,2.75913
-4.26292,2.92321
-4.30781,3.11502
-4.38593,3.29082
-4.57181,3.37885
-4.62586,3.57867
-4.56969,3.77867
-4.66455,3.9737
-4.70065,4.18593
-4.57132,4.33026
-4.48752,4.50875
-4.45245,4.7051
-4.45303,4.90446
-4.50417,5.09787
-4.52611,5.28793
-4.44948,5.47278
-4.39292,5.68386
-4.54221,5.83257
-4.42471,5.97834
-4.53813,6.1322
-4.67909,6.27266
-4.75123,6.45157
-4.6944,6.64306
-4.73791,6.84515
-4.67781,7.04731
-4.71155,7.25333
-4.77221,7.43278
-4.86536,7.61903
-4.70273,7.75906
-4.59903,7.94479
-4.59757,8.1589
-4.55777,8.35087
-4.64081,8.53397
-4.6919,8.73203
-4.64108,8.93347
-4.64661,9.12789
-4.68806,9.32212
-4.69046,9.53039
-4.60119,9.71364
-4.55268,9.92166
-4.41729,10.0755
-4.37079,10.2744
-4.53228,10.3879
-4.62521,10.5774
-4.53506,10.767
-4.45161,10.956
-4.3387,11.1326
-4.32599,11.3325
-4.31647,11.5391
-4.33767,11.731
-4.43533,11.9082
-4.62014,11.9571
-4.63395,12.1759
-4.61047,12.3644
-4.65852,12.5699
-4.60884,12.7649
-4.57308,12.9741
-4.74623,13.1133
-4.76679,13.3099
-4.79046,13.5254
-4.82347,13.7236
-4.84125,13.9306
-4.75893,14.1204
-4.80087,14.2998
-4.88586,14.4878
-4.73248,14.6074
-4.73333,14.7896
-4.58781,14.957
-4.56974,15.1765
-4.76522,15.2072
-4.84813,15.4017
-4.7569,15.5835
-4.92949,15.6813
-4.94072,15.8768
-4.82012,16.0389
-4.8358,16.2372
-4.93959,16.4056
-4.76602,16.5046
-4.6722,16.6952
-4.52635,16.8359
-4.32874,16.8543
-4.43237,17.034
-4.31591,17.2107
-4.44221,17.362
-4.62558,17.4367
-4.6627,17.6367
-4.54801,17.7942
-4.6389,17.9837
-4.78111,18.1313
-4.72983,18.3362
-4.68312,18.5319
-4.55661,18.7036
-4.54581,18.9187
-4.57317,19.1302
-4.603,19.3143
-4.56416,19.517
-4.75251,19.5855
-4.71725,19.7803
-4.68507,19.9758
-4.53462,20.117
-4.635,20.2868
-4.51547,20.4368
-4.53754,20.6375
-4.42093,20.8066
-4.37512,21.006
-4.33194,21.2108
-4.48914,21.3246
-4.48516,21.5221
-4.61551,21.6905
-4.57965,21.8978
-4.55975,22.0996
-4.6436,22.276
-4.72032,22.4559
-4.61289,22.6148
-4.74462,22.775
-4.77316,22.9767
-4.81632,23.1882
-4.86964,23.3741
-4.94342,23.5734
-4.87863,23.7478
-4.78517,23.9263
-4.7233,24.1209
-4.69671,24.329
-4.7012,24.5253
-4.73456,24.711
-4.60439,24.8551
-4.46538,24.9863
-4.51258,25.177
-4.58185,25.3764
-4.61624,25.5686
-4.68341,25.7489
-4.54962,25.8888
-4.49296,26.089
-4.54078,26.2952
-4.57204,26.5063
-4.5438,26.7072
-4.67414,26.8756
-4.51766,27.02
-4.62536,27.1895
-4.67332,27.3982
-4.69143,27.6135
-4.79295,27.795
-4.6822,27.981
-4.72696,28.1666
-4.73748,28.3704
-4.81492,28.5718
-4.90895,28.7476
-4.91438,28.9485
-4.76348,29.0815
-4.89045,29.2563
-4.83343,29.4415
-4.876,29.6387
-4.6807,29.7096
-4.74385,29.9008
-4.65896,30.1201
-4.46674,30.1932
-4.40485,30.3842
-4.2387,30.5161
-4.18575,30.7085
-4.20686,30.8955
-4.27698,31.0855
-4.36515,31.2802
-4.37294,31.4774
-4.37156,31.6977
-4.37527,31.9096
-4.43912,32.1055
-4.39646,32.3025
-4.37922,32.5042
-4.42058,32.7045
-4.38344,32.9068
-4.44927,33.0949
-4.45876,33.2986
-4.4113,33.4987
-4.39194,33.7094
-4.24764,33.8533
-4.42092,33.946
-4.31181,34.1222
-4.19582,34.2852
-4.20262,34.4969
-4.26596,34.6928
-4.32739,34.8972
-4.23603,35.0876
-4.21665,35.2818
-4.16099,35.4688
-4.15382,35.6794
-4.12938,35.8795
-4.23078,36.0554
-2.63446,0.343629
-2.60713,0.539307
-2.78524,0.633808
-2.88239,0.804012
-2.94632,0.982579
-3.02182,1.17874
-3.07043,1.3866
-3.11425,1.57328
-3.15288,1.7701
-3.25335,1.94941
-3.25954,2.15621
-3.28806,2.36307
-3.43787,2.49292
-3.35327,2.68345
-3.1873,2.79421
-3.28923,2.9578
-3.22302,3.14668
-3.38328,3.25069
-3.3126,3.45661
-3.47587,3.58301
-3.66461,3.70577
-3.68239,3.89958
-3.60705,4.10501
-3.55191,4.30009
-3.7019,4.43188
-3.74123,4.63696
-3.61853,4.7972
-3.56929,4.98398
-3.55019,5.18202
-3.49062,5.37499
-3.54382,5.58096
-3.61611,5.7821
-3.55409,5.9645
-3.53889,6.15267
-3.50872,6.35801
-3.65491,6.50645
-3.71745,6.70463
-3.70076,6.90987
-3.67717,7.08892
-3.50533,7.1897
-3.44979,7.40351
-3.3325,7.56389
-3.22288,7.75009
-3.25052,7.94309
-3.35653,8.11358
-3.32302,8.3247
-3.51045,8.40564
-3.56612,8.59897
-3.71787,8.72765
-3.8213,8.90024
-3.70768,9.07127
-3.54313,9.19798
-3.41532,9.3681
-3.32037,9.54337
-3.25963,9.73456
-3.29475,9.93417
-3.3662,10.1188
-3.31713,10.3142
-3.17834,10.4518
-3.18545,10.6551
-3.28045,10.8207
-3.30306,11.0248
-3.49149,11.1138
-3.67442,11.156
-3.69048,11.3661
-3.70555,11.5723
-3.70707,11.7719
-3.62186,11.9529
-3.55382,12.1536
-3.61451,12.3496
-3.58811,12.5541
-3.5965,12.7607
-3.59781,12.9451
-3.55018,13.1348
-3.49427,13.3402
-3.34635,13.4999
-3.4776,13.6627
-3.39073,13.8337
-3.4911,14.0057
-3.46833,14.1917
-3.42194,14.3915
-3.41995,14.6099
-3.55612,14.7516
-3.44935,14.9284
-3.4145,15.1373
-3.61712,15.2139
-3.59285,15.416
-3.60261,15.6176
-3.7277,15.7867
-3.70552,15.9962
-3.60434,16.1797
-3.51427,16.3529
-3.56764,16.5467
-3.71188,16.6864
-3.74779,16.8794
-3.70803,17.0803
-3.56219,17.1919
-3.37471,17.2514
-3.49967,17.4206
-3.60935,17.601
-3.47647,17.7548
-3.40301,17.9423
-3.57553,18.0253
-3.64547,18.2417
-3.63248,18.4423
-3.46638,18.5678
-3.55045,18.7484
-3.5038,18.9393
-3.52741,19.1342
-3.52466,19.331
-3.60298,19.5257
-3.49304,19.6938
-3.60079,19.8659
-3.59829,20.0759
-3.69673,20.2488
-3.60257,20.4308
-3.54686,20.613
-3.53589,20.8102
-3.39691,20.9605
-3.52313,21.1246
-3.67873,21.2329
-3.65432,21.4314
-3.67422,21.6434
-3.50713,21.7833
-3.60216,21.9627
-3.53307,22.1652
-3.59082,22.3585
-3.67039,22.5536
-3.8144,22.6841
-3.78103,22.8822
-3.75762,23.0735
-3.784,23.2718
-3.87871,23.4588
-3.71368,23.56
-3.80764,23.7295
-3.70653,23.9004
-3.66146,24.1023
-3.52693,24.2373
-3.54736,24.4348
-3.63226,24.6208
-3.58699,24.813
-3.66265,24.9916
-3.66166,25.1838
-3.57511,25.359
-3.66286,25.5337
-3.5975,25.7154
-3.57784,25.924
-3.43372,26.0695
-3.4247,26.2825
-3.62959,26.3941
-3.53781,26.5714
-3.59336,26.7578
-3.5779,26.9796
-3.75278,27.076
-3.86378,27.2719
-3.92141,27.4718
-3.80432,27.6438
-3.63643,27.7745
-3.49669,27.9191
-3.52562,28.1287
-3.60429,28.2956
-3.64462,28.4935
-3.63887,28.695
-3.54383,28.8614
-3.5628,29.0404
-3.45473,29.2023
-3.39947,29.3954
-3.40092,29.5885
-3.34872,29.7781
-3.15499,29.8676
-3.16226,30.0744
-3.23007,30.271
-3.19353,30.4829
-3.15386,30.6964
-3.01623,30.841
-3.02927,31.0478
-3.07495,31.2411
-3.12051,31.4526
-2.90989,31.4921
-2.87314,31.6954
-2.76526,31.8678
-2.89598,32.0091
-2.94417,32.2192
-3.0996,32.3589
-3.01793,32.5332
-2.95432,32.737
-2.9703,32.9485
-2.77325,32.9623
-2.73712,33.153
-2.80494,33.3391
-2.89987,33.5116
-2.89332,33.7162
-2.82226,33.9222
-2.78992,34.1238
-2.68695,34.2875
-2.68937,34.4831
-2.5246,34.6095
-2.47323,34.8071
-2.51678,34.9981
-2.37946,35.1373
-2.13021,0.345146
-2.16341,0.538461
-2.33484,0.647382
-2.34744,0.853817
-2.35744,1.06978
-2.3654,1.2814
-2.38073,1.49277
-2.27363,1.65632
-2.26432,1.88126
-2.12866,2.01829
-2.07902,2.20363
-2.01728,2.39194
-2.03729,2.60162
-2.03393,2.80274
-1.90901,2.96574
-1.92055,3.15195
-1.95888,3.34506
-2.01314,3.55828
-1.98097,3.75682
-2.14921,3.87675
-2.05349,4.06257
-1.91772,4.20697
-1.97302,4.38254
-2.00307,4.5787
-2.18346,4.64295
-2.20131,4.8687
-2.20244,5.06165
-2.37682,5.16634
-2.26852,5.32638
-2.38622,5.49794
-2.42582,5.6947
-2.34081,5.87344
-2.32571,6.08001
-2.28265,6.27977
-2.36625,6.47602
-2.46608,6.6505
-2.37231,6.85426
-2.25969,7.0214
-2.13397,7.17577
-2.12829,7.38724
-1.98741,7.52585
-2.06359,7.71228
-2.0774,7.90757
-2.26452,7.98907
-2.41996,8.14941
-2.43128,8.35475
-2.38104,8.56059
-2.4635,8.75143
-2.46385,8.96094
-2.37826,9.13857
-2.35772,9.33857
-2.49098,9.49321
-2.32158,9.59263
-2.19146,9.75099
-2.2262,9.95683
-2.25978,10.1544
-2.32337,10.3528
-2.20541,10.5247
-2.24397,10.7425
-2.24343,10.9361
-2.30116,11.1313
-2.26605,11.3317
-2.15217,11.5134
-2.24191,11.7049
-2.44659,11.7067
-2.49792,11.9113
-2.51125,12.1073
-2.37548,12.2448
-2.3479,12.441
-2.4005,12.6537
-2.35483,12.8424
-2.31269,13.0509
-2.26352,13.2577
-2.18006,13.4407
-2.18861,13.6454
-2.10413,13.8113
-2.13602,14.0121
-2.25263,14.1655
-2.34855,14.3492
-2.39991,14.5375
-2.47742,14.7223
-2.47501,14.9233
-2.31838,15.0346
-2.45401,15.1683
-2.36423,15.3487
-2.26078,15.5161
-2.27959,15.7194
-2.40097,15.8907
-2.53859,16.0432
-2.43177,16.2227
-2.31723,16.3961
-2.40153,16.576
-2.39821,16.7912
-2.34877,16.9908
-2.36922,17.1958
-2.37167,17.3876
-2.35062,17.6058
-2.28733,17.8053
-2.20972,18.0045
-2.2481,18.2029
-2.36335,18.3575
-2.39158,18.5673
-2.31076,18.7605
-2.39516,18.9413
-2.29666,19.1055
-2.25276,19.3001
-2.27768,19.495
-2.47013,19.5809
-2.37033,19.7559
-2.3788,19.9764
-2.48001,20.1444
-2.50359,20.3478
-2.63272,20.514
-2.7045,20.7041
-2.64731,20.896
-2.64593,21.1138
-2.80328,21.2326
-2.65367,21.3501
-2.64906,21.5539
-2.7549,21.7224
-2.56,21.7875
-2.37223,21.8442
-2.41778,22.054
-2.37327,22.2669
-2.40369,22.4811
-2.41119,22.6779
-2.37487,22.8656
-2.32742,23.0548
-2.35264,23.2486
-2.37079,23.4462
-2.25664,23.6151
-2.37757,23.783
-2.50434,23.9589
-2.44287,24.157
-2.53791,24.3373
-2.49277,24.5451
-2.39924,24.7342
-2.25457,24.8693
-2.38139,25.0156
-2.52859,25.1629
-2.42902,25.344
-2.29721,25.4849
-2.2007,25.6694
-2.17909,25.8694
-2.19017,26.0727
-2.17614,26.2707
-2.14404,26.4585
-2.28199,26.6046
-2.28868,26.808
-2.23071,27.0064
-2.1859,27.2084
-2.29592,27.3684
-2.19581,27.557
-2.18591,27.7659
-2.1483,27.9579
-2.10757,28.1445
-2.27364,28.2651
-2.28386,28.4551
-2.32306,28.6518
-2.21099,28.8174
-2.32884,29.0007
-2.29506,29.2045
-2.33286,29.4018
-2.36321,29.5998
-2.40056,29.8141
-2.26771,29.9256
-2.38486,30.0759
-2.20331,30.1759
-2.15791,30.3687
-2.23408,30.5527
-2.11451,30.7153
-2.20126,30.8984
-2.27129,31.078
-2.39938,31.2455
-2.30215,31.4117
-2.40636,31.6168
-2.32086,31.8139
-2.46945,31.9348
-2.51691,32.1313
-2.45943,32.318
-2.50527,32.5207
-2.3278,32.6071
-2.34885,32.7974
-2.31479,32.9913
-2.3962,33.1765
-2.31808,33.367
-2.24328,33.5591
-2.22215,33.7597
-2.39822,33.8608
-2.33674,34.0562
-2.25668,34.2561
-2.22933,34.466
-2.13406,34.6503
-2.26747,34.8226
-2.17939,34.9932
-2.0168,35.1027
-2.03071,35.3013
-2.05297,35.5014
-2.02753,35.6982
-2.02025,35.9099
-1.56152,0.0940358
-1.58849,0.288707
-1.6592,0.487372
-1.54292,0.650728
-1.45286,0.837281
-1.44396,1.0317
-1.47809,1.22382
-1.41359,1.403
-1.47519,1.61269
-1.41865,1.81398
-1.36299,2.01579
-1.35693,2.21278
-1.38587,2.4159
-1.22627,2.54151
-1.05508,2.68172
-0.988941,2.87027
-0.935552,3.07068
-1.0061,3.24101
-0.885974,3.40159
-0.994781,3.58009
-1.11473,3.74958
-1.01953,3.92733
-1.07416,4.12739
-1.17657,4.3098
-1.17901,4.50968
-1.33651,4.62367
-1.2431,4.82046
-1.21456,5.02405
-1.27172,5.20978
-1.39845,5.3629
-1.45527,5.54875
-1.27643,5.63835
-1.36499,5.81914
-1.37338,6.01881
-1.40809,6.21148
-1.40649,6.41459
-1.36929,6.62223
-1.23092,6.76419
-1.20301,6.96604
-1.10552,7.15336
-1.16942,7.34277
-1.22008,7.53527
-1.15714,7.73522
-1.06354,7.92385
-1.15089,8.11932
-1.04599,8.31929
-1.04616,8.52805
-1.04934,8.72693
-0.981078,8.92842
-1.02054,9.1341
-1.04971,9.32575
-1.18113,9.48953
-1.33982,9.61479
-1.38247,9.82801
-1.32797,10.0212
-1.2465,10.2108
-1.18484,10.419
-1.11024,10.6151
-0.985645,10.7803
-0.938782,10.9665
-1.03739,11.1459
-1.11433,11.3453
-1.13068,11.5441
-1.05346,11.7333
-1.18486,11.8939
-0.997906,11.9336
-0.9813,12.1379
-1.0792,12.3115
-1.05467,12.5177
-1.0308,12.7146
-1.15885,12.9025
-1.1575,13.1007
-1.2377,13.2817
-1.23234,13.4704
-1.37849,13.6245
-1.44726,13.809
-1.51393,13.9867
-1.3866,14.1428
-1.42297,14.3407
-1.41625,14.5383
-1.37455,14.7291
-1.39675,14.9301
-1.50862,15.0988
-1.37433,15.2504
-1.35673,15.4653
-1.47665,15.6489
-1.34127,15.7937
-1.44234,15.9702
-1.42524,16.1751
-1.49673,16.3632
-1.55708,16.5446
-1.60421,16.7378
-1.61759,16.9474
-1.72964,17.1118
-1.52648,17.1134
-1.6327,17.295
-1.68774,17.4926
-1.79825,17.676
-1.70333,17.8571
-1.59097,18.0044
-1.55525,18.1985
-1.50305,18.3842
-1.44205,18.5767
-1.3818,18.7668
-1.25958,18.9077
-1.25169,19.1101
-1.2982,19.3224
-1.23008,19.5164
-1.34626,19.6974
-1.22236,19.8451
-1.23483,20.044
-1.25864,20.2647
-1.44435,20.3617
-1.508,20.5467
-1.57844,20.7435
-1.4536,20.9022
-1.4608,21.095
-1.40461,21.3003
-1.31385,21.486
-1.16296,21.618
-1.08407,21.8036
-0.977384,21.9961
-0.945579,22.1896
-0.834487,22.3696
-0.834872,22.5633
-0.716437,22.7308
-0.813576,22.924
-0.87686,23.1094
-0.905178,23.3185
-0.829607,23.4967
-0.795873,23.6927
-0.89761,23.8633
-1.09867,23.9367
-1.2203,24.1139
-1.17629,24.3023
-1.15831,24.5052
-1.30343,24.652
-1.48433,24.7159
-1.46194,24.9112
-1.63642,25.026
-1.66794,25.2266
-1.76649,25.4233
-1.67211,25.618
-1.59477,25.8075
-1.51216,26.0156
-1.70152,26.0923
-1.63536,26.2753
-1.56137,26.458
-1.37095,26.5254
-1.25467,26.7058
-1.25551,26.9243
-1.18836,27.1214
-1.27167,27.3023
-1.15022,27.4837
-1.1665,27.6936
-1.16014,27.8962
-0.980074,28.0001
-1.10182,28.161
-1.12075,28.3598
-1.16295,28.5697
-1.21102,28.7547
-1.31365,28.9187
-1.45143,29.0808
-1.52006,29.2737
-1.4013,29.4274
-1.2579,29.5861
-1.21957,29.7759
-1.1982,29.9652
-1.19337,30.1684
-1.14088,30.3668
-0.979917,30.497
-0.988246,30.6961
-1.07532,30.8927
-1.08562,31.0905
-1.21172,31.243
-1.29556,31.432
-1.46322,31.5477
-1.47617,31.7553
-1.45964,31.9598
-1.46373,32.162
-1.39919,32.3644
-1.35177,32.5519
-1.48205,32.6957
-1.36418,32.8555
-1.4258,33.0643
-1.55319,33.2204
-1.61353,33.4058
-1.59492,33.6143
-1.73122,33.7713
-1.69857,33.9796
-1.64706,34.182
-1.7514,34.3536
-1.86674,34.5068
-1.72561,34.6349
-1.69508,34.8243
-1.76782,35.0273
-1.67246,35.2097
-1.67247,35.4168
-1.81704,35.5403
-1.75289,35.721
0.427102,0.473415
0.358027,0.675117
0.494504,0.841473
0.417599,1.05137
0.349145,1.23826
0.349238,1.44487
0.192031,1.61883
0.0751992,1.77338
0.108067,1.97798
0.253006,2.10562
0.388577,2.27526
0.25538,2.42235
0.067343,2.48903
0.017987,2.68418
-0.140711,2.82202
-0.0137648,2.98313
0.0551102,3.16937
0.210551,3.2985
0.0572238,3.45055
0.0583709,3.65473
-0.0580333,3.83495
0.10093,3.97219
0.0292196,4.16121
0.0839827,4.36397
0.138862,4.54898
0.238739,4.71783
0.302962,4.91318
0.400346,5.09198
0.229673,5.22229
0.210286,5.43463
0.133349,5.62731
0.21759,5.82454
0.168833,6.02765
0.202956,6.22293
0.293227,6.40164
0.322827,6.60434
0.248212,6.80839
0.184996,6.99509
0.0786574,7.16197
0.15729,7.34684
0.148633,7.54579
0.07547,7.72057
-0.0270094,7.92302
-0.152918,8.06839
-0.257749,8.23858
-0.262711,8.42925
-0.247586,8.62953
-0.204057,8.83711
-0.0234332,8.9508
0.0887944,9.13116
0.00870457,9.3313
-0.0829178,9.51614
-0.257265,9.63564
-0.192419,9.81881
-0.0552278,9.96477
-0.250874,10.032
-0.295911,10.2295
-0.254306,10.4142
-0.106769,10.5831
-0.200626,10.7678
-0.226354,10.9658
-0.136757,11.166
-0.186429,11.3713
-0.229713,11.5755
-0.231121,11.7725
-0.212632,11.9883
-0.201461,12.2263
-0.200849,12.4161
-0.184251,12.617
-0.089988,12.8029
0.00701131,12.986
0.140819,13.1422
0.175721,13.3423
0.142203,13.5466
0.0346564,13.7202
-0.0590304,13.8997
-0.0558748,14.127
-0.0676546,14.3297
-0.00809979,14.5101
-0.117731,14.6947
-0.104675,14.8983
-0.0835524,15.0946
-0.0633322,15.3005
-0.0636371,15.5361
-0.0491278,15.7448
0.115043,15.8667
0.193853,16.0616
0.110667,16.241
0.00510647,16.4145
-0.0562957,16.6096
-0.184411,16.7726
-0.37019,16.8544
-0.268551,17.0306
-0.226183,17.2344
-0.0681702,17.3741
-0.193242,17.5198
-0.195304,17.7222
-0.24411,17.9283
-0.321651,18.1195
-0.305657,18.3376
-0.381795,18.5146
-0.364843,18.7278
-0.323893,18.9144
-0.475074,19.0533
-0.335299,19.2187
-0.267387,19.4092
-0.331837,19.6033
-0.29459,19.8118
-0.174423,19.9682
-0.094983,20.1558
-0.26617,20.252
-0.14011,20.408
0.00803174,20.5262
-0.0882212,20.6969
-0.139177,20.885
-0.308636,21.0022
-0.32269,21.1965
-0.17524,21.3387
-0.24207,21.5565
-0.173487,21.7167
-0.107016,21.9052
-0.183121,22.0888
-0.0436306,22.2306
0.048947,22.3989
-0.0219791,22.5946
0.0399946,22.7795
0.0205868,22.9764
0.0388115,23.1711
0.0370066,23.3758
-0.0484039,23.5659
-0.188504,23.7088
-0.0772249,23.8844
-0.203571,24.0304
-0.11267,24.225
-0.045753,24.4162
-0.0343407,24.6013
-0.126096,24.7826
-0.0842999,24.9771
-0.010874,25.1738
0.0115577,25.3839
0.0860566,25.5665
0.0370059,25.7733
-0.0476893,25.972
0.019207,26.1538
-0.096386,26.3085
0.0527035,26.4474
0.203703,26.6028
0.29466,26.7718
0.184041,26.9506
0.110962,27.1355
0.120114,27.3381
0.092887,27.5405
-0.0285303,27.7019
-0.00386008,27.9125
-0.0132864,28.1247
0.0788638,28.3009
0.179097,28.483
0.166588,28.6764
0.0557893,28.8418
0.136498,29.0467
0.0984727,29.2534
0.27171,29.367
0.323128,29.5685
0.25383,29.7646
0.15297,29.9362
0.0980874,30.1324
0.058034,30.3352
0.0249639,30.5373
0.0290738,30.7383
0.0279085,30.9322
-0.0016374,31.1366
0.13874,31.2884
0.0406021,31.4582
0.00329718,31.6624
-0.0818661,31.8472
-0.0477546,32.0681
-0.167498,32.2324
-0.229558,32.4319
-0.19178,32.6453
-0.259153,32.8274
-0.244711,33.0262
-0.317205,33.217
-0.410736,33.3945
-0.361064,33.571
-0.347518,33.7687
-0.29798,33.9616
-0.195889,34.1396
-0.166513,34.3443
-0.0193783,34.4744
0.115756,34.6216
0.135778,34.8197
0.152039,35.0267
0.221981,35.2238
0.276986,35.4038
0.195829,35.5893
0.106107,35.7633
-0.0370484,35.9166
0.0369917,36.0973
0.172544,36.2584
0.135731,36.4558
1.49549,0.452235
1.41729,0.631209
1.31701,0.816755
1.1744,0.963837
1.23142,1.16055
1.18708,1.33812
1.22278,1.52496
1.16178,1.70918
1.16299,1.91436
1.16771,2.11262
1.25573,2.29842
1.1849,2.49457
1.12248,2.67554
1.15756,2.87348
1.23612,3.06791
1.16577,3.26624
1.18907,3.48595
1.1197,3.68675
0.963258,3.80844
0.92154,4.00347
0.723997,4.08427
0.676157,4.27752
0.762704,4.45829
0.755328,4.65335
0.662067,4.85759
0.636626,5.05358
0.653153,5.24725
0.696168,5.44285
0.767214,5.6249
0.962645,5.67844
0.911872,5.87668
0.756414,6.01178
0.705731,6.21557
0.860374,6.35568
0.861708,6.56872
0.826959,6.75791
0.906364,6.96916
0.999685,7.13949
1.02682,7.33588
1.02245,7.55486
0.910514,7.73324
0.913025,7.92873
0.964542,8.12036
1.10655,8.26148
1.16437,8.45089
1.08463,8.63465
0.913095,8.72927
0.901326,8.94006
1.01228,9.10654
0.960744,9.32154
0.922641,9.52227
0.908789,9.7081
1.02648,9.86605
1.04619,10.0688
1.02467,10.281
1.07532,10.4933
0.913657,10.6101
0.935705,10.8311
0.985773,11.0487
0.891519,11.2174
1.00685,11.3834
1.168,11.5182
1.11242,11.7303
1.01294,11.9078
1.03307,12.107
0.935692,12.2923
0.859254,12.4735
0.73485,12.6158
0.704503,12.8203
0.616807,12.9945
0.623043,13.1922
0.520903,13.3759
0.538193,13.5729
0.636168,13.7537
0.666548,13.9421
0.828623,14.0409
0.858226,14.2518
1.00845,14.3733
0.866652,14.4929
0.859612,14.704
0.767863,14.902
0.795369,15.0956
0.831774,15.3065
0.844564,15.5043
0.712626,15.6766
0.784021,15.8547
0.855355,16.0488
0.995769,16.2075
1.03074,16.4078
0.978892,16.6019
1.01693,16.8125
0.849169,16.9554
0.828667,17.1525
0.795652,17.3593
0.875623,17.5497
0.93159,17.7369
0.903414,17.9447
0.941582,18.1368
0.916308,18.3416
0.929546,18.5304
0.947874,18.7365
0.943246,18.9481
0.937048,19.1377
0.802177,19.2778
0.807095,19.5066
0.877248,19.6905
0.763371,19.864
0.934211,19.9823
0.997365,20.1766
0.913971,20.3635
0.935508,20.5759
0.801596,20.737
0.678563,20.8922
0.795581,21.0752
0.836147,21.2744
0.801128,21.462
0.766757,21.6629
0.791427,21.8583
0.865306,22.0453
0.697945,22.1525
0.781907,22.3287
0.678683,22.5097
0.720734,22.7126
0.737869,22.903
0.785095,23.0996
0.817138,23.2994
0.702022,23.4581
0.720858,23.6606
0.871123,23.7825
0.812868,23.9796
0.641767,24.1023
0.716799,24.2833
0.816489,24.4494
0.931133,24.6204
1.0524,24.7631
1.17578,24.9407
1.11191,25.1237
1.13598,25.3261
1.10235,25.5211
1.11514,25.7256
1.07786,25.9395
1.07859,26.1335
1.17209,26.332
1.35694,26.4048
1.26448,26.5858
1.37425,26.7571
1.42489,26.9539
1.51848,27.1365
1.36668,27.2804
1.28138,27.4445
1.35612,27.6256
1.43648,27.8211
1.25603,27.8995
1.23275,28.1016
1.08083,28.2183
1.15323,28.4118
1.13877,28.6237
1.0883,28.8156
1.11096,29.0137
1.11926,29.2157
1.09128,29.4227
1.25772,29.5328
1.25148,29.7461
1.24719,29.9543
1.25328,30.1627
1.28674,30.3585
1.34862,30.5621
1.28068,30.75
1.18364,30.937
1.14813,31.1429
1.07676,31.3498
1.051,31.5729
1.0495,31.7738
1.02094,31.9617
0.983427,32.1613
0.790326,32.2307
0.804253,32.44
0.705261,32.6091
0.666607,32.8173
0.757117,32.9952
0.804514,33.1875
0.740298,33.3887
0.709275,33.6048
0.692512,33.8135
0.797266,34.002
0.895559,34.1889
0.920015,34.3973
0.874682,34.5905
0.794531,34.7781
0.858987,34.9643
0.868374,35.1704
0.905583,35.3618
0.813329,35.5401
0.860527,35.7376
0.780149,35.9368
0.8567,36.1281
0.903464,36.3264
0.86861,36.5279
0.899001,36.7339
0.819982,36.9039
1.79783,0.492775
1.80124,0.69853
1.82876,0.902002
1.8551,1.10424
1.88161,1.30149
1.92443,1.49432
1.94542,1.69726
2.05161,1.88332
2.07734,2.08795
2.0783,2.28153
2.05717,2.47202
2.16475,2.65054
2.25215,2.81917
2.22732,3.02389
2.10454,3.17571
2.0778,3.38718
1.96031,3.5457
2.07271,3.73301
2.08805,3.93944
2.01887,4.13699
1.98614,4.32777
1.94037,4.54146
2.13171,4.61598
2.01371,4.763
1.81835,4.81455
1.7942,5.0199
1.78512,5.25428
1.68608,5.42189
1.71129,5.61782
1.89705,5.66746
1.75895,5.80922
1.84494,6.00487
1.9217,6.20816
1.89042,6.41238
1.99884,6.60227
2.1359,6.759
2.18559,6.9604
2.0898,7.13548
2.22241,7.30547
2.20258,7.49128
2.16892,7.68263
2.07236,7.87552
2.11392,8.08171
2.10214,8.28671
2.17905,8.4683
2.18587,8.66679
2.21352,8.85045
2.18741,9.03669
2.14551,9.24027
2.09126,9.43508
2.04481,9.63423
2.05565,9.84582
1.97932,10.0151
1.87842,10.201
1.7514,10.357
1.85075,10.5365
1.86061,10.746
1.67844,10.8384
1.68612,11.0334
1.67883,11.2405
1.67349,11.4347
1.5295,11.5652
1.50251,11.7731
1.51529,11.995
1.6215,12.1805
1.74283,12.3532
1.906,12.4778
1.75058,12.6261
1.93097,12.6957
1.90595,12.9062
1.86319,13.1027
2.03913,13.1719
1.99275,13.3635
1.99522,13.5793
2.11109,13.7664
2.05535,13.9469
1.97415,14.1472
1.9293,14.3352
1.89315,14.5214
2.10247,14.5203
2.12925,14.7176
2.0573,14.9108
2.22689,15.0055
2.08072,15.1524
2.11335,15.3594
1.99483,15.5309
1.90824,15.7118
1.91015,15.9144
1.91895,16.1248
1.83398,16.2984
1.81502,16.506
1.90604,16.6843
1.89722,16.8758
1.97201,17.0749
2.00733,17.2798
2.09888,17.4503
2.29902,17.4953
2.29024,17.7121
2.27048,17.9177
2.23123,18.1297
2.15077,18.334
2.29042,18.4866
2.16313,18.6369
2.14958,18.8224
2.25839,19.0105
2.29493,19.2201
2.24874,19.4153
2.40795,19.5451
2.40184,19.7445
2.37028,19.9346
2.35871,20.1289
2.28912,20.3248
2.14406,20.4537
2.11312,20.6443
2.17974,20.835
2.21597,21.0361
2.13169,21.2296
2.01713,21.4016
1.86902,21.5378
1.74211,21.6801
1.78693,21.8892
1.71548,22.0921
1.67615,22.288
1.66425,22.493
1.82599,22.6147
1.74712,22.8006
1.77399,22.9982
1.81872,23.1838
1.81316,23.3811
1.6137,23.4028
1.55471,23.6137
1.48902,23.8009
1.50715,24.0106
1.65345,24.1675
1.72764,24.3567
1.89532,24.4729
2.0341,24.6333
2.11002,24.8193
1.93927,24.9179
2.03843,25.1226
2.12083,25.2951
2.05606,25.489
2.00881,25.6803
1.97744,25.8748
1.9335,26.0717
1.86737,26.2737
2.02798,26.3975
2.04955,26.6041
2.00757,26.8087
2.04716,27.0092
2.05397,27.2154
1.94073,27.387
2.0737,27.5308
1.94926,27.681
1.99205,27.8763
2.16338,27.988
2.09941,28.1792
1.9948,28.3491
1.8924,28.5404
1.8725,28.7396
1.7676,28.9152
1.6967,29.1005
1.68988,29.3229
1.79348,29.4945
1.7574,29.6864
1.85293,29.8657
1.87809,30.0673
2.03845,30.1891
1.94647,30.3648
1.88988,30.5621
1.89645,30.7659
1.93742,30.9827
1.85981,31.1689
1.92061,31.3569
1.76675,31.5152
1.5787,31.6124
1.61747,31.8192
1.69754,32.0231
1.60262,32.2001
1.57965,32.4098
1.67158,32.5867
1.70688,32.7848
1.84691,32.9358
1.80973,33.131
1.80421,33.3316
1.95502,33.4781
1.79488,33.6156
1.76469,33.805
1.73898,34.0087
1.93403,34.1029
1.92341,34.3118
1.94934,34.5118
2.02634,34.7086
1.96611,34.8811
2.09893,35.0433
2.16299,35.2375
2.35366,35.2937
2.31429,35.4842
2.2632,35.7023
2.39777,35.8461
3.05414,0.243775
2.9617,0.446372
2.91761,0.63009
2.92667,0.831125
2.76847,0.945315
2.67729,1.12656
2.63199,1.32006
2.64843,1.52172
2.69642,1.72139
2.72874,1.92316
2.5635,2.02589
2.60221,2.24552
2.62479,2.45254
2.77883,2.55917
2.77244,2.76796
2.69764,2.95513
2.73673,3.15587
2.68913,3.36323
2.69952,3.5666
2.84755,3.71601
2.93071,3.90534
2.97743,4.10675
2.95256,4.30722
3.0603,4.49941
2.91965,4.633
3.02516,4.7925
2.98081,5.00311
2.89807,5.19918
3.08424,5.287
3.03828,5.49719
3.02684,5.70198
2.95408,5.87988
3.01896,6.06905
3.16262,6.2088
3.14038,6.41034
3.29343,6.53252
3.26595,6.73031
3.22594,6.93598
3.28181,7.12301
3.18798,7.29068
3.20525,7.5026
3.24535,7.71725
3.12584,7.89447
3.04312,8.0864
3.13323,8.25098
3.2041,8.45476
3.28174,8.6602
3.48687,8.75978
3.5981,8.93729
3.69045,9.11558
3.56887,9.2823
3.41138,9.40639
3.33057,9.58512
3.35033,9.77599
3.31665,9.97812
3.11942,9.9832
3.10948,10.1771
3.25392,10.3443
3.18168,10.5264
3.13641,10.7131
3.15641,10.9178
3.10219,11.1183
2.99103,11.2724
3.00985,11.4733
3.08187,11.6632
3.15489,11.8518
3.13279,12.0468
3.19544,12.2653
3.07403,12.4341
3.0278,12.6433
2.9246,12.8104
2.90698,13.0253
2.91521,13.2173
3.06024,13.358
2.94603,13.5273
3.04856,13.697
3.01739,13.8982
2.96177,14.1006
2.92648,14.2974
2.93922,14.5008
2.87211,14.6769
2.90999,14.8684
2.80796,15.0225
2.88576,15.2089
2.81243,15.4009
2.7033,15.5663
2.82604,15.7316
2.76918,15.9172
2.82315,16.1098
2.89713,16.3142
2.86674,16.5071
3.03655,16.6355
3.19785,16.7463
3.35086,16.8889
3.35144,17.0954
3.32923,17.2806
3.38468,17.4745
3.43903,17.6762
3.32359,17.8329
3.42873,18.0046
3.35739,18.2008
3.39214,18.403
3.21098,18.3246
3.18239,18.527
3.22118,18.7505
3.17419,18.9432
3.33047,19.1006
3.31075,19.3148
3.27456,19.5189
3.34935,19.7091
3.50574,19.8356
3.42938,20.034
3.30269,20.2129
3.24032,20.4141
3.24134,20.6274
3.35756,20.8205
3.26354,21.0031
3.30354,21.2116
3.11414,21.2706
3.2458,21.4111
3.22672,21.605
3.31152,21.7868
3.35382,21.9984
3.19137,22.1317
3.37878,22.2049
3.42195,22.4079
3.47519,22.6027
3.42841,22.8264
3.34246,23.0001
3.41531,23.1919
3.48316,23.3885
3.49411,23.5875
3.45156,23.7752
3.30294,23.9353
3.26334,24.1397
3.16378,24.2945
3.25615,24.4838
3.37738,24.6453
3.53821,24.766
3.55483,24.9625
3.39904,25.1007
3.367,25.3112
3.35595,25.5122
3.17057,25.5901
3.15724,25.803
3.30698,25.9483
3.3306,26.1634
3.26321,26.3359
3.35707,26.5102
3.4028,26.7056
3.36222,26.9004
3.3499,27.101
3.3866,27.3285
3.43759,27.5271
3.32205,27.6886
3.36626,27.8966
3.21923,28.0401
3.2149,28.2418
3.27564,28.4541
3.4009,28.6243
3.19477,28.6787
3.12769,28.8693
3.13766,29.0621
3.1957,29.2547
3.24374,29.4505
3.37865,29.5982
3.26035,29.764
3.16177,29.9402
3.1835,30.144
3.17962,30.3502
3.09368,30.5279
3.15435,30.7037
3.02006,30.8691
2.92515,31.0371
3.0086,31.2231
3.0146,31.4373
3.11452,31.6139
3.21805,31.7885
3.32899,31.9541
3.43344,32.1337
3.37883,32.3279
3.43759,32.5189
3.4972,32.7075
3.55734,32.8964
3.55676,33.1029
3.45469,33.2589
3.41012,33.4558
3.49646,33.64
3.53731,33.849
3.48089,34.0356
3.67655,34.0903
3.88562,34.0991
3.92978,34.3085
3.90429,34.5053
3.7263,34.5872
3.61063,34.7496
3.68846,34.9334
3.64783,35.1391
3.47888,35.2581
3.53355,35.4493
4.55048,0.205569
4.41137,0.372943
4.40258,0.580929
4.38213,0.782957
4.41253,0.96817
4.27307,1.10586
4.35576,1.29762
4.38721,1.49363
4.3804,1.69958
4.25098,1.84681
4.22556,2.06649
4.08617,2.21547
4.04042,2.40687
4.21534,2.51622
4.10762,2.70008
4.26802,2.8565
4.34551,3.05647
4.42202,3.22112
4.34301,3.40909
4.28519,3.60786
4.26549,3.81562
4.19938,4.01183
4.04825,4.14952
4.0504,4.34716
3.86596,4.42504
4.02112,4.54345
3.85355,4.68405
3.80264,4.8998
3.87311,5.07866
3.92779,5.26282
4.06178,5.42192
4.11776,5.61777
4.02959,5.80577
3.93232,5.98302
3.94574,6.1874
3.88026,6.387
3.79764,6.56612
3.83862,6.7691
3.93361,6.94645
3.9619,7.14254
3.97976,7.34389
4.15023,7.41772
4.11544,7.61586
4.1305,7.82075
4.04663,8.01784
4.09246,8.21459
4.03463,8.4064
3.8585,8.5177
3.90415,8.72967
4.05053,8.86943
4.007,9.07947
4.02539,9.28851
3.88697,9.43556
3.9101,9.64342
3.98567,9.8144
4.08467,9.98011
4.11955,10.1874
4.18224,10.3908
4.07267,10.5505
3.97585,10.7441
4.13087,10.889
4.07716,11.0823
4.20853,11.2351
4.11434,11.4233
4.05835,11.621
4.12135,11.7956
4.1257,12.0214
4.14703,12.2308
4.19201,12.4124
4.20134,12.6092
4.10256,12.7913
4.21695,12.9628
4.32877,13.1269
4.3946,13.3155
4.32756,13.5151
4.29725,13.7081
4.20986,13.8903
4.18334,14.0978
4.32549,14.25
4.34547,14.4509
4.323,14.6473
4.29461,14.8587
4.25584,15.0734
4.32496,15.273
4.20093,15.4296
4.13134,15.6255
4.01551,15.7899
3.87897,15.9367
3.85663,16.1341
3.93659,16.3266
4.01887,16.5139
4.04137,16.7176
4.04546,16.926
4.1107,17.1085
3.94836,17.2321
3.88746,17.4329
3.92917,17.63
4.02492,17.8148
4.03209,18.0204
4.0652,18.228
3.92798,18.3791
3.90717,18.5845
3.77656,18.7201
3.6666,18.914
3.70655,19.1166
3.81154,19.2956
3.91782,19.4649
3.95461,19.6595
3.91061,19.8665
3.96371,20.0645
3.99367,20.2634
4.03688,20.4502
4.08104,20.6409
4.111,20.8493
4.07625,21.0569
4.0531,21.2631
4.14188,21.4554
4.18729,21.6497
4.1308,21.8725
4.27449,22.0001
4.2124,22.2022
4.27124,22.3909
4.16641,22.5591
4.21647,22.759
4.1009,22.9248
4.15045,23.1205
4.28515,23.2689
4.41055,23.4405
4.58714,23.548
4.56568,23.7499
4.77514,23.7412
4.71707,23.9294
4.62888,24.1247
4.57013,24.3194
4.56871,24.5226
4.57816,24.7347
4.47508,24.9105
4.38565,25.0927
4.52055,25.2424
4.41848,25.3997
4.29635,25.5472
4.2194,25.741
4.20667,25.928
4.38169,26.0198
4.33285,26.2254
4.40565,26.4198
4.33305,26.6188
4.29033,26.8051
4.19238,26.9864
4.11578,27.1782
4.20351,27.3421
4.13019,27.5456
4.01585,27.7046
3.80887,27.7344
3.66211,27.8665
3.74406,28.0392
3.70486,28.2303
3.73911,28.4377
3.75771,28.6312
3.85388,28.8226
3.95925,28.9955
4.00673,29.1838
3.9403,29.3775
3.98374,29.579
4.0442,29.7846
4.13613,29.9637
4.03296,30.1348
4.03745,30.3483
4.03209,30.5397
4.04703,30.7356
3.8543,30.8041
3.98996,30.9709
4.08938,31.1504
3.98592,31.3216
4.1156,31.471
4.12218,31.6845
4.10816,31.8978
4.09541,32.0921
4.14851,32.3144
4.16366,32.5276
4.28779,32.6791
4.31938,32.8916
4.33925,33.0907
4.46486,33.2582
4.50772,33.453
4.54215,33.6527
4.5056,33.8524
4.47406,34.0527
4.44546,34.2511
4.35553,34.4414
4.41056,34.6478
4.34422,34.8306
4.44114,35.0314
4.44423,35.2356
4.32261,35.401
4.47473,35.527
4.38953,35.7224
4.35809,35.9018
4.29487,36.09
4.18304,36.2613
