parameters (x,y,w,h,rx,ry):-5,0,10.000000,40.000000,100,100
6,11,9,21,21,25,31,67,61,62,51,46,41,27,37,32,45,56,56,58,61,32,35,40,34,51,45,55,75,72,66,55,41,36,40,50,68,75,85,75,73,67,76,77,61,69,87,68,99,80,77,54,71,70,72,57,67,75,83,90,78,69,68,62,78,88,72,82,76,67,66,72,56,50,57,77,67,72,78,69,39,42,25,20,17,11,8,8,2,2,2,7,1,0,2,6,4,5,4,7
11,22,31,43,48,81,99,161,147,135,107,80,70,48,83,89,103,126,158,152,114,102,92,67,79,98,122,143,164,129,131,112,101,83,94,119,153,166,170,156,166,146,140,154,173,183,165,175,193,193,155,162,166,144,138,133,162,199,194,198,180,143,122,162,135,161,174,169,171,168,173,150,113,143,135,145,163,148,186,151,106,76,55,34,24,27,18,16,12,8,5,2,2,6,7,7,8,11,8,12
16,16,27,41,60,79,106,155,161,153,105,75,60,46,59,79,94,137,168,155,153,93,82,60,59,89,137,137,164,162,126,98,102,113,92,138,151,179,169,153,162,139,140,152,164,192,157,176,204,195,194,163,152,130,136,149,178,218,185,206,158,145,142,161,135,153,163,193,198,147,150,140,143,122,126,135,180,173,173,161,115,81,51,23,31,21,15,17,15,5,4,2,5,3,0,9,6,7,6,10
5,26,21,35,50,88,116,178,167,126,117,72,50,50,49,66,113,143,177,162,124,111,80,48,58,87,100,159,168,159,122,123,89,89,96,120,176,183,171,158,155,136,139,161,183,179,189,159,206,225,188,151,155,133,122,159,178,198,210,199,178,131,140,133,180,180,168,170,169,183,156,140,123,119,140,132,145,193,180,156,118,78,45,32,21,20,21,10,16,15,3,1,3,0,6,5,5,4,9,14
13,21,27,23,58,93,133,159,166,136,121,61,48,44,55,60,122,147,167,160,129,100,59,50,68,71,128,147,163,165,125,118,93,75,101,103,173,172,194,197,132,133,144,150,184,177,176,166,194,232,196,168,134,126,117,137,169,197,244,201,157,144,136,135,164,163,174,179,190,177,147,142,110,132,126,115,158,186,180,168,125,82,57,25,10,25,15,7,12,13,6,2,1,3,3,4,5,6,12,4
11,16,18,31,49,94,120,174,182,151,99,65,50,47,52,69,117,152,180,148,133,92,68,51,42,82,123,157,164,153,146,115,90,89,75,97,165,194,200,191,137,123,150,159,169,191,194,166,191,214,172,170,146,136,145,137,154,191,202,214,179,136,120,170,158,160,158,192,164,171,166,142,132,120,111,119,142,182,215,172,121,78,54,26,20,13,14,15,10,5,6,6,1,4,0,5,5,5,11,9
10,18,11,28,38,70,141,175,184,168,104,62,41,44,43,72,104,169,189,147,128,99,71,43,44,67,127,149,167,164,143,114,78,76,89,98,148,204,214,157,143,130,152,148,167,196,202,189,172,186,187,162,157,148,109,140,144,193,192,208,186,149,137,173,159,147,174,163,193,180,171,138,129,121,115,109,156,185,182,193,135,84,49,24,17,15,14,13,10,5,5,3,1,2,2,2,5,7,11,7
15,13,15,26,43,82,128,159,191,193,122,60,34,37,33,68,135,160,191,159,125,85,52,56,46,75,109,138,178,192,136,115,81,74,91,107,150,193,189,176,149,123,147,176,163,195,179,201,178,195,195,170,154,123,119,147,169,189,215,184,166,173,147,146,138,179,157,180,196,178,167,129,117,137,101,129,163,183,178,177,130,73,39,29,19,13,10,12,10,5,4,2,1,2,2,0,5,3,10,11
15,21,12,29,41,74,138,180,188,173,96,81,33,28,40,65,110,156,194,157,128,83,60,45,54,67,103,164,188,178,154,114,76,93,72,107,177,195,192,179,151,140,129,134,161,198,213,181,189,205,203,171,160,112,115,131,188,201,205,190,165,172,144,137,148,173,164,165,188,186,153,167,129,116,121,140,159,167,201,167,112,86,42,23,23,15,12,13,7,4,3,0,1,4,1,2,4,4,4,10
16,16,22,18,31,71,143,179,185,166,124,76,41,27,44,67,101,177,198,155,121,73,69,50,41,60,104,142,191,207,151,119,76,56,92,107,179,198,179,158,159,141,137,150,168,198,182,171,206,198,204,186,137,115,130,140,167,220,203,186,166,158,155,139,157,146,180,177,172,159,176,163,128,125,105,115,147,181,216,164,133,81,46,30,13,9,11,8,10,5,3,0,2,3,3,1,7,1,7,6
10,16,17,25,45,74,120,186,202,152,109,78,33,31,61,70,108,155,193,163,126,92,62,54,43,52,105,139,195,190,168,113,69,58,71,116,160,201,209,178,150,125,136,137,192,206,190,160,180,226,191,182,148,111,124,144,177,217,187,216,168,162,157,162,143,158,158,174,170,197,172,135,159,135,105,115,158,187,206,165,118,68,35,26,16,14,8,7,8,5,2,1,0,3,1,3,6,3,9,17
13,10,11,23,44,86,130,178,194,148,106,70,43,35,47,56,110,142,185,188,139,93,64,45,39,46,103,138,203,190,155,122,69,68,73,114,154,203,225,185,145,133,124,167,156,184,201,153,200,215,176,170,164,122,117,157,169,210,180,195,164,158,143,173,153,161,185,162,174,176,171,162,142,112,108,111,180,187,217,173,117,58,36,17,15,12,8,6,4,7,0,1,2,1,2,3,3,11,8,6
9,10,9,25,35,106,145,172,199,148,118,72,44,34,44,53,112,165,190,194,139,86,45,42,39,60,99,162,197,194,134,106,84,71,65,123,176,194,201,183,141,139,129,145,165,184,175,191,187,203,213,175,151,110,114,152,183,217,200,174,165,158,148,159,169,156,191,165,157,190,200,144,122,126,107,104,186,217,192,175,105,50,33,23,12,9,6,4,9,3,3,1,2,2,0,2,4,9,7,6
1,6,13,18,53,85,146,174,190,175,109,64,45,43,43,60,100,175,198,191,141,77,36,38,44,60,114,158,207,173,140,124,63,66,69,117,162,192,213,188,151,141,128,126,164,211,183,178,186,213,190,194,124,134,121,137,183,218,223,153,157,166,164,155,164,159,169,178,177,162,177,165,134,107,115,132,157,207,223,170,95,53,37,20,15,3,11,5,7,3,2,2,1,3,2,2,3,10,3,6
1,7,8,16,48,83,131,191,192,181,121,60,40,34,49,68,93,155,175,203,154,73,54,40,34,50,126,152,196,195,145,106,55,60,82,118,156,190,213,204,144,122,133,137,158,214,178,160,199,211,205,193,156,111,104,138,173,230,203,166,176,154,151,140,179,168,165,156,158,195,170,155,146,112,127,133,188,184,202,167,101,59,30,17,8,6,10,14,0,3,4,0,0,2,2,4,5,5,4,3
4,4,11,22,43,86,129,183,209,163,119,64,35,33,40,67,111,145,181,194,148,90,56,27,52,65,98,178,178,189,130,104,86,69,74,118,152,208,216,174,130,134,125,150,175,192,201,160,184,204,228,167,154,132,99,128,181,215,204,192,177,163,119,138,165,176,185,169,187,174,189,140,132,97,100,148,164,210,213,184,108,50,26,18,12,9,11,5,7,3,3,0,1,1,2,0,8,8,2,2
2,2,3,19,52,82,124,206,217,156,122,72,40,28,38,66,108,162,194,180,156,72,58,52,41,61,95,155,205,167,178,120,61,60,77,97,154,212,231,182,135,123,139,169,178,187,177,174,185,209,197,179,160,117,113,123,190,195,211,203,160,148,126,149,166,161,189,158,192,166,171,172,146,103,110,117,165,227,217,167,97,54,32,9,8,15,6,7,4,3,0,5,0,0,0,3,7,8,5,2
4,1,9,20,33,85,132,174,200,188,121,72,30,35,33,51,105,172,171,181,168,83,55,45,43,40,100,149,191,207,174,108,52,65,71,92,178,218,210,178,132,119,165,145,178,175,183,180,209,203,187,170,152,129,117,128,202,204,209,196,165,137,140,166,176,143,161,168,185,195,168,171,130,99,119,111,167,215,234,162,106,55,23,12,8,14,11,7,3,5,1,0,2,1,2,2,8,6,9,3
3,2,9,20,33,81,142,205,197,185,110,63,35,35,33,63,88,152,224,177,150,80,52,36,35,65,93,178,194,193,157,107,64,51,60,100,164,222,208,184,132,137,143,166,173,183,180,172,175,216,220,170,161,104,117,116,185,210,230,195,156,132,165,148,164,163,143,180,177,181,172,160,151,111,108,127,148,197,215,170,125,42,27,17,12,10,11,5,8,2,0,0,1,1,0,0,4,8,5,4
6,3,10,21,37,78,123,201,217,182,122,56,34,25,30,71,103,198,172,161,146,97,57,34,31,61,114,158,180,198,167,117,68,57,65,113,158,190,211,194,141,123,139,184,184,201,180,170,177,225,183,183,151,127,95,128,185,216,240,191,172,130,149,149,165,132,179,178,180,191,178,145,147,107,107,118,178,212,175,191,110,63,29,14,14,10,6,6,4,0,0,0,1,1,0,0,2,6,5,4
2,8,10,23,33,73,113,220,212,175,106,54,34,39,42,68,99,156,202,169,111,111,53,36,39,57,98,160,193,189,165,105,86,56,68,105,171,189,220,187,140,117,142,189,170,223,200,175,169,193,209,195,137,120,90,118,190,226,226,194,150,133,152,171,159,165,173,183,179,184,178,163,132,99,108,124,164,232,201,163,115,51,21,20,14,11,6,5,6,1,1,0,1,4,0,0,0,3,3,7
10,6,10,22,34,68,142,197,202,176,114,74,49,38,45,59,109,149,193,158,153,93,56,35,40,59,110,133,172,212,168,134,66,44,64,110,180,207,227,171,120,122,124,175,183,207,190,169,164,220,227,182,141,121,107,131,158,227,237,179,158,122,130,159,182,177,164,177,191,176,179,151,127,105,100,128,151,219,205,155,95,69,20,22,13,7,5,8,4,1,0,1,2,0,0,2,2,1,6,3
5,11,8,18,35,72,133,203,183,178,115,67,44,44,21,66,105,169,182,190,134,90,59,40,49,67,82,137,182,184,191,121,73,47,55,91,185,218,213,182,142,119,126,157,197,209,174,146,192,217,215,186,149,95,133,139,167,211,207,227,155,129,120,157,173,182,189,180,163,174,183,163,141,113,100,115,166,205,203,153,125,63,32,15,11,5,11,5,2,1,1,0,1,1,0,2,0,3,7,4
8,5,16,17,34,70,118,171,228,180,117,64,53,41,34,67,112,162,169,194,157,72,51,50,38,50,104,128,213,209,160,111,85,63,67,100,195,209,191,181,133,139,117,160,180,192,183,180,188,205,198,183,152,124,106,118,164,217,216,217,148,140,127,156,188,180,162,163,163,174,185,175,145,116,107,129,165,198,198,166,111,55,38,21,15,9,9,7,4,1,0,1,1,0,0,0,0,3,4,4
8,10,10,19,49,70,118,176,215,193,120,61,41,44,53,58,110,133,182,187,142,102,64,31,40,55,102,154,187,211,153,117,86,57,53,116,171,194,227,198,122,109,132,169,172,208,178,169,180,214,239,180,143,123,118,123,167,226,224,179,154,138,153,161,181,183,159,157,173,186,197,160,151,93,103,153,162,167,229,146,105,58,39,22,13,4,11,5,4,2,2,0,0,0,0,0,0,1,2,6
4,11,9,17,44,90,118,174,209,195,119,62,31,45,39,52,102,154,193,170,149,97,51,36,43,78,112,138,201,189,142,114,79,76,54,102,175,204,212,178,120,107,116,181,205,185,186,151,179,226,228,183,141,130,119,114,167,233,218,172,166,120,133,174,188,161,166,157,165,191,184,170,141,119,110,132,175,196,183,159,95,53,40,19,16,10,7,3,1,5,2,0,0,0,0,0,0,2,0,2
3,5,8,15,36,76,119,181,201,202,127,76,28,32,42,57,107,164,194,188,129,96,51,38,50,57,119,172,196,193,142,114,78,60,71,101,180,192,239,166,119,99,125,174,211,178,170,153,195,198,221,162,161,129,123,135,173,221,218,173,162,147,165,147,178,166,159,167,134,191,183,184,129,138,104,135,183,187,201,144,102,72,29,28,12,10,6,3,3,0,1,0,0,0,0,0,2,0,1,6
5,4,9,11,36,70,142,185,207,186,99,79,40,37,35,54,113,146,193,194,144,89,42,41,33,60,104,162,183,188,191,106,76,49,69,94,170,217,208,188,133,113,128,160,201,193,167,159,210,214,200,195,161,115,104,149,181,204,210,166,160,160,146,177,160,179,167,157,155,186,183,168,135,104,128,144,180,187,197,144,113,67,32,30,12,6,2,5,4,0,2,2,0,0,0,0,0,2,2,9
6,3,11,17,41,60,148,202,214,175,131,65,45,35,34,57,99,173,208,195,131,90,45,35,28,50,104,170,200,200,151,117,68,51,72,98,167,206,235,174,126,115,156,160,199,196,181,147,194,199,217,208,137,116,123,142,155,196,228,190,167,139,143,149,202,183,173,156,161,166,182,151,146,115,122,158,172,195,191,153,99,73,33,12,14,4,4,0,2,2,0,4,1,0,0,0,0,0,4,5
5,5,12,22,36,61,126,207,212,185,111,81,44,32,39,59,109,147,199,194,137,87,55,35,37,49,103,142,204,194,171,110,87,58,62,108,151,214,240,178,129,122,134,166,203,180,162,164,195,198,231,179,143,122,114,130,158,220,234,186,143,141,153,151,186,187,176,158,168,181,164,165,140,102,122,154,188,196,177,153,102,56,35,15,8,4,4,2,1,3,1,2,0,1,0,0,0,1,0,4
5,8,7,11,34,68,132,216,192,166,126,74,43,22,34,56,111,182,202,169,128,96,58,34,39,55,87,148,192,200,149,112,69,58,76,105,167,200,239,187,133,115,141,179,177,189,195,155,176,222,214,196,140,109,97,120,170,206,228,204,144,127,147,171,169,188,163,166,159,218,179,146,121,130,123,160,177,212,170,143,106,47,32,7,7,5,5,3,5,2,2,2,0,0,0,0,0,0,0,3
3,5,13,18,27,79,132,188,198,196,137,65,42,29,37,66,122,165,200,183,136,88,52,39,35,61,103,150,185,194,164,111,69,60,71,107,161,214,248,177,146,112,114,148,224,192,192,150,187,220,221,178,151,96,118,123,149,225,222,196,152,161,159,165,160,165,159,155,200,190,173,134,121,126,147,126,161,208,190,161,111,48,28,6,7,6,5,3,4,2,2,2,1,0,0,0,0,0,1,2
2,4,17,20,42,90,103,193,225,176,129,69,37,32,31,67,143,169,173,187,139,98,47,42,39,44,109,168,204,182,159,109,69,56,78,109,159,217,253,190,115,112,114,172,219,184,167,176,170,226,199,205,130,114,119,137,155,193,209,195,184,137,162,163,193,157,169,164,176,195,157,139,145,129,128,127,171,206,215,147,105,54,18,9,9,2,4,5,2,2,2,4,0,0,0,0,0,0,0,0
3,7,5,15,63,78,116,178,201,191,126,74,47,20,34,71,112,184,188,183,134,93,52,39,34,66,103,171,184,187,149,105,60,63,71,114,159,216,209,194,136,100,137,168,184,198,196,180,148,225,213,164,150,103,106,125,174,194,221,206,159,130,150,167,181,161,162,168,186,166,182,168,130,121,111,141,179,217,191,166,111,52,36,10,4,5,4,3,4,1,3,1,0,0,0,0,0,0,0,0
2,5,9,22,49,76,128,186,196,189,137,71,40,29,25,62,106,187,194,183,130,76,62,42,30,49,107,154,189,187,177,103,58,57,77,115,171,234,235,172,133,120,142,164,174,211,180,182,177,211,196,183,163,114,113,127,175,190,233,198,159,135,147,158,189,170,179,153,153,194,176,172,143,111,115,146,174,212,187,165,98,61,30,14,5,4,5,4,2,4,3,0,0,0,0,0,0,0,0,1
2,8,12,14,34,78,124,194,229,181,123,55,31,25,35,64,135,173,194,172,131,86,51,32,33,52,81,147,227,203,160,106,69,60,79,112,164,218,217,175,123,123,149,179,188,190,159,183,175,215,194,191,148,124,116,119,174,208,203,214,169,145,141,164,164,191,183,146,141,189,183,178,155,115,112,126,203,203,188,142,90,58,20,12,7,4,6,4,5,0,0,2,0,0,0,0,0,0,0,0
0,6,10,15,37,74,140,172,217,199,113,77,35,28,34,63,123,157,219,181,126,85,56,37,22,50,95,162,196,202,173,115,64,67,72,112,180,213,201,197,153,112,118,173,210,180,188,166,174,197,208,177,151,121,127,131,142,214,204,204,166,152,148,162,168,181,178,154,158,200,175,166,134,120,112,125,192,220,222,148,102,45,17,8,8,8,4,6,3,1,1,1,0,0,0,0,0,0,0,0
0,3,8,27,24,73,135,180,222,189,121,86,57,28,36,59,105,166,202,169,132,113,52,38,32,54,112,146,184,202,147,121,73,50,79,128,164,197,209,184,128,119,147,168,169,210,198,170,175,183,202,180,142,122,114,129,167,202,201,219,167,147,141,147,177,163,210,157,161,172,185,158,142,131,115,111,197,205,229,151,84,44,30,13,5,5,0,5,3,3,0,0,0,0,0,0,0,0,0,0
3,10,10,16,32,66,133,169,198,195,151,80,34,33,36,59,116,189,196,183,122,96,61,32,32,57,115,163,198,167,153,120,76,50,67,137,162,195,230,189,126,110,110,169,182,204,188,171,185,205,177,159,160,120,122,122,184,207,215,199,151,143,141,147,184,186,167,159,156,176,192,183,147,120,127,126,184,214,189,166,99,46,28,14,6,1,2,3,7,2,0,1,0,0,0,0,0,0,0,0
4,4,12,22,26,67,145,176,198,192,142,75,42,29,32,68,129,156,190,175,135,89,57,38,37,55,117,160,194,175,141,142,73,57,61,112,183,204,218,179,135,142,140,158,189,211,172,176,207,180,182,179,162,106,113,136,166,204,238,200,143,153,141,144,146,172,176,156,176,180,180,185,135,125,130,142,179,194,196,148,100,57,36,15,4,2,2,6,2,1,1,0,0,0,0,0,0,0,0,0
3,7,15,16,38,54,133,177,204,208,131,73,45,29,37,86,104,173,190,160,124,95,55,36,32,58,109,170,183,190,170,137,73,55,63,113,180,198,211,184,145,111,137,155,184,203,203,180,179,194,194,174,141,106,107,120,183,221,222,197,163,138,133,130,175,186,175,167,163,172,180,185,169,127,125,132,162,183,202,173,118,48,22,11,5,3,6,6,2,1,2,0,0,0,0,0,0,1,0,1
1,8,11,18,29,60,117,175,210,215,126,75,39,35,28,66,123,174,189,165,130,95,62,30,40,49,101,160,201,207,169,107,71,48,56,115,175,196,217,172,156,127,133,160,191,190,201,154,203,199,176,192,121,120,112,119,186,210,208,210,169,144,122,139,165,192,175,171,157,167,167,196,161,153,122,125,159,204,182,180,132,45,25,14,3,5,4,5,5,1,0,1,1,0,0,0,2,0,0,0
2,4,13,17,44,65,131,171,205,210,141,74,41,21,35,50,105,175,213,164,143,99,48,35,46,54,109,144,175,217,176,102,94,41,79,118,140,209,213,187,146,101,129,168,191,185,168,182,204,203,207,170,137,120,116,123,160,197,252,206,146,160,128,144,166,184,180,173,158,182,161,184,167,132,107,139,171,180,182,166,123,51,21,11,4,8,3,5,4,0,1,0,1,0,0,0,1,1,0,0
2,3,9,21,32,64,124,182,235,211,109,77,30,27,38,52,108,152,180,193,161,87,61,25,31,67,99,152,168,190,199,124,69,64,76,108,139,188,240,173,162,124,134,145,216,179,179,200,197,215,195,176,136,119,118,128,154,227,218,179,162,130,118,141,193,184,162,153,158,162,213,203,163,113,112,157,164,163,182,169,116,60,23,9,9,2,4,6,4,2,1,1,1,0,0,1,1,0,0,1
1,4,6,26,38,65,121,180,248,208,132,52,31,31,41,73,112,144,185,169,149,101,42,34,39,69,101,153,170,200,183,129,98,56,61,97,178,195,234,175,128,125,131,158,184,198,186,175,209,201,209,173,140,119,113,122,174,224,210,191,161,120,134,147,159,178,173,178,168,171,195,186,157,115,125,146,160,169,193,179,99,50,20,16,6,5,6,6,2,1,0,0,0,2,0,2,0,0,0,0
2,2,5,25,38,75,118,193,218,205,135,65,38,17,43,75,107,162,168,188,137,88,66,35,36,55,97,171,173,183,185,138,78,63,70,116,164,216,197,164,139,97,157,164,192,201,169,164,201,238,180,187,145,122,124,133,181,211,216,195,144,136,134,160,171,157,157,168,152,203,190,178,154,116,130,145,172,196,196,168,95,55,23,10,10,4,6,5,3,0,0,0,0,0,2,1,1,1,0,0
2,3,7,17,47,78,135,170,217,186,131,79,33,24,29,61,116,143,184,171,143,84,63,42,37,48,118,152,195,172,175,148,83,78,60,120,166,201,238,154,128,120,133,181,190,177,171,171,206,212,207,165,152,113,117,128,188,201,219,191,145,127,142,154,179,163,160,146,180,186,202,159,141,126,125,113,177,203,202,164,100,52,25,11,8,6,6,2,2,1,0,0,0,0,0,2,1,1,0,1
0,4,9,20,39,75,124,191,214,186,124,83,44,21,28,62,112,165,171,176,130,92,48,46,42,60,75,143,198,173,195,108,97,70,56,120,160,225,218,172,122,107,152,158,190,179,193,193,189,208,208,172,146,124,112,113,184,207,235,183,154,130,165,140,150,171,193,156,148,189,191,177,146,129,117,121,162,219,217,171,98,48,27,15,7,2,7,6,2,0,0,0,0,0,1,1,0,2,0,0
1,4,7,17,39,74,137,191,225,175,139,75,33,27,26,79,108,159,195,174,133,100,58,43,37,58,92,158,206,164,177,119,73,60,74,103,156,236,212,165,139,136,141,157,192,184,175,205,209,201,195,174,152,121,112,126,175,222,230,172,147,134,155,147,178,167,176,179,140,188,194,188,151,112,114,124,164,217,184,150,113,66,27,14,5,6,5,2,2,0,0,0,0,0,0,0,3,1,0,0
1,2,7,18,42,76,135,194,204,183,121,73,39,26,30,67,104,149,194,173,148,87,58,35,40,55,103,142,201,193,171,109,75,55,65,110,185,215,198,162,141,120,130,181,186,185,183,169,172,208,200,173,166,124,105,150,187,215,193,190,140,144,139,145,157,196,198,161,152,171,195,181,153,121,106,114,156,210,188,155,102,77,32,16,5,5,7,4,3,1,0,0,0,0,0,2,1,0,1,3
1,3,5,14,45,79,136,205,226,162,123,65,37,20,30,57,107,167,198,197,140,78,59,39,31,59,99,154,190,202,173,106,69,64,77,128,166,201,192,169,128,122,153,183,201,198,178,159,181,187,191,188,160,98,116,134,193,215,203,174,148,146,152,147,170,165,193,164,179,178,201,164,140,102,107,132,168,164,227,165,92,68,32,18,7,4,8,1,2,3,0,1,0,0,0,0,2,0,3,3
3,2,3,20,39,75,140,208,231,159,121,65,24,22,27,66,119,171,182,200,134,92,43,38,30,57,85,146,209,187,185,102,62,66,84,130,153,199,207,179,124,136,135,192,170,159,184,188,178,198,202,209,144,110,132,127,177,225,193,198,143,146,148,160,150,155,181,177,200,169,174,181,121,120,99,125,184,199,191,162,116,56,21,16,8,5,7,4,1,2,2,0,1,0,0,1,1,0,2,2
8,2,5,14,39,81,148,200,207,188,103,67,38,23,25,76,118,159,188,176,139,90,58,43,33,56,101,144,172,206,165,101,79,50,75,92,160,212,220,199,110,114,151,161,194,196,163,176,193,207,182,193,158,115,127,139,174,219,208,182,167,126,154,169,166,155,167,194,170,191,198,188,130,100,113,118,198,199,194,183,104,60,25,12,8,5,3,9,4,0,0,0,0,0,0,1,1,0,1,3
2,3,3,13,52,79,135,187,205,197,119,69,27,19,27,69,136,152,203,156,120,84,55,40,33,62,94,159,194,200,182,88,73,61,76,111,145,228,240,175,123,120,153,175,159,172,181,169,197,206,235,193,135,126,113,137,180,193,238,204,143,139,143,167,148,177,173,170,177,192,178,171,143,119,111,127,160,194,230,164,103,47,23,18,7,6,5,7,7,2,0,0,0,0,0,0,2,2,0,4
2,6,6,15,40,86,125,183,218,189,136,67,31,22,30,61,124,153,232,147,146,86,54,36,34,66,101,126,204,195,172,108,79,60,71,108,153,212,210,174,147,135,158,150,149,194,195,174,210,183,209,183,156,120,116,126,148,204,252,192,144,147,145,149,168,195,174,168,165,181,173,181,133,115,98,106,164,222,222,166,88,50,21,19,7,6,9,3,5,3,1,0,0,0,0,0,4,1,1,2
2,3,6,17,34,77,126,181,230,207,137,60,29,25,31,53,114,181,185,175,129,77,66,31,35,64,105,149,190,178,150,113,82,61,67,116,164,212,210,148,150,127,140,160,166,189,174,182,220,181,235,168,172,114,116,126,169,221,202,187,154,155,148,166,175,165,174,165,167,180,198,157,150,119,114,109,184,219,193,154,109,54,23,13,7,4,8,8,6,3,0,0,0,0,0,0,1,3,4,2
3,4,5,15,24,83,136,193,214,193,117,70,36,21,34,71,116,148,222,183,141,77,53,38,31,74,101,166,191,179,153,114,74,57,63,122,195,222,199,172,141,123,154,133,163,190,207,202,166,175,209,198,150,120,98,113,175,225,217,179,166,175,144,188,167,180,168,178,149,185,169,155,156,133,103,111,167,192,219,171,110,65,24,7,6,5,6,5,6,5,2,1,0,0,0,0,1,2,1,2
1,2,6,16,42,75,117,207,205,177,134,72,42,25,32,55,105,158,205,177,149,73,44,29,32,69,100,146,183,172,168,117,75,55,71,112,172,221,220,158,128,130,127,146,214,181,190,164,188,201,201,194,151,106,103,118,180,204,210,198,165,173,143,156,177,181,190,157,163,162,172,156,166,109,111,122,164,207,215,182,106,44,26,8,6,5,3,3,8,4,3,1,0,2,0,0,1,2,2,2
1,0,8,24,42,79,145,207,209,169,132,71,32,22,33,62,104,161,208,188,119,89,55,31,34,54,104,126,198,179,161,112,88,61,74,110,160,197,208,180,147,111,115,200,193,188,183,182,200,197,198,166,156,122,101,133,181,197,210,188,177,141,169,178,168,185,164,174,159,180,163,168,129,138,101,127,169,205,203,156,104,53,33,12,4,6,3,7,6,6,1,1,1,0,0,1,2,1,1,1
4,2,7,24,31,84,127,228,196,194,120,60,38,31,36,56,105,161,211,157,141,94,56,39,31,66,89,153,166,191,161,130,78,52,63,123,153,217,185,164,138,129,122,171,205,176,170,183,205,212,201,180,143,122,113,157,148,210,184,196,175,158,148,153,174,175,177,188,173,159,176,182,123,121,116,124,176,205,224,156,98,49,38,8,8,2,4,9,3,5,2,2,0,0,1,2,1,1,0,1
5,6,8,15,40,78,126,190,225,163,126,78,42,23,40,54,102,161,202,169,150,72,54,54,40,69,76,122,199,199,163,133,68,73,74,95,173,234,196,172,130,116,123,171,213,197,154,184,214,207,199,168,148,129,111,139,189,199,214,197,137,170,167,161,166,156,162,184,203,157,177,188,142,109,96,112,189,203,235,176,77,49,31,12,10,6,5,4,6,2,4,3,0,0,0,1,1,3,0,3
8,2,4,15,45,73,141,186,225,185,110,63,37,28,38,61,107,149,227,169,130,86,55,36,39,59,102,146,174,181,152,117,87,66,80,106,149,227,217,165,118,119,137,173,204,196,166,185,201,211,200,188,151,113,100,127,171,194,229,210,154,136,130,171,180,181,160,161,182,202,168,190,125,110,114,127,179,227,193,145,112,50,23,9,6,7,7,6,4,2,5,2,3,1,0,0,2,0,1,4
9,5,4,22,43,75,130,167,222,191,109,64,44,34,36,65,113,153,183,212,120,78,54,28,45,64,100,157,178,177,153,106,74,74,78,109,163,189,222,189,119,125,130,185,200,182,177,169,196,204,201,191,154,121,99,143,173,196,230,174,162,144,140,168,168,178,177,154,180,202,178,150,151,130,104,123,174,227,188,161,105,47,21,11,11,11,7,6,2,3,5,3,0,2,1,1,1,0,0,5
6,3,10,19,43,88,126,178,213,168,141,56,41,42,34,57,98,145,195,191,136,91,46,37,33,68,103,156,187,177,151,107,84,75,71,97,155,213,201,184,134,109,158,182,188,189,155,180,209,212,218,178,145,115,119,112,206,202,199,181,147,141,147,157,192,187,160,163,176,185,200,139,160,122,110,143,155,220,213,167,106,55,19,11,6,9,6,2,6,4,0,1,1,4,2,0,0,0,4,5
4,5,11,20,35,85,134,194,191,176,124,71,35,40,44,61,93,165,167,187,152,93,42,35,48,56,101,155,210,157,154,120,99,54,54,94,183,199,224,165,146,120,141,176,172,186,161,166,222,203,203,151,155,116,114,135,160,212,233,179,156,149,147,161,184,180,155,171,162,191,189,151,158,113,108,122,169,206,212,171,112,48,13,17,10,7,6,1,5,6,4,1,1,1,2,1,0,2,5,4
3,6,12,23,46,55,114,187,210,188,134,72,37,26,34,76,109,153,182,169,138,87,56,41,31,60,86,169,181,195,146,114,90,58,59,105,167,200,183,209,140,114,146,159,177,206,176,186,194,200,216,171,139,119,105,125,178,214,210,209,145,145,156,166,175,185,145,159,173,185,213,161,150,116,102,140,175,199,193,198,96,52,27,15,12,7,8,3,2,2,4,3,0,2,2,0,0,6,4,3
2,5,11,26,39,86,115,163,229,204,100,67,38,27,44,73,136,167,178,151,130,96,48,43,41,58,99,170,171,218,133,108,90,72,55,86,173,222,202,151,146,121,115,177,188,200,170,180,185,205,201,189,137,108,107,130,171,228,198,196,163,136,153,169,189,161,143,151,177,193,192,169,142,127,115,116,188,183,205,164,119,58,28,14,10,5,3,7,4,1,3,3,1,2,1,1,4,5,5,5
8,5,7,11,42,89,132,177,208,189,109,61,49,23,48,75,127,162,166,177,112,96,57,41,47,54,96,139,192,169,145,124,87,59,60,103,179,199,205,187,148,107,117,176,197,185,181,172,214,189,187,169,143,112,123,126,157,225,229,209,152,143,152,166,165,183,166,179,164,173,178,174,149,132,96,118,150,214,233,152,102,69,29,16,12,10,4,5,3,2,1,3,2,1,1,4,1,4,3,5
3,4,14,11,42,86,146,186,221,164,132,51,26,31,42,89,130,142,177,155,137,93,62,46,41,45,98,144,221,170,157,107,86,73,77,103,162,199,217,173,134,93,127,190,192,198,180,176,193,204,193,176,127,110,107,123,161,240,244,189,157,128,153,168,166,162,179,189,161,177,162,174,166,110,127,111,176,204,217,168,106,58,26,15,6,12,9,6,3,3,0,1,4,3,2,3,4,4,4,2
6,6,13,17,43,91,124,184,187,189,122,65,45,35,43,77,106,158,192,165,109,90,65,38,48,71,85,136,207,199,149,95,89,66,68,103,174,208,226,183,112,117,125,173,177,216,201,187,183,205,191,173,125,124,103,122,162,228,249,193,166,135,147,151,169,169,175,190,166,171,174,172,140,119,114,121,168,197,204,161,128,54,26,10,3,10,10,8,6,1,3,0,4,1,3,6,4,2,6,5
8,8,14,15,40,93,115,204,211,163,137,64,47,28,49,69,102,152,191,181,117,82,61,46,42,63,84,167,182,169,153,129,78,60,73,99,173,215,225,177,121,115,132,165,180,216,188,174,185,195,211,170,138,123,101,124,184,208,264,188,156,120,139,156,166,174,198,177,169,177,178,166,143,134,101,122,152,218,215,165,119,51,31,11,12,8,5,9,2,2,5,3,3,0,1,3,6,2,3,7
4,7,15,21,32,60,136,191,207,174,114,80,46,38,39,78,92,158,186,172,121,81,50,47,44,53,79,144,203,184,184,118,67,83,76,98,158,220,218,162,139,135,138,155,178,212,177,167,203,199,208,162,145,126,107,131,161,252,213,201,162,114,144,130,188,179,180,172,187,167,186,183,128,121,106,133,184,186,216,182,95,51,23,18,12,11,2,2,8,10,2,2,1,0,1,2,3,6,7,8
10,12,16,20,30,73,102,202,193,187,128,75,39,34,45,59,119,160,194,168,119,71,65,37,44,47,87,146,175,200,181,118,86,67,75,110,150,239,211,156,143,119,152,154,191,197,162,174,208,197,185,169,154,122,121,105,191,208,243,208,146,122,144,157,163,170,180,161,180,167,174,184,142,118,117,146,174,195,211,179,103,52,24,15,7,10,6,8,1,5,9,4,1,0,2,0,2,4,8,7
12,15,10,18,48,69,132,158,203,181,133,77,45,35,38,71,116,164,181,168,114,71,73,43,33,56,84,140,188,206,167,126,75,61,84,99,167,235,214,163,148,101,146,136,207,196,186,177,209,194,217,165,159,115,125,135,183,210,211,192,161,129,147,124,152,166,191,199,163,168,165,181,123,123,124,160,148,203,202,162,93,60,33,15,12,4,6,8,7,4,7,4,0,1,0,2,1,2,4,12
21,18,8,17,37,56,134,161,203,211,117,68,35,31,41,67,97,170,182,171,130,89,61,39,36,55,98,152,198,171,136,102,100,72,72,94,178,185,232,189,127,130,145,163,166,173,182,191,167,208,204,191,143,128,123,136,158,215,217,176,162,150,140,143,155,179,197,190,160,157,179,150,135,122,125,139,188,185,208,161,111,68,29,15,8,8,4,8,7,7,4,3,2,0,0,2,0,4,8,5
16,14,13,20,32,75,121,190,211,184,106,70,32,22,35,51,104,152,186,170,136,83,62,39,43,71,115,145,178,167,170,109,91,55,79,101,170,211,220,173,135,149,165,149,156,170,184,160,204,200,192,176,174,117,126,127,160,227,216,182,155,150,130,177,153,169,187,173,176,155,182,157,142,114,120,128,186,200,182,149,135,71,23,14,7,8,12,8,6,3,4,2,1,3,0,1,1,7,6,11
13,17,12,26,37,65,134,159,207,189,135,60,38,22,35,52,121,146,168,180,134,92,56,46,49,64,113,131,162,172,176,122,88,77,56,108,160,218,198,176,141,145,144,144,180,185,168,182,205,208,200,170,163,129,115,145,177,174,230,189,187,152,128,156,149,170,175,184,170,185,165,169,149,113,117,142,187,202,181,162,112,74,21,22,13,10,7,11,5,3,7,3,1,2,0,1,6,5,5,10
12,18,18,13,49,62,120,171,206,202,137,70,39,26,22,59,127,164,172,153,122,92,52,45,50,62,106,142,147,178,155,119,104,69,75,101,183,206,209,187,137,120,149,166,174,189,193,182,206,189,166,174,165,132,128,140,145,224,233,185,162,130,159,142,149,153,184,184,186,169,162,154,160,126,109,134,163,206,216,166,90,80,25,16,10,13,8,10,9,2,2,3,3,1,0,2,2,6,6,16
16,13,24,16,49,78,109,182,205,189,108,61,37,29,31,63,135,160,152,190,116,109,56,41,45,72,110,139,183,173,151,105,91,82,70,125,157,198,208,184,130,139,140,150,176,187,208,163,189,213,183,175,170,132,119,135,176,217,226,211,154,125,148,143,138,149,199,176,181,156,175,162,162,108,109,150,167,176,203,157,107,81,37,15,12,9,12,6,11,4,2,3,1,2,1,2,8,6,4,11
8,15,14,26,49,92,135,195,177,167,104,63,32,32,28,57,96,165,188,169,134,87,50,48,47,77,95,145,157,199,163,105,88,85,81,100,172,195,207,192,133,123,137,141,178,186,186,167,207,186,209,173,169,133,118,129,157,207,232,216,157,128,138,144,153,168,174,184,176,172,163,164,161,112,105,159,167,170,195,174,108,56,33,20,14,10,9,6,10,9,3,2,2,2,2,6,7,4,7,13
6,9,16,35,38,87,142,186,194,155,89,65,43,27,34,77,112,165,172,167,125,81,64,40,52,65,81,143,173,196,175,122,71,76,77,120,176,213,190,156,151,129,139,179,150,164,194,182,175,205,178,182,161,146,133,114,162,193,217,206,168,128,155,127,145,163,158,179,173,178,189,173,140,124,122,153,190,189,179,142,104,63,27,19,19,12,9,9,7,5,4,1,1,6,1,5,4,12,6,10
10,14,28,22,37,72,134,179,203,159,133,65,35,34,37,72,115,132,201,161,130,83,59,44,43,71,104,126,175,202,166,121,75,70,95,117,176,203,192,160,149,143,146,147,166,180,194,181,189,186,191,186,165,139,109,150,159,194,214,186,202,135,138,141,158,160,171,177,165,169,182,176,152,126,110,149,162,205,180,168,105,55,34,25,12,13,13,13,8,5,3,3,0,2,7,8,4,11,4,8
7,19,23,21,47,70,135,167,186,170,121,75,37,26,42,70,93,149,193,148,112,99,61,48,41,65,116,131,175,208,135,125,81,54,81,126,170,219,195,170,154,116,137,159,172,182,167,181,191,195,185,177,161,156,116,145,148,206,242,200,171,149,127,133,141,171,172,165,172,209,178,152,141,125,123,150,171,202,175,155,95,58,38,21,23,17,5,15,5,11,4,1,0,1,5,10,7,7,8,3
13,13,25,28,48,77,127,174,180,185,100,68,43,34,32,70,119,146,165,170,124,94,47,43,59,65,108,153,171,158,138,125,87,69,78,124,195,215,183,165,142,128,141,142,167,184,185,177,180,196,205,178,147,164,130,129,143,210,222,218,156,128,135,137,147,161,188,163,190,187,167,159,144,124,110,154,175,209,178,148,96,67,36,25,18,22,9,9,6,6,8,3,0,1,6,6,6,6,13,5
14,26,15,28,53,65,122,169,187,159,120,71,31,35,40,78,108,157,174,157,109,80,53,47,33,78,129,163,142,178,128,117,91,76,83,119,173,202,212,164,137,141,147,124,159,165,188,194,170,196,179,200,156,147,142,145,151,184,202,215,190,154,109,133,160,151,182,187,184,166,162,173,137,114,160,133,174,188,173,150,106,75,37,28,13,15,12,5,10,10,2,2,5,3,7,5,5,8,8,12
25,24,23,30,44,58,135,175,198,149,116,58,48,35,47,58,116,154,163,170,108,69,61,43,45,84,141,130,176,172,141,110,72,65,104,119,171,195,191,181,153,135,146,128,159,177,166,211,183,185,188,187,174,142,135,126,167,184,206,215,185,164,107,123,148,171,202,176,179,177,161,150,128,140,150,121,172,176,174,171,114,68,47,32,16,18,7,6,9,5,8,1,4,1,8,6,4,7,13,10
20,15,25,21,66,75,115,179,167,157,126,67,49,26,40,73,105,175,159,157,107,81,55,52,56,86,113,149,176,164,138,113,73,77,88,122,160,208,198,165,152,129,141,130,167,170,189,170,209,183,183,153,176,120,137,151,162,191,221,184,184,153,118,122,159,187,201,168,164,174,161,156,153,135,143,136,154,207,177,144,101,59,61,33,23,17,8,9,5,6,8,8,3,3,5,4,5,6,15,16
14,22,15,43,57,68,120,150,165,147,107,74,50,43,43,62,105,155,179,139,105,78,66,60,54,61,93,148,165,161,131,104,86,82,101,131,150,179,210,186,137,125,145,164,140,159,202,193,169,192,185,174,136,151,118,146,179,220,179,221,164,146,116,110,164,189,183,200,144,171,176,136,150,119,119,147,158,175,181,143,102,79,53,25,23,26,8,10,4,6,5,5,2,1,4,6,7,14,9,13
9,16,22,37,47,82,104,126,131,134,102,64,59,52,47,70,97,143,143,143,104,73,64,69,52,72,96,132,161,119,130,108,93,90,83,104,138,179,172,181,140,129,128,155,149,162,197,167,165,173,183,168,142,130,125,134,135,186,210,189,153,118,108,140,146,155,176,166,137,151,175,132,148,125,116,140,154,146,141,123,108,73,48,27,24,17,8,9,3,5,7,2,2,1,4,8,10,7,9,11
13,18,17,37,37,67,81,84,86,101,92,44,42,39,42,65,76,98,91,111,98,68,47,46,60,45,81,92,116,113,90,99,79,84,79,87,126,141,175,141,110,148,107,116,131,149,147,172,170,153,153,143,118,128,95,107,130,148,201,168,120,114,105,125,106,130,154,116,145,117,111,109,112,119,100,108,101,127,102,84,81,51,50,24,18,14,8,4,5,4,4,1,1,0,4,2,5,7,10,6
5,10,15,23,24,37,44,47,61,45,47,41,31,14,20,37,47,55,61,65,40,46,35,24,25,34,45,46,63,66,55,84,48,36,40,53,58,86,91,91,84,85,86,79,88,89,130,127,121,108,101,79,77,71,78,81,78,112,122,125,79,73,63,80,71,88,95,115,74,65,70,81,69,76,74,64,70,61,79,66,49,35,27,17,8,4,10,0,1,2,0,0,0,1,2,0,4,1,4,4
1,4,3,15,11,12,15,18,34,19,16,19,13,6,12,11,19,16,22,24,11,22,7,7,10,11,20,27,23,27,27,21,26,20,22,21,20,28,31,41,38,38,25,33,53,46,60,68,63,57,47,36,36,34,40,34,58,61,54,64,40,35,41,31,35,33,38,43,50,25,34,36,18,32,33,30,22,26,28,26,20,14,8,5,5,2,6,0,0,0,0,0,0,0,0,0,0,2,1,1
0,4,3,0,3,1,4,3,4,4,4,4,2,2,6,5,0,6,3,3,2,4,2,1,4,0,2,7,9,4,9,3,7,6,2,3,2,8,15,7,1,5,8,10,15,13,12,20,30,14,21,7,10,11,9,10,19,24,20,12,10,13,8,10,11,8,6,11,12,8,10,3,4,9,10,10,9,5,7,5,2,2,5,2,0,4,1,0,0,0,0,0,0,0,0,0,0,2,0,0
1,0,1,0,0,0,0,0,0,2,0,1,1,0,1,0,0,0,0,0,0,1,0,0,0,0,0,0,0,0,3,0,1,0,0,1,1,2,1,1,0,0,0,0,5,1,3,5,9,2,2,0,4,3,2,3,1,4,4,1,0,2,2,1,2,0,0,0,1,0,1,1,2,0,2,1,0,0,2,1,0,1,1,0,0,0,0,0,0,0,0,0,0,0,0,0,1,1,0,0
0,0,0,0,0,0,0,0,0,0,0,0,0,0,0,0,0,0,0,0,0,0,0,0,0,0,0,0,0,1,0,0,0,0,0,0,0,0,0,0,0,0,0,0,1,0,0,0,0,0,0,0,0,0,0,0,0,0,1,0,0,0,0,0,0,0,0,0,0,0,0,0,0,0,0,0,0,0,0,0,0,0,0,0,0,0,0,0,0,0,0,0,0,0,0,0,1,0,0,0
0,0,0,0,0,0,0,0,0,0,0,0,0,0,0,0,0,0,0,0,0,0,0,0,0,0,0,0,0,0,0,0,0,0,0,0,0,0,0,0,0,0,0,0,0,0,0,0,0,0,0,0,0,0,0,0,0,0,0,0,0,0,0,0,0,0,0,0,0,0,0,0,0,0,0,0,0,0,0,0,0,0,0,0,0,0,0,0,0,0,0,0,0,0,0,0,0,0,0,0
0,0,0,0,0,0,0,0,0,0,0,0,0,0,0,0,0,0,0,0,0,0,0,0,0,0,0,0,0,0,0,0,0,0,0,0,0,0,0,0,0,0,0,0,0,0,0,0,0,0,0,0,0,0,0,0,0,0,0,0,0,0,0,0,0,0,0,0,0,0,0,0,0,0,0,0,0,0,0,0,0,0,0,0,0,0,0,0,0,0,0,0,0,0,0,0,0,0,0,0
0,0,0,0,0,0,0,0,0,0,0,0,0,0,0,0,0,0,0,0,0,0,0,0,0,0,0,0,0,0,0,0,0,0,0,0,0,0,0,0,0,0,0,0,0,0,0,0,0,0,0,0,0,0,0,0,0,0,0,0,0,0,0,0,0,0,0,0,0,0,0,0,0,0,0,0,0,0,0,0,0,0,0,0,0,0,0,0,0,0,0,0,0,0,0,0,0,0,0,0
0,0,0,0,0,0,0,0,0,0,0,0,0,0,0,0,0,0,0,0,0,0,0,0,0,0,0,0,0,0,0,0,0,0,0,0,0,0,0,0,0,0,0,0,0,0,0,0,0,0,0,0,0,0,0,0,0,0,0,0,0,0,0,0,0,0,0,0,0,0,0,0,0,0,0,0,0,0,0,0,0,0,0,0,0,0,0,0,0,0,0,0,0,0,0,0,0,0,0,0
0,0,0,0,0,0,0,0,0,0,0,0,0,0,0,0,0,0,0,0,0,0,0,0,0,0,0,0,0,0,0,0,0,0,0,0,0,0,0,0,0,0,0,0,0,0,0,0,0,0,0,0,0,0,0,0,0,0,0,0,0,0,0,0,0,0,0,0,0,0,0,0,0,0,0,0,0,0,0,0,0,0,0,0,0,0,0,0,0,0,0,0,0,0,0,0,0,0,0,0
