-0.271352,0.356098
-0.120795,0.492115
-0.203433,0.697577
-0.417358,0.754126
-0.342037,0.944051
-0.375763,1.14884
-0.34924,1.34351
-0.476034,1.50245
-0.360178,1.64899
-0.445017,1.84779
-0.372633,2.04246
-0.405768,2.25269
-0.242637,2.3898
-0.393402,2.53112
-0.421987,2.72933
-0.504504,2.90588
-0.611155,3.09656
-0.771515,3.23795
-0.839944,3.42915
-0.784798,3.63508
-0.772429,3.83085
-0.871711,4.00918
-0.757982,4.17528
-0.578187,4.09593
-0.486603,4.26855
-0.364938,4.44077
-0.301219,4.64092
-0.323306,4.84907
-0.316536,5.05333
-0.149595,5.19076
-0.158085,5.4065
-0.145227,5.62005
0.0285528,5.75903
0.0537634,5.96176
0.0518654,6.15768
-0.00319963,6.35038
-0.0999825,6.52917
-0.0461062,6.71136
0.00699372,6.91209
-0.00541831,7.10197
-0.111656,7.27997
-0.190859,7.47259
-0.0487386,7.61545
0.103657,7.73984
0.0711606,7.96624
0.153184,8.16479
0.215249,8.38154
0.309036,8.55866
0.262434,8.77214
0.262984,8.98175
0.363825,9.16735
0.381889,9.36026
0.514574,9.52332
0.470813,9.7176
0.476079,9.9226
0.649074,10.0225
0.583522,10.2131
0.551512,10.4164
0.537824,10.624
0.563558,10.8373
0.476784,11.0277
0.291173,11.0736
0.337709,11.2683
0.409804,11.4738
0.442633,11.6795
0.608491,11.7907
0.706641,11.9623
0.567423,12.1069
0.501053,12.3145
0.497864,12.5027
0.542659,12.6978
0.530979,12.8907
0.511715,13.1047
0.371028,13.2409
0.388675,13.4397
0.450395,13.6238
0.43149,13.8333
0.43428,14.0434
0.408891,14.2308
0.503529,14.4036
0.690709,14.443
0.787673,14.6094
0.637481,14.7347
0.543581,14.9045
0.520402,15.0939
0.53367,15.3024
0.494114,15.5147
0.501897,15.7205
0.544412,15.9235
0.493154,16.099
0.578416,16.2704
0.490068,16.4487
0.537993,16.6536
0.64337,16.8218
0.786239,16.9551
0.789022,17.1499
0.816058,17.3694
0.867623,17.5901
0.753166,17.745
0.720175,17.9572
0.849905,18.1138
0.891343,18.3199
0.9679,18.508
0.927498,18.7223
0.841764,18.902
0.835616,19.1009
0.916517,19.2923
0.947121,19.4904
1.03371,19.684
1.15686,19.8655
1.10919,20.063
0.959641,20.2125
1.09454,20.3636
1.26461,20.4905
1.39782,20.6487
1.35433,20.8411
1.27038,21.0234
1.39425,21.1792
1.42593,21.3931
1.58471,21.5314
1.67429,21.7057
1.62683,21.9272
1.63507,22.1438
1.74984,22.3153
1.83265,22.5082
1.65962,22.6546
1.79473,22.8081
1.78715,23.0058
1.65242,23.1696
1.70525,23.3617
1.7385,23.5786
1.81338,23.7747
1.78259,23.9766
1.95676,24.0747
1.93501,24.2711
1.84001,24.4354
1.92078,24.6067
1.99687,24.8096
2.15568,24.9338
2.17371,25.1328
2.22296,25.3249
2.08706,25.4747
2.08221,25.6728
2.0073,25.8621
2.06154,26.0669
2.08015,26.2883
2.13997,26.484
2.15252,26.6864
2.0506,26.8541
2.11998,27.0402
2.13731,27.2353
2.3243,27.331
2.30844,27.5407
2.34963,27.7288
2.18287,27.8286
2.22136,28.0336
2.28245,28.2266
2.26907,28.4395
2.20474,28.6296
2.30855,28.8062
2.41882,28.9856
2.51004,29.1602
2.48729,29.3579
2.48698,29.554
2.52237,29.7493
2.59388,29.9422
2.68533,30.1209
2.71785,30.3025
2.71598,30.5061
2.76203,30.7138
2.9556,30.7582
2.96782,30.9614
2.86001,31.1351
2.91529,31.3375
3.08719,31.4739
3.18729,31.6556
3.35588,31.5538
3.40127,31.7448
3.37193,31.9495
3.33086,32.1499
3.22103,32.3188
3.35964,32.4701
3.36929,32.6678
3.38279,32.8686
3.42291,33.0622
3.37741,33.2642
3.16915,33.3353
3.18297,33.5272
3.14523,33.7344
3.27422,33.9146
3.22993,34.1101
3.34766,34.2854
3.19982,34.4332
3.12304,34.6273
3.26728,34.7515
3.17429,34.9193
3.08165,35.1106
3.02233,35.3215
3.03614,35.5251
3.0483,35.7284
0.113728,0.195281
0.254415,0.352465
0.0999235,0.490275
0.018266,0.664061
0.0145654,0.867126
0.0352164,1.06059
0.0892536,1.25605
-0.00279226,1.42999
-0.150484,1.5824
-0.0517389,1.75473
-0.0556855,1.96187
0.0483058,2.12601
0.036552,2.33373
0.0799263,2.52743
0.0817569,2.72261
0.265988,2.79969
0.261813,3.01119
0.327854,3.20804
0.246774,3.40695
0.186554,3.59596
0.149019,3.79047
0.266015,3.95267
0.426021,4.0969
0.535976,4.25115
0.61131,4.45616
0.685582,4.63939
0.690673,4.8526
0.629801,5.04329
0.686836,5.23435
0.681907,5.44339
0.672188,5.63832
0.649085,5.8403
0.784326,5.9946
0.908416,6.13769
0.808312,6.32143
0.887965,6.51566
0.8596,6.71537
0.810122,6.91818
0.848236,7.12228
0.843692,7.31485
0.972097,7.4688
1.03939,7.67929
1.16809,7.84051
1.03232,7.9986
1.08166,8.18913
1.08403,8.40427
1.23387,8.52931
1.322,8.71277
1.37748,8.89452
1.3114,9.08227
1.39475,9.27685
1.30828,9.46559
1.38459,9.65989
1.34638,9.85198
1.3334,10.0546
1.38702,10.251
1.529,10.3882
1.60357,10.5675
1.60296,10.7744
1.65122,10.9813
1.54224,11.1518
1.58886,11.3425
1.7244,11.4895
1.5764,11.6335
1.58712,11.8359
1.44904,11.9863
1.41603,12.1922
1.62182,12.2428
1.50493,12.4003
1.63186,12.5283
1.6744,12.7303
1.70012,12.9185
1.76922,13.1152
1.72206,13.3177
1.65988,13.5118
1.68655,13.716
1.6375,13.9127
1.82962,13.9999
1.90144,14.1948
1.82786,14.3813
1.85965,14.58
1.92092,14.7821
1.91745,14.9816
1.83958,15.1856
1.90175,15.3694
2.06622,15.4883
2.01594,15.6775
1.99071,15.8972
1.97282,16.0855
2.05359,16.2571
2.13612,16.4461
2.00633,16.6131
2.02351,16.8178
2.05676,17.0173
2.13198,17.212
2.11786,17.4112
1.99006,17.5616
1.94124,17.7466
1.84832,17.9164
1.94326,18.1065
2.01208,18.3076
2.19177,18.3951
2.26078,18.594
2.27813,18.7842
2.31072,18.9772
2.35322,19.1741
2.41555,19.393
2.55924,19.5584
2.72258,19.6754
2.66655,19.8631
2.75395,20.0458
2.8216,20.2367
2.81186,20.4259
2.82601,20.6349
2.73707,20.8248
2.6295,20.9941
2.604,21.2069
2.66184,21.4029
2.70939,21.5966
2.67801,21.7971
2.79608,21.9771
2.79072,22.1856
2.6139,22.3179
2.71994,22.495
2.73254,22.6907
2.87944,22.8344
3.01937,22.9669
2.87271,23.1255
2.67757,23.1785
2.68778,23.3989
2.73111,23.5998
2.70081,23.7999
2.79131,23.9811
2.90426,24.1432
2.98458,24.3215
2.90535,24.4991
2.98658,24.6821
3.08727,24.8558
3.09117,25.0563
3.05107,25.242
3.23455,25.3427
3.33676,25.5247
3.14323,25.5681
3.1371,25.7758
3.26962,25.9514
3.39802,26.0953
3.35267,26.2951
3.48533,26.4389
3.56162,26.6266
3.73306,26.7557
3.85063,26.9235
3.76952,27.1005
3.88468,27.2755
4.01224,27.4259
4.04522,27.6281
3.90711,27.767
3.88375,27.9675
3.99642,28.1395
4.02176,28.3508
3.96317,28.5482
4.011,28.7382
3.8477,28.8494
3.93857,29.0349
3.88815,29.2395
3.99597,29.4167
3.85976,29.5572
3.99665,29.7148
3.90316,29.8901
3.95407,30.087
4.12148,30.2041
4.26636,30.3427
4.43092,30.4784
4.38993,30.6689
4.42185,30.8759
4.48507,31.066
4.46732,31.2628
4.43822,31.4682
4.35887,31.6486
4.3714,31.853
4.29675,32.0251
4.16381,32.1693
4.03027,32.3267
4.03893,32.5346
4.06401,32.7237
3.94613,32.9003
4.07344,33.0696
4.1946,33.2393
4.2489,33.4465
4.34285,33.6421
4.28168,33.8399
4.33947,34.0323
4.34736,34.2366
4.33527,34.4502
4.43708,34.6216
4.58499,34.7493
4.65727,34.9415
4.57394,35.1187
4.57231,35.3296
4.37908,35.3911
4.40086,35.596
1.47115,0.360915
1.49494,0.570862
1.54171,0.755444
1.67601,0.888807
1.6617,1.08562
1.79519,1.24286
1.83331,1.45141
1.88048,1.64912
2.02212,1.78541
2.09976,1.97518
1.98065,2.13285
1.91351,2.3204
1.73937,2.4189
1.83571,2.59024
1.93236,2.77799
1.89627,2.97226
1.95425,3.19363
1.94465,3.39898
1.98267,3.59586
2.02744,3.78014
2.00524,3.97805
2.06858,4.16185
2.03905,4.35931
1.91506,4.52658
1.90731,4.72437
1.78325,4.89309
1.69142,5.08768
1.78968,5.25392
1.83266,5.44588
1.71292,5.59367
1.70178,5.80987
1.8134,5.97038
1.7715,6.15186
1.89107,6.29701
2.03377,6.43955
2.08798,6.64051
2.10715,6.84115
2.19987,7.03347
2.09385,7.19951
2.14484,7.40722
2.02582,7.58545
2.01676,7.81741
2.06664,8.02748
2.21313,8.18421
2.21426,8.39071
2.16156,8.59961
2.29756,8.7328
2.26222,8.94793
2.28219,9.14747
2.3208,9.34429
2.29271,9.54602
2.18978,9.73158
2.26999,9.91397
2.30995,10.1367
2.29687,10.3428
2.33775,10.5353
2.31609,10.7347
2.20835,10.8906
2.36063,11.0119
2.50945,11.1468
2.64457,11.2829
2.74489,11.4625
2.69756,11.6522
2.73423,11.8478
2.58138,11.9708
2.58364,12.1895
2.69688,12.3518
2.74719,12.5509
2.60229,12.7113
2.53963,12.8968
2.5361,13.0928
2.69019,13.2176
2.59068,13.3946
2.61214,13.6026
2.68398,13.7996
2.61756,13.991
2.45558,14.1209
2.54636,14.3043
2.62055,14.5094
2.68341,14.7152
2.804,14.9073
2.74404,15.1103
2.89077,15.2484
3.07555,15.3454
3.02715,15.5392
2.90263,15.7024
2.99689,15.9006
2.8751,16.0714
3.06201,16.1688
3.01976,16.3815
2.92499,16.5614
2.86549,16.7554
2.85102,16.9561
2.84132,17.1664
2.90064,17.3694
3.07023,17.484
3.09161,17.6874
3.00069,17.8634
2.89023,18.0381
2.85741,18.2598
3.03688,18.3568
3.04644,18.5726
2.98896,18.767
3.05409,18.957
3.07047,19.1604
3.0329,19.3556
3.08522,19.5431
2.99249,19.7174
2.87168,19.8864
2.96014,20.0676
3.13591,20.1597
3.32384,20.2377
3.3744,20.4354
3.39564,20.6381
3.44584,20.8304
3.52535,21.015
3.50042,21.2087
3.59787,21.3885
3.54021,21.5892
3.64581,21.7606
3.76543,21.9046
3.78994,22.1195
3.73479,22.3077
3.8369,22.4947
3.84708,22.7109
3.94404,22.9002
4.00118,23.1078
4.02196,23.308
4.02603,23.504
4.1426,23.6864
4.2127,23.8985
4.04277,24.0054
4.11748,24.1847
3.92858,24.267
3.98461,24.4663
4.08045,24.6365
4.16428,24.8112
4.25865,24.9835
4.27159,25.171
4.31771,25.3644
4.36096,25.5765
4.48153,25.7587
4.45731,25.9799
4.4244,26.2076
4.38321,26.4045
4.23761,26.532
4.25042,26.7496
4.13655,26.9287
4.2975,27.0638
4.23814,27.2568
4.3025,27.4445
4.33892,27.6383
4.32308,27.8266
4.24845,28.0045
4.35019,28.1677
4.45797,28.3483
4.45201,28.5332
4.53448,28.7216
4.65565,28.8964
4.60327,29.0873
4.59274,29.2973
4.41218,29.4393
4.41146,29.653
4.40767,29.8631
4.53427,29.9998
4.68838,30.1289
4.87087,30.2408
4.83014,30.4292
4.83593,30.6304
4.99335,30.7478
5.05628,30.9384
5.12926,31.1348
5.12213,31.3397
5.07233,31.528
4.94379,31.6928
4.89976,31.889
4.95582,32.0736
4.79734,32.2035
4.91649,32.3724
4.85286,32.5487
4.81475,32.7382
4.75764,32.931
4.64736,33.0983
4.7533,33.2747
4.88925,33.4119
4.87177,33.6003
4.85029,33.7981
4.83233,33.9916
4.88574,34.1922
5.00728,34.36
4.93971,34.5395
4.92154,34.7502
4.991,34.9316
4.97793,35.1354
5.08154,35.3241
5.03961,35.5154
5.18054,35.6666
5.17169,35.8657
5.07949,36.0394
5.10344,36.2464
2.49774,0.253228
2.57527,0.442521
2.42101,0.579817
2.34019,0.774212
2.47963,0.917247
2.60659,1.0754
2.65728,1.2927
2.79591,1.45108
2.81269,1.65846
2.93593,1.82048
2.99635,2.01398
3.08799,2.20332
3.15907,2.39652
3.10953,2.589
3.09825,2.79376
3.12285,3.00683
3.08216,3.21127
3.15265,3.41995
3.16608,3.62333
3.25149,3.81459
3.27038,4.02339
3.3718,4.17762
3.34928,4.37377
3.47354,4.53836
3.29092,4.65061
3.24218,4.84956
3.27642,5.06071
3.36774,5.2368
3.35044,5.45117
3.35424,5.66716
3.33539,5.88206
3.25016,6.06109
3.16174,6.23696
3.12538,6.45147
2.99657,6.61081
2.95179,6.80985
2.8262,6.97666
2.79315,7.18688
2.71258,7.37625
2.60175,7.55669
2.64312,7.75368
2.64729,7.96745
2.62987,8.16582
2.73113,8.35695
2.85975,8.5131
2.86256,8.72381
2.75069,8.87932
2.64397,9.06987
2.55422,9.25113
2.59977,9.46779
2.69741,9.62977
2.76599,9.81991
2.75424,10.0211
2.75255,10.2276
2.74383,10.4352
2.86983,10.5987
2.94625,10.7906
3.00508,10.9934
3.17372,11.0709
3.17872,11.2913
3.27974,11.465
3.31032,11.6631
3.22546,11.85
3.39487,11.9467
3.45633,12.1291
3.62068,12.2454
3.52016,12.4129
3.38244,12.5565
3.49207,12.7296
3.50838,12.9295
3.55314,13.1371
3.54021,13.3333
3.47704,13.5457
3.54455,13.7229
3.39956,13.8664
3.41643,14.0683
3.5021,14.267
3.51649,14.4908
3.63955,14.6538
3.58851,14.8567
3.71586,15.0133
3.70795,15.2146
3.75571,15.4214
3.63295,15.5866
3.58246,15.792
3.57398,16.0114
3.60272,16.2095
3.48672,16.3847
3.57482,16.5689
3.62983,16.7692
3.75006,16.963
3.739,17.149
3.61731,17.3054
3.66365,17.5135
3.84495,17.6203
3.89376,17.8203
3.7966,17.9881
3.92392,18.1504
4.06453,18.2975
4.19148,18.471
4.05639,18.6198
4.13731,18.8064
3.98825,18.9513
4.10425,19.1096
4.14999,19.3015
4.113,19.5091
4.16211,19.7198
4.15716,19.9261
4.17464,20.1228
4.13042,20.3031
4.11683,20.4987
4.11637,20.7069
4.29365,20.8187
4.28481,21.0111
4.38563,21.1718
4.3231,21.3594
4.32743,21.5609
4.33071,21.7721
4.3032,21.9717
4.26494,22.1831
4.32146,22.3703
4.42075,22.5449
4.55683,22.6853
4.64765,22.8764
4.59192,23.0863
4.58283,23.2855
4.54946,23.4743
4.72069,23.5684
4.7295,23.7621
4.76771,23.9551
4.81642,24.1541
4.80751,24.3639
4.89543,24.5325
4.90799,24.7382
4.9073,24.9456
4.82217,25.1241
4.72898,25.2878
4.71052,25.4745
4.69842,25.6751
4.7282,25.8788
4.71862,26.0737
4.78963,26.2656
4.82798,26.4586
4.73864,26.6365
4.83877,26.8134
4.77513,27.0068
4.69248,27.1938
4.72721,27.3963
4.8521,27.5447
4.82851,27.7388
4.98893,27.8728
5.01564,28.0717
4.97233,28.2866
5.13252,28.4084
5.17654,28.6146
5.19086,28.8058
5.1172,28.9878
5.25336,29.1286
5.39998,29.2666
5.42195,29.4762
5.44848,29.6947
5.41691,29.9086
5.48477,30.1206
5.37824,30.291
5.42368,30.4922
5.39615,30.6979
-5.40188,30.7095
-5.36591,30.9131
5.45251,30.9913
5.46871,31.1882
-5.37035,31.2871
-5.37536,31.4939
5.45026,31.6063
5.48035,31.7905
5.45459,31.982
5.41309,32.1783
5.24188,32.2752
5.38666,32.3884
5.44944,32.5964
-5.4863,32.7853
-5.42178,32.9663
-5.38308,33.1678
-5.4602,33.3577
-5.49893,33.5539
-5.35636,33.6946
-5.41852,33.8839
-5.30493,34.0495
-5.14329,34.1772
-5.05494,34.3751
-5.06411,34.5862
-4.93186,34.7334
-4.84408,34.9131
-4.72421,35.084
-4.60508,35.2535
-4.45623,35.3846
-4.63571,35.4751
-4.54633,35.6493
-4.41873,35.8066
-4.26659,35.9479
-4.23873,36.1424
4.01263,0.31197
4.0443,0.524512
4.007,0.732368
4.17515,0.841805
4.02237,0.96063
4.09626,1.14557
3.93132,1.26978
4.04755,1.44009
3.99234,1.63847
4.02098,1.84051
3.99532,2.05773
4.03735,2.25694
4.15023,2.43953
4.15753,2.6427
4.21199,2.84766
4.17312,3.04269
4.3345,3.17804
4.14031,3.26096
4.01659,3.43877
4.02317,3.63619
3.96779,3.825
3.95997,4.02849
3.97713,4.23351
3.92531,4.42719
3.94915,4.64078
3.9844,4.8306
4.07068,5.01559
4.12534,5.20581
4.10957,5.41322
4.08917,5.60713
4.06733,5.81233
4.21656,5.9571
4.34263,6.12997
4.27216,6.31765
4.22779,6.51321
4.13716,6.68238
4.14682,6.89346
4.11007,7.10908
4.05934,7.29339
4.16928,7.47468
4.28149,7.63063
4.22248,7.82908
4.08109,7.96567
4.17225,8.15498
4.02972,8.29218
4.10146,8.48285
4.15371,8.67734
4.09841,8.87785
4.27587,9.00121
4.10734,9.1404
4.02081,9.33786
4.00552,9.55445
3.99169,9.7551
3.91473,9.93602
3.98105,10.1411
4.05304,10.3394
4.18952,10.4781
4.22828,10.6755
4.15088,10.8721
4.31527,10.9748
4.24711,11.1549
4.30434,11.3548
4.28984,11.5684
4.20024,11.7478
4.29305,11.9445
4.18727,12.1252
4.26055,12.3287
4.25519,12.5432
4.20205,12.7429
4.22237,12.9487
4.30163,13.138
4.28421,13.3403
4.31974,13.5376
4.3391,13.7483
4.33538,13.9656
4.19833,14.103
4.27177,14.2988
4.17985,14.4749
4.04107,14.6086
4.19836,14.722
4.25084,14.9139
4.43172,15.0422
4.34229,15.2228
4.26223,15.4142
4.42059,15.5345
4.50199,15.7072
4.33151,15.8053
4.4074,15.99
4.48036,16.1891
4.44957,16.3846
4.4007,16.5898
4.45933,16.8009
4.34826,16.962
4.46628,17.1224
4.59102,17.2892
4.65753,17.4849
4.56946,17.6695
4.6204,17.8587
4.46009,17.9994
4.43721,18.2212
4.5856,18.3528
4.71166,18.5146
4.75797,18.7031
4.7629,18.8988
4.74273,19.0888
4.72053,19.2822
4.79734,19.4498
4.88189,19.6407
4.82704,19.8568
4.99053,19.9753
4.93683,20.163
4.96942,20.3688
4.8101,20.4927
4.84251,20.7164
4.79477,20.9206
4.831,21.1224
4.77165,21.3057
4.6927,21.4933
4.60668,21.6749
4.80548,21.7583
4.79515,21.9599
4.81788,22.1805
4.90593,22.3699
4.85204,22.5599
4.92877,22.7578
5.00997,22.9341
4.96795,23.1319
5.00306,23.3261
5.1872,23.462
5.17489,23.6614
5.18017,23.8651
5.24183,24.053
5.40091,24.153
-5.45422,24.2904
-5.35823,24.478
-5.31378,24.6602
-5.3205,24.8611
-5.37191,25.0402
-5.33109,25.2439
-5.31757,25.4461
-5.33902,25.6493
-5.45737,25.8174
-5.33808,25.9978
-5.14709,26.0742
-4.97881,26.1781
-4.86562,26.3748
-4.90194,26.5705
-4.927,26.7717
-4.72373,26.8537
-4.73537,27.0593
-4.63588,27.2343
-4.77539,27.3908
-4.8907,27.5674
-4.70366,27.6099
-4.69757,27.8143
-4.79601,27.9921
-4.77102,28.1866
-4.75861,28.3846
-4.55803,28.4371
-4.57765,28.6286
-4.64374,28.8398
-4.50773,28.9905
-4.52374,29.1921
-4.56861,29.3819
-4.67492,29.5576
-4.57116,29.7182
-4.7513,29.7939
-4.69583,29.9937
-4.64524,30.1841
-4.53008,30.3539
-4.61183,30.5349
-4.45185,30.6597
-4.59215,30.7899
-4.7256,30.9414
-4.79982,31.1191
-4.75004,31.324
-4.80004,31.5158
-4.71461,31.7003
-4.73767,31.8903
-4.65036,32.0762
-4.78913,32.193
-4.7493,32.4065
-4.55678,32.5014
-4.54189,32.6878
-4.44423,32.8733
-4.51002,33.0744
-4.45123,33.2642
-4.35225,33.4404
-4.27141,33.6267
-4.40388,33.7995
-4.31457,33.9914
-4.32243,34.206
-4.1886,34.3602
-4.13388,34.5586
-4.0844,34.7581
-4.24962,34.8637
-4.06664,34.958
-3.89835,35.0629
-3.87139,35.2675
-3.93925,35.4656
4.59943,0.351046
4.61836,0.552397
4.68569,0.746548
4.80623,0.904894
4.80813,1.10902
4.89983,1.27789
4.86915,1.45295
4.99729,1.60532
5.12501,1.76658
5.12862,1.97343
5.18038,2.16038
5.25481,2.35317
5.14761,2.53239
5.14592,2.74897
5.11259,2.94692
5.20508,3.11527
5.12339,3.3282
5.08702,3.54365
5.17547,3.73873
5.12415,3.94301
5.26652,4.0936
5.22512,4.29677
5.2879,4.49467
5.43083,4.64684
-5.49542,4.85
5.49156,5.05921
-5.44794,5.25719
-5.33463,5.43583
-5.38939,5.62324
-5.40939,5.81783
-5.30724,6.02034
-5.25269,6.20029
-5.35246,6.38701
-5.36072,6.58098
-5.43704,6.77406
5.42195,6.94168
-5.43065,7.08872
-5.48812,7.28503
-5.49038,7.48375
-5.4124,7.67814
-5.26659,7.83018
-5.19696,8.01542
-5.29857,8.19451
-5.45223,8.33722
5.45289,8.51419
5.46467,8.72828
5.39145,8.91955
5.39291,9.11567
5.26533,9.27714
5.26158,9.46205
5.19717,9.65603
5.16276,9.85507
5.22921,10.0364
5.34537,10.2113
5.47718,10.3552
-5.41871,10.5321
-5.31034,10.7105
-5.1706,10.8501
-5.24107,11.0473
-5.12345,11.201
-5.2358,11.3971
-5.11484,11.5483
-5.15787,11.7628
-5.33542,11.8754
-5.24634,12.0688
-5.2391,12.2747
-5.3996,12.409
-5.28852,12.5761
-5.17646,12.7525
-5.0502,12.9067
-4.92871,13.0593
-4.81558,13.2331
-4.82848,13.4327
-4.89538,13.6179
-4.84412,13.8185
-4.82698,14.0189
-4.83406,14.241
-4.89596,14.4465
-4.81793,14.6511
-4.92768,14.8172
-4.77609,14.9424
-4.92788,15.092
-4.90044,15.2866
-4.89541,15.5041
-5.0034,15.6621
-4.94929,15.8466
-4.9716,16.039
-5.05345,16.2298
-5.0421,16.4363
-5.08791,16.6418
-5.12531,16.8366
-5.1448,17.0476
-5.20169,17.242
-5.11536,17.4303
-5.07785,17.6288
-4.94368,17.7791
-4.90067,17.9833
-4.80567,18.1636
-4.76909,18.3632
-4.93036,18.4949
-4.98649,18.6842
-4.91023,18.8726
-4.87966,19.0739
-4.84196,19.2762
-4.8469,19.4705
-4.83352,19.6621
-4.79421,19.8638
-4.89563,20.0357
-4.87165,20.2317
-4.84203,20.4309
-4.7704,20.6203
-4.69728,20.8043
-4.65946,21.0213
-4.65965,21.2211
-4.79681,21.3889
-4.91454,21.5617
-4.76683,21.6963
-4.70815,21.899
-4.56834,22.0576
-4.62346,22.2564
-4.60838,22.4679
-4.63219,22.6796
-4.47961,22.8493
-4.44187,23.0566
-4.53217,23.2421
-4.49597,23.447
-4.54814,23.646
-4.53472,23.8492
-4.47102,24.0527
-4.60325,24.2266
-4.58455,24.4296
-4.59689,24.6224
-4.60801,24.8175
-4.54009,25.013
-4.36727,25.115
-4.36888,25.3264
-4.15571,25.373
-4.21642,25.5761
-4.13371,25.754
-4.25605,25.9307
-4.16078,26.1165
-4.07005,26.2984
-4.04054,26.5231
-3.93774,26.6952
-3.94109,26.9055
-4.0947,27.0499
-4.05371,27.2446
-4.04835,27.4373
-4.02411,27.6452
-4.07398,27.8359
-4.12646,28.0264
-4.13667,28.2527
-4.16007,28.4442
-4.29007,28.5989
-4.22706,28.7912
-4.1534,28.9852
-4.01859,29.1173
-3.93348,29.3056
-3.88,29.4987
-3.94761,29.6831
-3.97722,29.8783
-3.80776,29.9947
-3.71967,30.1892
-3.71261,30.3962
-3.69004,30.6091
-3.71924,30.8226
-3.89545,30.9157
-3.72349,31.0322
-3.72855,31.2197
-3.78986,31.4123
-3.69135,31.5865
-3.5268,31.6958
-3.54156,31.9023
-3.62925,32.0743
-3.61647,32.2798
-3.4948,32.4551
-3.43858,32.6535
-3.25859,32.7655
-3.16892,32.9399
-3.05203,33.0967
-3.1686,33.2523
-3.22113,33.4482
-3.33167,33.6296
-3.29537,33.845
-3.42247,34.0161
-3.37273,34.2167
-3.44647,34.4109
-3.38437,34.5962
-3.51413,34.7618
-3.36532,34.9438
-3.50267,35.0978
-3.45047,35.2876
-3.52613,35.4742
-3.59125,35.6705
-3.58484,35.8771
-3.71377,36.027
-3.57544,36.182
-3.59208,36.3718
-3.54664,36.571
-3.53561,36.7793
-5.10446,0.290189
-5.27144,0.432229
-5.2474,0.636493
-5.28171,0.840659
-5.31818,1.03093
-5.41959,1.21421
-5.37484,1.4038
-5.29068,1.58542
-5.31989,1.81015
-5.24655,1.99655
-5.30877,2.20297
-5.31649,2.39958
-5.39227,2.60486
-5.41292,2.81248
-5.3744,3.00379
-5.29742,3.17766
-5.19889,3.36269
-5.36135,3.48939
-5.33228,3.69889
-5.26877,3.89258
-5.26383,4.09075
-5.09939,4.22121
-5.02693,4.42408
-5.01191,4.62908
-4.94797,4.82416
-4.75375,4.88949
-4.75358,5.09399
-4.77023,5.29349
-4.6869,5.48195
-4.68969,5.68066
-4.6766,5.88793
-4.86413,5.95484
-4.79414,6.14765
-4.95196,6.28355
-4.99604,6.48091
-4.9241,6.67191
-4.95826,6.87793
-5.03373,7.06915
-4.92627,7.22655
-5.0469,7.39215
-4.96454,7.56287
-4.78684,7.66919
-4.87507,7.83635
-4.86432,8.04155
-4.88216,8.23681
-5.00471,8.39197
-5.06787,8.58299
-5.1383,8.77221
-5.04796,8.95415
-4.98697,9.16006
-4.94766,9.35391
-4.86648,9.56365
-4.70339,9.69399
-4.59905,9.86328
-4.63631,10.0613
-4.56766,10.2412
-4.41744,10.3635
-4.41702,10.5789
-4.33267,10.77
-4.45785,10.9351
-4.55952,11.1025
-4.51382,11.3127
-4.69176,11.4017
-4.84128,11.55
-4.86704,11.7301
-4.69752,11.8321
-4.59565,12.0078
-4.74709,12.1226
-4.7235,12.3186
-4.63264,12.5178
-4.52267,12.6931
-4.52766,12.918
-4.36535,13.0304
-4.24825,13.2165
-4.15008,13.4058
-4.35019,13.3911
-4.39124,13.5757
-4.31785,13.7637
-4.39655,13.9488
-4.45674,14.1485
-4.40786,14.3321
-4.3643,14.524
-4.24878,14.6932
-4.25134,14.896
-4.19485,15.0943
-4.11373,15.2652
-4.13761,15.4842
-4.05845,15.6804
-4.17965,15.8594
-4.14066,16.0507
-4.04157,16.2455
-3.99772,16.4427
-4.06327,16.6317
-4.08963,16.8473
-3.91451,16.9768
-3.92169,17.1873
-3.85612,17.3601
-3.91278,17.5585
-3.77656,17.7185
-3.9222,17.8538
-3.94003,18.0591
-3.86522,18.2568
-3.90678,18.4656
-3.83072,18.653
-3.78713,18.849
-3.74115,19.0429
-3.72455,19.2358
-3.8016,19.4206
-3.86127,19.6115
-3.72807,19.7888
-3.69122,20.0104
-3.68107,20.2204
-3.54576,20.3678
-3.59498,20.5573
-3.68155,20.7428
-3.4774,20.8206
-3.37161,21.0038
-3.33087,21.2163
-3.44434,21.3863
-3.52627,21.5844
-3.52447,21.7806
-3.42451,21.9485
-3.44654,22.1577
-3.44462,22.3452
-3.43941,22.5537
-3.39063,22.7549
-3.43473,22.9452
-3.47957,23.151
-3.46567,23.3476
-3.48696,23.5497
-3.43961,23.7458
-3.52121,23.9354
-3.47844,24.138
-3.46227,24.3499
-3.47405,24.5445
-3.50855,24.745
-3.67357,24.8547
-3.63875,25.0488
-3.53266,25.234
-3.60518,25.437
-3.71418,25.6265
-3.55871,25.7755
-3.58826,25.9711
-3.55348,26.166
-3.49988,26.3535
-3.58112,26.5325
-3.55786,26.7465
-3.58154,26.9543
-3.48862,27.1271
-3.32585,27.2291
-3.22567,27.4003
-3.15904,27.5923
-3.26432,27.7585
-3.33428,27.9447
-3.38706,28.1432
-3.34661,28.3592
-3.2431,28.5478
-3.18654,28.7377
-3.27091,28.9192
-3.33334,29.0999
-3.28338,29.308
-3.30392,29.5022
-3.20635,29.6772
-3.13636,29.8659
-3.19703,30.0579
-3.2245,30.2771
-3.34562,30.4446
-3.27958,30.6316
-3.34055,30.815
-3.285,31.0014
-3.19346,31.1815
-3.11296,31.3655
-3.03572,31.5516
-3.02772,31.7454
-2.87536,31.8841
-2.75046,32.0538
-2.60288,32.1911
-2.66681,32.3886
-2.69584,32.5853
-2.67123,32.7907
-2.46214,32.7672
-2.50314,32.9749
-2.48866,33.1756
-2.45131,33.3819
-2.52842,33.5643
-2.52472,33.7646
-2.37111,33.8914
-2.40519,34.0911
-2.44062,34.2939
-2.4415,34.5041
-2.28849,34.6158
-2.38126,34.7848
-2.20432,34.8884
-2.27703,35.0721
-2.12316,35.1995
-2.14241,35.3941
-2.00474,35.549
-2.06463,35.7421
-1.88917,35.8587
-1.98721,36.0282
-4.74253,0.402974
-4.78225,0.591428
-4.6996,0.78432
-4.71771,0.979388
-4.59864,1.13006
-4.52143,1.32377
-4.4897,1.54235
-4.39116,1.72019
-4.26171,1.86859
-4.18463,2.04648
-4.29746,2.20319
-4.22698,2.38941
-4.23018,2.59564
-4.3892,2.7299
-4.3795,2.92751
-4.40524,3.12382
-4.3929,3.32491
-4.51144,3.48669
-4.4775,3.67664
-4.57947,3.83811
-4.52052,4.01708
-4.4796,4.21812
-4.433,4.41245
-4.32351,4.57656
-4.34847,4.78533
-4.28983,4.99133
-4.1914,5.16771
-4.1358,5.35736
-4.26043,5.51278
-4.30362,5.69476
-4.43073,5.8603
-4.29732,6.0349
-4.27578,6.23423
-4.2026,6.42077
-4.16021,6.62197
-4.12321,6.81115
-4.07309,6.99224
-4.06953,7.19663
-3.88594,7.27215
-3.84415,7.47047
-3.79,7.67539
-3.76104,7.86837
-3.67624,8.04495
-3.66103,8.24355
-3.60779,8.43722
-3.64286,8.64304
-3.59828,8.84327
-3.59632,9.03873
-3.60803,9.23583
-3.61347,9.4389
-3.61281,9.66396
-3.52309,9.84918
-3.48909,10.0411
-3.56746,10.2364
-3.71599,10.3834
-3.70444,10.588
-3.75791,10.7809
-3.75196,10.9749
-3.66532,11.1591
-3.5457,11.3238
-3.69464,11.4842
-3.66604,11.6969
-3.75258,11.8899
-3.61711,12.0682
-3.49877,12.2445
-3.40088,12.4305
-3.39451,12.6382
-3.39873,12.8399
-3.34179,13.0222
-3.22134,13.1754
-3.19569,13.3842
-3.24478,13.5757
-3.36538,13.7378
-3.31002,13.939
-3.33464,14.1375
-3.31408,14.3414
-3.49052,14.421
-3.60087,14.5889
-3.53534,14.7831
-3.44084,14.975
-3.55571,15.1538
-3.50519,15.347
-3.47636,15.5399
-3.3757,15.7115
-3.37365,15.9263
-3.18044,16.0095
-3.24146,16.2136
-3.30517,16.4284
-3.36547,16.6172
-3.25073,16.7834
-3.18949,16.982
-3.01757,17.0844
-2.98075,17.2994
-3.01363,17.5061
-2.96304,17.6909
-2.98423,17.888
-2.94379,18.1012
-3.06988,18.2658
-2.96747,18.441
-2.99867,18.6415
-2.9484,18.8286
-2.82814,18.9849
-2.77208,19.1858
-2.73541,19.3802
-2.66511,19.5843
-2.63283,19.7993
-2.61345,20.0039
-2.58904,20.2254
-2.68048,20.3992
-2.64251,20.6028
-2.77435,20.7685
-2.73646,20.969
-2.67027,21.1588
-2.49855,21.2469
-2.43207,21.4467
-2.33459,21.6218
-2.31284,21.8191
-2.17081,21.9537
-2.2142,22.1545
-2.36144,22.2967
-2.39192,22.5034
-2.40442,22.7123
-2.32949,22.9228
-2.39513,23.1056
-2.40224,23.3133
-2.3011,23.4792
-2.29417,23.6739
-2.20302,23.8462
-2.15319,24.0222
-2.30129,24.1508
-2.42021,24.3049
-2.39498,24.5083
-2.44691,24.705
-2.42467,24.8918
-2.42019,25.0896
-2.3213,25.2647
-2.48611,25.3644
-2.61032,25.5268
-2.49239,25.6935
-2.39465,25.8866
-2.48664,26.0646
-2.38196,26.2562
-2.18178,26.2676
-2.15991,26.4722
-2.17494,26.6855
-2.34475,26.7883
-2.30855,26.9861
-2.27007,27.1779
-2.18319,27.3662
-2.20401,27.5619
-2.25116,27.7644
-2.23252,27.9614
-2.17569,28.1504
-2.22186,28.3461
-2.16728,28.5582
-2.04793,28.718
-2.00272,28.9175
-2.01316,29.1182
-1.9,29.2925
-1.88921,29.5017
-1.77614,29.6712
-1.7392,29.8681
-1.58652,30.0087
-1.55896,30.226
-1.51928,30.4256
-1.44818,30.6176
-1.42923,30.8252
-1.26323,30.9352
-1.36982,31.0959
-1.25498,31.2891
-1.16681,31.4677
-1.00243,31.5989
-0.840589,31.7099
-0.816794,31.9196
-0.857096,32.1138
-0.934986,32.3106
-0.77956,32.4471
-0.633618,32.5992
-0.675494,32.806
-0.667273,33.0133
-0.613458,33.2353
-0.483867,33.3858
-0.415505,33.5853
-0.464677,33.7773
-0.491774,33.9802
-0.360131,34.1528
-0.388598,34.3629
-0.409618,34.5666
-0.458382,34.7617
-0.362704,34.9288
-0.23855,35.0929
-0.163377,35.2969
-0.151144,35.5099
-0.161292,35.7202
-0.269748,35.8897
-0.307283,36.0821
-0.335302,36.2871
-0.524098,36.2647
-0.635839,36.4338
-0.677905,36.6123
-2.62165,0.374589
-2.55277,0.575074
-2.73383,0.616676
-2.664,0.80795
-2.4845,0.908082
-2.44046,1.10562
-2.52709,1.28113
-2.67626,1.434
-2.68128,1.63459
-2.64471,1.82589
-2.73986,2.00758
-2.76046,2.21838
-2.68188,2.40773
-2.51568,2.51738
-2.53529,2.73016
-2.51252,2.94784
-2.49088,3.16426
-2.55667,3.34578
-2.4401,3.51405
-2.34918,3.69067
-2.35562,3.89493
-2.22139,4.04416
-2.2973,4.2447
-2.4156,4.42104
-2.21769,4.45719
-2.29936,4.64207
-2.23099,4.81761
-2.30181,5.00059
-2.21508,5.18033
-2.09219,5.34728
-2.27219,5.46324
-2.30426,5.66582
-2.26199,5.85679
-2.23143,6.06405
-2.13257,6.2295
-1.93423,6.26357
-1.78672,6.41165
-1.75172,6.60821
-1.68089,6.79015
-1.61843,6.99358
-1.69525,7.1827
-1.68548,7.38321
-1.53958,7.52646
-1.42344,7.7091
-1.37271,7.9142
-1.47361,8.08344
-1.57022,8.25386
-1.51081,8.44353
-1.52888,8.64934
-1.53891,8.84775
-1.5651,9.05062
-1.50621,9.22415
-1.52363,9.42907
-1.46767,9.62983
-1.39349,9.82098
-1.25358,9.9744
-1.40108,10.1103
-1.56277,10.2496
-1.43884,10.3998
-1.57936,10.5203
-1.75805,10.6245
-1.76898,10.8412
-1.74707,11.0538
-1.67452,11.2449
-1.52843,11.3826
-1.45269,11.5672
-1.31367,11.7093
-1.32651,11.9129
-1.30806,12.1386
-1.3635,12.3253
-1.1671,12.4256
-1.13282,12.6281
-0.976412,12.768
-1.11265,12.9164
-1.13122,13.1333
-1.16727,13.3413
-1.0977,13.5411
-1.03838,13.7255
-1.06894,13.9246
-1.00624,14.1188
-0.947675,14.3098
-0.902244,14.5034
-0.896588,14.7055
-0.972561,14.9068
-0.931553,15.0939
-0.941217,15.2941
-0.896189,15.4975
-0.967148,15.6755
-1.06093,15.853
-1.06457,16.0506
-0.888455,16.1539
-1.05427,16.2514
-1.0723,16.4523
-1.21039,16.6071
-1.21878,16.833
-1.1976,17.0245
-1.33601,17.1608
-1.33586,17.3733
-1.40365,17.5636
-1.39293,17.7492
-1.26229,17.9151
-1.17968,18.0824
-1.19928,18.2989
-1.11909,18.4848
-0.967234,18.608
-1.05325,18.8022
-1.06843,19.022
-1.01573,19.2238
-0.891343,19.3747
-0.907583,19.5657
-1.09117,19.6784
-1.06463,19.8755
-0.986329,20.0604
-0.818729,20.1596
-0.704284,20.3305
-0.724164,20.5401
-0.697116,20.7319
-0.675288,20.927
-0.763085,21.1136
-0.723518,21.3274
-0.822266,21.5074
-0.863671,21.6969
-0.859292,21.9195
-0.889129,22.1202
-0.902179,22.331
-0.833896,22.5392
-0.809889,22.7426
-0.846426,22.9295
-0.800759,23.1465
-0.938227,23.3076
-0.851045,23.4729
-0.978356,23.6289
-0.989344,23.8347
-0.811019,23.9509
-0.724881,24.1395
-0.587692,24.2992
-0.751455,24.4132
-0.61124,24.5753
-0.604181,24.8067
-0.63838,24.9877
-0.503604,25.1392
-0.410067,25.314
-0.332231,25.4939
-0.308644,25.7018
-0.0887652,25.7106
-0.0274448,25.9057
-0.0311048,26.1038
-0.257554,26.0991
-0.339661,26.3028
-0.357785,26.4964
-0.189998,26.6129
-0.12171,26.8285
0.0679877,26.8947
0.205768,27.0236
0.273747,27.2144
0.323116,27.408
0.226201,27.5753
0.356435,27.7154
0.468247,27.8808
0.390071,28.0906
0.370852,28.2879
0.470188,28.4613
0.469492,28.6626
0.459563,28.8876
0.595123,29.0483
0.707404,29.2461
0.61126,29.4242
0.518085,29.6086
0.425565,29.8031
0.465779,29.9956
0.552545,30.1741
0.640343,30.3504
0.619452,30.5553
0.563389,30.751
0.507082,30.9555
0.620459,31.1365
0.69707,31.3208
0.574324,31.4806
0.675126,31.6465
0.777398,31.8229
0.64413,31.9649
0.823377,32.0838
0.784164,32.2876
0.858723,32.4689
0.844574,32.6703
0.916144,32.8556
1.01156,33.0285
1.11634,33.1984
1.08443,33.3896
0.959611,33.5458
1.06918,33.7116
1.12184,33.9052
1.13387,34.1214
1.1802,34.3126
1.17818,34.5127
1.18482,34.7359
1.21612,34.9432
1.12434,35.1185
1.04441,35.32
1.13009,35.4986
-2.33296,0.383407
-2.28864,0.579455
-2.31106,0.774415
-2.26072,0.979926
-2.18814,1.17096
-2.08543,1.34701
-1.97372,1.50963
-1.96381,1.70654
-2.11718,1.80761
-1.93673,1.93083
-1.85109,2.11712
-1.7232,2.27999
-1.77319,2.48072
-1.60319,2.61558
-1.67367,2.79952
-1.54691,2.9451
-1.395,3.06556
-1.41252,3.27136
-1.35753,3.47406
-1.32264,3.69036
-1.2786,3.8897
-1.41601,4.03694
-1.49488,4.22486
-1.39747,4.40714
-1.44883,4.59969
-1.45903,4.79952
-1.3081,4.93547
-1.25541,5.13727
-1.24674,5.32847
-1.26452,5.54669
-1.13226,5.70064
-1.13351,5.89999
-1.13695,6.08898
-1.13267,6.29566
-1.16419,6.49051
-1.1019,6.67808
-0.960214,6.82647
-0.91125,7.0116
-1.04284,7.17507
-0.946421,7.34524
-1.08528,7.50774
-1.04638,7.70748
-1.02728,7.9073
-1.05969,8.10549
-1.02102,8.31727
-1.0499,8.51648
-1.08887,8.70642
-0.985109,8.89851
-0.929991,9.10064
-0.800511,9.25461
-0.771452,9.44877
-0.68421,9.63459
-0.671362,9.85111
-0.559781,10.0319
-0.389064,10.1322
-0.413971,10.339
-0.317691,10.5206
-0.366095,10.7067
-0.483012,10.8931
-0.546676,11.0911
-0.616513,11.2755
-0.531445,11.4575
-0.473849,11.6635
-0.406037,11.8438
-0.481561,12.0408
-0.359819,12.1996
-0.273842,12.379
-0.360335,12.5689
-0.182759,12.6808
-0.124406,12.8791
-0.100233,13.0841
0.0539432,13.2363
0.0570866,13.4565
-0.00585476,13.6384
0.00171525,13.8513
-0.0925887,14.0407
0.0394255,14.1976
-0.00736781,14.3983
-0.160854,14.5264
-0.181396,14.7269
-0.207883,14.9148
-0.334882,15.0665
-0.354681,15.2638
-0.425435,15.4475
-0.48093,15.66
-0.380164,15.8632
-0.4264,16.0531
-0.49902,16.2434
-0.471435,16.446
-0.651696,16.5657
-0.624003,16.7688
-0.536335,16.95
-0.492677,17.1494
-0.446749,17.3559
-0.443179,17.5573
-0.45699,17.7713
-0.443147,17.9715
-0.330945,18.1469
-0.266783,18.3571
-0.232376,18.5508
-0.272202,18.7606
-0.243733,18.954
-0.265478,19.1474
-0.340563,19.3274
-0.318231,19.5243
-0.501091,19.6227
-0.356077,19.7808
-0.372347,19.9766
-0.329664,20.1742
-0.22388,20.3587
-0.125448,20.5296
-0.0582692,20.7267
0.0290506,20.9186
0.0403243,21.1302
0.0148036,21.3328
0.15627,21.4928
0.0383703,21.6587
0.20542,21.7307
0.248253,21.9186
0.426574,22.036
0.492171,22.2186
0.567405,22.4233
0.376974,22.4785
0.49688,22.6455
0.418004,22.832
0.419125,23.0387
0.542913,23.2018
0.654239,23.3626
0.690477,23.5584
0.62215,23.7508
0.804655,23.8298
0.779121,24.0324
0.973624,23.997
0.983947,24.1951
0.966335,24.3938
0.845104,24.554
0.944604,24.7398
1.048,24.9248
1.01289,25.1185
0.999154,25.3065
0.931539,25.495
0.973694,25.6945
1.03828,25.8854
1.08797,26.0735
0.964196,26.243
0.957071,26.4459
0.978619,26.659
1.16236,26.7488
1.22899,26.9346
1.35237,27.1185
1.54549,27.0588
1.57234,27.2529
1.51196,27.4471
1.48288,27.6397
1.53778,27.8312
1.49431,28.0427
1.66154,28.1928
1.62749,28.4031
1.81586,28.4946
1.79294,28.6925
1.81051,28.8936
1.72039,29.0855
1.71881,29.2807
1.80613,29.4656
1.67271,29.6149
1.78924,29.7674
1.79331,29.9575
1.96656,30.063
2.1097,30.2189
2.19257,30.408
2.20121,30.623
2.20165,30.8131
2.19391,31.0042
2.26564,31.1793
2.20514,31.3658
2.37662,31.4622
2.3886,31.6785
2.44764,31.8704
2.38303,32.0632
2.35132,32.2504
2.1994,32.3824
2.22574,32.5878
2.25274,32.7938
2.20462,32.9968
2.16372,33.1959
2.20393,33.39
2.26257,33.5874
2.14128,33.7511
2.05483,33.9454
2.09135,34.1626
1.99682,34.3563
1.9611,34.5627
1.90616,34.7625
1.86603,34.9501
1.84225,35.1494
1.86341,35.3478
1.91983,35.537
1.79545,35.687
1.72655,35.8614
1.7902,36.0411
