4.20402,0.202443
4.24906,0.403924
4.32735,0.586399
4.26749,0.781197
4.17835,0.979729
4.18567,1.18305
4.22423,1.39193
4.16341,1.57123
4.0032,1.68507
3.95236,1.88666
4.07585,2.04325
4.05834,2.23612
4.13151,2.42275
4.22169,2.60389
4.095,2.77607
4.16709,2.96562
4.04138,3.14569
4.09764,3.34084
4.02336,3.53976
3.94533,3.74567
4.05099,3.91631
4.0948,4.11258
4.18206,4.29282
4.15501,4.50012
4.18099,4.70697
4.08659,4.88697
3.94324,5.01292
3.9856,5.22791
3.98508,5.42174
4.09258,5.58099
4.27999,5.63126
4.14074,5.78683
4.12446,5.99512
4.07723,6.18499
3.90117,6.31025
3.98343,6.50434
4.13683,6.63234
4.07196,6.82914
4.07222,7.03461
4.11976,7.22132
4.25909,7.36952
4.24112,7.57303
4.1855,7.7649
4.15651,7.96625
4.10778,8.16969
4.28669,8.2761
4.11617,8.40266
4.161,8.60647
4.21329,8.79007
4.13085,8.9802
4.15559,9.17178
4.06971,9.37344
3.88792,9.44043
3.80295,9.62039
3.76773,9.82026
3.72253,10.0159
3.6453,10.2084
3.58716,10.4062
3.73335,10.5792
3.83073,10.7513
3.87824,10.9431
3.98709,11.1211
4.02945,11.3306
4.19795,11.4425
4.25037,11.6531
4.23982,11.8651
4.15761,12.0441
4.05511,12.2261
4.03108,12.4338
4.02222,12.6249
3.89662,12.785
4.09668,12.8472
4.09937,13.061
4.03494,13.2736
4.16019,13.4328
3.99479,13.5468
3.88148,13.7146
3.92352,13.9032
3.99146,14.0992
3.96676,14.3061
3.93636,14.5062
4.0289,14.6908
4.13374,14.857
4.10579,15.0566
3.97244,15.19
4.12474,15.3267
4.12975,15.5331
4.26201,15.6953
4.12714,15.8443
3.97513,15.9826
3.9091,16.1784
3.91808,16.3703
3.96738,16.5705
4.03026,16.7568
4.12134,16.9513
4.00577,17.1259
3.94111,17.3319
3.99337,17.5205
3.87424,17.6824
3.96659,17.8529
3.89284,18.0174
3.99355,18.1836
3.94838,18.3985
3.93555,18.6051
3.73265,18.6518
3.54557,18.7336
3.60183,18.9306
3.51243,19.1108
3.58211,19.3088
3.63925,19.4992
3.71626,19.6966
3.79089,19.8767
3.6235,20.0002
3.5614,20.1988
3.75797,20.262
3.7873,20.4585
3.79263,20.6538
3.85848,20.837
3.85376,21.053
3.97098,21.2198
4.14537,21.3363
4.04477,21.5107
3.97644,21.6912
4.02989,21.8845
4.14063,22.0454
4.14244,22.2556
4.16889,22.4735
4.25916,22.6671
4.07979,22.7541
4.19609,22.9337
3.98824,22.9846
3.92143,23.1861
3.97333,23.3998
3.83693,23.5448
3.87755,23.7464
3.83068,23.9544
3.74997,24.1315
3.69277,24.3208
3.74065,24.5368
3.73636,24.7527
3.80856,24.9314
3.90461,25.1476
4.01664,25.3121
4.0572,25.5064
4.00284,25.6875
4.04278,25.8989
4.01833,26.0992
4.1403,26.2527
4.01372,26.4054
4.03208,26.6111
3.9998,26.8323
3.89169,27.0163
3.7333,27.1162
3.8567,27.2663
3.83981,27.472
3.72562,27.6484
3.79399,27.8463
3.75909,28.0382
3.78015,28.2322
3.73717,28.4476
3.87403,28.6112
3.82878,28.8189
3.8888,29.0072
3.93777,29.2037
4.00961,29.3945
3.9097,29.5571
3.94097,29.7643
3.84146,29.9494
3.80655,30.1465
3.70559,30.3192
3.75198,30.5096
3.84827,30.6795
3.86323,30.8837
3.83865,31.0995
3.8485,31.3116
3.66592,31.3972
3.85658,31.4892
3.82101,31.6912
3.7191,31.8654
3.84907,32.0013
3.88403,32.1984
3.87714,32.388
3.90492,32.5946
3.86293,32.7988
3.74627,32.9618
3.74428,33.1668
3.7616,33.3688
3.83258,33.5557
3.79258,33.7506
3.7706,33.9465
3.86173,34.125
3.8803,34.3407
3.71758,34.4865
3.87438,34.6108
3.76226,34.7641
3.77318,34.9712
3.86688,35.1358
3.73803,35.2906
3.80587,35.4822
3.95063,35.6355
4.88114,0.426514
4.80764,0.61391
4.91352,0.770519
4.76649,0.916745
4.82638,1.09934
4.82604,1.3023
4.63126,1.36152
4.6113,1.5572
4.70184,1.73549
4.79958,1.91222
4.78577,2.12761
4.87694,2.32308
4.76032,2.49692
4.89843,2.62293
4.78783,2.78387
4.62193,2.92181
4.56269,3.13341
4.5393,3.34739
4.46111,3.53088
4.53173,3.72931
4.62277,3.90255
4.52659,4.10309
4.59846,4.28427
4.5911,4.47807
4.46829,4.62632
4.38783,4.80588
4.58448,4.90073
4.5578,5.10266
4.55206,5.31084
4.63679,5.49359
4.58908,5.70051
4.72055,5.88137
4.6223,6.06057
4.63395,6.26592
4.62636,6.47809
4.74105,6.65195
4.74213,6.85422
4.55141,6.88668
4.60304,7.06455
4.64619,7.26438
4.72178,7.47626
4.64161,7.6609
4.5972,7.85829
4.60711,8.06606
4.73263,8.23235
4.64527,8.42204
4.84189,8.48136
4.72743,8.64541
4.80295,8.83423
4.78901,9.02206
4.69562,9.21096
4.70592,9.42042
4.5753,9.56925
4.57243,9.77057
4.51564,9.97464
4.45667,10.1742
4.53666,10.3619
4.64526,10.5258
4.69756,10.7338
4.80598,10.9023
4.81963,11.0974
4.82406,11.28
4.84514,11.483
4.78613,11.677
4.85444,11.8798
4.74551,12.0571
4.78453,12.248
4.77201,12.4458
4.86458,12.6284
4.74723,12.8085
4.92756,12.9149
4.95728,13.1213
-4.96448,13.3313
4.89293,13.4758
4.92049,13.6635
4.80239,13.8253
4.69472,14.0116
4.68714,14.207
4.57247,14.3689
4.5932,14.5835
4.55878,14.7779
4.55265,14.9771
4.71245,15.0744
4.69333,15.2776
4.65438,15.4783
4.61812,15.6853
4.7039,15.8781
4.61719,16.0557
4.78893,16.1439
4.96907,16.0918
4.96268,16.2894
4.89818,16.4738
4.96233,16.674
4.79352,16.8023
4.66649,16.9909
4.59296,17.1702
4.66297,17.3706
4.70181,17.588
4.74646,17.7811
4.66485,17.9756
4.72848,18.1807
4.55105,18.2375
4.54762,18.4437
4.55242,18.6469
4.45725,18.8262
4.34497,18.9952
4.35435,19.205
4.49043,19.3819
4.47209,19.5853
4.57585,19.7596
4.61626,19.9664
4.56761,20.1543
4.569,20.351
4.60236,20.5476
4.53471,20.7558
4.56322,20.9599
4.6357,21.1431
4.53991,21.316
4.49081,21.5074
4.5699,21.7092
4.58934,21.9083
4.63299,22.0829
4.70362,22.2853
4.72452,22.4901
4.6476,22.681
4.55077,22.8516
4.50232,23.0507
4.51114,23.2588
4.49169,23.4595
4.66985,23.5572
4.71744,23.7672
4.59972,23.9256
4.69279,24.0985
4.7777,24.292
4.71538,24.4747
4.69342,24.6795
4.58105,24.8607
4.68939,25.0262
4.70036,25.2155
4.71792,25.4108
4.60445,25.5851
4.48356,25.7491
4.49129,25.9445
4.49245,26.1549
4.45062,26.3602
4.32776,26.5246
4.3031,26.7258
4.4008,26.8988
4.47072,27.0888
4.45952,27.2826
4.33239,27.4443
4.40692,27.6307
4.38736,27.8306
4.45698,28.0122
4.33424,28.1768
4.17669,28.3165
4.1478,28.5228
4.27136,28.6919
4.24974,28.8896
4.3516,29.0611
4.33167,29.267
4.53945,29.2237
4.61642,29.4245
4.55251,29.6109
4.61134,29.8096
4.4398,29.9169
4.40446,30.1175
4.27744,30.2849
4.38066,30.4683
4.47678,30.6378
4.45894,30.8361
4.4624,31.0468
4.43282,31.24
4.52152,31.4418
4.43568,31.6225
4.36698,31.8234
4.26543,32.0038
4.12858,32.14
4.30374,32.1972
4.38392,32.355
4.40373,32.5611
4.46741,32.7532
4.49212,32.9416
4.45527,33.1523
4.52924,33.3315
4.64163,33.5141
4.55996,33.7015
4.37091,33.7396
4.2045,33.8481
4.2871,34.0324
4.34735,34.2281
4.27768,34.4192
4.2881,34.6214
4.17605,34.7929
4.31174,34.9503
4.30114,35.1442
4.33227,35.3394
4.42606,35.519
4.46883,35.738
4.51145,35.9498
-4.92142,0.494519
-4.83658,0.664966
-4.68129,0.805254
-4.69529,0.999873
-4.76215,1.21159
-4.88379,1.37368
-4.72471,1.50056
-4.59983,1.68459
-4.61916,1.88379
-4.50604,2.0621
-4.55392,2.28037
-4.65311,2.46996
-4.76576,2.62999
-4.80389,2.83681
-4.80884,3.03067
-4.85018,3.23314
-4.76847,3.41851
-4.88197,3.58528
-4.76288,3.76057
-4.70072,3.9709
-4.53961,4.08338
-4.63701,4.24518
-4.67397,4.43797
-4.60748,4.62198
-4.68619,4.80071
-4.77167,4.98344
-4.89559,5.11987
4.97598,5.282
-4.97222,5.46819
4.98294,5.6602
-4.91492,5.83546
-4.9929,6.03538
4.94949,6.24094
-4.9083,6.38365
-4.98086,6.56872
-4.98391,6.76424
-4.92936,6.95491
4.91234,7.08461
4.89472,7.2903
4.99561,7.46745
-4.91988,7.64883
-4.98746,7.82882
-4.96851,8.02705
-4.86272,8.19294
-4.9114,8.38826
-4.872,8.60041
-4.90754,8.80892
-4.90458,9.0131
-4.9584,9.19783
-4.95715,9.40697
-4.94905,9.60759
-4.90521,9.80534
-4.91669,10.017
-4.76875,10.1278
-4.809,10.342
-4.72391,10.5247
-4.81708,10.7027
-4.8912,10.8878
-4.93739,11.0869
-4.87529,11.2798
-4.93316,11.4889
-4.96244,11.6856
-4.91689,11.8908
-4.86013,12.0832
4.98045,12.2223
-4.8618,12.3514
-4.82003,12.5376
-4.69908,12.6951
-4.54324,12.8216
-4.39639,12.9669
-4.34776,13.1689
-4.35641,13.3694
-4.50968,13.5237
-4.45281,13.7097
-4.32185,13.8751
-4.30129,14.0733
-4.25598,14.2745
-4.36042,14.4343
-4.27801,14.6259
-4.20123,14.8004
-4.23506,14.9792
-4.14294,15.1465
-4.14356,15.3575
-4.08514,15.538
-4.09329,15.7269
-4.22616,15.8777
-4.20483,16.0737
-4.39306,16.1465
-4.40704,16.3535
-4.49672,16.5294
-4.49681,16.7206
-4.48125,16.9203
-4.51266,17.1143
-4.52902,17.3177
-4.59377,17.5192
-4.71845,17.67
-4.6973,17.8682
-4.59668,18.0566
-4.57116,18.2459
-4.45081,18.4209
-4.47672,18.6351
-4.4614,18.8328
-4.43673,19.0352
-4.35373,19.2252
-4.20273,19.3659
-4.21474,19.5649
-4.1926,19.7639
-4.31328,19.9258
-4.26486,20.1225
-4.32468,20.3221
-4.24609,20.5019
-4.147,20.6712
-4.24057,20.8691
-4.35096,21.0455
-4.40471,21.2341
-4.45812,21.4372
-4.45961,21.6374
-4.48526,21.8354
-4.67972,21.8317
-4.6755,22.0338
-4.7411,22.2211
-4.61325,22.3949
-4.68654,22.5905
-4.62122,22.7872
-4.65233,22.9878
-4.71185,23.1706
-4.61773,23.3526
-4.7307,23.5065
-4.64919,23.6973
-4.62114,23.8933
-4.61426,24.0796
-4.55567,24.2675
-4.40512,24.3933
-4.4276,24.6027
-4.33246,24.7744
-4.20422,24.944
-4.28568,25.1277
-4.12753,25.2672
-4.0803,25.4637
-4.18656,25.6455
-4.2032,25.8381
-4.09799,26.0199
-4.26759,26.1544
-4.28069,26.3632
-4.22871,26.5526
-4.26143,26.7489
-4.21552,26.9594
-4.29032,27.157
-4.31047,27.3573
-4.35747,27.5459
-4.39701,27.7668
-4.28024,27.9542
-4.10654,28.0597
-4.11048,28.2668
-4.27203,28.3945
-4.29859,28.6014
-4.45127,28.7191
-4.47181,28.9224
-4.56031,29.1112
-4.52458,29.3038
-4.51753,29.4981
-4.71933,29.514
-4.69444,29.7083
-4.59545,29.8981
-4.67089,30.0996
-4.7334,30.303
-4.83291,30.4804
-4.80573,30.6863
-4.77162,30.8928
-4.95152,31.0011
-4.84273,31.1793
-4.81821,31.4022
-4.84959,31.5918
4.97997,31.6957
4.98091,31.9008
-4.81995,31.9572
-4.91101,32.1442
-4.89805,32.3559
-4.96902,32.556
-4.93708,32.7665
4.97639,32.9404
-4.91109,33.1187
-4.80666,33.294
-4.94759,33.447
-4.99166,33.6401
4.98335,33.8473
-4.9773,34.0448
4.97609,34.239
-4.99646,34.4361
4.93864,34.6336
4.81621,34.8015
4.91601,34.9727
-4.9467,35.103
-4.87444,35.2998
-4.79201,35.478
-4.66875,35.6156
-4.75245,35.8094
-4.80363,36
-4.74342,36.1944
-4.68973,36.3871
-4.30343,0.186663
-4.11662,0.255623
-4.05293,0.457057
-4.11748,0.664506
-4.18444,0.849428
-4.17958,1.03731
-4.10729,1.21734
-4.12279,1.42173
-4.02834,1.61589
-3.97806,1.81405
-3.83833,1.98232
-3.68313,2.11655
-3.79641,2.28131
-3.99147,2.30572
-3.88906,2.47783
-3.96434,2.66201
-3.81522,2.80824
-3.91067,2.96027
-3.85475,3.18086
-3.90128,3.37006
-4.00249,3.54376
-4.07117,3.73634
-4.11325,3.93317
-4.11104,4.14783
-4.19977,4.35875
-4.25633,4.54943
-4.30829,4.76306
-4.28183,4.95135
-4.40676,5.14068
-4.38545,5.37015
-4.57789,5.45391
-4.6618,5.6514
-4.5241,5.79695
-4.63533,5.96031
-4.61008,6.15357
-4.44856,6.28456
-4.35076,6.48485
-4.23497,6.64136
-4.20463,6.84738
-4.12982,7.02954
-3.99361,7.15826
-3.831,7.26681
-3.68003,7.41013
-3.69424,7.60814
-3.63745,7.81035
-3.43698,7.82432
-3.46603,8.02554
-3.56455,8.18962
-3.72856,8.30343
-3.57627,8.41561
-3.74454,8.54952
-3.64793,8.72411
-3.78671,8.88299
-3.88261,9.07576
-3.91869,9.27164
-3.99445,9.47109
-3.94225,9.67287
-3.89595,9.87112
-4.03097,10.0343
-4.07626,10.2371
-4.10278,10.4337
-4.22566,10.5855
-4.11436,10.7454
-4.2823,10.8921
-4.37712,11.0791
-4.40522,11.2863
-4.33949,11.4887
-4.30839,11.6849
-4.3843,11.8639
-4.24047,12.0155
-4.13778,12.1774
-4.03839,12.3601
-4.0379,12.5665
-3.8414,12.5465
-3.73215,12.7148
-3.72725,12.9223
-3.56036,13.0349
-3.52244,13.234
-3.44583,13.4302
-3.45891,13.6197
-3.42485,13.8283
-3.3155,13.9954
-3.16759,14.1274
-3.16343,14.3286
-3.14181,14.5213
-3.03921,14.7058
-2.96533,14.8806
-2.92802,15.0672
-2.96215,15.2811
-2.9495,15.4769
-2.95497,15.6706
-2.96125,15.8673
-3.01335,16.0628
-2.92716,16.2566
-2.99074,16.4519
-2.89137,16.6386
-2.9387,16.8237
-3.00784,17.0353
-3.01014,17.2401
-3.02671,17.4487
-2.91191,17.6257
-3.00861,17.7926
-2.91932,17.9732
-3.039,18.1468
-3.06898,18.3288
-3.0668,18.5314
-3.22577,18.6664
-3.15781,18.8612
-3.17753,19.0738
-3.28829,19.2563
-3.16688,19.4313
-3.14591,19.6477
-3.08749,19.8435
-3.05845,20.0641
-3.03479,20.2685
-3.15991,20.4368
-3.16155,20.6599
-3.05414,20.8507
-3.17072,21.0307
-3.18832,21.2231
-3.05058,21.3751
-2.95303,21.5638
-3.12674,21.6703
-3.18693,21.8707
-3.07769,22.0484
-3.07643,22.2381
-3.00064,22.4285
-2.83837,22.5778
-2.93839,22.7546
-3.08543,22.8904
-3.16631,23.0874
-3.30172,23.2456
-3.35849,23.4374
-3.34234,23.6442
-3.26902,23.8509
-3.22883,24.0459
-3.20277,24.2502
-3.07253,24.3937
-3.10238,24.5882
-3.20048,24.7723
-3.1867,24.9788
-3.24386,25.1801
-3.22607,25.3962
-3.25525,25.5932
-3.3153,25.812
-3.26827,26.0155
-3.20564,26.196
-3.24041,26.4038
-3.22009,26.6003
-3.06971,26.7378
-2.97908,26.9155
-3.03978,27.0996
-3.00328,27.3062
-3.05535,27.4982
-2.99115,27.6909
-2.97053,27.8926
-2.9744,28.104
-2.89076,28.2943
-2.91004,28.4926
-2.97839,28.6957
-3.15318,28.7733
-3.25257,28.9585
-3.16793,29.1448
-3.15425,29.3481
-3.1076,29.5358
-3.17593,29.7194
-3.13548,29.9126
-3.14433,30.1116
-3.22961,30.309
-3.2673,30.4881
-3.18362,30.6797
-3.19908,30.8795
-3.12674,31.0659
-3.0243,31.2561
-2.94472,31.4402
-2.81952,31.6217
-2.93856,31.8037
-3.08425,31.9301
-3.08921,32.1306
-3.08581,32.341
-3.20162,32.511
-3.264,32.7269
-3.21648,32.9209
-3.2266,33.1299
-3.18312,33.3211
-3.09091,33.5077
-2.91627,33.6202
-3.00229,33.8187
-2.86402,33.9807
-3.07353,33.9989
-3.01529,34.1905
-3.12005,34.347
-3.07645,34.5383
-3.05885,34.7371
-2.97261,34.9112
-2.88346,35.1032
-2.92574,35.2848
-2.84752,35.4569
-2.85298,35.6773
-2.7794,35.868
-2.00664,0.330228
-1.98797,0.526195
-2.11879,0.672981
-2.20986,0.858143
-2.26094,1.06377
-2.13786,1.21676
-2.07351,1.4284
-2.02834,1.62551
-2.0882,1.81429
-2.13649,2.01648
-2.1427,2.22291
-2.11492,2.42079
-2.26509,2.56802
-2.15302,2.74693
-2.1006,2.94893
-2.30288,2.99435
-2.42982,3.14537
-2.34099,3.34591
-2.178,3.43492
-2.1285,3.63878
-2.11398,3.84799
-2.16985,4.05788
-2.09765,4.23831
-2.18114,4.42275
-2.23858,4.6083
-2.13836,4.80293
-2.21968,4.97732
-2.15249,5.16358
-2.11022,5.36609
-2.16557,5.56124
-2.1966,5.75862
-2.22892,5.96096
-2.31058,6.15206
-2.32126,6.35998
-2.21551,6.53196
-2.3415,6.70404
-2.16617,6.80314
-2.17791,7.00932
-2.24941,7.18883
-2.33152,7.36348
-2.20863,7.52969
-2.10329,7.70492
-1.99531,7.86877
-2.00006,8.07198
-1.90537,8.2449
-1.94629,8.45172
-1.90919,8.66739
-1.95679,8.87728
-2.12357,8.99582
-2.09075,9.19118
-2.06696,9.39285
-2.14547,9.58674
-2.05539,9.77405
-2.04021,9.96671
-1.88311,10.0975
-1.78837,10.2684
-1.88377,10.4445
-1.80431,10.6225
-1.88862,10.8103
-1.78063,10.9839
-1.77825,11.2042
-1.79092,11.4052
-1.8965,11.5873
-1.7713,11.7564
-1.78952,11.9694
-1.76723,12.167
-1.74087,12.3705
-1.74268,12.5706
-1.68988,12.7675
-1.58839,12.9386
-1.49325,13.114
-1.49863,13.3204
-1.55768,13.5216
-1.62864,13.7057
-1.52715,13.8933
-1.48146,14.0971
-1.46995,14.303
-1.49607,14.4991
-1.53022,14.6907
-1.61377,14.8791
-1.62381,15.0814
-1.68239,15.2869
-1.71783,15.4889
-1.71972,15.6913
-1.82951,15.8575
-1.83512,16.0599
-1.93453,16.2346
-1.95466,16.4307
-1.96552,16.6361
-1.99828,16.8238
-2.0389,17.0204
-2.04644,17.216
-2.17402,17.3792
-2.18077,17.5804
-2.06185,17.7443
-2.02289,17.9503
-2.05664,18.1465
-1.97992,18.3225
-1.97949,18.5161
-1.94418,18.7241
-1.99305,18.9256
-2.02503,19.1262
-2.12509,19.3093
-1.9842,19.4363
-2.04192,19.6382
-2.01496,19.8323
-2.10434,19.9947
-2.19641,20.1783
-2.0702,20.3384
-2.20251,20.5163
-2.15261,20.7088
-2.06135,20.9
-2.24162,21
-2.3233,21.1828
-2.29652,21.3752
-2.34684,21.5734
-2.35762,21.777
-2.44229,21.9644
-2.46281,22.1731
-2.30731,22.2837
-2.14958,22.4327
-2.2001,22.6203
-2.01597,22.74
-2.06017,22.9427
-1.98403,23.1239
-1.98377,23.3128
-1.92222,23.5016
-1.9871,23.6949
-2.00491,23.8845
-1.85541,24.02
-1.82249,24.2315
-1.93047,24.3948
-1.93971,24.6066
-2.13837,24.6936
-1.98282,24.7934
-2.08235,24.9699
-1.95441,25.1166
-2.0362,25.2939
-2.00253,25.4838
-1.96284,25.6722
-2.12811,25.7883
-2.22167,25.9749
-2.11366,26.1683
-1.98359,26.3237
-1.90253,26.4992
-1.96942,26.7028
-1.98006,26.9144
-1.96358,27.106
-1.82962,27.266
-1.84275,27.4584
-1.85716,27.6736
-1.82066,27.8679
-1.80059,28.069
-1.91816,28.2296
-2.04816,28.3957
-2.11654,28.5985
-2.0331,28.7998
-2.00933,28.9878
-2.1476,29.1253
-2.20185,29.3247
-2.22009,29.5273
-2.31983,29.7137
-2.27978,29.8967
-2.29624,30.0894
-2.19413,30.2694
-2.09532,30.4596
-2.14046,30.6482
-2.20585,30.8403
-2.23406,31.0444
-2.35943,31.218
-2.35171,31.4193
-2.28804,31.6214
-2.28674,31.8265
-2.38456,31.9911
-2.21165,32.1001
-2.2859,32.2849
-2.19898,32.4606
-2.0401,32.571
-2.17549,32.7319
-2.17832,32.9232
-2.15532,33.1186
-1.99939,33.2386
-1.8462,33.3705
-1.88782,33.5658
-2.05611,33.6826
-1.89684,33.8065
-2.06582,33.9016
-2.05721,34.0925
-2.14775,34.2748
-2.10537,34.4705
-2.1049,34.6839
-2.11647,34.8875
-2.24533,35.0659
-2.2437,35.2594
-2.07299,35.3435
-2.01861,35.5408
-2.01407,35.7404
-1.9551,35.9336
-1.83836,36.1054
-1.79639,36.3163
-0.638378,0.261258
-0.779137,0.408664
-0.705072,0.582501
-0.817122,0.745612
-0.867316,0.932911
-0.83202,1.14923
-0.723375,1.3276
-0.727666,1.52005
-0.848089,1.66502
-0.783299,1.86065
-0.793963,2.07276
-0.962514,2.19014
-0.831129,2.33994
-0.997695,2.45368
-0.974425,2.65548
-0.996491,2.86403
-1.1262,3.02179
-1.14428,3.22183
-1.10854,3.43153
-1.14057,3.63139
-1.19281,3.83099
-1.26569,4.01697
-1.32126,4.2217
-1.28484,4.41831
-1.22883,4.62757
-1.22253,4.82921
-1.07895,4.97423
-1.01024,5.17731
-1.15837,5.33065
-1.14234,5.53522
-1.1009,5.74154
-1.26578,5.86367
-1.26439,6.067
-1.1889,6.25836
-1.03022,6.37307
-1.06387,6.57535
-1.03298,6.77582
-1.18786,6.9339
-1.15602,7.12661
-1.28794,7.26799
-1.26509,7.46431
-1.29547,7.67547
-1.17256,7.83727
-1.06537,8.01174
-1.02098,8.19207
-1.04842,8.38463
-1.15875,8.55421
-1.18189,8.77477
-1.10945,8.95395
-1.1765,9.13041
-1.07233,9.30592
-1.03078,9.50032
-1.00017,9.70502
-0.892716,9.88886
-0.912626,10.0891
-1.02349,10.2447
-0.904423,10.4092
-0.867028,10.5959
-0.830771,10.7967
-0.951652,10.953
-1.09772,11.0931
-1.00816,11.287
-1.08969,11.4785
-1.2055,11.6481
-1.09459,11.8156
-1.0576,12.0107
-1.11637,12.2204
-0.939534,12.3392
-1.07226,12.4987
-1.00375,12.6794
-1.01857,12.8966
-1.10872,13.0749
-0.983008,13.2695
-1.16516,13.358
-1.09279,13.5683
-1.07365,13.7827
-1.24235,13.9136
-1.13335,14.0761
-1.29153,14.1931
-1.27448,14.4074
-1.22854,14.6203
-1.08692,14.7726
-1.17159,14.9678
-1.00791,15.1266
-0.978648,15.3384
-0.945899,15.5487
-0.994673,15.7472
-0.986698,15.9456
-0.907799,16.1441
-0.98433,16.3222
-0.963525,16.519
-0.877735,16.707
-1.03534,16.8206
-0.986494,17.0074
-0.933771,17.2085
-0.882258,17.4023
-1.02048,17.5759
-1.14693,17.7347
-1.13066,17.9366
-1.04634,18.1335
-1.0245,18.3262
-0.975282,18.5148
-1.05372,18.6988
-1.0701,18.9008
-1.12374,19.0888
-1.04377,19.2756
-1.16501,19.4291
-1.12431,19.6234
-1.03169,19.7993
-1.12117,19.98
-1.18635,20.1736
-1.10488,20.3495
-0.986207,20.5138
-0.967246,20.7118
-1.08325,20.8806
-1.23722,21.0235
-1.07796,21.1389
-1.07099,21.356
-1.01674,21.5481
-0.902608,21.7073
-0.843077,21.8869
-0.928432,22.0731
-0.904516,22.2688
-0.946467,22.4643
-0.856849,22.6245
-0.928261,22.8088
-0.806417,22.96
-0.816105,23.1592
-0.891805,23.3431
-0.88613,23.5535
-1.01332,23.7122
-1.04166,23.9142
-1.02509,24.1194
-1.03105,24.3254
-0.906889,24.4873
-0.84833,24.6828
-0.772817,24.8679
-0.722962,25.0593
-0.817738,25.245
-0.728567,25.4195
-0.581135,25.576
-0.420193,25.6911
-0.500654,25.8578
-0.498907,26.0519
-0.461434,26.2538
-0.417036,26.4545
-0.453827,26.6663
-0.557293,26.8312
-0.657218,27.0161
-0.721708,27.219
-0.787991,27.4033
-0.840394,27.5803
-0.894042,27.795
-0.833545,27.9951
-0.864617,28.1878
-0.757619,28.3717
-0.742282,28.5888
-0.818842,28.7944
-0.811358,28.9797
-0.950133,29.1199
-0.925096,29.3144
-0.823264,29.4898
-0.907371,29.6704
-0.920161,29.8751
-0.865695,30.0754
-0.778244,30.2572
-0.887004,30.417
-0.867552,30.607
-0.757163,30.7748
-0.701027,30.9623
-0.60631,31.1331
-0.718518,31.3094
-0.868941,31.452
-0.71463,31.6025
-0.900986,31.6788
-0.986854,31.8464
-0.924378,32.0429
-0.950768,32.2434
-0.954235,32.4355
-1.02162,32.6317
-0.9806,32.8283
-1.09984,33.0012
-1.0005,33.1946
-0.93938,33.3991
-0.909775,33.6041
-0.836301,33.8036
-0.741131,33.9903
-0.676329,34.1855
-0.672154,34.3915
-0.596664,34.5738
-0.542979,34.7779
-0.480691,34.9643
-0.625576,35.0892
-0.560834,35.2684
-0.473802,35.4621
-0.618117,35.5923
-0.598327,35.8073
-0.679894,36.0026
-0.618922,36.1902
-0.514284,36.3674
0.718012,0.47997
0.67176,0.67515
0.778934,0.855613
0.778953,1.04748
0.655559,1.21309
0.646238,1.4307
0.651188,1.64211
0.622725,1.85323
0.517158,2.0338
0.551416,2.22813
0.54596,2.44388
0.713419,2.57053
0.77049,2.76447
0.756172,2.9722
0.735361,3.1822
0.741853,3.38424
0.838468,3.56957
0.677222,3.70163
0.6611,3.9011
0.629122,4.08234
0.708244,4.27657
0.783914,4.46631
0.777912,4.66497
0.655794,4.83818
0.726632,5.03107
0.755847,5.21739
0.643536,5.38393
0.725957,5.5699
0.771138,5.79409
0.680714,5.98792
0.803151,6.14364
0.775878,6.33481
0.677984,6.50794
0.775638,6.69353
0.877415,6.87302
0.768909,7.06281
0.957511,7.11254
0.882056,7.27778
0.779815,7.45448
0.885117,7.62265
0.967603,7.80414
1.12083,7.94159
1.13244,8.14587
0.96456,8.23215
0.966645,8.43415
0.979402,8.65779
0.947213,8.8518
0.792762,8.98907
0.737519,9.19917
0.672521,9.38288
0.788683,9.54646
0.752845,9.75906
0.743788,9.96938
0.746751,10.1653
0.707942,10.379
0.738667,10.5897
0.702807,10.7945
0.682786,10.9928
0.48525,10.9997
0.597698,11.1803
0.659704,11.3866
0.691304,11.5833
0.688696,11.7975
0.87193,11.8827
0.931246,12.0717
1.0557,12.23
1.18543,12.4076
1.10049,12.6127
1.14074,12.8228
1.139,13.0254
1.16406,13.2144
1.1889,13.416
1.06449,13.5994
0.944161,13.7603
0.921109,13.9753
0.882214,14.1604
0.852964,14.3617
0.827998,14.5745
0.795567,14.7754
0.789916,14.9799
0.801919,15.1902
0.892462,15.367
0.844364,15.5625
0.864531,15.7494
0.945536,15.9255
0.9237,16.1352
0.90503,16.3344
0.872348,16.5387
0.868681,16.7413
0.966709,16.9337
1.01155,17.1459
1.02682,17.3438
0.977835,17.5506
0.817811,17.6875
0.952898,17.8169
0.811586,17.9534
0.930669,18.1248
0.85183,18.3137
0.875446,18.5136
0.860163,18.7094
0.844625,18.915
0.993422,19.0518
1.0151,19.2457
0.971436,19.441
1.05339,19.6233
0.981987,19.8437
0.9579,20.0399
1.07586,20.2057
1.0949,20.4021
1.04608,20.5985
0.954252,20.7628
0.859272,20.9189
0.782184,21.1076
0.761347,21.3383
0.802504,21.5336
0.700054,21.697
0.70125,21.9044
0.807861,22.0666
0.852437,22.2637
0.739586,22.4213
0.886386,22.5573
0.921599,22.7569
0.886042,22.9532
0.82404,23.1684
0.790636,23.3741
0.765191,23.5705
0.73282,23.7649
0.742245,23.9618
0.669689,24.1613
0.735788,24.3553
0.856227,24.5008
0.73336,24.6671
0.813021,24.8554
0.8525,25.0626
0.858601,25.2645
0.884181,25.4812
0.955151,25.6906
1.10238,25.8349
1.20127,26.0087
1.24691,26.2067
1.1383,26.38
1.18436,26.5838
1.13179,26.7638
1.0652,26.9538
0.983599,27.1453
0.996811,27.3539
0.900094,27.5398
0.763225,27.7028
0.729077,27.8995
0.528575,27.9057
0.573809,28.0856
0.705387,28.257
0.738006,28.449
0.746595,28.648
0.778989,28.8493
0.783145,29.0585
0.615779,29.1843
0.640087,29.3865
0.743073,29.5632
0.747927,29.781
0.619754,29.9432
0.702439,30.128
0.640586,30.311
0.606536,30.5253
0.621008,30.7371
0.632291,30.9265
0.646135,31.1274
0.723904,31.3227
0.636303,31.5122
0.674162,31.7128
0.692559,31.9204
0.564742,32.0897
0.563909,32.2936
0.603435,32.4973
0.601337,32.6939
0.650832,32.8994
0.664265,33.0977
0.709949,33.3006
0.561437,33.4539
0.488327,33.6433
0.568278,33.8326
0.611147,34.0219
0.500959,34.1876
0.520814,34.3877
0.621394,34.5663
0.778229,34.6883
0.678219,34.8716
0.737239,35.071
0.702144,35.2769
0.797927,35.4537
0.76439,35.6555
0.939824,35.7672
0.926197,35.9554
0.731293,36.027
0.690616,36.2321
0.812282,36.3979
0.78613,36.6135
0.737508,36.8182
0.709569,37.0182
0.614525,37.1947
1.59161,0.228166
1.70898,0.40565
1.86419,0.543561
1.84378,0.752134
1.75918,0.931951
1.84001,1.10282
1.75215,1.28155
1.69962,1.48043
1.70012,1.68313
1.72589,1.87275
1.89865,1.9772
1.80272,2.17629
1.81661,2.38991
1.73219,2.5811
1.84385,2.74865
1.71883,2.90901
1.81574,3.08207
1.77164,3.27748
1.77515,3.4945
1.72458,3.68404
1.72231,3.88615
1.754,4.08907
1.76626,4.30757
1.87169,4.47362
1.92529,4.66817
1.9381,4.86677
1.92879,5.06913
1.90831,5.28203
1.99934,5.45519
1.97773,5.65109
1.89334,5.83533
1.89205,6.03489
1.80676,6.22585
1.78088,6.43027
1.74532,6.62854
1.84339,6.81072
1.69478,6.93542
1.67445,7.13205
1.78676,7.3162
1.8766,7.49452
1.81275,7.68694
1.96946,7.81025
1.83781,7.96426
1.85294,8.15123
2.02712,8.27919
2.07224,8.48148
1.88094,8.56307
1.70645,8.69505
1.68758,8.90589
1.80611,9.07644
1.86147,9.28784
1.77797,9.46828
1.79678,9.66378
1.73693,9.85403
1.70536,10.0662
1.76921,10.2749
1.83527,10.4693
1.7873,10.6692
1.90586,10.8375
1.95649,11.0256
1.94235,11.238
1.9728,11.4441
2.0589,11.6255
1.93906,11.7809
1.99076,11.9947
1.86369,12.1612
1.85572,12.3842
1.96629,12.5365
1.8359,12.6939
1.78647,12.9046
1.96687,12.952
1.90929,13.1484
1.91249,13.3482
1.82545,13.5356
1.76651,13.7479
1.8073,13.9645
1.82513,14.1827
1.86516,14.3784
1.79913,14.5721
1.72983,14.7575
1.68068,14.9552
1.54719,15.1034
1.59186,15.3121
1.71544,15.4763
1.67388,15.683
1.64328,15.8741
1.69858,16.0683
1.7642,16.2532
1.7849,16.4446
1.96311,16.5413
2.01039,16.7374
2.09733,16.9318
2.04477,17.1213
1.96688,17.316
1.9929,17.5209
1.95061,17.7134
1.97206,17.9045
2.06559,18.1018
1.97832,18.2802
1.81826,18.3943
1.68572,18.5457
1.65966,18.7545
1.66776,18.9562
1.59565,19.1419
1.778,19.2295
1.93644,19.3551
1.81537,19.5183
1.76752,19.704
1.77578,19.9099
1.88852,20.0899
1.75619,20.2366
1.7911,20.434
1.88662,20.6207
1.75905,20.777
1.8867,20.9348
1.88192,21.1406
1.81507,21.3414
1.87668,21.5162
2.09956,21.4849
2.02384,21.6725
1.88062,21.8121
1.73476,21.9891
1.74283,22.1991
1.76138,22.4165
1.77306,22.6305
1.82978,22.8208
1.96503,22.9858
1.96108,23.1874
1.80111,23.3267
1.79728,23.5532
1.864,23.7314
1.67789,23.8312
1.73953,24.015
1.59968,24.1563
1.57578,24.3479
1.56461,24.5525
1.75826,24.5852
1.89071,24.754
1.86383,24.9496
1.786,25.1321
1.83278,25.3267
1.73836,25.5117
1.7472,25.7095
1.78476,25.9211
1.77634,26.1224
1.67225,26.297
1.69184,26.508
1.73503,26.7092
1.82782,26.8838
1.77727,27.089
1.7504,27.2885
1.57393,27.4033
1.58691,27.6046
1.50023,27.7935
1.36513,27.9406
1.39653,28.1376
1.5952,28.1836
1.65476,28.3866
1.72147,28.5693
1.76698,28.7762
1.83011,28.9634
1.80236,29.1597
1.96357,29.2851
1.96799,29.4877
1.8932,29.6916
2.03871,29.8583
2.08036,30.0637
2.03067,30.258
2.0761,30.4708
2.15113,30.6597
2.17294,30.8511
2.21422,31.0543
2.15597,31.2496
2.24132,31.4347
2.06797,31.5199
1.98695,31.7007
2.06063,31.8788
2.17604,32.0419
2.15747,32.2323
2.08544,32.4052
2.04749,32.6076
1.98924,32.8006
1.84437,32.9355
1.77438,33.1276
1.85772,33.3079
1.81753,33.5143
1.80103,33.7231
1.67536,33.8841
1.78216,34.0518
1.91103,34.2158
1.87314,34.4128
1.96879,34.589
1.82448,34.7425
1.71581,34.9207
1.799,35.122
1.79174,35.3347
1.9448,35.4703
2.00656,35.6562
1.99224,35.8821
2.06825,36.0638
2.92004,0.321766
2.78719,0.467252
2.66669,0.643728
2.76019,0.829372
2.80115,1.02496
2.67758,1.22433
2.77384,1.3877
2.80117,1.57232
2.84002,1.78073
2.88521,1.98459
2.91933,2.1947
2.91232,2.39365
2.878,2.59437
2.76415,2.75895
2.86481,2.93937
2.71081,3.04712
2.74031,3.25453
2.68946,3.44595
2.67384,3.65578
2.50199,3.77396
2.40842,3.94761
2.58277,4.06344
2.4947,4.23684
2.52573,4.43543
2.6088,4.62377
2.57664,4.82421
2.58501,5.01356
2.56912,5.22214
2.53685,5.42823
2.56715,5.64209
2.60117,5.84296
2.61854,6.04589
2.74309,6.18838
2.64721,6.37014
2.57606,6.57216
2.66038,6.76192
2.6548,6.96223
2.74667,7.13715
2.69502,7.34427
2.77901,7.53985
2.71087,7.73497
2.8724,7.85862
2.7315,7.98147
2.80164,8.19212
2.68861,8.3653
2.75341,8.54242
2.61719,8.711
2.6258,8.91909
2.44023,9.01654
2.48619,9.22898
2.35482,9.39498
2.24098,9.57299
2.25564,9.78149
2.20321,9.97214
2.16262,10.1878
2.2178,10.3817
2.32971,10.5548
2.3128,10.7559
2.26566,10.9514
2.30732,11.1458
2.18258,11.3063
2.24702,11.4869
2.29868,11.6724
2.20749,11.857
2.37232,11.984
2.36132,12.2025
2.40733,12.4126
2.45118,12.6072
2.3335,12.7814
2.23007,12.9552
2.3487,13.1276
2.37256,13.3419
2.41053,13.543
2.49848,13.7263
2.46748,13.9139
2.39153,14.0945
2.45142,14.2852
2.50597,14.4679
2.5075,14.6637
2.66272,14.8079
2.52786,14.9765
2.49599,15.1806
2.53169,15.3861
2.60162,15.5793
2.41395,15.6349
2.37259,15.8265
2.25355,15.9761
2.23323,16.1916
2.39904,16.3088
2.55029,16.4367
2.59054,16.6387
2.497,16.8224
2.57166,16.9968
2.68105,17.162
2.63772,17.3713
2.56951,17.5541
2.4771,17.7203
2.4306,17.9239
2.6484,17.9621
2.52815,18.1417
2.51804,18.3449
2.44956,18.5429
2.34119,18.7158
2.32841,18.9106
2.54949,18.9193
2.68409,19.0807
2.59401,19.2706
2.65339,19.4701
2.54455,19.6335
2.57086,19.8446
2.57265,20.0524
2.70786,20.2102
2.64469,20.3987
2.76173,20.5663
2.6326,20.6986
2.75711,20.8623
2.62706,21.0388
2.75464,21.2064
2.72826,21.4228
2.5575,21.5354
2.60723,21.7412
2.57494,21.9405
2.61453,22.1384
2.52559,22.3078
2.62591,22.4761
2.72075,22.6648
2.61992,22.8396
2.66351,23.039
2.6009,23.2305
2.55564,23.43
2.54006,23.6359
2.39322,23.7823
2.44798,23.9892
2.46244,24.1961
2.38463,24.4001
2.3475,24.6091
2.51221,24.7332
2.55438,24.9536
2.44736,25.1211
2.48414,25.3135
2.57862,25.4934
2.459,25.6779
2.51557,25.8741
2.45339,26.0573
2.26323,26.1165
2.28122,26.3188
2.29532,26.5262
2.42689,26.6789
2.44465,26.8771
2.51862,27.0647
2.68562,27.1709
2.74217,27.3514
2.80825,27.5493
2.82695,27.7617
2.68686,27.9124
2.75124,28.1229
2.80206,28.316
2.82678,28.5196
2.67841,28.6636
2.66567,28.8543
2.5365,29.0312
2.48677,29.2328
2.53762,29.4259
2.6245,29.6098
2.44787,29.7197
2.50232,29.9115
2.47931,30.121
2.48737,30.3265
2.39391,30.4976
2.3575,30.7095
2.41574,30.9003
2.43978,31.0976
2.59988,31.2315
2.55723,31.4137
2.63311,31.6082
2.79858,31.7271
2.74059,31.9117
2.73116,32.1235
2.89498,32.2579
2.77868,32.4315
2.61445,32.552
2.55494,32.743
2.58655,32.9349
2.49963,33.1345
2.68566,33.2034
2.65173,33.3815
2.82933,33.4461
2.73163,33.6304
2.81124,33.8161
2.80523,34.0102
2.83254,34.2179
2.76255,34.417
2.91833,34.5531
2.88769,34.7418
2.87249,34.9322
2.90375,35.1201
2.96578,35.3108
2.98097,35.5246
2.86266,35.6866
2.71404,35.8314
3.47646,0.458858
3.48397,0.67646
3.33242,0.829064
3.46389,0.996373
3.5447,1.16689
3.6856,1.33518
3.75559,1.52613
3.68784,1.71084
3.6516,1.9242
3.53326,2.10508
3.57918,2.28701
3.65632,2.47466
3.62997,2.66112
3.58723,2.87034
3.61071,3.07043
3.5773,3.27086
3.51464,3.45553
3.49523,3.64489
3.58272,3.83128
3.72167,3.95904
3.68723,4.15329
3.63818,4.34354
3.58849,4.54215
3.47421,4.72049
3.50817,4.90961
3.50388,5.11491
3.57355,5.30287
3.60183,5.50786
3.66349,5.70473
3.74942,5.88233
3.63883,6.05423
3.63675,6.24546
3.65257,6.44389
3.53052,6.60315
3.48585,6.80623
3.31684,6.9136
3.3429,7.10763
3.40733,7.28775
3.53573,7.43927
3.73014,7.5324
3.75116,7.73058
3.60619,7.87928
3.53321,8.08458
3.48025,8.26504
3.43545,8.46768
3.45122,8.67427
3.38769,8.86228
3.2814,9.05554
3.19798,9.23214
3.19085,9.44282
3.27357,9.62143
3.26606,9.82071
3.43277,9.94647
3.46505,10.1432
3.39541,10.3409
3.3081,10.5256
3.26316,10.7189
3.42338,10.8418
3.53039,11.0114
3.57465,11.2163
3.48413,11.4032
3.56485,11.5718
3.59818,11.7674
3.62461,11.9689
3.57512,12.1716
3.48555,12.3533
3.34889,12.4913
3.35257,12.7131
3.37719,12.9125
3.43437,13.0999
3.45266,13.2911
3.53975,13.4855
3.53921,13.7032
3.55675,13.8965
3.68382,14.0438
3.58646,14.2212
3.53987,14.4285
3.38443,14.5544
3.20701,14.6617
3.32755,14.8278
3.26727,15.0198
3.35995,15.1963
3.50226,15.3473
3.5903,15.5316
3.63284,15.7333
3.60412,15.9353
3.74796,16.0857
3.62879,16.2515
3.53624,16.4206
3.54434,16.6481
3.57167,16.8505
3.54413,17.0411
3.56541,17.2341
3.59846,17.4329
3.51815,17.622
3.32878,17.6882
3.32139,17.8917
3.33273,18.0851
3.30598,18.2817
3.30815,18.4892
3.23158,18.665
3.29977,18.8837
3.29114,19.0789
3.28884,19.2767
3.3472,19.4719
3.47263,19.6323
3.36065,19.7922
3.39327,19.9817
3.35715,20.1786
3.34338,20.3824
3.42734,20.5781
3.45061,20.7738
3.54637,20.9604
3.51633,21.1683
3.51893,21.3734
3.56548,21.5748
3.64127,21.7695
3.74707,21.9468
3.75697,22.155
3.81774,22.3345
3.66674,22.4546
3.62685,22.6444
3.64085,22.8435
3.80568,22.9614
3.65746,23.1182
3.47089,23.2152
3.38157,23.417
3.37562,23.6216
3.37052,23.8341
3.31277,24.0257
3.26066,24.2223
3.4033,24.3579
3.43012,24.5768
3.52256,24.7701
3.52198,24.9829
3.39358,25.151
3.2945,25.332
3.41874,25.4954
3.40555,25.71
3.36004,25.906
3.3123,26.1035
3.22904,26.2788
3.19105,26.4882
3.28396,26.66
3.18075,26.8261
3.25993,27.0091
3.12554,27.1427
3.30007,27.2309
3.28725,27.4239
3.45649,27.5167
3.35571,27.6942
3.41052,27.9132
3.48935,28.1014
3.58334,28.2826
3.5416,28.463
3.54195,28.6589
3.4345,28.8257
3.55379,28.9753
3.39777,29.0935
3.48378,29.2772
3.40573,29.4738
3.36097,29.6784
3.29899,29.8589
3.30419,30.0544
3.33991,30.2673
3.48915,30.3995
3.56994,30.5844
3.44014,30.7421
3.40371,30.9319
3.34016,31.1215
3.34248,31.3193
3.31408,31.5238
3.30927,31.7269
3.40648,31.9021
3.22103,31.986
3.28094,32.1865
3.24494,32.394
3.26651,32.6081
3.32559,32.8055
3.3314,33.009
3.4633,33.1637
3.45539,33.3584
3.32465,33.5413
3.36741,33.7443
3.48634,33.9166
3.36915,34.1002
3.47343,34.2797
3.3679,34.4445
3.43934,34.6345
3.43285,34.8341
3.51807,35.0168
3.45401,35.2008
3.3424,35.3765
3.37654,35.5732
3.39801,35.7745
3.18932,35.7534
3.08577,35.9429
3.03162,36.1552
3.1081,36.3556
3.08032,36.5506
