-0.307978,0.343499
-0.343862,0.5441
-0.271814,0.73778
-0.34201,0.92476
-0.346216,1.11739
-0.228842,1.29494
-0.204622,1.49764
-0.185566,1.71064
-0.260572,1.89601
-0.227539,2.10186
-0.257711,2.2864
-0.35977,2.44936
-0.408433,2.64637
-0.367255,2.83854
-0.421407,3.02497
-0.334185,3.20149
-0.253871,3.38951
-0.266642,3.59435
-0.341066,3.76706
-0.299046,3.96063
-0.108981,4.03374
0.0207739,4.20011
-0.172315,4.27458
-0.262089,4.45695
-0.0671093,4.48429
-0.0357163,4.6774
0.0066922,4.89879
-0.0203965,5.11568
-0.0223668,5.32233
0.0693583,5.50517
0.172154,5.67608
-0.0019939,5.77458
-0.104658,5.95084
0.0277598,6.10225
-0.0349011,6.28196
-0.0660403,6.48381
-0.0240192,6.69173
0.0668884,6.88529
0.100592,7.08114
0.0968178,7.29119
0.0113539,7.47572
-0.0346187,7.67069
0.0172304,7.86398
0.131049,8.05023
0.22678,8.23393
0.173134,8.41482
0.0393129,8.57359
0.102108,8.75947
0.077901,8.96018
0.135745,9.162
0.12669,9.36359
0.0387937,9.53732
0.112477,9.72306
0.119177,9.94746
0.226667,10.1031
0.323792,10.2762
0.432063,10.4574
0.344121,10.6614
0.487384,10.8146
0.6528,10.9201
0.604109,11.1287
0.695255,11.3148
0.795039,11.4866
0.747355,11.6811
0.610463,11.8322
0.789419,11.9468
0.813518,12.1592
0.87116,12.3517
0.814235,12.5554
0.63344,12.6512
0.725681,12.8296
0.678703,13.0266
0.805847,13.1892
0.857719,13.4002
0.724455,13.5663
0.742502,13.7683
0.681131,13.9506
0.702614,14.1465
0.577113,14.3242
0.600803,14.5172
0.701471,14.7112
0.824374,14.8915
0.810423,15.0904
0.651371,15.2296
0.605311,15.4329
0.657207,15.6179
0.645811,15.8064
0.565525,15.9953
0.763493,16.0773
0.755535,16.2829
0.695563,16.4743
0.699547,16.6724
0.587813,16.8432
0.586558,17.054
0.6446,17.2478
0.70825,17.4361
0.720939,17.6504
0.63912,17.8391
0.571094,18.0288
0.508939,18.2328
0.438271,18.4063
0.526723,18.5797
0.47549,18.7866
0.46329,18.9923
0.454406,19.1968
0.545544,19.3759
0.452747,19.5432
0.484766,19.7596
0.483192,19.972
0.612255,20.1136
0.526105,20.2882
0.478539,20.4922
0.42051,20.6887
0.341571,20.8785
0.156107,20.9504
0.179668,21.1548
0.208961,21.3476
0.213907,21.5543
0.0847485,21.6884
-0.052557,21.8478
-0.0485171,22.0479
-0.0712072,22.2455
-0.0226069,22.4479
-0.0505173,22.6505
-0.0327455,22.8433
-0.000127201,23.0387
-0.0387507,23.2301
-0.193485,23.3811
-0.287326,23.5588
-0.339406,23.7536
-0.305235,23.954
-0.281969,24.167
-0.383692,24.3537
-0.261447,24.5376
-0.0584196,24.5568
-0.0326723,24.7411
0.00511068,24.9323
0.14939,25.0673
0.0852339,25.2493
-0.078707,25.3366
-0.117556,25.53
-0.0490805,25.71
0.0866197,25.8372
0.0584672,26.0318
0.115463,26.2187
0.117496,26.4146
0.218978,26.6016
0.155611,26.7999
0.0778185,26.9982
0.156783,27.1822
0.0379275,27.356
0.0210631,27.5539
-0.0878882,27.7217
-0.143171,27.911
-0.112021,28.1106
-0.10906,28.3106
-0.0877387,28.5334
-0.0865751,28.7346
-0.288279,28.7558
-0.263724,28.9391
-0.359329,29.1091
-0.34331,29.3024
-0.306411,29.4913
-0.292217,29.6891
-0.150161,29.8415
-0.113062,30.0555
-0.166299,30.2612
-0.0833256,30.4502
0.0272158,30.6311
0.126559,30.8101
0.0409358,30.9973
0.160267,31.1689
0.0549134,31.3382
0.0656237,31.5412
0.0121092,31.7341
0.0602503,31.94
0.0516944,32.1601
0.0587468,32.3677
-0.00670845,32.5548
-0.130408,32.7193
-0.148898,32.9325
-0.137819,33.1281
-0.300896,33.2511
-0.312734,33.4577
-0.292819,33.6711
-0.106372,33.757
-0.244469,33.9097
-0.312075,34.0897
-0.219478,34.2692
-0.159399,34.468
-0.199543,34.6703
-0.364122,34.805
-0.550735,34.8745
-0.505856,35.075
-0.551603,35.2685
-0.513292,35.4742
-0.349535,35.6153
-0.381369,35.8137
-0.258213,35.9783
-0.0921007,36.0859
0.654401,0.391476
0.797013,0.535864
0.972572,0.630607
0.970038,0.826961
0.990643,1.02763
1.02324,1.24602
1.03475,1.43316
1.06649,1.63732
0.960094,1.79191
0.853687,1.95996
0.780251,2.14262
0.800095,2.34545
0.640005,2.46372
0.595137,2.68935
0.609426,2.8977
0.716105,3.07876
0.592897,3.23692
0.741898,3.37217
0.813652,3.5666
0.789688,3.78145
0.677461,3.9466
0.772008,4.11009
0.842233,4.30489
1.02407,4.41379
1.12938,4.59616
1.09951,4.8066
0.993025,4.99752
0.884474,5.1864
0.855857,5.38685
0.715848,5.51735
0.768489,5.71752
0.778844,5.92237
0.782567,6.1334
0.849739,6.31317
0.804951,6.5167
0.986238,6.61383
0.988348,6.83544
0.853636,7.0162
0.816164,7.21946
0.945002,7.35148
0.759509,7.42824
0.913005,7.54279
0.967748,7.73346
0.930712,7.93132
1.06691,8.08879
1.14974,8.26192
1.08046,8.43703
1.18853,8.61017
1.21076,8.81226
1.22434,9.00688
1.13122,9.18121
1.21862,9.37506
1.08997,9.5409
1.0206,9.72023
0.987453,9.92588
1.02014,10.1111
1.06609,10.2984
1.09643,10.5071
1.25399,10.6227
1.11687,10.7616
1.22192,10.9307
1.13232,11.121
1.08881,11.313
1.15061,11.5077
1.03884,11.6596
1.17049,11.8364
1.28918,11.9866
1.12317,12.0984
1.15162,12.2971
1.13764,12.4882
1.12164,12.6813
1.24061,12.8461
1.1767,13.0346
1.06446,13.2113
1.05988,13.4265
1.10042,13.6275
1.21772,13.7984
1.22686,13.9927
1.16145,14.1961
1.08096,14.3861
1.05473,14.6109
1.01572,14.8011
1.10782,14.9783
1.17513,15.1604
1.16216,15.3581
1.26574,15.5306
1.38947,15.7081
1.35568,15.9144
1.42061,16.1008
1.33702,16.2801
1.3307,16.4905
1.31268,16.6864
1.38551,16.867
1.48869,17.0329
1.46563,17.2244
1.40826,17.4142
1.31843,17.5893
1.19039,17.7502
1.2787,17.9493
1.06958,18.0064
1.2076,18.1564
1.07007,18.2969
1.22552,18.4465
1.17261,18.6501
1.09614,18.8322
1.007,19.0097
1.16637,19.1345
1.12657,19.3335
1.1821,19.5286
1.04884,19.6875
0.943938,19.8589
0.979648,20.0628
1.12266,20.2083
1.17596,20.4128
1.05665,20.5813
1.13451,20.7664
1.18537,20.9763
1.13423,21.179
1.18349,21.3832
1.30245,21.5462
1.37428,21.7275
1.44399,21.9164
1.49457,22.0921
1.31588,22.1719
1.24044,22.3486
1.26413,22.5578
1.24077,22.7551
1.22796,22.9399
1.20281,23.1612
1.19504,23.3706
1.04366,23.5175
0.846502,23.5666
0.877246,23.7609
0.744781,23.9203
0.81146,24.1306
0.796802,24.3459
0.933358,24.5
1.11253,24.6047
1.15185,24.7953
1.09743,24.9849
1.08459,25.1846
1.10904,25.4007
1.07514,25.6113
1.07714,25.8229
1.03473,26.0147
1.00173,26.2177
1.12907,26.3888
1.1347,26.5842
1.14692,26.7985
1.1249,27.0006
0.959803,27.1345
0.944173,27.34
0.900207,27.5372
0.835863,27.7387
0.860757,27.9302
0.800979,28.1186
0.936775,28.26
0.822278,28.4304
0.933372,28.6096
0.909978,28.8059
0.975805,28.9915
0.972313,29.1915
0.901373,29.3976
0.866755,29.5992
0.865768,29.8037
0.919454,29.9937
0.841704,30.1897
0.786906,30.3771
0.885388,30.5342
1.01286,30.7053
0.947986,30.9042
0.897397,31.101
0.809704,31.279
0.689446,31.4396
0.791084,31.596
0.880007,31.7814
0.946335,31.9879
0.880963,32.1916
0.85396,32.3998
0.834774,32.5944
0.996483,32.7168
0.923186,32.8898
0.764004,33.0208
0.894084,33.1804
0.977022,33.3536
0.967771,33.5519
0.942028,33.7572
0.994131,33.9486
0.906252,34.1256
0.827946,34.3163
0.998418,34.4387
1.04054,34.6437
1.04289,34.8442
1.07955,35.0336
1.01235,35.2237
1.07775,35.3923
0.952199,35.5248
1.06914,35.7011
1.00234,35.8925
0.812835,35.9597
1.95013,0.301118
1.92598,0.499894
1.94109,0.700344
1.86082,0.896616
1.99322,1.05433
1.89443,1.21235
1.77735,1.38838
1.84216,1.57673
1.94549,1.75243
2.08487,1.89275
2.01723,2.08671
2.0198,2.29558
2.16362,2.43692
2.14556,2.62693
2.0529,2.80393
2.14265,2.99885
1.96928,3.08809
1.97118,3.28768
2.04032,3.47787
1.99413,3.66757
1.90475,3.84768
1.92311,4.05354
1.80498,4.22137
1.88108,4.40066
1.95133,4.59398
1.93802,4.78467
2.12725,4.86491
2.32304,4.89124
2.33343,5.10652
2.21885,5.2694
2.27448,5.46394
2.3651,5.64581
2.23502,5.79952
2.03807,5.88832
1.9165,6.0487
1.98012,6.24693
1.80583,6.34317
1.8073,6.55136
1.95986,6.67403
2.01524,6.88553
2.00461,7.07857
2.07052,7.26888
2.0015,7.45396
2.16609,7.56227
2.10923,7.74608
2.06925,7.93295
1.98176,8.1141
1.87971,8.29971
2.07841,8.34388
1.99491,8.51723
1.97833,8.70978
2.05245,8.89806
1.86883,8.96819
1.87304,9.1676
1.96252,9.34609
2.16689,9.33479
2.08211,9.50984
2.1065,9.71147
1.91283,9.71753
1.94895,9.9381
1.92972,10.144
1.84746,10.3334
1.71418,10.4918
1.78835,10.6867
1.76761,10.8808
1.61239,11.0149
1.74124,11.1685
1.82675,11.3691
1.78859,11.5691
1.88077,11.7427
2.06594,11.8055
2.16512,11.9926
2.14748,12.1958
2.022,12.3515
2.04169,12.5561
1.99184,12.7452
2.17958,12.786
2.18152,12.9765
2.10597,13.1737
2.0114,13.3432
2.18302,13.4849
2.18941,13.6984
2.16295,13.9108
2.16017,14.1108
2.08011,14.2995
2.16592,14.4878
2.15344,14.6958
2.04162,14.8636
2.05903,15.0582
2.07046,15.2608
2.24654,15.3522
2.18477,15.5547
2.20152,15.7544
1.99678,15.835
2.10795,16.0174
2.12127,16.232
2.14142,16.4346
1.98121,16.5686
1.95254,16.756
2.11899,16.8857
2.15478,17.0838
2.14807,17.2912
2.04433,17.4782
2.06681,17.675
1.98518,17.8363
1.96755,18.0359
1.83455,18.1761
1.9881,18.3023
1.93388,18.5106
2.08966,18.6212
2.08733,18.821
2.05414,19.0263
1.9751,19.2052
1.86575,19.3824
1.86336,19.5822
1.96764,19.7359
2.058,19.9058
2.04511,20.1235
2.0886,20.3195
2.00853,20.5078
1.99883,20.7091
1.89422,20.8777
1.91623,21.0837
1.84786,21.2711
1.845,21.4803
1.79254,21.686
1.70972,21.8801
1.71109,22.081
1.87177,22.1974
1.73049,22.3598
1.64076,22.5368
1.64715,22.7295
1.79464,22.8745
1.66989,23.0262
1.68036,23.2495
1.71882,23.4526
1.74169,23.6525
1.80467,23.8381
1.8185,24.0427
1.98106,24.1699
2.07762,24.3455
1.95104,24.5087
1.9316,24.7173
1.78282,24.8742
1.88654,25.0483
1.8558,25.2458
1.77473,25.4385
1.86737,25.6234
1.92995,25.8144
1.98839,26.0203
2.01344,26.2104
2.04272,26.4142
2.03152,26.6118
2.03606,26.8237
2.17551,26.9592
2.24512,27.1513
2.23819,27.3625
2.25834,27.5761
2.21052,27.78
2.18821,27.9919
2.03146,28.1095
2.11234,28.3041
1.91977,28.3886
1.84969,28.5785
1.93243,28.7943
2.15642,28.8279
2.13151,29.0213
2.16571,29.2185
2.01881,29.3336
1.99217,29.5314
2.01848,29.7305
1.90353,29.9115
2.02734,30.0864
1.98219,30.2813
1.84715,30.4508
1.78194,30.6285
1.87401,30.806
1.81952,31.0075
1.83668,31.2034
1.92776,31.3988
1.92739,31.6107
2.09229,31.7197
2.04675,31.909
2.02737,32.1186
1.88481,32.2644
1.7016,32.3531
1.80336,32.5299
1.86687,32.7204
1.84708,32.9207
1.90968,33.1113
1.91215,33.3147
1.9528,33.5207
1.81003,33.6552
1.87078,33.85
1.80758,34.0382
2.01078,34.0401
2.05614,34.242
2.08134,34.447
2.06358,34.6463
2.16893,34.818
2.70497,0.335041
2.64264,0.54042
2.60826,0.737251
2.63689,0.944227
2.70451,1.12365
2.88058,1.21829
2.91933,1.42826
2.95398,1.62031
3.01919,1.80008
2.85101,1.90789
2.85046,2.11648
2.76319,2.30558
2.78864,2.52036
2.88341,2.70343
2.92202,2.88957
3.0487,3.05664
2.93309,3.23642
2.83141,3.41149
2.74642,3.60474
2.88289,3.74555
2.90303,3.9452
2.91892,4.15162
3.02573,4.32371
3.14539,4.47584
3.16016,4.66511
3.11636,4.8729
3.01454,5.0481
2.98347,5.23996
2.81969,5.3457
2.84187,5.55559
2.93798,5.74036
2.83288,5.90907
2.91437,6.11464
2.83926,6.3028
2.94765,6.48954
2.9495,6.69562
3.03108,6.88144
3.06312,7.08996
3.16644,7.26758
3.18959,7.47749
3.20428,7.69386
3.13526,7.88814
3.07685,8.07119
3.03162,8.26738
2.94146,8.45734
2.86018,8.65408
2.87081,8.87192
2.87949,9.07255
2.75597,9.20961
2.83155,9.41685
2.89949,9.6125
2.91773,9.82968
2.80594,9.97999
2.93555,10.1388
2.84882,10.3133
3.03781,10.3859
2.99416,10.5784
2.98753,10.7757
3.14604,10.9062
3.05175,11.0943
2.84767,11.1292
2.97403,11.2857
3.01823,11.4924
3.11343,11.6746
3.0059,11.838
3.08376,12.0322
2.89848,12.1105
2.86097,12.3115
2.72148,12.4799
2.8725,12.6186
2.97261,12.8076
3.09011,12.9674
2.96569,13.1168
2.92171,13.3316
2.90878,13.5382
3.06538,13.649
3.08333,13.8502
3.1073,14.0491
3.0418,14.2469
3.05815,14.4465
3.21571,14.5666
3.12562,14.7519
3.11849,14.9625
3.08029,15.171
3.0539,15.3783
2.99758,15.5693
3.09262,15.7699
3.11869,15.9671
2.94477,16.0645
3.07651,16.222
3.16862,16.4127
3.27093,16.5884
3.35416,16.7689
3.36925,16.9745
3.18924,17.0721
3.28679,17.2417
3.16753,17.4027
3.28791,17.5819
3.19239,17.7644
3.24972,17.9521
3.23007,18.1455
3.33166,18.3036
3.33459,18.5014
3.45868,18.663
3.42617,18.8743
3.47043,19.072
3.43304,19.2645
3.50383,19.4389
3.44252,19.629
3.32449,19.7838
3.29701,19.998
3.29093,20.1999
3.24192,20.4046
3.32173,20.6035
3.37204,20.7994
3.30636,20.987
3.27316,21.1854
3.20472,21.3674
2.99706,21.4171
2.91575,21.5927
2.95809,21.7929
2.95969,21.9979
2.92533,22.1908
2.88236,22.38
2.88792,22.5762
2.97574,22.7577
3.01164,22.9575
3.05838,23.1527
3.04556,23.3577
3.09986,23.5516
3.19666,23.7388
3.26582,23.924
3.25114,24.1359
3.1672,24.3348
3.23767,24.5333
3.16561,24.7159
3.05049,24.8852
3.01532,25.0886
2.88959,25.2383
2.84097,25.4279
2.8916,25.6161
2.89354,25.8237
2.96653,26.0019
2.90554,26.1843
2.98111,26.3691
2.80948,26.4825
2.87687,26.677
2.74349,26.8496
2.70086,27.0628
2.69737,27.2502
2.77698,27.4554
2.84277,27.6492
3.00678,27.7723
2.98817,27.9857
3.07573,28.1755
3.13486,28.3792
3.00588,28.5229
3.16738,28.6556
3.19636,28.8519
3.37063,28.9923
3.24705,29.1454
3.35813,29.335
3.39116,29.5269
3.33136,29.715
3.30719,29.9197
3.2929,30.1008
3.17744,30.2613
3.0779,30.4473
3.00971,30.6291
2.9961,30.8317
2.89258,30.9923
3.00569,31.1511
3.03304,31.3605
2.98202,31.5412
2.89131,31.7197
3.01819,31.8843
3.05828,32.0782
3.00668,32.2674
2.84001,32.3926
2.84071,32.6013
2.97495,32.7594
2.99553,32.9659
2.9814,33.1717
2.89101,33.3622
2.90708,33.5626
2.95499,33.7538
3.00959,33.9598
2.91862,34.1468
2.95596,34.3418
2.92024,34.5378
2.96922,34.735
2.99136,34.9344
2.94859,35.1213
2.93517,35.3151
2.93505,35.5019
3.09796,35.6231
3.21429,35.7836
3.20042,35.9814
3.27277,36.1609
3.23575,36.3638
4.07217,0.446393
4.08166,0.644477
4.03602,0.830793
4.08984,1.03383
4.14217,1.23473
4.14882,1.44933
4.09262,1.64673
4.08204,1.86099
3.99648,2.04626
3.92,2.24032
3.83744,2.42214
3.90173,2.62005
4.02512,2.78859
4.00974,2.97233
4.05794,3.17059
4.13473,3.34026
4.18914,3.51602
4.22365,3.72119
4.31022,3.90646
4.47232,4.02394
4.28922,4.12744
4.11163,4.18614
4.05114,4.38672
4.0832,4.58517
4.09198,4.79208
4.17784,4.97494
4.25002,5.1624
4.17712,5.35349
4.28661,5.53906
4.24521,5.7453
4.1144,5.90462
4.19019,6.08507
4.28504,6.26702
4.21206,6.44306
4.16408,6.65168
4.16365,6.85853
4.19576,7.05928
4.35857,7.18553
4.3287,7.38322
4.3401,7.59833
4.17157,7.71455
4.13861,7.91808
4.15402,8.12295
4.17916,8.30808
4.11607,8.49691
3.9349,8.59825
3.88661,8.79085
3.8036,8.98441
3.96905,9.12831
4.10487,9.28506
4.21782,9.44617
4.0338,9.54372
4.10054,9.72475
4.1528,9.91132
4.21491,10.1108
4.09554,10.2641
3.97725,10.4432
3.84371,10.6029
3.96414,10.7622
4.04281,10.9512
4.02299,11.1504
4.067,11.3571
3.96628,11.5286
4.13325,11.6439
4.05018,11.8106
4.12785,12.0029
4.22628,12.1783
4.25674,12.3893
4.24363,12.5866
4.24944,12.7965
4.2475,13.0043
4.11945,13.1493
4.09413,13.3561
4.18675,13.535
3.97707,13.5735
3.83478,13.7258
3.93427,13.9105
3.88416,14.1063
3.84603,14.3202
3.99868,14.4348
4.0928,14.6196
4.02453,14.8048
3.97753,14.996
4.02046,15.1824
3.98185,15.3822
3.87119,15.5476
3.75503,15.7011
3.74603,15.907
3.81173,16.1008
3.99344,16.1777
4.01213,16.3886
3.88489,16.5637
3.92037,16.7611
3.82167,16.9355
3.6475,17.0369
3.7634,17.1903
3.76595,17.3983
3.84502,17.5708
3.84307,17.7751
4.04302,17.8237
4.06164,18.0267
4.06145,18.226
4.10112,18.4356
4.11594,18.6402
4.09364,18.8385
3.92861,18.9631
3.95927,19.1533
4.01981,19.336
3.98314,19.5254
3.96051,19.7207
4.01452,19.913
3.93737,20.0944
4.08889,20.216
3.95748,20.3807
4.06714,20.5317
3.99756,20.7085
4.08709,20.891
4.06103,21.0915
4.08802,21.2965
4.0811,21.4949
4.2783,21.4497
4.22594,21.6458
4.05434,21.7464
4.06953,21.9472
4.01032,22.1256
4.0674,22.3194
4.15566,22.5055
4.07221,22.6882
4.03829,22.8953
3.9841,23.1013
4.07901,23.2723
4.07214,23.4833
4.20994,23.6257
4.20602,23.8266
4.11254,24.0092
4.13699,24.2282
4.03662,24.3951
4.11119,24.5747
4.2761,24.6653
4.26635,24.8705
4.38338,25.0276
4.40994,25.2409
4.25096,25.3553
4.41471,25.4988
4.38452,25.7164
4.3415,25.9083
4.18726,26.0466
4.13051,26.2404
3.96396,26.3282
4.02127,26.5286
3.99855,26.7225
4.04804,26.9204
4.01418,27.1134
3.90405,27.2803
3.89059,27.4895
3.87594,27.6896
3.86521,27.9005
3.84285,28.0934
3.87144,28.3022
3.97006,28.4827
3.78313,28.5344
3.85441,28.74
3.88457,28.9342
4.07935,28.9806
4.12926,29.1783
4.17682,29.3684
4.13548,29.5721
3.96139,29.6756
4.02401,29.886
3.91551,30.0684
4.0141,30.2599
3.9806,30.4599
3.93808,30.6439
3.92862,30.8464
4.11895,30.8884
4.03316,31.0725
4.08815,31.2764
3.9648,31.4399
4.04124,31.6168
4.11841,31.7957
4.16002,31.9864
4.2553,32.1678
4.35547,32.3409
4.30206,32.5347
4.28927,32.745
4.21792,32.9423
4.07861,33.1069
4.11343,33.3029
3.95833,33.4636
3.91973,33.6802
4.01723,33.8707
4.17436,34.0069
4.12705,34.2193
4.12821,34.4119
4.19818,34.6042
4.10946,34.7697
4.0906,34.9804
3.90774,35.0718
3.83373,35.2621
3.93142,35.452
-4.7214,0.456375
-4.84452,0.619526
4.96064,0.674347
4.94115,0.875988
4.90429,1.08063
4.85582,1.28454
4.97953,1.4374
4.90629,1.61855
4.80702,1.80258
4.78517,1.99986
4.98244,2.08654
-4.91989,2.25342
-4.97084,2.44831
4.95588,2.63653
4.88963,2.84301
4.91752,3.03624
4.95874,3.241
4.86046,3.43006
4.88908,3.63568
-4.97227,3.79256
4.99185,4.00334
-4.92643,4.18535
-4.83075,4.36957
-4.96071,4.53686
-4.97488,4.74425
4.97236,4.93879
4.93113,5.14585
4.79981,5.3241
4.98254,5.38484
4.92486,5.58332
4.96811,5.78983
4.9101,5.97401
4.78328,6.13836
4.85469,6.34762
4.90388,6.55941
4.95251,6.75267
4.9478,6.95795
4.81809,7.11611
4.71011,7.29619
4.84297,7.44584
4.72737,7.60249
4.84025,7.7819
4.96502,7.9555
4.92322,8.14957
-4.99851,8.33446
4.86686,8.47649
4.77898,8.64692
4.89775,8.81928
-4.9911,9.00369
-4.9584,9.2091
4.94539,9.37638
4.75338,9.37425
4.81263,9.58252
4.74523,9.77484
4.92881,9.86797
4.88948,10.054
-4.90853,10.1166
-4.89866,10.3221
-4.97075,10.5077
-4.82446,10.6534
-4.76774,10.8376
-4.62625,10.9777
-4.52873,11.1424
-4.51688,11.3377
-4.59684,11.5331
-4.57648,11.7317
-4.71622,11.8884
-4.52293,11.9844
-4.53431,12.1908
-4.69327,12.3235
-4.79502,12.5101
-4.85111,12.7135
-4.88452,12.9053
-4.72341,13.0154
-4.70105,13.2228
-4.85706,13.355
-4.93662,13.5291
4.87875,13.6271
4.81395,13.8152
4.95759,13.9935
4.8431,14.1596
4.81253,14.3615
4.84598,14.5605
4.83623,14.7557
4.74064,14.9378
4.75603,15.1551
4.80193,15.3624
4.84329,15.5523
4.95006,15.7246
-4.99499,15.9198
-4.91225,16.1266
-4.82012,16.3051
-4.87249,16.5073
-4.98075,16.6834
-4.90435,16.8778
-4.86985,17.0692
-4.88519,17.2719
-4.91951,17.4766
4.92936,17.6292
-4.8838,17.6945
-4.8328,17.9093
-4.83128,18.1284
-4.80807,18.3381
-4.88454,18.5295
-4.98672,18.7108
4.95015,18.9115
-4.92801,19.0908
4.91839,19.217
4.95214,19.4235
4.89507,19.6194
4.99482,19.794
4.99339,19.9946
4.99763,20.2204
4.93986,20.4184
-4.9685,20.6052
-4.96691,20.8035
4.95373,20.9885
4.86753,21.1593
4.81244,21.3479
4.90885,21.5131
4.7985,21.6778
4.73307,21.8678
4.80663,22.0444
4.71889,22.2311
4.5902,22.3963
4.60104,22.5924
4.62195,22.7943
4.68966,22.9865
4.80139,23.1471
4.73943,23.3378
4.82029,23.5193
4.78305,23.7203
4.92281,23.8688
-4.98293,24.0463
4.834,24.1014
4.90727,24.2741
4.87138,24.4713
4.88298,24.6751
4.7067,24.7916
4.7831,24.9676
4.77895,25.1823
4.95005,25.2883
4.88581,25.4871
4.94004,25.682
4.87896,25.87
4.90506,26.0911
4.96821,26.2809
4.95919,26.4997
-4.97257,26.6767
-4.89506,26.8648
-4.86457,27.072
-4.93884,27.255
-4.98265,27.4451
4.97476,27.6472
4.87887,27.8344
4.93911,28.0293
-4.97501,28.2018
4.93859,28.3785
-4.99026,28.5624
-4.88934,28.7582
-4.83776,28.9467
-4.80048,29.1644
-4.90053,29.3391
-4.77822,29.4896
-4.72582,29.6866
-4.71237,29.892
-4.76987,30.0767
-4.87756,30.2505
-4.8296,30.4522
-4.75745,30.6411
-4.90892,30.769
-4.91935,30.9722
-4.84623,31.1693
-4.82112,31.3682
4.9875,31.3935
-4.93941,31.576
-4.9956,31.768
-4.98052,31.9635
4.94634,32.1684
4.85542,32.3504
4.87268,32.5418
4.93512,32.7384
4.85912,32.9219
4.90377,33.1206
4.88047,33.3278
-4.97699,33.4744
4.98713,33.6792
-4.89591,33.8346
-4.94145,34.0382
4.96952,34.2372
-4.93974,34.4269
-4.83409,34.6043
-4.82369,34.8073
-4.77227,35.0055
-4.88615,35.1686
-4.79676,35.3584
-4.73354,35.544
-4.72528,35.7407
-4.77343,35.9437
-4.73372,36.1342
-4.43026,0.408111
-4.42778,0.61452
-4.36236,0.795124
-4.19298,0.918166
-4.21262,1.11373
-4.11912,1.30466
-3.90343,1.2982
-3.87188,1.48508
-3.93076,1.67409
-4.02597,1.84809
-4.18776,1.94484
-4.29236,2.10413
-4.32162,2.29401
-4.48949,2.42566
-4.54273,2.61497
-4.42645,2.80355
-4.45761,3.01001
-4.45579,3.21487
-4.37879,3.40522
-4.28867,3.59372
-4.37591,3.78329
-4.24456,3.94562
-4.10662,4.11293
-3.94685,4.23189
-4.02007,4.42263
-4.07786,4.61183
-4.13472,4.81877
-3.93821,4.87402
-3.94483,5.07293
-3.84437,5.25021
-3.80946,5.46222
-3.92332,5.62391
-3.8836,5.82529
-3.83896,6.02418
-3.73331,6.21918
-3.78004,6.408
-3.90314,6.57784
-4.03598,6.72537
-3.91979,6.89328
-3.96411,7.10361
-3.9617,7.31978
-3.80265,7.45075
-3.77384,7.63741
-3.84069,7.8246
-3.88974,8.0224
-3.8848,8.22664
-3.83322,8.42314
-3.81524,8.62145
-3.90646,8.80729
-3.90696,9.00863
-3.77695,9.1749
-3.83421,9.3655
-3.85279,9.56651
-3.96791,9.74842
-3.92546,9.94711
-3.94806,10.1511
-3.86246,10.3352
-3.72398,10.4955
-3.74368,10.6918
-3.85024,10.8573
-3.93282,11.0323
-3.98241,11.2347
-4.08285,11.4094
-4.16183,11.5895
-4.1602,11.7977
-4.15221,12.0024
-4.25184,12.1762
-4.20001,12.3688
-4.31278,12.5276
-4.22943,12.7171
-4.21653,12.9176
-4.17726,13.1267
-3.99799,13.232
-3.9857,13.4376
-3.9913,13.6407
-4.03785,13.8239
-4.14034,14.002
-4.00447,14.1598
-4.10417,14.3498
-3.96166,14.493
-3.99806,14.6984
-3.97568,14.9085
-3.97715,15.1231
-4.17184,15.1923
-4.12029,15.3848
-4.06652,15.5899
-4.09843,15.785
-4.10863,15.9903
-4.09373,16.1814
-4.1248,16.3879
-4.28119,16.54
-4.22752,16.7371
-4.11376,16.8985
-3.96699,17.065
-4.14842,17.1377
-4.33053,17.2219
-4.20552,17.3809
-4.27084,17.5616
-4.30376,17.7646
-4.26316,17.9621
-4.28609,18.1658
-4.24,18.3668
-4.25865,18.5547
-4.2061,18.7445
-4.17268,18.9515
-4.27783,19.1492
-4.27049,19.3459
-4.18181,19.5284
-4.11429,19.7359
-4.10426,19.9403
-4.28111,20.0283
-4.31396,20.2256
-4.25491,20.4199
-4.25157,20.6111
-4.22035,20.8225
-4.23409,21.0296
-4.24443,21.227
-4.14455,21.417
-4.05295,21.6008
-3.95523,21.7652
-4.08156,21.9334
-3.90528,22.0529
-3.9181,22.2742
-3.91867,22.4721
-3.75412,22.5745
-3.87469,22.7313
-3.76354,22.8876
-3.82315,23.0687
-3.86587,23.2523
-3.66597,23.2812
-3.79933,23.4363
-3.8048,23.6506
-3.81235,23.8487
-3.97704,24
-3.83344,24.1508
-3.90852,24.3417
-3.83731,24.5321
-3.83498,24.7337
-3.8095,24.9435
-3.80139,25.1461
-3.86011,25.3301
-3.82046,25.5368
-3.84873,25.7466
-3.78514,25.9615
-3.74239,26.1473
-3.80861,26.346
-3.77122,26.5445
-3.85513,26.7181
-3.75452,26.8999
-3.81834,27.0915
-3.8757,27.2723
-3.97591,27.4613
-4.04696,27.6679
-4.07121,27.8531
-3.97369,28.0219
-4.04845,28.2007
-4.05278,28.4109
-4.10963,28.6084
-4.06658,28.7969
-4.1095,28.9777
-4.09565,29.1832
-4.24571,29.325
-4.21146,29.5419
-4.18368,29.7333
-4.13894,29.9302
-4.00292,30.098
-3.93129,30.2927
-3.91122,30.4986
-4.06311,30.6236
-4.02046,30.8165
-3.99863,31.0219
-3.93478,31.2096
-3.84951,31.4004
-3.95912,31.572
-3.84867,31.7318
-3.88693,31.9404
-3.87848,32.1431
-3.91889,32.3437
-3.78753,32.5006
-3.87706,32.706
-3.79343,32.9025
-3.87243,33.0771
-4.0265,33.2155
-4.13367,33.3864
-4.00672,33.5523
-4.02405,33.7534
-4.02941,33.9552
-3.92819,34.1455
-3.86254,34.3636
-3.90229,34.5861
-4.02101,34.7561
-4.06476,34.9573
-4.08441,35.1582
-4.13857,35.345
-4.17088,35.5557
-4.35714,35.6155
-4.50824,35.7715
-4.51486,35.9724
-4.51636,36.1664
-4.49545,36.3721
-2.98986,0.213357
-2.98349,0.430561
-2.80327,0.550047
-2.79448,0.730393
-2.98156,0.813913
-2.88835,0.998365
-2.88952,1.19387
-2.78634,1.37305
-2.70177,1.57218
-2.76672,1.76412
-2.7248,1.9707
-2.79433,2.17121
-2.9217,2.3425
-2.97836,2.52671
-3.04157,2.71621
-2.90582,2.85726
-2.9231,3.06948
-2.89452,3.27752
-2.8377,3.4672
-2.85529,3.66704
-2.87161,3.86483
-2.83423,4.04106
-2.8693,4.22818
-2.88802,4.42407
-2.84216,4.62241
-2.82086,4.83582
-2.98991,4.91454
-3.14941,5.02641
-3.17927,5.22699
-3.17149,5.44244
-3.04879,5.6066
-3.07052,5.80485
-3.10012,6.01079
-3.20304,6.17316
-3.10969,6.35261
-3.025,6.51795
-3.02094,6.72604
-2.88813,6.86786
-2.80442,7.03832
-2.81554,7.24753
-2.74228,7.4394
-2.61165,7.59314
-2.61139,7.80274
-2.68561,8.00975
-2.67103,8.22219
-2.55993,8.38439
-2.60311,8.58837
-2.60314,8.7974
-2.75756,8.94648
-2.74264,9.14458
-2.69318,9.34764
-2.59932,9.52303
-2.59884,9.73367
-2.70373,9.90409
-2.87677,9.81611
-2.97414,9.99541
-2.98039,10.193
-3.006,10.386
-3.08051,10.5555
-2.91367,10.6639
-2.75942,10.8044
-2.83317,10.9897
-2.74177,11.1698
-2.75037,11.3768
-2.71936,11.5713
-2.73573,11.768
-2.78471,11.983
-2.82077,12.181
-2.76394,12.3827
-2.74107,12.588
-2.84713,12.7738
-2.8029,12.9678
-2.62092,13.0735
-2.80727,13.1657
-2.92875,13.3364
-2.98117,13.5463
-2.87315,13.7201
-2.93399,13.9092
-2.93913,14.0962
-2.87042,14.2997
-2.80594,14.4932
-2.82673,14.6967
-2.77256,14.8981
-2.71746,15.0838
-2.86256,15.2424
-2.86468,15.4469
-2.81546,15.6232
-2.75157,15.81
-2.69229,15.991
-2.80814,16.1392
-2.93926,16.3088
-3.12306,16.3879
-3.0577,16.5799
-2.87723,16.6769
-3.03459,16.8016
-2.93838,16.9788
-3.0244,17.172
-3.07698,17.3639
-3.05697,17.5707
-3.04901,17.7465
-3.06086,17.9528
-3.0659,18.165
-3.1563,18.3637
-3.32585,18.5022
-3.38887,18.6798
-3.43101,18.8803
-3.4956,19.0718
-3.3389,19.1934
-3.17711,19.3301
-3.1781,19.5307
-3.08873,19.7245
-3.30363,19.7122
-3.26203,19.9079
-3.12509,20.0516
-3.11904,20.2513
-3.21799,20.4158
-3.22392,20.6132
-3.38119,20.7678
-3.23988,20.9095
-3.12304,21.0703
-3.09701,21.2538
-3.13568,21.4452
-3.02445,21.6086
-3.01138,21.8042
-3.05166,22.0107
-3.18007,22.1448
-3.01904,22.2921
-3.05647,22.4979
-2.93207,22.6591
-2.75537,22.7638
-2.65784,22.9553
-2.8469,23.0099
-3.04513,23.0336
-3.06314,23.2229
-3.04491,23.4425
-2.9707,23.6358
-2.96181,23.8484
-2.8944,24.0574
-2.9055,24.2658
-3.01868,24.432
-3.0838,24.6212
-3.13276,24.8153
-3.0176,24.9666
-2.82276,25.0287
-2.8095,25.2209
-2.86278,25.4534
-2.77779,25.6579
-2.7426,25.8519
-2.66051,26.0466
-2.52793,26.2077
-2.49959,26.4052
-2.49633,26.6148
-2.6792,26.7268
-2.76873,26.891
-2.94059,27.0075
-2.77272,27.1356
-2.62079,27.2475
-2.62417,27.4397
-2.5259,27.6209
-2.73279,27.69
-2.72896,27.8955
-2.76451,28.1054
-2.85218,28.3103
-2.84584,28.5008
-2.83769,28.723
-2.83507,28.9373
-2.82124,29.1378
-2.92955,29.3043
-2.79046,29.4534
-2.91768,29.5966
-2.81121,29.7827
-2.80498,29.9859
-2.74378,30.1813
-2.93945,30.2461
-2.98825,30.4487
-3.10578,30.6072
-3.06616,30.8049
-2.95864,30.9731
-2.9181,31.175
-2.75076,31.2743
-2.71118,31.4882
-2.7195,31.6847
-2.67177,31.8812
-2.74048,32.0843
-2.72978,32.2932
-2.76682,32.4877
-2.89948,32.6386
-2.74018,32.7546
-2.7617,32.9683
-2.73643,33.1672
-2.68798,33.3625
-2.80916,33.5125
-2.82937,33.7172
-2.96321,33.8625
-3.04244,34.0451
-3.1612,34.217
-3.07289,34.4077
-3.09338,34.6206
-3.13339,34.8238
-3.02538,34.9905
-2.3203,0.35636
-2.25836,0.547454
-2.24788,0.760337
-2.30896,0.963325
-2.25181,1.16109
-2.15692,1.32999
-2.34065,1.43355
-2.23865,1.60883
-2.29285,1.80297
-2.21998,2.00188
-2.2639,2.21034
-2.17432,2.39739
-2.10865,2.59469
-2.04252,2.78336
-2.12974,2.95612
-2.20497,3.14266
-2.13127,3.32667
-2.05847,3.50298
-2.11327,3.70978
-2.03029,3.90306
-1.90886,4.07689
-1.85951,4.27687
-1.91478,4.48158
-1.83822,4.66974
-1.84838,4.87697
-1.96435,5.06624
-1.99091,5.2784
-1.82098,5.39684
-1.92941,5.56235
-1.91532,5.75953
-1.96156,5.96586
-1.84021,6.11262
-1.84334,6.3115
-1.86061,6.516
-1.82539,6.70271
-1.90569,6.90046
-1.87139,7.09655
-1.99006,7.27793
-2.16662,7.42374
-2.30525,7.57715
-2.22432,7.75051
-2.25866,7.96013
-2.29476,8.17287
-2.36717,8.349
-2.31676,8.54295
-2.23855,8.74335
-2.29132,8.93842
-2.30743,9.15001
-2.28378,9.36194
-2.24342,9.54041
-2.32044,9.74433
-2.13959,9.84204
-1.97512,9.93325
-2.17093,10.0286
-2.23584,10.2143
-2.27154,10.4137
-2.19164,10.6047
-2.27723,10.7893
-2.39611,10.9456
-2.36358,11.1419
-2.29801,11.3235
-2.3271,11.5154
-2.14996,11.6253
-2.24599,11.7897
-2.27905,11.9811
-2.42857,12.1239
-2.47641,12.3033
-2.42177,12.4932
-2.4631,12.701
-2.34891,12.863
-2.17081,12.9497
-2.09249,13.1288
-2.05433,13.3339
-2.21156,13.4548
-2.03918,13.5637
-2.02456,13.7826
-1.94241,13.9611
-1.9647,14.1718
-1.95608,14.3733
-1.87426,14.5653
-1.95359,14.7476
-1.8826,14.9467
-1.98941,15.1167
-1.9152,15.2943
-1.93347,15.5001
-1.79558,15.6446
-1.8955,15.8179
-2.03516,15.9694
-2.00499,16.1717
-2.00388,16.3863
-1.96289,16.5851
-1.83707,16.7612
-1.92181,16.9404
-1.92061,17.1361
-2.06498,17.2706
-1.99979,17.4656
-2.10904,17.6462
-2.22066,17.8115
-2.08488,17.9699
-1.92327,18.0964
-1.95069,18.2869
-1.85781,18.4828
-1.75353,18.6642
-1.79203,18.8653
-1.71051,19.0497
-1.74928,19.2502
-1.8539,19.4354
-1.88003,19.6343
-2.03488,19.7567
-1.90459,19.9243
-1.82963,20.126
-1.79849,20.3213
-1.87874,20.5284
-1.95062,20.7193
-2.10431,20.8417
-2.07463,21.0613
-2.09364,21.2564
-2.04858,21.4654
-2.08936,21.6747
-1.97528,21.8283
-1.91351,22.0282
-2.01928,22.2017
-1.91579,22.3948
-2.04128,22.5476
-2.18275,22.7065
-1.98917,22.7647
-2.13562,22.8974
-2.18446,23.0956
-2.20411,23.3001
-2.29407,23.5
-2.21489,23.6979
-2.36155,23.8532
-2.49192,24.0248
-2.48034,24.2306
-2.54212,24.4369
-2.37409,24.5326
-2.29866,24.7237
-2.32596,24.9354
-2.24636,25.1321
-2.16208,25.3299
-2.14305,25.5302
-2.22198,25.7331
-2.08968,25.8896
-2.14875,26.0889
-2.15,26.3
-2.15034,26.5081
-2.13516,26.7229
-2.08303,26.9237
-2.16286,27.115
-2.24317,27.305
-2.25264,27.5156
-2.11877,27.6797
-2.23414,27.843
-2.23368,28.034
-2.15647,28.2104
-2.13904,28.4173
-2.19973,28.609
-2.21756,28.8047
-2.1642,29.0005
-2.1798,29.1961
-2.11906,29.3748
-2.08222,29.5671
-1.96424,29.7473
-1.98871,29.9541
-1.77728,29.9619
-1.83787,30.1588
-1.71274,30.3381
-1.7532,30.544
-1.78092,30.7577
-1.82161,30.9565
-1.71037,31.1215
-1.71542,31.3123
-1.76795,31.5244
-1.58711,31.6332
-1.72675,31.7931
-1.72696,31.9955
-1.72166,32.1971
-1.60865,32.365
-1.45712,32.4997
-1.56731,32.6516
-1.66624,32.828
-1.86484,32.8745
-1.88964,33.0809
-1.97221,33.258
-2.035,33.4654
-1.92611,33.6427
-1.89455,33.839
-1.76582,33.999
-1.80372,34.1985
-1.83451,34.3928
-1.75563,34.5962
-1.70578,34.7975
-1.73851,35.008
-1.72523,35.2155
-1.77762,35.4053
-1.76628,35.603
-1.71683,35.7986
-1.91005,35.8975
-1.93393,36.0989
-2.02173,36.274
-1.49583,0.123764
-1.60225,0.310716
-1.60616,0.504227
-1.41498,0.60528
-1.22156,0.661607
-1.03517,0.75438
-0.895359,0.907058
-0.894543,1.1039
-0.850413,1.29946
-1.0004,1.4428
-0.873328,1.59829
-0.946863,1.80745
-0.906679,1.99913
-0.99796,2.18571
-0.948593,2.37714
-0.979826,2.5749
-1.0058,2.78384
-0.909427,2.97717
-0.916417,3.17769
-0.887947,3.38153
-0.896505,3.57147
-0.763527,3.71106
-0.830491,3.90332
-1.01027,4.01905
-0.968654,4.20134
-1.01707,4.38995
-1.18196,4.51734
-1.30434,4.67765
-1.28351,4.87447
-1.35327,5.06637
-1.33477,5.26437
-1.14351,5.31995
-1.14008,5.51828
-1.19381,5.73006
-1.25599,5.9228
-1.3342,6.11605
-1.45471,6.29539
-1.52743,6.48915
-1.58655,6.67679
-1.56028,6.8836
-1.55229,7.0705
-1.5151,7.26931
-1.53431,7.4748
-1.57002,7.66239
-1.58785,7.88014
-1.51649,8.06226
-1.54038,8.26097
-1.64874,8.42326
-1.63232,8.63334
-1.65242,8.83704
-1.81101,8.96535
-1.73898,9.14806
-1.58565,9.28815
-1.37903,9.3543
-1.29094,9.54705
-1.40117,9.72749
-1.37012,9.91828
-1.18059,10.0059
-1.17427,10.1998
-1.08182,10.3772
-1.13663,10.5653
-1.16673,10.7503
-1.35291,10.8551
-1.40436,11.0454
-1.57557,11.1386
-1.6703,11.3011
-1.67714,11.5155
-1.64448,11.7212
-1.687,11.9224
-1.59358,12.1067
-1.58518,12.3027
-1.52721,12.5023
-1.6786,12.623
-1.60162,12.8218
-1.5691,13.0379
-1.62513,13.2406
-1.54406,13.4168
-1.48424,13.6051
-1.44178,13.8024
-1.33788,13.9846
-1.26549,14.1834
-1.25791,14.395
-1.32624,14.5806
-1.24939,14.7653
-1.26439,14.9786
-1.28463,15.1875
-1.2152,15.3757
-1.22315,15.5888
-1.23417,15.794
-1.23204,16.0106
-1.15497,16.1922
-0.982372,16.2852
-1.0364,16.4836
-0.944728,16.6662
-1.02645,16.8595
-0.975987,17.0459
-0.960793,17.2425
-1.03125,17.4262
-1.09873,17.6333
-1.03268,17.8113
-1.01587,18.019
-0.98973,18.2062
-0.862151,18.3597
-0.853689,18.5604
-0.682018,18.6613
-0.756052,18.8562
-0.800601,19.0451
-0.949901,19.1519
-0.89934,19.3527
-0.88457,19.5562
-0.880324,19.7517
-0.81821,19.9503
-0.903543,20.1365
-0.966697,20.3383
-0.876397,20.5165
-0.99279,20.6761
-1.079,20.8695
-1.0036,21.0552
-1.02298,21.2661
-0.91269,21.4233
-0.902345,21.6204
-0.906332,21.8232
-0.871219,22.0177
-0.795401,22.2149
-0.826089,22.4185
-0.817777,22.6247
-0.835832,22.8348
-0.894189,23.0286
-1.08424,23.0975
-1.09669,23.2901
-1.21128,23.4482
-1.27403,23.6469
-1.29157,23.8409
-1.17535,24.002
-0.994247,24.0975
-1.12473,24.2645
-1.13606,24.4754
-1.10844,24.6716
-1.09994,24.8627
-1.18104,25.0381
-1.08212,25.2056
-1.07242,25.4007
-0.97926,25.579
-1.07068,25.7455
-1.14416,25.9449
-1.12499,26.156
-1.13376,26.3585
-1.18077,26.5697
-1.24909,26.7601
-1.20824,26.9606
-1.06128,27.0828
-1.04392,27.2794
-1.17037,27.4425
-1.09552,27.6292
-0.961207,27.7798
-0.886605,27.9797
-0.805207,28.1623
-0.718195,28.3544
-0.78805,28.5301
-0.829065,28.7291
-0.849569,28.9248
-0.757879,29.1169
-0.890522,29.2845
-0.834508,29.4746
-0.954182,29.6305
-0.857413,29.7974
-0.894517,29.9922
-0.917849,30.1862
-1.00201,30.3768
-0.966799,30.568
-0.86998,30.757
-0.847091,30.9684
-1.01961,31.0989
-0.946553,31.2897
-0.96619,31.5062
-1.08922,31.6694
-1.02921,31.8533
-1.1944,31.9811
-1.31877,32.1524
-1.30139,32.3514
-1.26612,32.5542
-1.20223,32.7686
-1.23371,32.9727
-1.29582,33.1648
-1.38839,33.3612
-1.33398,33.5467
-1.30752,33.7438
-1.22068,33.9429
-1.36662,34.0819
-1.25362,34.2405
-1.28749,34.4549
-1.2155,34.6554
-1.14042,34.8408
-1.21782,35.0237
-1.18898,35.2293
-1.20492,35.4356
-1.13868,35.6337
-1.32625,35.7321
-1.34003,35.9437
-1.38569,36.1415
