parameters (x,y,w,h,rx,ry):-5,0,10.000000,40.000000,100,100
56,30,38,43,48,70,56,65,67,55,44,29,30,22,28,28,33,41,33,39,26,32,37,32,44,41,51,67,53,52,35,37,37,45,41,55,54,52,55,60,43,39,44,37,45,61,62,54,72,57,56,58,46,56,55,58,60,64,75,58,60,60,67,49,57,57,65,78,77,69,100,55,60,66,72,48,82,84,71,63,49,35,18,17,19,17,33,45,23,31,27,28,23,28,37,44,54,67,82,53
114,97,72,88,92,164,142,143,149,122,91,59,56,41,62,63,78,82,90,79,104,82,64,49,78,100,129,138,148,118,84,73,77,78,77,114,121,138,152,122,112,90,87,72,82,130,145,129,171,146,126,127,111,103,120,131,155,175,182,143,153,153,119,124,123,148,179,156,176,181,136,161,119,117,113,131,169,176,179,125,93,61,53,45,47,62,80,62,76,62,62,60,67,53,58,109,114,154,160,164
113,100,64,82,88,139,160,159,167,134,82,59,46,42,53,54,74,102,79,75,91,73,75,49,62,105,116,142,151,132,93,71,77,66,100,107,111,143,161,143,118,100,75,80,76,98,142,166,177,166,138,100,113,99,94,106,158,186,197,142,171,145,131,104,137,134,170,160,193,175,182,147,120,92,124,129,170,193,203,150,92,70,47,40,50,47,69,89,76,67,72,55,47,55,55,94,128,159,201,166
115,82,84,73,101,134,151,150,159,152,95,57,49,46,39,55,72,95,98,94,84,71,56,67,63,92,117,125,162,155,101,67,55,67,86,99,128,142,164,158,124,89,73,62,69,101,145,164,174,181,140,95,108,95,103,114,156,164,196,191,141,152,118,144,127,138,171,181,182,193,171,141,111,78,95,137,157,207,208,155,102,66,35,41,45,61,66,88,75,83,66,51,38,57,49,85,125,166,192,182
129,84,62,74,95,112,184,171,165,136,85,58,35,36,43,54,59,91,100,85,93,78,51,60,71,97,108,142,154,146,107,70,67,70,64,100,120,157,152,150,136,108,56,57,71,86,138,158,186,162,139,143,109,79,107,118,128,177,175,192,170,142,110,133,134,138,160,165,200,176,180,164,104,92,86,140,172,203,226,156,104,61,39,26,49,51,68,84,87,86,64,50,41,38,50,89,108,160,210,171
136,78,62,69,95,125,188,183,189,125,84,57,28,37,32,36,69,79,117,93,92,63,55,68,68,91,91,130,167,152,104,80,67,51,67,91,135,157,152,180,122,93,71,63,69,84,115,160,172,174,154,124,92,99,97,118,135,153,193,206,173,109,116,141,126,155,158,173,169,187,192,157,136,90,84,127,173,227,220,161,103,61,29,32,42,48,74,88,91,76,74,44,41,44,51,79,111,176,202,192
154,100,58,56,104,144,163,207,184,125,64,58,40,30,32,37,64,76,98,117,88,83,66,48,59,81,99,134,165,161,125,64,66,53,44,86,144,178,176,157,122,96,65,59,65,84,119,153,171,204,150,119,106,73,93,113,136,170,207,195,171,139,117,108,126,140,139,171,180,179,198,158,125,102,90,117,182,188,217,157,112,64,36,38,24,49,82,100,92,83,46,47,41,38,60,75,116,166,192,175
128,92,63,66,103,132,176,172,184,139,92,42,38,32,39,43,42,71,98,112,104,75,62,59,67,78,114,136,163,167,132,77,44,60,63,77,133,157,170,148,142,113,69,49,76,90,124,141,176,184,149,133,86,87,86,87,143,189,210,185,181,154,107,104,110,154,170,177,180,183,206,173,106,110,90,123,176,203,234,168,103,57,39,33,37,43,80,107,76,97,50,44,30,43,61,77,110,154,204,196
146,95,53,74,86,138,192,177,163,161,101,43,28,30,24,36,45,63,101,109,97,78,45,65,69,59,133,129,149,170,138,85,59,48,53,88,119,139,167,174,132,99,73,55,67,99,114,174,162,160,167,135,104,81,68,90,128,181,205,189,183,122,130,89,122,145,179,172,181,198,195,194,132,71,88,127,185,203,219,153,108,76,45,32,35,60,65,77,91,97,63,53,32,38,48,65,101,161,223,186
153,90,75,49,80,128,178,183,197,133,90,64,33,30,20,32,57,62,89,91,86,88,69,48,61,86,87,141,164,180,128,96,60,41,59,76,118,160,167,154,160,96,58,80,63,75,128,166,176,177,151,138,91,94,84,103,123,167,203,187,180,136,113,103,121,144,190,166,195,189,183,182,127,93,89,104,171,218,225,184,103,64,50,44,27,50,62,88,78,112,66,56,44,45,38,50,88,137,223,226
158,101,64,48,87,123,167,206,195,149,99,58,41,35,28,34,49,78,70,87,97,72,69,53,51,84,109,146,143,156,144,103,58,48,55,84,113,148,172,163,147,92,72,53,70,83,119,149,183,172,151,120,95,84,86,106,133,174,195,192,178,136,117,99,116,143,170,180,191,203,198,179,114,94,90,110,171,224,245,186,94,61,43,37,43,41,58,74,94,82,91,47,46,41,50,57,93,149,228,183
143,101,65,51,68,130,172,206,188,136,92,74,30,37,30,38,49,60,85,83,87,81,55,63,58,66,89,167,153,163,129,92,61,53,63,64,106,131,147,171,165,97,66,69,50,99,102,165,161,183,174,125,81,84,92,116,114,172,195,192,145,150,117,105,137,134,155,173,176,211,200,175,146,86,88,109,156,215,233,185,121,58,45,30,41,51,61,83,93,91,67,64,40,43,35,56,115,155,185,227
157,105,64,57,74,107,175,245,191,124,90,51,39,33,31,47,49,58,80,81,91,79,70,57,70,68,103,127,182,150,117,98,62,63,69,75,93,146,166,157,141,112,67,58,59,84,119,169,168,190,139,138,86,76,107,95,126,151,198,192,163,143,106,107,137,151,168,154,171,192,194,178,172,113,85,96,168,219,221,171,153,67,35,36,30,46,72,83,95,89,87,58,38,37,40,57,103,148,174,203
153,111,60,59,83,126,180,199,216,142,91,54,33,19,30,49,61,69,88,71,89,94,62,39,58,79,110,142,157,147,134,93,63,51,63,87,112,123,163,200,139,93,78,51,64,73,119,160,182,177,157,149,87,73,94,103,119,155,170,192,187,136,103,121,132,141,164,164,195,201,205,162,154,106,85,107,174,208,215,191,121,86,41,38,30,52,62,92,87,96,74,53,36,40,34,56,92,165,222,198
153,90,63,61,75,128,177,188,184,174,87,57,26,20,29,39,55,70,83,95,66,76,67,54,57,81,96,134,157,175,124,86,61,53,59,100,124,144,163,144,151,106,65,49,65,87,121,151,170,174,172,136,95,84,82,97,127,167,177,181,184,139,107,110,138,144,165,160,178,189,220,192,143,101,87,112,194,214,245,187,116,64,37,37,35,41,65,81,75,113,92,59,41,25,42,47,116,142,185,222
159,90,60,47,98,142,162,200,199,150,107,50,33,25,32,33,46,51,82,93,97,75,59,52,46,84,88,146,181,149,143,76,57,45,72,81,129,150,158,171,126,104,58,48,56,91,119,173,185,176,152,129,79,89,89,89,129,141,196,189,195,131,95,118,126,143,163,170,194,193,167,190,147,97,110,125,171,223,226,183,104,91,46,32,32,40,47,68,104,102,73,59,46,39,34,53,96,160,225,204
152,86,70,59,77,125,201,210,182,146,113,57,18,22,32,37,46,59,86,78,98,82,73,46,38,68,99,153,171,164,116,85,55,63,61,106,98,139,187,169,160,85,58,43,59,81,122,171,180,178,158,126,82,67,84,96,112,164,193,205,165,136,107,118,121,134,166,162,204,188,180,190,163,107,97,124,159,210,235,189,124,72,55,28,32,39,56,81,107,86,71,64,42,38,45,52,91,159,217,198
163,88,52,72,83,123,173,198,187,166,101,59,26,20,21,46,50,58,69,92,93,102,72,58,46,58,99,138,183,140,125,89,65,58,72,88,133,138,151,185,137,94,59,39,52,81,147,158,171,170,163,126,99,66,85,82,140,165,194,187,166,131,100,115,106,135,173,141,196,199,194,201,155,106,92,112,173,209,200,189,138,82,54,48,37,43,48,77,102,73,77,60,56,34,46,50,87,138,229,205
140,97,53,55,86,132,173,202,179,161,101,54,30,26,24,26,43,57,73,82,79,74,74,53,50,60,92,135,179,146,127,86,69,57,67,79,105,152,168,175,134,84,58,57,53,104,140,133,160,196,175,132,88,75,66,101,110,165,222,210,161,131,95,119,115,150,166,168,166,200,206,185,135,114,74,109,178,217,264,181,114,71,55,35,42,48,63,79,91,82,67,63,56,39,39,50,72,159,195,235
174,87,52,58,86,129,193,204,194,139,103,61,33,15,21,30,46,61,81,91,76,81,51,54,47,78,107,153,153,159,118,83,63,61,74,89,106,129,163,195,141,96,63,46,56,103,121,148,172,200,167,131,91,69,75,78,112,154,203,216,174,142,119,102,132,147,164,166,194,183,187,197,158,89,92,115,193,213,236,189,113,62,49,38,58,51,67,95,73,71,82,56,41,40,47,49,91,167,206,213
137,88,70,54,78,127,190,211,197,138,104,67,31,19,24,32,46,63,78,80,77,76,65,50,52,63,116,139,166,141,116,83,62,58,53,84,117,162,156,182,145,104,71,33,39,82,128,152,191,198,160,133,84,82,70,74,110,165,203,189,171,157,104,108,127,155,176,178,178,178,203,172,144,102,110,133,167,236,207,203,122,64,48,46,51,64,60,84,88,78,58,54,53,36,39,62,85,166,209,210
163,86,59,50,73,145,184,207,195,145,105,59,33,25,27,36,46,52,80,73,79,77,61,45,54,59,114,133,171,155,106,88,67,48,63,98,125,147,164,203,144,80,68,42,40,57,103,165,210,172,184,135,82,57,75,90,119,167,208,204,160,150,110,98,121,144,169,181,171,169,195,187,144,123,117,110,179,206,211,193,128,79,44,44,60,69,62,88,87,75,73,59,51,34,40,65,99,166,202,189
150,98,62,49,65,117,194,208,188,160,103,57,43,19,33,36,43,48,71,76,86,88,59,50,44,78,103,119,154,145,124,96,70,65,49,89,131,137,167,185,164,110,52,44,44,77,116,161,191,209,142,131,85,61,80,78,141,146,196,234,196,142,106,98,128,149,189,154,155,182,211,193,148,105,115,117,189,212,207,189,133,78,47,37,51,66,79,73,64,79,81,52,47,35,51,72,110,145,195,199
146,93,64,60,96,129,176,187,193,153,104,61,42,26,32,39,47,50,62,83,70,71,73,51,55,70,98,116,135,165,136,76,67,64,72,103,115,157,147,166,146,83,68,38,65,83,116,143,170,211,158,126,98,69,68,88,128,147,187,224,189,122,108,98,131,146,183,172,149,193,195,162,181,110,93,115,152,239,221,183,109,82,58,58,53,62,83,66,57,79,77,67,52,41,45,72,113,149,198,206
149,97,65,59,88,131,180,182,192,161,97,70,43,26,28,41,44,55,59,76,77,56,68,53,61,76,91,111,146,156,122,91,61,59,85,101,123,159,152,139,171,88,70,51,58,82,104,148,176,187,173,124,96,75,83,88,139,149,203,204,190,133,117,99,116,162,193,143,186,178,203,197,169,101,92,121,159,194,236,191,129,69,60,44,54,71,77,83,68,90,73,53,48,40,41,68,122,149,195,177
143,90,75,58,77,138,176,192,179,141,103,65,45,39,27,33,44,48,69,76,81,63,65,58,59,85,106,118,125,145,134,96,63,57,68,89,132,140,168,151,156,118,77,55,46,80,101,154,185,192,177,133,97,67,83,92,142,137,186,210,165,140,114,122,124,148,171,160,162,207,193,177,158,116,107,106,158,228,220,171,134,82,61,27,56,58,70,93,83,87,67,50,50,37,42,51,121,186,199,179
139,72,77,59,85,128,169,197,179,161,99,59,44,30,38,38,34,55,74,65,63,58,65,54,63,91,99,125,132,151,95,104,56,58,52,104,123,167,167,173,132,118,64,43,56,76,100,132,205,199,177,137,99,75,93,88,122,154,181,186,190,133,120,111,138,141,168,156,172,195,199,165,150,97,114,129,165,222,223,176,120,84,52,48,61,67,64,75,88,86,77,54,41,38,49,65,129,167,203,187
130,71,63,55,81,146,167,173,198,163,103,76,39,28,36,35,41,54,71,68,62,70,54,57,63,60,124,170,132,124,104,81,56,59,65,97,122,158,165,153,167,95,79,48,47,66,94,159,175,182,211,137,102,70,84,96,134,170,176,172,178,131,115,130,119,165,173,170,151,198,188,196,162,113,91,128,151,224,240,194,107,63,56,44,59,64,68,91,93,73,77,50,52,40,39,70,111,156,193,203
127,93,76,48,80,142,157,187,194,152,113,70,37,26,26,27,50,51,63,74,65,64,63,59,52,70,110,148,152,156,98,70,65,40,70,103,130,147,159,165,153,124,61,53,42,54,119,158,193,192,176,138,92,64,88,80,116,155,227,192,164,130,119,108,136,172,174,157,172,180,187,172,154,113,109,126,157,214,252,194,106,70,64,35,44,64,68,77,96,96,59,50,48,36,40,53,119,179,205,198
137,110,82,51,90,127,157,175,185,151,123,67,49,28,22,33,41,57,58,68,76,75,53,57,54,73,106,142,144,153,107,76,61,60,64,94,130,133,180,156,159,87,60,52,51,61,113,174,162,210,168,138,103,67,85,83,107,167,195,205,189,136,100,103,153,161,181,188,167,178,188,174,136,126,102,117,166,225,242,185,114,72,38,40,44,66,77,95,94,85,79,62,30,30,40,65,112,174,205,179
138,99,58,62,88,138,156,160,207,146,114,73,43,30,27,31,34,55,67,74,84,65,59,33,53,75,119,142,147,139,109,69,73,53,49,96,125,143,167,176,145,102,67,56,62,60,108,170,151,179,179,139,117,94,81,80,125,164,218,201,172,124,105,120,132,158,157,174,178,182,202,180,141,116,94,108,173,242,245,173,106,60,56,41,46,61,82,83,95,94,76,60,35,37,19,58,106,162,218,202
143,82,69,67,84,146,149,175,195,141,107,62,46,32,24,37,27,43,74,80,78,67,55,41,53,71,106,144,171,145,128,77,62,52,57,96,99,136,177,201,180,93,54,48,54,82,110,162,168,161,171,156,104,72,89,88,134,173,169,225,163,119,110,118,135,157,177,167,198,200,186,171,140,93,94,110,182,245,212,189,96,71,61,52,51,64,60,101,80,91,91,47,34,29,27,45,116,162,218,200
157,87,66,75,96,114,175,192,189,162,99,76,37,31,32,26,49,51,66,73,68,63,48,50,58,69,79,162,160,153,105,91,50,51,55,85,121,136,182,160,156,130,73,40,57,72,102,152,167,192,184,131,78,76,69,91,125,153,206,223,142,132,114,116,130,162,182,172,192,197,184,186,147,108,96,98,162,240,221,206,104,67,53,52,64,63,71,75,88,87,85,48,46,24,31,45,95,183,196,211
150,94,70,67,78,138,150,194,174,159,96,63,49,30,29,37,41,63,66,67,62,59,51,56,51,70,103,139,171,143,114,74,51,58,60,80,98,151,191,167,143,117,59,52,53,84,119,154,180,183,171,133,95,74,78,81,109,164,202,212,164,131,110,128,126,144,190,187,163,191,196,183,143,110,93,102,156,221,235,191,128,86,49,45,50,68,87,73,79,95,82,53,48,29,27,59,102,182,196,205
142,104,77,55,90,112,135,196,190,148,120,67,39,27,25,44,43,61,68,74,54,70,61,46,37,67,124,127,141,143,121,78,71,60,60,76,94,164,188,174,151,107,67,43,58,81,119,161,209,172,150,134,94,85,51,92,127,163,207,205,178,122,113,109,129,146,189,190,173,176,202,193,138,102,88,104,166,195,233,213,143,69,51,35,61,56,82,95,80,90,84,41,54,34,43,47,117,163,214,204
170,90,64,66,91,118,147,193,193,160,108,66,46,33,24,39,48,65,72,59,48,70,61,48,36,45,121,144,189,138,120,58,76,54,52,68,100,141,201,174,154,111,69,44,47,88,91,143,205,195,167,120,124,73,70,88,127,179,187,189,195,127,102,120,133,146,180,176,190,196,184,181,155,95,87,126,129,204,257,194,132,85,56,39,35,54,81,73,112,86,69,52,39,38,38,56,106,143,199,206
160,89,69,58,76,136,150,164,195,153,105,59,38,33,30,39,54,68,67,70,68,62,32,48,44,55,113,151,175,176,122,68,65,58,56,67,103,156,172,174,153,114,71,57,45,61,92,140,195,201,178,135,105,60,69,90,128,159,221,202,175,129,116,111,127,146,164,178,190,188,198,186,145,127,95,99,143,230,216,221,123,78,46,34,42,59,72,94,98,85,70,50,43,37,34,57,95,167,208,202
146,94,73,61,83,121,147,192,204,158,101,57,53,34,20,40,43,54,68,75,87,55,39,41,42,65,112,133,157,164,135,87,39,46,75,82,106,154,179,166,156,106,67,41,53,61,90,151,183,209,187,135,91,80,75,79,131,174,201,196,165,162,106,119,117,136,145,207,175,182,208,180,150,101,93,104,143,214,249,193,140,73,41,37,35,61,78,84,99,100,71,60,36,40,35,41,105,177,209,210
178,105,56,49,80,137,153,186,184,166,106,70,38,33,26,26,46,54,66,72,57,77,56,40,46,63,111,128,160,166,144,84,47,44,47,94,108,136,171,177,180,108,65,48,50,61,89,157,191,212,161,134,91,78,72,82,127,196,201,194,180,155,108,99,135,155,162,160,184,218,221,171,134,119,91,102,158,201,244,200,135,80,48,39,38,60,77,85,112,97,69,51,40,45,30,58,107,168,173,215
162,111,64,55,80,108,155,189,193,145,108,59,41,32,25,28,47,47,78,69,63,67,59,49,51,66,87,137,161,176,125,89,66,49,58,68,98,147,162,198,147,92,59,52,54,66,112,157,173,204,179,124,93,74,69,85,125,186,204,191,180,135,126,102,107,152,161,214,155,217,202,184,147,98,95,116,167,213,236,209,112,72,49,34,43,74,71,73,102,93,70,50,44,50,40,49,114,153,205,192
159,91,52,61,75,102,145,202,209,159,96,80,28,26,36,27,37,47,73,80,65,61,48,54,49,59,98,159,154,169,116,83,55,56,70,64,86,153,178,169,160,93,62,50,54,73,97,157,190,195,165,133,97,71,59,90,129,164,207,212,174,144,108,102,127,149,182,197,170,224,201,169,143,113,102,137,134,198,237,195,135,69,47,47,50,56,75,87,85,81,79,63,36,45,47,55,106,182,218,196
155,93,47,50,83,112,160,201,180,151,114,67,40,32,28,44,40,47,75,70,87,35,54,43,64,67,100,118,183,160,121,83,61,58,62,72,101,129,167,185,168,108,68,45,48,89,88,161,166,173,186,137,100,79,67,95,136,144,186,218,181,143,120,82,131,162,198,172,174,213,215,170,130,111,95,140,147,226,236,187,138,63,54,42,44,50,62,71,111,96,67,69,41,52,36,54,89,178,209,207
146,106,74,53,64,119,165,181,184,168,113,64,24,37,34,29,41,65,59,80,60,61,53,47,42,76,96,156,149,157,119,75,56,57,55,69,98,155,150,200,142,106,76,49,49,69,115,146,164,181,157,150,90,65,94,91,135,142,194,201,165,137,117,118,125,152,183,179,182,193,217,189,142,113,77,113,146,229,241,178,126,72,52,47,38,56,61,108,101,85,75,55,52,39,45,56,112,169,206,193
132,106,61,72,72,125,156,165,192,160,100,66,31,35,31,40,35,49,75,73,66,57,59,45,54,61,135,137,141,151,135,86,54,56,47,76,96,137,186,189,141,83,72,56,63,67,90,141,203,177,163,145,98,75,70,113,115,205,188,183,166,116,94,110,132,167,177,159,193,193,204,194,164,123,98,116,158,208,226,205,127,82,48,30,41,40,77,105,98,90,81,55,46,41,37,66,102,166,200,216
142,96,55,60,84,105,149,192,192,160,104,67,48,29,33,31,48,53,61,68,79,67,50,42,34,79,113,121,155,166,121,90,52,45,59,76,92,131,169,183,156,111,58,51,56,74,90,150,166,207,175,143,87,75,73,78,151,172,227,182,166,143,87,109,141,153,177,162,187,185,194,201,165,114,94,111,149,219,234,192,144,72,45,38,43,53,76,90,100,85,82,47,59,40,38,64,125,161,206,210
145,106,56,65,71,116,164,181,179,150,102,62,44,27,39,28,41,54,56,68,85,56,50,41,50,66,120,144,149,161,144,76,50,45,62,64,97,133,184,194,151,104,75,44,51,70,105,160,165,166,168,141,98,56,81,93,131,176,192,199,178,128,96,94,147,179,164,186,176,163,209,215,164,98,104,104,162,216,239,197,115,72,43,34,48,58,77,87,116,96,58,47,49,42,43,62,123,179,199,203
150,91,64,58,83,109,144,215,195,136,108,57,38,28,30,37,43,36,55,81,70,74,43,47,51,73,111,139,154,141,140,83,60,44,47,64,102,148,182,192,144,116,59,33,57,74,106,152,167,174,159,141,113,96,71,78,128,185,193,193,160,138,113,109,124,149,192,171,168,174,206,181,173,120,101,96,173,244,213,209,114,77,51,26,40,57,86,104,99,100,68,47,36,41,58,69,127,165,211,184
145,100,49,52,87,105,154,195,201,152,116,62,30,33,21,33,54,39,47,73,75,63,56,45,54,63,95,142,160,165,129,83,50,31,49,89,97,154,168,181,154,93,62,50,41,64,113,131,185,176,171,135,101,81,72,87,129,192,187,181,166,142,117,114,111,157,197,193,181,162,176,204,171,129,72,91,197,234,219,200,110,71,50,38,40,48,81,94,109,86,79,57,43,50,43,65,119,181,196,202
148,104,49,41,86,119,168,213,185,159,109,56,27,21,25,28,53,43,64,62,59,61,58,55,56,78,111,130,170,169,113,95,54,36,38,73,113,158,189,157,167,110,65,52,31,80,89,168,193,187,159,129,101,77,76,87,139,164,198,206,159,134,106,118,90,178,168,188,186,145,213,210,184,104,90,114,158,239,213,214,109,65,45,35,35,48,102,100,100,95,58,60,52,53,44,70,111,177,221,184
151,110,51,38,87,124,194,185,189,143,104,54,27,17,29,35,44,41,58,63,80,70,53,42,64,64,125,118,162,148,139,79,61,36,36,77,113,153,165,171,136,107,77,52,49,60,104,163,176,187,177,119,98,88,63,93,122,156,212,197,168,134,128,114,104,139,199,168,163,169,236,192,159,139,99,112,158,199,241,190,129,81,36,42,35,57,81,105,101,95,69,75,33,39,48,61,139,165,217,186
151,91,53,46,80,129,192,187,213,147,79,58,25,22,27,27,41,53,53,67,77,67,52,41,43,71,119,163,172,145,115,62,60,54,61,68,117,132,167,169,141,114,73,41,59,60,118,181,168,172,165,133,92,76,79,101,137,146,207,211,149,129,129,122,114,134,183,171,186,197,188,198,137,122,107,132,181,219,217,185,133,80,57,43,31,43,76,90,115,90,80,73,36,35,45,43,120,174,207,212
136,98,51,54,73,123,194,198,170,153,103,48,25,15,19,30,41,49,67,74,76,66,48,40,53,80,102,148,164,154,116,80,54,53,55,96,113,137,146,200,127,98,72,59,48,59,104,166,187,161,183,124,119,83,82,80,113,166,224,180,187,121,99,136,115,168,161,192,183,185,183,200,150,118,102,154,156,199,235,176,130,75,55,42,43,52,58,116,110,96,84,60,35,42,30,70,118,182,217,210
132,93,46,50,79,134,181,214,189,141,109,37,29,22,13,23,31,42,61,94,74,60,64,41,52,64,115,155,161,157,107,73,74,59,50,79,110,130,176,176,154,85,71,56,48,70,96,159,187,178,181,130,92,67,87,95,99,177,218,195,161,132,109,115,120,154,172,185,189,164,197,185,158,120,100,139,193,196,211,201,125,78,49,41,41,54,85,95,93,126,81,46,40,35,39,49,112,173,235,212
155,91,54,47,89,136,151,203,216,150,86,43,26,23,19,22,30,39,61,77,85,59,51,48,43,69,97,144,165,160,107,87,76,42,54,75,102,144,181,163,158,100,67,50,49,76,119,150,170,183,170,125,98,75,81,97,117,154,213,201,196,104,99,113,125,154,175,156,182,204,212,194,148,115,114,137,168,213,228,208,120,84,51,43,40,52,63,107,119,108,83,66,40,27,34,44,99,173,231,218
150,96,67,46,73,127,150,203,198,163,96,45,25,26,12,17,29,46,61,67,75,71,48,46,49,80,94,144,163,151,123,83,57,55,59,66,82,148,196,167,143,114,57,42,47,82,125,154,169,179,168,137,95,72,75,91,117,174,203,193,180,133,111,105,138,133,163,182,177,184,199,190,139,125,125,112,159,196,231,213,134,84,44,31,52,46,78,99,114,94,95,69,47,35,34,47,92,189,249,206
171,84,57,42,64,128,188,228,186,138,110,54,21,12,22,25,27,55,61,56,74,51,64,37,53,67,106,153,131,186,136,84,61,47,52,61,93,150,170,192,156,105,61,48,49,75,110,155,175,174,157,113,95,85,79,81,127,181,195,206,165,138,94,94,141,142,168,180,177,199,182,175,164,124,115,98,153,224,251,204,119,75,40,37,39,59,80,112,100,93,82,63,57,40,34,44,91,181,212,233
159,107,69,39,76,117,201,204,195,153,105,68,22,10,14,20,42,43,48,74,75,56,43,53,60,80,98,140,158,160,143,92,51,35,52,55,85,148,198,170,152,114,64,44,47,76,103,177,205,173,150,116,96,52,91,106,122,166,203,196,192,129,110,130,123,134,172,177,181,193,185,194,142,131,126,102,144,227,235,206,122,85,41,26,34,64,75,110,117,88,84,70,58,39,37,48,99,165,220,216
158,122,47,47,73,119,183,195,203,162,89,61,25,16,15,30,39,38,58,58,66,52,40,52,52,78,114,131,162,164,136,96,43,54,43,65,96,129,189,175,160,104,69,43,59,65,94,148,187,185,163,134,99,77,87,91,130,167,199,200,171,139,121,122,122,145,177,172,173,195,200,200,134,111,122,108,169,235,218,212,128,79,47,39,35,63,85,117,109,111,95,68,49,36,28,62,95,165,226,207
167,88,64,45,65,125,161,211,186,166,94,57,28,20,14,26,28,44,42,69,57,60,47,38,62,85,104,125,134,145,133,107,70,52,48,58,97,132,177,200,153,103,49,48,52,90,104,140,155,193,149,136,107,86,90,94,123,155,188,193,173,121,122,122,128,156,180,169,171,206,201,189,127,102,108,129,154,213,230,210,135,70,48,43,46,48,66,98,127,124,97,77,62,35,40,59,97,142,240,215
163,82,43,41,78,122,178,182,198,166,100,37,32,21,22,22,30,41,46,60,54,51,59,47,61,94,101,120,141,171,121,92,75,58,46,58,84,135,186,172,174,117,62,37,36,68,113,140,184,188,154,159,90,85,87,97,138,165,188,186,169,127,114,101,127,162,168,177,192,187,177,195,169,111,77,126,175,203,222,215,135,80,38,42,44,44,70,97,131,107,96,93,46,33,36,65,94,167,229,230
145,86,54,56,78,124,161,206,191,149,100,56,31,26,19,19,31,38,70,56,49,50,54,53,72,75,107,127,145,155,121,94,71,57,47,49,97,135,187,193,154,117,65,42,48,68,118,138,169,177,181,155,88,78,65,86,142,191,194,205,163,131,112,107,125,181,173,187,171,178,203,190,148,128,85,85,187,239,227,187,140,78,45,40,39,52,55,74,135,124,117,68,45,31,30,68,110,171,216,225
164,80,44,56,88,105,184,187,205,155,75,60,33,24,10,17,28,55,39,59,42,73,45,54,60,76,100,134,132,164,119,107,72,41,54,67,82,144,201,182,152,113,55,40,41,66,118,130,186,201,163,135,86,76,83,77,137,168,208,210,170,97,113,99,122,176,214,149,183,189,189,206,168,97,98,95,170,226,246,206,107,62,53,42,48,47,63,104,126,127,110,66,41,28,35,75,105,178,225,218
147,82,54,51,69,116,187,221,198,147,97,43,23,20,15,25,26,38,59,61,54,59,48,35,50,81,106,124,138,147,133,95,54,63,64,75,84,141,195,168,153,103,67,39,47,75,100,151,166,210,172,127,97,76,72,81,133,191,218,225,158,99,89,110,133,175,191,180,171,191,209,189,148,112,106,95,166,231,244,192,120,76,56,34,43,50,72,98,122,117,103,69,44,28,34,51,107,184,252,215
159,72,64,41,73,102,181,197,189,167,104,59,35,18,14,22,39,40,57,50,63,56,45,37,36,71,102,141,177,170,132,79,56,54,64,64,100,151,173,174,148,118,55,42,52,61,113,149,186,182,179,132,87,68,74,81,139,189,225,201,149,115,105,98,130,165,176,172,199,201,215,177,132,110,105,128,152,206,261,186,118,60,51,44,48,55,73,103,149,134,82,67,48,37,35,53,94,175,238,202
135,91,58,51,61,106,164,214,206,135,127,70,26,22,13,16,37,36,51,51,59,60,56,38,40,65,105,142,161,176,125,76,54,43,60,70,107,149,179,176,149,99,67,44,33,69,96,153,198,181,187,114,99,62,70,80,143,183,196,205,160,116,91,107,169,164,159,184,200,200,203,179,141,98,100,104,177,250,233,169,135,71,52,46,49,56,78,115,115,115,86,69,54,44,40,49,103,166,235,218
151,95,59,50,75,115,176,199,211,150,116,55,35,19,15,16,31,45,44,46,60,53,33,35,59,69,93,147,166,190,122,72,44,54,53,58,91,150,166,193,152,115,60,49,41,67,99,155,158,209,165,143,92,69,68,111,155,155,206,197,152,113,95,104,142,184,168,176,186,197,180,187,155,128,100,102,168,218,248,166,134,67,45,35,45,61,80,106,127,109,96,68,57,53,25,49,116,183,224,212
167,90,49,56,64,129,170,204,184,164,88,65,27,18,13,27,25,46,46,62,60,38,35,33,58,80,92,143,165,165,132,95,46,42,53,80,87,151,161,191,159,93,69,45,40,79,113,128,145,205,187,136,93,86,84,100,121,162,219,205,150,120,103,106,132,183,176,184,168,218,187,174,160,122,95,135,177,244,228,169,123,71,45,38,45,52,81,107,117,114,102,79,58,35,42,56,95,148,194,221
167,88,50,69,68,136,178,201,187,148,106,47,18,29,16,20,29,39,52,59,63,51,37,30,51,70,98,141,167,162,130,97,53,35,45,74,119,142,154,197,155,119,60,57,39,65,98,130,154,208,206,134,93,69,81,75,124,176,199,213,153,119,101,99,147,159,177,187,175,192,204,181,140,110,113,121,183,255,224,159,121,77,57,38,42,65,75,107,121,108,99,73,63,38,47,55,105,179,209,213
142,102,68,60,77,140,181,204,206,143,76,39,27,21,6,20,26,41,57,62,57,36,40,44,40,67,101,134,155,180,115,72,51,51,54,66,109,132,172,174,171,98,73,54,46,66,94,136,199,188,179,140,95,64,53,93,117,152,233,224,164,117,98,100,131,194,188,170,169,201,190,180,167,118,86,133,172,253,212,197,128,65,50,34,35,61,83,123,111,120,107,89,49,32,23,66,94,169,216,225
148,123,62,55,67,116,171,213,187,142,107,49,26,14,10,18,37,42,46,60,60,50,27,30,43,59,110,144,174,169,128,75,50,32,47,86,108,161,151,157,152,133,68,41,41,81,88,136,205,186,166,136,111,65,54,87,124,170,213,215,183,137,93,105,136,165,202,186,164,186,180,209,156,118,77,122,168,228,232,198,133,72,40,41,38,57,90,124,118,111,97,74,58,41,39,60,94,179,204,201
166,128,71,58,60,132,184,195,173,157,99,48,38,15,11,23,27,38,39,53,59,60,35,29,45,68,100,156,161,177,103,77,49,52,56,67,104,129,185,181,149,121,61,40,50,66,104,155,179,197,150,136,101,83,67,83,105,184,184,216,173,126,114,96,131,170,190,175,186,175,214,207,148,108,92,109,173,223,252,164,128,77,40,27,56,61,89,118,128,115,100,86,54,47,45,57,95,149,221,213
159,117,68,43,77,133,160,210,196,134,96,69,31,15,11,19,38,28,45,47,73,44,47,40,31,64,119,149,157,137,116,80,62,44,61,80,98,147,150,161,177,115,68,29,40,72,105,144,187,183,174,127,122,63,66,82,121,194,211,199,155,129,110,108,117,174,185,183,183,175,192,201,147,99,116,135,167,229,218,208,120,61,51,37,41,62,86,110,119,117,91,99,54,39,46,50,77,155,226,236
175,133,62,46,71,117,179,199,195,144,109,65,27,22,18,20,29,33,40,34,61,42,46,42,51,80,104,165,145,146,112,75,67,35,47,76,106,148,155,167,149,131,81,44,35,68,110,135,162,190,180,139,102,71,67,89,124,171,216,192,163,119,116,112,124,151,186,186,197,186,168,176,171,132,107,111,193,214,224,197,114,78,45,39,44,67,84,95,122,130,99,82,51,40,34,48,75,142,229,216
174,108,67,45,64,135,182,211,185,160,91,76,31,25,21,15,22,35,39,35,54,53,47,43,57,73,85,157,154,161,114,69,37,46,58,54,89,148,157,193,143,117,73,45,41,54,96,139,179,185,177,144,93,69,76,82,139,185,209,210,153,116,103,115,114,143,182,207,204,175,185,201,178,112,108,108,162,222,205,212,139,84,44,39,44,59,95,91,126,138,102,71,54,40,47,45,77,153,222,231
192,104,61,51,72,123,162,202,205,167,116,58,24,22,22,18,20,29,46,41,59,46,47,34,45,73,80,143,184,170,128,59,48,48,49,66,88,129,191,187,177,113,61,46,48,61,113,135,182,170,175,124,109,78,61,98,127,163,205,223,176,113,99,108,117,160,177,193,192,184,192,187,173,135,109,99,164,229,226,212,130,72,53,38,45,40,84,102,130,122,114,85,67,38,46,35,89,156,210,208
180,106,79,72,67,108,193,197,180,176,115,73,25,14,15,17,24,35,52,39,44,52,33,36,39,68,96,146,171,151,134,75,37,35,55,71,99,125,176,187,173,99,70,35,52,52,102,153,188,196,156,126,103,70,72,81,136,159,213,209,151,115,94,112,79,171,195,185,197,176,207,210,168,112,95,113,165,224,238,207,128,80,54,40,43,46,86,111,115,115,108,94,62,47,38,50,89,139,196,219
171,113,75,64,85,100,178,194,183,171,112,72,40,19,14,20,17,38,40,44,48,42,25,44,44,74,108,133,163,150,122,87,51,50,46,75,87,118,168,187,180,117,58,39,54,63,96,141,186,165,177,134,97,86,57,100,116,167,198,205,177,130,92,96,115,163,203,187,192,178,211,211,161,116,112,115,157,205,241,200,140,74,39,54,35,51,66,114,121,117,118,82,60,49,35,54,86,153,199,206
159,117,73,72,85,121,145,200,195,169,106,72,39,19,18,17,21,31,44,48,49,49,42,44,35,59,97,145,161,167,131,75,59,49,47,61,88,121,167,202,159,125,56,69,31,65,82,169,165,190,191,123,95,63,81,81,113,166,196,191,178,128,98,115,122,169,193,184,180,211,178,194,154,155,96,109,128,225,259,202,135,85,50,61,35,51,69,95,140,119,102,84,85,40,51,55,79,158,219,222
156,116,77,75,81,116,157,213,200,175,114,77,46,21,10,14,24,32,41,41,55,46,46,40,43,55,84,114,167,187,145,80,47,44,33,64,91,133,155,192,175,112,81,40,53,47,98,165,184,177,170,136,92,73,74,81,117,171,203,213,189,105,99,98,138,170,190,209,172,181,192,174,143,142,121,114,144,209,245,211,135,79,50,54,40,53,63,97,127,126,122,98,60,39,32,65,108,159,189,186
180,120,69,62,80,139,162,191,169,134,117,89,45,29,15,15,26,31,40,47,51,49,47,30,36,61,82,120,164,167,149,86,58,52,50,48,93,102,164,195,157,122,66,50,42,57,93,143,197,192,166,138,94,69,71,76,119,155,183,204,181,122,109,86,110,156,192,215,198,190,183,178,158,117,117,115,168,191,234,218,125,91,54,53,51,61,79,110,113,116,112,80,65,37,45,46,93,156,197,200
163,113,76,61,85,128,188,179,183,150,121,71,47,34,29,24,26,31,37,56,45,51,38,30,34,50,92,129,155,146,134,103,54,44,53,68,75,122,164,201,164,94,74,54,56,69,95,141,157,201,190,123,96,69,82,87,111,150,202,202,179,135,102,91,115,158,190,197,180,189,172,187,157,117,106,147,147,229,243,203,129,97,38,51,48,51,76,104,137,115,105,78,70,35,46,44,79,170,205,212
180,105,71,71,93,114,159,176,181,172,109,84,45,25,29,30,34,34,49,44,53,46,38,39,34,52,90,132,159,158,113,108,60,48,54,68,88,129,163,166,157,114,73,49,52,75,108,132,147,191,180,139,100,71,74,86,115,157,205,219,148,139,99,96,111,172,172,184,207,179,197,204,147,93,106,134,196,216,227,188,142,106,57,48,52,58,74,97,102,130,110,91,65,45,37,46,89,123,220,221
184,100,54,62,92,124,163,194,185,154,123,72,39,30,31,32,25,43,40,41,49,46,41,37,37,51,86,130,149,142,114,99,54,44,65,67,96,123,158,186,146,100,73,50,68,76,93,121,169,191,182,112,95,91,73,81,110,164,202,198,173,130,103,103,110,164,181,212,169,221,190,184,158,125,94,142,146,234,229,198,123,113,68,58,50,60,81,81,112,103,109,93,63,46,36,47,78,155,204,244
171,98,79,77,76,110,156,194,187,151,121,88,38,26,28,27,28,45,58,43,32,42,41,47,35,46,84,124,147,159,125,94,52,54,68,78,106,122,158,157,126,109,93,62,61,69,86,120,153,170,193,134,102,69,79,91,116,173,198,185,172,132,116,111,126,152,188,167,196,215,194,181,141,123,110,120,152,224,218,196,152,113,77,62,53,64,65,107,111,124,111,86,62,47,45,43,77,142,206,240
170,119,92,83,83,107,146,170,175,188,120,76,57,40,27,24,31,41,51,52,48,37,33,45,42,47,72,109,161,172,113,81,63,49,71,64,105,128,139,153,144,120,86,60,52,69,107,105,143,176,169,152,97,83,76,80,114,176,185,188,181,131,115,97,113,136,185,191,201,192,205,166,142,112,108,148,136,207,237,208,141,116,79,66,49,63,68,80,125,130,106,98,66,61,32,51,71,138,193,212
176,128,76,90,88,101,148,165,193,176,140,77,67,39,29,26,26,39,61,51,57,42,27,30,33,55,83,123,149,142,112,105,75,45,73,86,100,106,125,179,136,120,75,57,57,77,95,126,124,162,173,155,122,90,90,81,109,153,177,185,178,127,123,97,108,155,191,195,198,175,185,187,149,106,121,118,154,204,257,185,157,115,83,72,47,58,75,93,110,103,125,100,82,70,47,55,73,124,164,202
171,130,95,70,77,92,146,174,177,189,130,86,63,34,35,34,33,43,53,50,53,52,36,27,34,56,83,112,113,144,116,100,71,70,67,81,92,108,131,162,153,108,85,61,65,66,89,118,142,167,179,137,123,104,73,89,90,163,187,177,182,145,124,99,105,145,186,199,198,175,194,171,158,129,90,126,155,230,233,206,146,132,79,67,65,58,79,109,91,95,110,101,71,63,66,46,76,118,186,172
172,118,77,85,85,98,136,163,144,184,138,93,59,34,41,39,31,44,40,54,58,44,37,32,35,41,74,115,134,118,105,84,91,67,75,72,80,103,133,151,140,114,86,70,66,69,88,112,152,160,142,130,124,97,80,98,96,127,171,174,175,150,104,103,117,141,166,207,175,188,167,174,151,126,111,114,176,209,243,196,145,97,88,57,71,75,83,98,83,94,115,100,86,66,54,51,57,126,173,184
152,115,73,82,81,101,136,136,158,155,130,81,56,46,31,26,37,31,30,39,57,53,33,33,34,39,75,84,111,118,79,79,64,60,73,87,73,97,117,134,117,111,90,70,52,59,84,90,137,138,163,120,110,90,79,98,90,108,134,160,171,133,113,105,96,117,164,177,185,179,168,146,148,119,119,131,173,211,198,181,118,97,73,63,60,60,84,91,99,89,87,80,79,70,49,50,68,96,141,165
114,95,55,46,67,90,91,94,119,119,88,72,51,31,30,21,30,28,29,16,41,35,26,25,19,29,57,59,81,83,67,59,47,43,53,59,68,93,101,95,89,72,54,47,47,48,55,65,104,117,116,104,88,67,65,80,79,92,116,111,120,114,101,75,87,94,116,165,150,148,150,123,122,113,99,134,144,162,145,133,109,96,64,58,49,45,56,72,73,63,68,65,55,46,44,52,48,95,107,117
56,55,41,32,41,44,44,76,54,61,59,36,21,31,14,15,12,15,8,14,13,17,23,12,12,22,30,31,45,52,54,40,30,18,26,28,35,49,49,49,55,48,34,19,28,32,28,47,50,69,66,62,50,48,34,48,55,55,54,78,87,58,58,57,64,48,53,104,112,124,112,99,73,66,73,72,94,102,97,76,71,46,42,36,28,23,27,35,37,35,33,24,31,23,16,13,35,48,80,59
16,24,18,17,16,20,19,25,24,27,5,13,8,6,3,8,3,3,4,5,8,5,2,2,9,7,17,19,15,16,9,14,3,3,9,8,13,21,23,14,17,12,8,10,9,16,17,18,18,26,29,17,25,17,19,19,31,28,37,40,22,41,20,21,27,23,37,47,54,60,49,51,50,38,40,44,40,51,44,38,21,23,9,13,9,10,7,13,15,8,12,6,10,6,6,4,10,19,20,21
3,4,1,1,3,3,6,5,4,3,3,4,0,0,1,0,1,0,3,1,0,0,1,0,0,0,3,9,2,3,4,0,0,0,1,1,3,5,4,2,2,1,2,1,3,2,4,1,2,3,3,7,9,2,1,5,8,8,6,4,6,4,7,6,8,7,10,9,10,13,13,23,14,11,10,15,11,13,16,12,7,3,2,4,3,3,0,2,1,1,4,2,3,0,0,1,2,3,0,1
0,0,0,0,0,0,0,0,0,1,2,0,0,0,0,0,0,0,0,0,0,0,0,0,0,0,0,1,0,0,0,0,0,0,0,0,0,0,0,1,1,0,0,0,0,1,1,0,0,0,0,2,2,1,1,0,1,3,2,0,1,1,0,1,2,2,1,2,4,2,3,2,3,3,2,7,0,7,3,2,1,0,0,0,0,0,0,0,0,0,0,0,0,0,0,0,0,0,0,0
0,0,0,0,0,0,0,0,0,0,0,0,0,0,0,0,0,0,0,0,0,0,0,0,0,0,0,0,0,0,0,0,0,0,0,0,0,0,0,0,0,0,0,0,0,0,0,0,0,0,0,0,1,1,0,0,0,0,0,1,0,0,0,0,0,0,1,0,0,0,0,1,1,0,0,0,1,0,0,0,0,0,0,0,0,0,0,0,0,0,0,0,0,0,0,0,0,0,0,0
0,0,0,0,0,0,0,0,0,0,0,0,0,0,0,0,0,0,0,0,0,0,0,0,0,0,0,0,0,0,0,0,0,0,0,0,0,0,0,0,0,0,0,0,0,0,0,0,0,0,0,0,0,0,0,0,0,0,0,0,0,0,0,0,0,0,0,0,0,0,0,0,0,0,0,0,0,0,0,0,0,0,0,0,0,0,0,0,0,0,0,0,0,0,0,0,0,0,0,0
0,0,0,0,0,0,0,0,0,0,0,0,0,0,0,0,0,0,0,0,0,0,0,0,0,0,0,0,0,0,0,0,0,0,0,0,0,0,0,0,0,0,0,0,0,0,0,0,0,0,0,0,0,0,0,0,0,0,0,0,0,0,0,0,0,0,0,0,0,0,0,0,0,0,0,0,0,0,0,0,0,0,0,0,0,0,0,0,0,0,0,0,0,0,0,0,0,0,0,0
0,0,0,0,0,0,0,0,0,0,0,0,0,0,0,0,0,0,0,0,0,0,0,0,0,0,0,0,0,0,0,0,0,0,0,0,0,0,0,0,0,0,0,0,0,0,0,0,0,0,0,0,0,0,0,0,0,0,0,0,0,0,0,0,0,0,0,0,0,0,0,0,0,0,0,0,0,0,0,0,0,0,0,0,0,0,0,0,0,0,0,0,0,0,0,0,0,0,0,0
0,0,0,0,0,0,0,0,0,0,0,0,0,0,0,0,0,0,0,0,0,0,0,0,0,0,0,0,0,0,0,0,0,0,0,0,0,0,0,0,0,0,0,0,0,0,0,0,0,0,0,0,0,0,0,0,0,0,0,0,0,0,0,0,0,0,0,0,0,0,0,0,0,0,0,0,0,0,0,0,0,0,0,0,0,0,0,0,0,0,0,0,0,0,0,0,0,0,0,0
0,0,0,0,0,0,0,0,0,0,0,0,0,0,0,0,0,0,0,0,0,0,0,0,0,0,0,0,0,0,0,0,0,0,0,0,0,0,0,0,0,0,0,0,0,0,0,0,0,0,0,0,0,0,0,0,0,0,0,0,0,0,0,0,0,0,0,0,0,0,0,0,0,0,0,0,0,0,0,0,0,0,0,0,0,0,0,0,0,0,0,0,0,0,0,0,0,0,0,0
