parameters (x,y,w,h,rx,ry):-5,0,10.000000,40.000000,100,100
58,49,45,42,38,52,74,71,56,50,54,38,40,39,50,45,53,70,68,66,57,31,31,33,25,33,29,36,37,41,30,30,37,34,48,43,51,47,47,27,41,22,29,17,43,43,60,61,77,50,48,36,31,29,41,41,61,67,57,72,56,40,52,32,55,50,61,77,70,60,50,50,49,59,50,54,72,70,69,47,51,41,38,66,45,53,71,67,78,74,56,50,60,48,38,52,71,75,61,60
135,114,94,87,78,107,144,143,147,126,117,76,58,58,91,93,138,149,152,137,104,102,71,56,72,64,90,82,80,87,71,81,87,89,76,114,119,109,79,68,62,39,41,48,71,100,111,137,178,153,94,84,58,80,76,124,130,168,142,163,115,83,79,86,91,122,128,170,156,138,118,121,89,127,139,157,153,150,147,160,108,103,108,103,117,114,139,168,180,175,121,117,104,119,100,98,138,145,157,160
147,113,77,76,90,99,131,149,146,147,124,83,57,59,62,98,111,171,173,149,120,75,63,53,50,66,76,83,111,90,86,73,67,78,97,120,144,108,93,68,47,41,38,32,58,81,119,162,188,154,125,69,58,58,86,105,124,172,175,164,140,64,68,68,104,111,133,157,155,159,114,123,110,105,107,145,175,154,176,156,114,106,99,71,109,144,149,173,191,154,136,104,112,94,108,118,129,138,161,174
141,107,68,71,81,121,130,158,170,136,107,69,61,57,65,84,124,166,178,157,106,74,62,57,54,55,83,90,94,84,91,66,74,76,97,118,122,133,89,81,47,40,35,30,41,77,113,162,181,178,105,70,66,51,69,79,146,192,171,169,117,96,64,52,94,105,155,156,175,134,112,122,120,116,120,128,167,178,184,153,124,109,103,81,90,122,160,192,213,156,127,127,103,118,98,107,129,121,180,201
149,121,72,71,87,120,159,158,157,147,99,68,51,61,53,99,135,159,185,155,103,72,67,56,62,51,85,94,94,82,76,71,71,89,70,107,126,129,124,78,48,33,26,26,35,81,144,170,183,161,105,74,60,55,60,86,121,204,190,169,142,70,54,69,74,89,135,168,156,150,131,125,105,121,100,134,138,206,171,180,126,115,90,86,89,114,138,190,180,180,125,133,105,82,93,109,113,145,175,177
126,118,60,70,89,120,147,182,145,133,104,62,56,54,59,73,135,164,180,166,112,69,61,57,60,60,77,103,92,88,85,69,75,76,93,100,117,113,113,77,64,36,28,24,42,71,111,189,203,143,112,88,60,44,64,105,115,157,225,196,131,104,56,47,89,92,114,151,173,162,139,98,105,99,120,122,158,203,191,150,123,108,87,100,108,124,154,183,165,188,156,120,82,84,94,112,125,155,196,182
134,111,80,64,100,108,161,159,166,134,116,72,50,39,61,88,148,171,179,172,115,77,50,59,47,60,84,81,113,83,88,72,65,71,85,101,120,121,103,92,62,42,36,29,36,68,125,174,174,158,118,91,50,50,61,79,119,171,201,190,144,91,71,44,64,103,130,153,183,169,129,104,117,103,110,121,174,171,182,172,153,101,98,85,108,117,155,174,198,183,136,110,95,80,85,92,137,165,188,195
149,112,82,60,100,122,142,187,157,141,98,76,59,31,51,99,127,191,188,158,103,71,70,49,50,69,73,100,119,94,80,68,64,69,73,111,109,121,120,94,53,34,32,32,55,69,129,162,165,152,137,84,57,45,58,65,129,149,210,200,167,96,59,55,57,99,113,154,163,171,147,130,87,97,123,122,161,183,177,170,134,87,98,96,87,136,160,195,185,187,143,110,93,80,71,104,120,168,183,173
134,119,86,66,77,120,143,171,170,156,100,65,50,40,56,100,110,167,187,192,108,86,55,43,55,57,83,90,103,104,86,70,58,54,85,94,125,134,122,96,52,36,21,41,54,79,94,167,188,179,113,73,56,48,46,69,130,171,207,193,161,84,48,52,57,89,137,153,193,161,137,101,82,98,126,136,147,167,209,184,123,108,97,80,82,118,157,169,200,182,160,105,110,76,85,97,118,168,168,198
160,121,61,56,85,125,148,166,177,157,109,80,45,43,63,79,139,164,169,181,128,63,71,47,52,56,69,104,115,100,75,68,52,63,75,95,128,132,117,91,47,38,26,27,41,68,115,161,182,164,132,75,46,45,64,69,126,196,217,190,136,82,66,56,53,97,122,169,175,164,141,94,85,104,104,138,151,194,199,175,141,88,85,91,97,118,153,200,191,177,150,116,90,94,73,79,121,169,172,188
182,121,80,58,76,110,153,197,163,136,119,85,47,37,51,80,138,193,189,163,96,73,60,49,56,60,89,106,121,100,73,56,67,65,79,94,135,143,102,71,44,41,31,29,46,78,105,166,193,180,127,89,51,49,47,55,128,179,202,196,156,87,50,53,57,97,121,162,192,178,126,122,74,89,105,117,166,208,194,188,132,90,92,81,106,121,162,173,201,184,170,114,81,93,58,96,110,148,183,181
158,131,71,52,88,124,130,166,196,149,120,52,52,45,57,89,117,201,195,143,115,74,62,43,51,57,90,103,112,97,70,59,60,64,71,114,139,132,121,70,56,27,27,26,52,72,119,149,181,163,146,87,53,41,46,66,133,185,205,220,132,95,54,36,56,81,120,166,192,190,152,88,87,90,107,116,153,182,200,189,145,84,86,77,108,132,146,199,197,174,144,107,91,86,92,100,105,156,180,185
176,106,79,56,75,124,139,157,210,145,109,60,33,48,42,93,149,190,195,157,114,71,43,40,61,61,81,82,132,104,67,55,58,72,96,127,117,136,105,74,38,32,33,23,45,74,107,164,182,179,143,84,56,44,46,62,125,193,205,195,155,83,66,31,51,96,133,157,182,182,142,102,86,72,111,146,148,195,183,177,134,113,76,81,84,128,147,206,196,171,142,131,100,72,82,100,116,174,175,207
160,112,57,56,72,107,140,171,218,153,100,64,37,37,41,82,160,189,192,157,108,79,62,49,54,57,75,95,123,106,76,57,45,62,101,113,138,129,96,73,45,33,21,17,40,74,116,160,199,191,139,93,46,37,46,59,119,185,218,207,141,90,53,57,44,96,123,184,161,152,132,122,80,83,101,138,162,182,213,165,122,95,88,75,103,100,141,206,219,185,152,116,78,74,72,117,110,156,190,207
160,116,65,60,83,88,139,189,163,160,113,64,46,37,42,79,131,193,192,185,108,66,60,51,44,63,75,97,106,102,89,58,47,54,96,123,148,117,98,82,61,25,20,15,35,76,100,151,178,210,166,86,50,33,40,66,124,176,231,177,145,95,46,55,62,92,141,168,177,153,117,103,89,90,92,131,171,204,218,146,126,85,74,90,99,106,153,188,217,207,133,105,89,90,80,95,119,156,205,202
164,105,82,59,75,103,131,185,173,142,122,76,44,42,50,91,118,189,201,174,127,77,52,52,47,54,81,93,113,117,81,53,48,56,89,112,136,135,105,78,45,31,28,16,35,63,94,170,201,187,152,104,50,33,34,83,111,182,215,174,160,104,54,41,55,104,132,140,167,179,134,105,89,100,97,115,188,194,193,173,126,87,98,92,89,102,147,176,218,186,162,100,88,70,78,89,129,172,188,195
153,121,74,62,85,97,121,174,175,151,142,77,42,38,54,93,134,160,188,199,120,70,59,39,45,54,100,96,121,102,80,54,38,57,88,111,150,106,136,90,50,21,29,24,29,60,99,173,218,199,116,95,50,32,22,69,153,170,205,191,140,86,59,40,51,85,123,161,171,189,133,97,91,98,98,149,156,193,185,155,139,100,82,102,94,116,155,187,190,182,162,130,87,73,70,82,110,164,216,201
159,118,71,46,73,88,139,187,169,151,112,91,43,35,67,86,130,189,186,190,98,83,52,39,49,63,98,87,111,96,88,44,50,60,95,97,124,137,125,71,59,35,17,17,26,68,107,171,212,217,145,87,39,20,27,78,96,181,203,178,163,93,49,58,45,72,118,146,206,176,152,109,92,76,118,132,180,176,180,177,138,79,77,100,79,111,162,208,198,167,154,132,103,72,73,79,133,156,200,208
162,111,74,58,54,96,139,185,187,143,117,67,55,35,43,97,131,179,217,157,118,85,56,53,50,45,75,107,119,100,76,47,42,64,81,125,138,145,120,77,56,32,16,16,35,51,132,170,183,215,151,94,43,35,39,62,99,189,199,199,150,97,46,39,56,77,115,166,187,200,135,101,93,99,112,130,185,193,161,159,130,99,71,89,103,90,167,213,195,189,152,120,79,82,82,74,117,184,184,201
146,98,73,66,69,87,151,179,187,141,107,74,40,24,39,87,128,199,186,175,111,105,68,51,50,56,67,87,116,101,77,52,51,60,90,101,152,161,117,95,46,30,20,18,39,74,109,152,201,158,138,110,44,33,43,60,124,181,205,205,155,101,47,26,44,81,122,153,175,188,159,118,84,87,92,142,176,183,200,159,104,94,83,84,92,100,206,196,182,183,149,133,109,77,77,90,117,161,208,185
153,81,77,60,70,95,132,203,176,144,121,71,45,31,58,75,127,168,191,158,141,88,60,43,50,58,79,100,105,99,79,65,47,68,78,111,154,146,135,79,59,22,23,26,38,66,104,164,210,179,126,89,67,28,33,66,115,176,218,230,151,89,55,46,64,62,115,144,192,172,163,112,81,92,96,152,155,204,182,167,117,91,83,90,90,125,176,201,194,163,137,130,101,96,67,91,137,158,211,188
161,112,72,61,71,106,158,197,168,157,116,63,40,36,45,73,126,204,193,187,117,77,61,39,49,54,79,100,110,98,82,55,47,73,89,110,150,162,127,72,38,35,13,12,44,75,95,160,199,197,129,77,54,32,38,71,135,169,209,198,140,102,59,55,41,57,114,152,192,187,169,111,72,73,100,131,175,198,203,159,118,92,89,73,83,120,188,207,189,188,129,129,80,102,70,90,129,173,167,190
161,117,88,52,62,97,172,195,172,146,102,77,35,22,54,66,135,206,177,185,111,86,59,52,51,54,72,79,117,110,77,50,46,80,84,135,115,180,100,84,42,31,22,13,38,60,101,178,213,186,142,81,53,21,34,65,116,177,229,174,152,96,70,46,56,58,105,171,200,179,153,107,69,82,93,121,191,205,195,156,136,103,91,72,90,123,167,203,200,174,156,116,91,83,86,85,137,163,193,185
151,113,82,58,58,102,158,177,216,145,89,60,53,33,48,65,117,187,221,173,117,80,60,50,44,59,81,81,110,108,69,65,55,76,82,100,148,127,137,91,52,23,9,20,37,61,104,160,220,177,132,94,45,29,40,67,111,179,200,198,171,109,43,39,47,76,118,166,192,204,140,110,76,76,88,135,159,216,180,154,115,98,89,79,93,104,189,202,202,157,149,140,99,83,72,95,129,164,188,163
155,111,74,56,74,91,163,181,195,155,85,56,55,40,45,68,130,169,207,175,123,84,60,49,53,71,80,101,76,99,81,78,50,58,79,101,134,167,118,93,59,41,16,18,32,49,97,169,206,181,131,91,51,30,49,65,120,189,206,201,156,86,48,42,42,75,124,167,194,191,138,99,71,68,109,128,150,202,172,175,112,96,80,88,99,112,172,215,201,158,136,133,110,102,84,97,109,169,188,181
181,104,80,72,86,114,160,193,188,134,100,56,54,42,42,79,131,166,192,163,127,73,50,62,54,51,86,92,103,111,85,75,49,51,87,103,137,146,135,85,61,39,19,15,30,46,97,166,224,175,149,78,50,36,41,53,111,186,228,219,136,81,50,38,44,76,119,184,178,180,150,96,81,63,91,130,127,199,198,161,127,87,82,93,111,128,160,197,217,191,132,109,103,94,83,93,129,155,159,206
166,116,77,64,78,103,161,170,201,150,95,51,54,39,46,67,116,164,207,167,123,63,55,47,75,62,88,86,99,90,84,62,73,75,86,128,126,151,117,106,49,33,23,21,23,40,107,143,230,196,133,83,45,36,49,70,104,187,220,209,129,92,50,49,48,70,110,170,200,170,151,107,80,71,92,127,155,171,198,170,134,89,90,87,85,104,176,192,206,193,131,121,104,86,70,99,139,144,174,183
164,98,83,73,97,117,145,193,167,150,103,62,51,36,50,64,114,174,177,180,142,82,58,55,50,62,85,102,94,102,63,75,77,72,82,121,130,141,130,97,47,25,19,22,25,54,100,165,211,185,141,83,50,36,41,50,122,178,213,198,151,105,49,43,40,81,101,163,191,171,173,112,85,68,79,140,175,190,182,176,119,96,79,79,84,121,176,206,217,182,121,128,100,79,75,94,135,154,174,215
178,106,73,81,90,115,147,189,167,141,100,71,59,41,47,75,104,159,181,185,137,83,58,54,41,76,87,99,102,86,74,73,66,74,82,111,145,150,134,92,46,28,23,20,31,64,110,170,200,188,133,71,49,39,30,62,127,197,204,205,149,102,54,35,45,70,110,166,158,170,158,112,76,79,86,140,190,193,173,176,125,87,71,51,103,114,174,207,240,159,127,119,109,98,84,89,112,149,203,200
162,118,76,83,64,114,143,203,188,152,110,56,39,52,45,75,118,157,168,175,135,85,58,44,46,62,83,102,99,97,75,62,70,78,97,104,139,161,110,106,44,29,15,23,27,60,114,172,205,183,124,71,48,36,34,61,117,177,203,201,168,98,66,29,53,81,110,138,195,167,147,123,75,63,94,139,166,196,196,169,124,108,79,62,73,125,149,197,199,177,151,138,112,67,76,84,112,162,183,203
163,135,82,79,68,109,152,182,196,152,111,69,43,42,48,77,111,159,178,170,142,85,59,48,51,47,92,97,109,91,82,63,61,78,100,101,121,154,129,85,54,36,18,22,36,65,131,161,206,190,135,67,44,37,41,59,118,197,214,188,131,97,61,48,39,62,119,152,169,179,159,124,87,71,96,127,152,206,199,167,131,98,52,67,91,122,169,202,189,170,139,119,118,93,72,92,116,158,172,192
181,125,79,67,85,112,167,185,170,158,107,61,45,32,51,98,111,148,191,169,133,102,48,47,47,75,70,90,106,98,86,67,54,66,92,108,134,136,119,114,56,31,17,19,23,74,133,192,178,162,139,76,37,39,40,64,96,182,226,188,147,92,55,48,42,70,108,168,164,192,145,118,89,76,84,117,161,209,220,174,140,86,59,66,91,132,181,163,196,181,133,96,100,96,89,83,96,149,224,192
188,131,85,73,93,93,158,196,178,153,96,64,42,38,49,70,133,166,189,178,133,84,64,49,46,67,77,95,98,95,91,58,52,69,91,120,141,130,130,100,60,25,17,19,33,72,108,172,207,176,118,95,58,27,44,51,115,180,202,212,154,76,63,46,51,80,101,167,185,174,159,117,84,67,87,117,155,183,220,164,145,100,52,80,76,126,187,199,211,185,142,96,98,88,104,82,111,129,178,200
193,152,85,53,88,107,165,180,196,161,99,54,27,40,50,75,125,163,178,182,124,97,62,48,50,61,80,89,104,101,84,65,57,72,79,120,119,146,125,90,60,33,27,9,44,65,118,166,180,181,136,97,47,22,22,64,128,175,210,193,145,97,59,46,51,69,111,173,169,203,140,107,79,86,97,111,149,197,207,176,135,94,58,75,88,123,176,193,221,167,132,101,89,76,81,94,94,132,196,184
208,105,84,57,69,123,150,189,187,163,108,73,38,30,60,91,108,156,191,184,131,79,59,41,69,84,88,87,107,92,78,71,44,76,96,102,156,145,135,94,51,24,14,19,49,79,119,155,188,171,146,99,43,35,31,56,110,176,203,223,140,91,61,45,42,71,118,144,195,180,141,94,79,106,84,121,167,166,207,190,142,97,62,55,85,133,186,224,196,171,126,99,105,83,73,93,87,160,182,191
150,114,81,68,71,130,168,159,181,145,107,73,37,36,45,72,118,147,205,192,126,76,55,47,49,61,99,109,115,87,71,53,76,76,75,112,150,154,129,85,60,30,16,15,31,75,126,171,200,187,137,78,46,40,32,61,100,146,231,203,142,108,61,48,48,74,116,131,185,201,152,106,63,75,92,140,151,185,188,176,133,100,66,57,86,141,195,222,194,161,141,108,99,66,75,89,103,129,188,243
178,125,84,57,81,123,159,188,145,145,113,70,50,49,51,70,111,170,188,182,127,81,67,48,55,66,90,103,119,103,72,69,57,76,93,114,130,164,127,96,60,24,17,16,35,56,115,178,213,187,127,68,41,42,30,49,101,165,219,229,137,84,67,40,50,70,111,140,187,184,152,103,75,72,96,108,165,218,174,172,131,103,65,72,90,145,170,209,210,188,151,110,93,76,69,98,98,146,197,206
182,138,86,58,68,121,160,179,175,141,111,67,47,30,48,73,137,166,194,156,132,85,64,43,57,60,77,90,117,120,76,61,57,63,89,119,133,136,136,97,45,33,15,23,37,63,98,197,221,176,128,72,58,30,33,53,103,175,206,216,148,93,59,46,49,70,107,141,203,185,151,87,82,66,88,128,164,183,211,182,117,94,58,72,94,133,188,189,184,182,143,132,97,83,68,84,96,145,200,191
192,123,88,65,69,97,122,200,171,159,128,74,36,37,50,73,112,161,213,185,116,93,53,52,42,67,82,118,116,103,75,73,56,62,97,141,137,132,124,77,55,30,18,19,36,62,119,172,211,184,130,73,48,37,25,55,103,172,215,182,186,91,53,50,59,74,98,144,199,194,158,92,62,74,100,121,161,191,191,172,139,94,74,57,97,124,186,179,178,167,153,118,106,75,73,89,119,145,175,190
169,147,68,66,64,108,125,189,189,163,116,74,42,30,40,64,130,177,199,171,124,100,51,51,45,67,84,98,114,94,84,56,45,88,103,114,138,148,129,70,47,35,18,27,35,55,116,179,204,195,150,80,47,27,28,61,91,169,225,212,143,79,44,39,51,81,100,154,183,194,160,114,66,67,75,133,148,204,196,167,124,91,67,70,93,118,167,193,196,192,142,116,108,79,77,95,116,157,181,188
143,123,85,67,64,121,164,197,189,171,103,60,36,37,58,58,104,168,194,180,145,88,63,33,53,70,93,108,116,94,61,53,76,78,100,118,118,171,133,90,56,28,16,20,22,70,115,176,219,194,141,88,45,26,45,54,77,172,225,211,149,95,47,43,55,74,94,151,214,164,152,101,88,77,70,117,155,188,211,173,127,69,81,67,88,117,180,178,199,192,145,130,93,87,84,88,105,134,212,211
174,106,65,67,59,94,157,224,183,134,105,71,52,41,45,67,107,158,230,155,155,90,49,51,54,62,104,94,109,93,52,44,62,77,117,91,151,148,144,111,48,23,15,14,25,69,126,180,199,200,143,74,43,33,33,56,92,157,200,219,150,116,53,31,54,69,96,159,232,195,134,93,82,65,79,114,168,177,189,203,130,82,67,72,80,127,184,203,200,154,159,119,123,78,92,70,126,147,190,185
174,117,85,62,68,100,142,215,179,151,102,64,51,46,38,83,121,173,190,182,115,102,50,57,37,63,82,114,98,105,69,51,56,67,90,119,146,151,154,100,61,28,11,10,26,68,119,199,195,182,118,90,44,36,37,49,109,165,207,218,150,93,53,33,44,72,125,179,204,190,140,88,70,76,80,135,139,186,216,174,147,91,70,54,91,122,156,206,204,167,142,127,85,81,85,86,127,163,195,191
162,114,89,57,78,105,155,176,212,149,85,77,43,38,39,59,129,178,218,179,107,93,71,48,41,59,74,91,107,100,68,71,64,63,95,116,145,129,151,108,68,31,8,12,25,62,142,176,192,189,136,88,50,33,35,58,90,190,212,198,145,95,51,34,25,86,117,168,197,191,163,103,63,74,75,123,146,179,218,171,135,97,70,66,66,121,151,211,202,185,155,123,101,108,74,68,121,155,204,176
153,114,83,73,70,101,134,183,209,156,104,64,47,25,36,88,127,172,196,184,129,80,48,58,46,48,81,100,108,99,83,71,68,71,64,134,153,158,150,93,63,40,16,15,27,53,133,185,199,187,155,74,52,37,38,58,106,159,187,210,173,92,58,31,46,64,113,169,196,183,150,123,79,64,84,124,166,198,222,161,105,96,73,64,85,108,163,207,187,171,151,135,104,86,70,94,111,164,207,171
155,110,85,64,80,101,151,209,197,142,101,58,48,45,44,76,114,199,193,183,115,87,64,38,49,55,74,109,96,112,84,59,62,56,91,120,158,158,143,110,55,34,13,20,33,52,100,209,205,197,131,78,44,45,35,63,112,151,201,199,141,109,47,42,39,66,109,152,201,180,157,97,84,76,90,92,146,217,215,170,125,75,77,74,71,96,176,215,191,147,150,135,100,92,99,73,132,161,208,172
157,120,75,63,72,119,155,189,198,128,114,62,31,41,46,87,121,168,200,181,127,91,66,39,52,58,84,91,100,89,91,73,48,50,99,120,147,149,151,88,68,30,17,23,33,51,137,183,191,182,141,88,43,36,40,65,99,172,237,196,122,90,74,45,38,55,104,159,197,197,166,116,84,72,84,108,162,192,191,174,129,102,71,70,70,106,175,220,189,145,148,127,111,68,71,95,105,182,201,179
171,109,73,67,58,116,161,195,198,163,95,62,45,25,38,84,136,164,212,170,112,102,66,62,50,48,78,118,115,92,74,65,49,56,78,118,146,140,148,111,70,48,21,9,35,69,121,187,198,175,122,86,33,37,43,69,119,179,215,173,164,90,76,27,45,54,120,118,207,176,167,119,103,69,78,113,141,181,205,184,143,92,69,58,88,109,171,186,204,179,141,111,110,99,69,112,108,152,196,177
167,115,68,57,73,125,166,192,190,155,104,70,39,32,39,86,128,160,202,161,119,98,65,56,42,54,85,83,125,88,75,64,57,56,77,120,143,143,150,101,66,39,18,23,38,70,118,174,208,170,158,68,38,31,40,64,143,152,220,173,148,81,58,29,47,52,93,162,190,213,158,120,93,79,74,104,169,173,198,161,128,106,72,58,90,114,163,213,201,189,135,88,95,85,80,93,131,147,202,189
165,108,69,73,65,123,154,185,210,146,106,53,44,28,39,78,118,168,207,186,131,81,49,58,46,68,75,83,110,100,74,65,66,55,84,124,146,147,134,96,63,46,27,17,34,71,126,165,203,176,162,69,44,33,35,59,135,181,191,196,156,80,55,35,32,68,106,144,188,174,162,116,102,73,76,115,149,201,183,176,110,95,68,71,85,140,174,172,187,190,144,97,81,84,75,83,133,156,200,205
147,121,79,48,72,113,189,210,153,145,103,77,45,29,46,72,123,177,191,172,137,88,63,35,50,70,82,93,98,118,81,69,49,51,88,149,147,148,143,92,72,42,20,20,33,70,130,185,192,160,117,77,52,44,49,80,114,156,183,212,176,82,48,32,32,71,123,143,174,187,157,124,98,76,60,125,160,197,193,193,121,84,58,71,92,109,167,204,188,203,130,103,95,89,63,89,114,179,199,207
162,112,76,60,72,129,188,182,181,144,88,62,54,43,41,74,130,176,202,188,139,76,63,39,52,47,62,116,105,100,86,64,51,58,102,130,147,141,147,86,71,29,29,20,43,73,124,167,181,168,140,82,51,40,55,72,107,161,200,207,163,98,54,31,40,53,88,166,179,200,151,131,81,66,67,126,141,181,215,172,121,95,64,65,103,116,143,212,223,173,138,117,94,77,81,94,120,143,200,205
168,115,65,62,74,115,176,203,179,144,104,77,49,36,48,55,123,172,206,189,122,76,58,34,45,61,76,110,123,94,69,67,64,74,84,110,155,151,135,104,66,43,20,22,47,75,105,163,205,171,129,85,48,35,42,68,109,160,204,197,147,90,76,39,29,45,92,171,192,209,165,101,79,76,57,126,162,188,182,179,110,103,79,66,78,94,171,203,222,185,140,102,96,87,68,88,120,185,173,205
174,138,74,57,79,101,145,208,196,131,139,68,38,32,39,72,116,180,204,200,139,66,48,33,41,66,84,112,120,97,71,63,58,82,84,118,141,170,158,90,69,35,30,21,36,59,107,168,198,187,148,72,57,47,31,66,106,144,184,213,152,97,73,45,35,55,103,132,215,199,164,102,77,75,82,118,150,168,207,175,122,94,66,69,93,106,174,215,207,173,152,119,110,78,65,75,120,191,153,191
180,120,79,62,61,100,145,202,209,163,93,66,37,41,34,76,122,185,182,194,119,81,45,40,50,56,81,115,111,114,71,62,62,67,84,122,139,173,138,108,64,35,18,17,36,76,111,157,192,204,133,86,57,42,36,67,124,163,185,198,135,102,77,45,42,69,96,152,209,193,157,120,78,80,73,120,158,189,186,187,122,83,60,75,96,96,172,190,227,174,140,107,102,91,75,84,124,152,183,176
149,117,64,62,79,99,138,188,208,169,94,64,44,27,35,81,115,182,218,182,126,86,53,31,39,52,90,95,116,115,77,72,58,68,106,123,151,145,146,108,72,39,20,21,29,49,130,149,192,180,152,98,49,42,40,67,107,154,209,186,146,93,65,37,50,62,101,148,201,186,154,110,93,65,85,124,159,181,185,179,131,102,63,67,77,114,149,210,221,192,129,108,98,73,84,87,124,169,189,207
182,103,66,63,78,94,131,195,211,149,117,84,45,28,38,60,121,187,235,177,128,87,37,31,46,66,73,106,104,102,103,73,50,63,101,113,132,168,143,118,57,31,20,19,33,61,100,161,207,184,131,78,63,41,36,63,110,170,223,169,139,108,55,40,43,70,117,157,183,200,133,106,81,69,83,113,155,185,175,162,139,109,70,49,70,115,158,204,216,192,156,124,76,80,64,89,134,149,216,181
168,110,84,75,73,83,168,210,182,131,122,75,41,27,41,66,126,178,204,189,123,70,52,33,49,72,91,97,111,119,90,61,52,59,86,132,136,145,157,91,78,39,23,12,35,64,105,164,196,183,132,89,48,36,45,62,87,164,220,200,165,95,49,30,45,66,115,169,197,193,142,107,68,79,100,101,143,186,205,143,128,96,83,74,68,113,163,209,203,180,146,120,87,81,69,80,116,167,194,206
157,126,86,76,65,100,139,193,200,141,117,62,52,31,44,65,126,193,212,157,118,83,61,36,53,61,75,95,128,108,93,69,45,62,100,110,134,173,128,114,70,42,18,28,28,57,101,179,217,175,126,77,50,31,40,56,90,164,209,201,166,110,52,29,45,49,116,139,211,196,162,104,77,78,90,95,149,180,201,167,122,95,71,75,77,106,145,197,213,214,130,99,99,90,81,62,118,159,199,216
158,146,85,82,59,90,134,189,214,169,102,62,43,35,39,60,129,180,191,161,136,84,63,48,53,54,69,109,123,102,82,58,56,57,100,96,142,149,142,117,73,34,26,28,34,63,101,197,202,180,116,90,48,29,33,67,115,159,221,203,165,105,48,30,47,56,88,168,177,202,154,109,91,72,90,118,149,178,211,179,116,79,66,79,77,107,141,188,225,179,150,107,103,74,51,94,126,138,180,200
142,118,93,66,64,74,157,211,203,165,105,68,44,31,44,60,123,181,204,170,122,86,68,57,49,56,71,122,129,107,76,62,53,62,95,119,138,136,128,104,76,41,33,18,28,61,118,190,200,180,114,81,41,37,30,56,121,156,216,202,162,100,62,34,33,50,107,166,192,185,138,109,76,75,87,133,163,176,202,172,116,73,70,62,92,106,143,211,242,183,134,113,89,82,66,78,123,167,193,214
167,99,87,71,74,111,146,190,162,179,100,67,49,52,36,63,112,189,189,176,135,96,65,41,64,49,76,103,127,103,77,64,60,59,93,111,145,162,133,124,60,38,29,19,45,58,119,177,184,175,122,70,46,40,37,53,113,156,226,210,169,105,47,32,33,58,99,177,181,190,140,119,97,64,103,126,149,176,200,179,107,81,71,76,88,110,171,209,203,188,145,101,76,88,67,67,132,150,205,195
136,128,78,67,77,111,154,172,189,159,95,75,46,50,40,87,108,164,190,169,121,101,66,58,62,68,70,107,109,103,107,56,56,76,86,113,142,147,143,101,70,31,34,26,39,64,121,148,202,173,138,91,46,37,43,44,93,168,223,203,155,114,58,31,34,58,104,146,196,182,164,114,77,83,93,120,153,192,192,144,112,83,79,84,89,125,162,199,214,163,144,97,93,82,72,83,112,186,189,198
156,127,79,60,72,119,145,167,189,164,101,77,53,34,52,89,119,157,173,179,130,104,76,48,50,50,93,116,106,109,86,57,45,64,98,124,141,154,129,98,64,44,31,26,40,48,112,154,205,185,122,92,46,45,45,48,87,171,213,209,195,103,62,28,38,69,86,152,183,193,169,106,88,78,87,134,139,188,204,148,118,81,71,82,87,125,166,221,198,143,148,128,77,88,83,103,117,163,186,195
147,128,84,54,90,120,135,170,201,153,88,66,49,38,44,79,114,166,206,183,122,94,68,51,49,63,74,123,96,104,105,54,67,64,89,106,140,168,133,101,75,28,24,32,42,63,125,164,185,179,141,77,57,46,45,49,81,158,226,220,163,109,58,39,35,49,108,153,188,191,148,122,81,75,96,112,152,200,192,177,106,82,60,88,90,110,170,198,205,174,136,90,94,84,77,97,134,153,183,188
169,104,72,90,78,94,144,186,192,145,120,69,43,44,40,79,140,161,189,169,133,91,69,45,41,71,81,121,113,96,89,71,56,73,79,103,149,162,141,100,71,30,25,33,40,75,113,165,176,175,136,72,54,48,36,63,93,139,210,234,170,117,61,26,41,54,102,152,194,174,155,101,100,73,78,107,147,200,179,181,140,84,71,71,77,105,154,228,218,174,135,106,82,71,80,96,124,166,197,197
159,100,75,76,78,80,166,184,195,155,116,61,46,44,39,90,133,174,194,173,126,106,64,41,47,72,90,104,120,107,72,65,46,67,73,116,145,156,130,99,77,46,19,26,31,68,117,160,192,175,127,94,48,47,45,56,94,159,206,194,163,116,59,42,33,68,90,149,170,201,166,96,85,77,75,113,150,173,216,174,146,69,64,70,84,95,161,211,204,174,135,103,79,83,85,84,125,159,224,215
157,119,66,60,61,108,127,194,187,182,104,54,45,35,47,86,135,167,210,177,127,89,52,61,46,68,94,111,125,95,76,54,59,60,93,125,123,153,122,102,82,53,27,22,30,65,112,159,193,188,128,88,65,32,47,63,103,149,209,190,165,111,72,49,45,39,85,128,206,183,162,124,90,65,74,111,146,191,209,170,131,73,58,79,76,103,154,230,204,166,133,95,82,87,78,96,128,157,194,198
180,104,68,55,62,90,136,175,192,193,121,85,32,49,49,68,117,190,199,171,122,90,70,46,63,73,84,97,126,94,70,66,57,58,82,116,138,155,141,112,69,52,25,26,32,47,123,170,182,188,137,96,62,34,36,66,91,136,209,208,158,108,67,46,45,66,92,145,165,195,169,111,93,80,69,110,157,200,190,166,143,82,62,65,92,123,146,223,211,162,144,99,76,99,89,80,111,169,209,196
167,107,83,64,59,90,142,177,187,181,112,70,57,39,50,67,118,187,212,184,113,84,54,55,49,78,98,92,127,99,79,55,49,64,83,107,153,146,145,92,81,39,33,22,27,61,113,153,209,163,149,88,71,42,49,61,97,134,197,217,151,125,55,50,37,63,96,145,161,183,167,130,97,85,79,103,154,196,200,173,116,92,66,67,73,117,173,212,201,181,143,102,78,92,95,86,125,163,187,185
172,115,74,58,50,93,131,180,214,169,111,80,57,33,56,82,115,167,222,155,157,92,55,39,68,77,88,112,107,112,79,54,43,66,78,114,154,154,131,98,64,41,28,17,33,61,99,161,208,182,138,90,63,34,33,58,96,179,192,202,158,112,84,40,43,56,97,150,177,169,143,113,110,74,88,116,129,184,200,174,134,94,66,56,84,92,158,202,256,152,120,116,99,82,79,87,128,160,181,180
162,113,92,62,58,75,130,181,215,167,107,87,42,50,71,67,122,170,199,190,139,88,52,46,61,85,101,109,126,87,75,65,59,64,78,113,143,173,133,98,63,39,30,27,32,67,101,159,176,178,145,89,58,42,40,46,105,170,204,209,166,102,76,47,44,72,97,139,171,168,156,134,90,83,68,118,157,171,202,175,109,101,63,71,72,112,163,204,217,173,129,102,88,86,88,83,136,165,187,190
172,116,83,67,63,66,141,190,201,161,114,86,55,38,59,75,106,158,204,167,151,88,56,58,54,73,92,117,116,101,77,51,51,57,94,133,153,141,127,114,56,34,34,33,31,53,122,151,199,167,157,76,42,46,40,54,96,165,201,186,174,101,70,51,41,57,108,129,167,181,174,113,79,78,77,87,142,228,197,206,109,79,57,62,89,118,158,205,206,169,122,130,92,74,71,94,121,166,171,206
187,114,75,68,68,86,118,189,208,168,109,74,66,44,42,81,96,169,198,184,129,93,56,62,58,77,88,111,115,110,93,47,53,77,94,114,133,138,163,97,52,44,38,28,32,82,110,151,194,166,120,74,55,46,39,48,99,158,205,209,164,98,63,40,46,69,105,120,165,184,171,130,82,68,63,115,152,217,207,171,108,84,54,78,84,111,158,203,229,175,126,114,90,76,101,96,105,124,183,215
146,130,84,59,70,82,138,165,203,182,111,95,48,40,48,61,121,173,194,170,135,98,66,60,54,62,81,127,124,93,68,68,62,57,83,128,155,122,136,98,73,41,35,20,40,63,113,153,204,159,139,83,61,43,46,53,92,166,222,206,148,100,57,45,53,70,95,133,196,181,165,99,96,81,66,116,162,195,189,164,127,65,87,56,69,107,160,241,236,162,125,101,90,82,78,107,106,161,176,200
171,130,92,68,65,98,128,165,213,149,123,97,57,36,40,67,121,187,194,178,126,96,74,51,48,66,75,124,114,95,85,66,67,65,85,131,140,142,138,91,71,44,27,29,22,58,103,165,202,188,118,74,67,45,47,61,93,160,228,180,149,107,65,45,42,69,102,139,207,160,136,96,107,84,103,109,167,194,199,160,115,79,59,66,74,114,168,235,209,159,121,97,87,87,74,97,129,153,188,183
158,127,87,70,60,106,133,166,183,175,113,68,58,42,48,78,129,162,191,188,142,84,83,59,36,76,81,115,117,113,72,55,59,84,89,120,143,145,120,101,71,40,38,23,28,51,97,194,196,189,101,85,48,44,43,65,99,183,189,204,153,109,70,33,39,69,105,157,168,172,133,107,109,85,104,120,146,184,211,187,113,77,69,59,74,114,182,204,219,171,128,86,98,71,82,82,129,155,193,199
159,135,100,76,59,112,123,178,195,168,106,81,51,41,42,74,133,157,179,207,121,108,66,52,53,58,72,113,137,98,72,73,52,78,93,123,133,153,142,103,73,41,23,15,28,60,108,168,193,182,122,81,46,44,46,77,102,174,182,197,158,104,71,37,44,70,99,142,163,156,142,106,100,87,90,102,152,185,221,191,115,102,64,51,79,115,155,203,231,177,143,88,76,81,89,95,112,166,195,170
172,129,83,53,79,105,143,175,190,154,116,80,52,42,27,75,119,178,186,193,140,98,80,68,47,54,86,109,116,113,81,61,54,78,85,125,133,163,112,109,64,40,25,16,22,45,108,188,221,150,117,94,66,24,40,67,113,166,192,190,147,99,65,54,48,71,107,136,140,156,161,101,101,100,99,103,148,178,209,181,147,87,43,46,100,114,162,199,217,185,152,98,83,71,83,84,123,139,194,186
186,129,100,63,65,103,142,166,199,152,102,79,67,47,44,67,100,155,192,190,131,100,84,61,63,67,82,112,124,89,86,69,62,75,94,96,145,165,134,106,71,28,22,21,24,41,105,185,196,170,120,77,45,48,40,71,107,155,197,185,149,107,65,45,57,57,102,144,156,172,149,106,128,81,90,110,150,181,193,177,149,82,55,58,83,128,173,196,205,171,146,101,86,72,68,111,110,117,215,182
160,123,84,82,78,98,142,168,196,137,120,89,54,46,49,76,85,151,210,173,133,99,82,65,71,58,99,100,93,106,80,62,57,80,74,127,132,165,149,102,73,40,25,16,19,50,115,201,191,150,121,79,59,45,44,53,123,175,175,183,140,108,52,56,41,81,103,145,158,164,147,122,103,79,105,102,133,195,205,180,136,94,57,53,84,111,167,205,227,178,130,101,81,85,73,104,107,156,193,173
164,111,97,79,73,106,128,171,175,150,111,77,62,42,50,57,106,167,170,178,163,88,88,49,73,74,80,101,111,87,84,71,71,74,88,103,137,154,144,113,72,46,31,19,23,61,115,199,180,162,135,91,51,44,48,67,107,153,221,162,144,98,69,37,53,64,107,158,178,154,150,125,90,96,119,116,128,166,203,190,135,81,60,55,74,116,181,188,193,179,150,101,98,85,76,79,118,149,211,174
177,132,84,73,73,85,151,190,190,150,108,77,70,52,42,66,107,140,171,181,150,115,76,52,66,80,83,87,115,95,85,67,71,81,80,100,145,158,141,121,60,49,32,27,23,66,105,152,185,151,129,80,70,49,36,64,124,168,214,171,156,92,63,37,48,63,85,167,159,165,145,119,105,98,89,113,122,180,206,192,138,84,66,58,77,115,158,200,213,199,126,112,99,82,69,77,113,144,197,189
179,112,84,71,72,101,154,174,179,147,127,70,54,46,63,62,107,157,160,181,135,104,87,73,54,65,94,91,105,112,81,75,63,72,94,106,147,157,136,115,69,42,25,22,22,65,121,160,176,145,145,79,56,49,47,57,102,174,206,180,147,99,63,52,56,60,95,146,187,142,141,113,103,89,85,106,135,174,196,198,129,104,50,64,80,99,164,211,212,179,133,124,91,91,91,87,96,131,202,211
185,112,91,75,64,112,153,150,178,171,133,70,50,52,56,74,122,131,187,154,142,122,83,67,66,74,75,104,89,97,100,84,61,53,80,106,143,163,142,121,69,45,31,20,20,61,119,167,157,168,121,79,67,62,54,62,106,159,212,176,167,100,59,71,55,62,103,157,159,150,146,134,93,86,93,101,136,165,193,193,142,112,74,61,66,94,166,201,222,173,156,102,64,99,96,89,91,129,180,214
203,135,99,52,73,96,143,152,188,176,120,91,39,53,43,79,116,134,166,168,136,128,87,71,67,75,82,100,95,105,88,64,65,65,76,110,117,167,152,105,85,53,37,22,37,56,111,159,152,162,127,93,48,63,57,68,110,148,172,164,161,133,77,67,51,67,106,143,153,160,135,129,104,91,72,112,132,172,175,179,153,93,73,60,84,105,160,186,197,194,143,109,92,86,96,72,109,145,167,197
183,132,104,78,70,98,139,159,197,144,108,93,56,41,51,85,111,148,153,156,142,114,82,85,64,85,81,99,101,90,85,75,53,60,76,122,129,129,163,106,90,60,20,28,34,62,97,148,161,144,108,72,82,49,58,83,109,144,155,178,159,121,93,72,63,63,105,135,147,158,159,131,90,101,79,101,124,173,175,174,173,101,80,68,89,107,143,193,175,184,162,97,97,83,95,84,137,119,184,196
149,134,102,98,65,85,125,187,157,137,125,85,67,56,59,66,105,163,160,141,113,103,99,82,63,68,82,86,97,97,78,77,61,69,92,108,129,156,130,100,82,54,41,30,41,72,96,141,139,137,106,80,73,76,58,79,83,110,166,154,169,115,80,70,79,77,95,128,145,132,140,126,100,90,79,94,123,152,195,172,146,109,74,50,91,105,141,182,173,177,161,105,96,90,100,94,94,149,178,213
142,130,92,63,78,82,95,147,167,131,117,72,70,54,58,66,112,125,134,146,111,106,80,70,48,70,70,85,91,88,49,73,58,66,73,100,127,127,89,100,75,51,47,32,32,61,103,105,124,115,118,78,66,69,45,87,97,108,127,149,148,119,70,67,70,83,93,117,119,118,130,126,88,104,73,95,114,154,174,137,146,93,69,69,93,123,114,142,177,167,138,102,91,82,88,99,103,123,159,161
117,101,62,53,67,89,81,95,122,88,87,53,56,50,37,54,79,98,125,129,88,71,55,53,36,43,51,58,68,64,53,47,49,42,73,69,98,83,84,71,63,39,28,35,27,43,62,94,103,88,84,66,52,39,49,56,77,84,96,106,105,97,72,55,67,61,75,89,90,93,94,96,80,70,90,70,91,120,94,117,107,66,82,72,91,73,108,111,139,108,112,102,78,78,78,81,110,97,120,132
83,56,46,47,46,42,67,60,51,43,38,39,22,13,22,29,33,61,57,80,62,39,29,30,22,22,21,28,45,31,24,19,29,23,33,43,58,51,47,46,30,21,27,28,14,28,30,38,62,60,42,44,36,28,24,38,36,40,62,62,63,47,49,31,32,35,39,60,62,52,64,58,59,49,43,48,57,58,65,75,45,51,46,37,51,52,64,73,86,68,55,60,61,48,57,53,53,54,63,56
43,25,20,20,9,15,24,24,16,10,20,10,6,6,4,12,12,19,16,28,28,16,9,4,5,8,10,8,7,11,9,6,10,7,8,10,13,21,14,14,8,5,8,5,7,14,6,14,19,24,16,9,7,8,12,15,18,20,18,25,18,19,11,9,5,18,14,13,22,16,25,24,12,17,19,22,30,24,34,33,32,25,19,21,19,24,23,30,47,33,30,39,12,29,23,28,21,26,19,33
4,4,4,1,2,7,8,5,5,5,0,1,0,0,2,2,5,1,3,10,10,3,3,0,0,2,0,0,1,3,0,0,0,0,0,2,3,4,2,2,4,0,1,2,0,0,3,2,7,1,2,1,0,0,2,3,3,2,6,6,3,5,2,3,0,3,7,3,3,3,3,2,5,2,3,1,6,8,13,5,11,6,9,2,6,4,4,6,11,6,7,7,9,7,8,4,5,8,7,5
0,1,0,1,0,2,1,1,1,0,1,0,1,0,0,0,0,0,0,2,3,1,0,0,0,0,0,0,0,0,0,0,0,0,2,0,0,0,1,1,0,1,0,0,0,0,0,1,0,0,0,0,0,0,0,0,0,0,0,1,2,0,0,0,0,0,1,2,0,0,0,0,0,0,0,0,0,1,2,2,4,0,0,1,0,0,0,1,2,2,0,0,0,1,1,0,0,1,0,0
0,0,0,0,0,0,0,0,0,0,0,0,0,0,0,0,0,0,0,0,0,0,0,0,0,0,0,0,0,0,0,0,0,0,0,0,0,0,0,0,0,0,0,0,0,0,0,0,0,0,0,0,0,0,0,0,0,0,0,0,0,0,0,0,0,0,0,0,0,0,0,0,0,0,0,0,0,0,0,0,0,1,0,0,0,0,0,0,0,0,0,0,0,0,0,0,0,0,0,0
0,0,0,0,0,0,0,0,0,0,0,0,0,0,0,0,0,0,0,0,0,0,0,0,0,0,0,0,0,0,0,0,0,0,0,0,0,0,0,0,0,0,0,0,0,0,0,0,0,0,0,0,0,0,0,0,0,0,0,0,0,0,0,0,0,0,0,0,0,0,0,0,0,0,0,0,0,0,0,0,0,0,0,0,0,0,0,0,0,0,0,0,0,0,0,0,0,0,0,0
0,0,0,0,0,0,0,0,0,0,0,0,0,0,0,0,0,0,0,0,0,0,0,0,0,0,0,0,0,0,0,0,0,0,0,0,0,0,0,0,0,0,0,0,0,0,0,0,0,0,0,0,0,0,0,0,0,0,0,0,0,0,0,0,0,0,0,0,0,0,0,0,0,0,0,0,0,0,0,0,0,0,0,0,0,0,0,0,0,0,0,0,0,0,0,0,0,0,0,0
0,0,0,0,0,0,0,0,0,0,0,0,0,0,0,0,0,0,0,0,0,0,0,0,0,0,0,0,0,0,0,0,0,0,0,0,0,0,0,0,0,0,0,0,0,0,0,0,0,0,0,0,0,0,0,0,0,0,0,0,0,0,0,0,0,0,0,0,0,0,0,0,0,0,0,0,0,0,0,0,0,0,0,0,0,0,0,0,0,0,0,0,0,0,0,0,0,0,0,0
0,0,0,0,0,0,0,0,0,0,0,0,0,0,0,0,0,0,0,0,0,0,0,0,0,0,0,0,0,0,0,0,0,0,0,0,0,0,0,0,0,0,0,0,0,0,0,0,0,0,0,0,0,0,0,0,0,0,0,0,0,0,0,0,0,0,0,0,0,0,0,0,0,0,0,0,0,0,0,0,0,0,0,0,0,0,0,0,0,0,0,0,0,0,0,0,0,0,0,0
0,0,0,0,0,0,0,0,0,0,0,0,0,0,0,0,0,0,0,0,0,0,0,0,0,0,0,0,0,0,0,0,0,0,0,0,0,0,0,0,0,0,0,0,0,0,0,0,0,0,0,0,0,0,0,0,0,0,0,0,0,0,0,0,0,0,0,0,0,0,0,0,0,0,0,0,0,0,0,0,0,0,0,0,0,0,0,0,0,0,0,0,0,0,0,0,0,0,0,0
