1.50358,0.422926
1.53296,0.641507
1.45069,0.827623
1.40329,1.01849
1.52719,1.17393
1.55222,1.37018
1.44138,1.55014
1.5285,1.7226
1.36784,1.86478
1.54211,1.99641
1.61561,2.18964
1.77457,2.29762
1.81687,2.50409
1.81526,2.72165
1.8757,2.90515
1.95309,3.10779
1.86502,3.30667
1.74977,3.48197
1.78069,3.7009
1.83978,3.9309
1.97464,4.0855
2.04897,4.27775
2.01742,4.48023
1.97284,4.65821
2.11338,4.80346
1.9608,4.94709
1.94625,5.15225
1.93607,5.3487
1.94376,5.55634
2.10097,5.6997
2.00249,5.86685
2.00813,6.07266
2.09372,6.25672
2.13583,6.44407
2.17459,6.65036
2.26618,6.82559
2.23923,7.03899
2.07055,7.15925
2.01098,7.34913
2.00562,7.55171
1.92891,7.75457
1.98267,7.9489
2.00619,8.15747
1.84537,8.27243
1.86744,8.4769
1.92338,8.66561
1.81916,8.85426
1.68142,8.99313
1.75521,9.18987
1.71398,9.4026
1.62248,9.56706
1.79432,9.65791
1.96878,9.76994
1.89332,9.96213
1.8959,10.1717
1.92945,10.3914
1.8141,10.5531
1.85882,10.7585
1.82202,10.9675
1.83396,11.1631
1.9402,11.3332
1.84198,11.4922
1.91587,11.6759
2.01273,11.8636
1.90418,12.0424
1.9119,12.2479
1.94478,12.4507
1.93789,12.6483
1.83376,12.8221
1.78147,13.01
1.89636,13.1601
1.80593,13.3297
1.90505,13.5139
1.97342,13.6898
2.15436,13.7726
2.21999,13.9783
2.30505,14.1535
2.45203,14.3284
2.38023,14.529
2.28314,14.7164
2.09169,14.7605
2.079,14.9804
2.19906,15.1324
2.35057,15.2554
2.34357,15.451
2.37096,15.6492
2.48393,15.8075
2.39871,15.991
2.3532,16.1921
2.2732,16.3775
2.34901,16.5603
2.27394,16.7493
2.30507,16.9459
2.1769,17.1163
2.09113,17.2899
1.97531,17.4499
2.0337,17.6439
2.06675,17.8457
2.08224,18.0723
1.9488,18.2056
1.85095,18.375
1.76893,18.5504
1.94157,18.687
1.99384,18.9066
1.89214,19.092
1.90919,19.2849
2.03877,19.4299
2.08692,19.6347
2.10497,19.8265
2.17546,20.0175
2.1834,20.2225
1.99539,20.3363
2.06755,20.5167
2.06946,20.7178
2.18182,20.904
2.11307,21.0999
2.11659,21.3045
2.18947,21.5118
2.26472,21.6902
2.1216,21.8206
2.25103,21.9826
2.15116,22.1481
2.1535,22.3457
2.23329,22.5491
2.39919,22.6686
2.56168,22.781
2.65415,22.9599
2.84971,22.989
2.8536,23.2006
3.04069,23.275
3.04252,23.4955
2.97326,23.6885
3.06002,23.8651
3.12602,24.0504
3.0314,24.2446
2.92423,24.4197
2.94796,24.6426
2.82245,24.8035
2.83237,25.0298
2.89519,25.2218
2.99081,25.4042
3.09793,25.5908
3.00384,25.7662
2.91299,25.9537
2.87536,26.1571
3.05102,26.2752
3.12109,26.4653
3.04226,26.6605
2.97965,26.8539
3.07545,27.0281
3.10383,27.2385
3.23752,27.3783
3.2699,27.5826
3.20403,27.776
3.22575,27.9699
3.20734,28.1701
3.29257,28.3691
3.27609,28.567
3.17916,28.732
3.0178,28.866
2.89003,29.0129
2.87189,29.2235
2.93522,29.4215
3.03373,29.5934
3.05063,29.7844
3.05343,29.9731
3.17796,30.1448
3.14701,30.3368
3.16164,30.5406
3.05906,30.7091
3.00191,30.8893
3.03612,31.1017
3.0479,31.3069
2.97791,31.4965
3.00833,31.6792
3.00771,31.8841
2.93581,32.0702
2.99276,32.259
2.95007,32.4599
2.94216,32.6594
2.85654,32.8452
2.74805,33.0313
2.85247,33.2301
2.97131,33.408
2.92252,33.606
2.99107,33.8008
2.91461,33.984
2.97045,34.1722
2.99699,34.3771
3.14694,34.511
3.05972,34.6844
3.27774,34.6571
3.26852,34.8478
3.24961,35.0548
3.19894,35.275
3.32236,35.4391
3.19554,35.6108
3.22215,35.8206
3.23131,36.0207
3.18134,36.2104
2.46281,0.246366
2.49915,0.435537
2.4357,0.636984
2.32857,0.807086
2.45821,0.969464
2.68162,1.03475
2.58719,1.22734
2.71363,1.406
2.83253,1.56022
2.84531,1.77469
2.74646,1.94563
2.66788,2.13498
2.63071,2.32805
2.49061,2.47213
2.5848,2.64933
2.75391,2.77041
2.665,2.94595
2.67454,3.16778
2.75548,3.35835
2.66308,3.53726
2.55372,3.72028
2.64035,3.90383
2.5624,4.09742
2.69768,4.26202
2.75909,4.4649
2.69587,4.6478
2.72042,4.85773
2.66296,5.05061
2.79749,5.20231
2.8791,5.40035
2.82538,5.58528
2.85943,5.79822
2.75313,5.95923
2.73285,6.15854
2.67273,6.35162
2.71941,6.56041
2.70129,6.76105
2.88722,6.85487
2.80397,7.04672
2.85885,7.22001
2.81291,7.41304
2.73333,7.60592
2.67803,7.80224
2.65871,7.99479
2.72987,8.18424
2.73037,8.39967
2.8978,8.51796
2.84306,8.70884
2.73612,8.87516
2.7214,9.07168
2.92334,9.10539
2.81076,9.28243
2.8785,9.46374
2.97778,9.64495
3.12362,9.78218
3.08918,10.0034
3.12416,10.2101
2.96961,10.3427
2.78385,10.4142
2.92854,10.5745
3.11929,10.6714
3.02596,10.8349
3.07395,11.0326
3.13101,11.2291
3.243,11.3979
3.22904,11.5969
3.06435,11.7176
3.07337,11.906
3.02295,12.1019
3.14045,12.259
3.19299,12.4533
3.18545,12.649
3.18914,12.8624
3.15161,13.0663
3.13655,13.2673
3.14698,13.4697
3.3596,13.4234
3.27273,13.6319
3.29365,13.827
3.43027,13.9984
3.53317,14.1706
3.60962,14.361
3.48709,14.5388
3.56188,14.7169
3.45367,14.8843
3.42355,15.0889
3.57811,15.2209
3.53555,15.4058
3.48244,15.61
3.40675,15.7899
3.33527,15.9852
3.39586,16.1794
3.46067,16.3627
3.34126,16.5396
3.20305,16.7057
3.23946,16.9148
3.07359,17.0547
2.91293,17.1996
2.97695,17.3892
2.92202,17.6013
3.11053,17.5437
3.14902,17.7403
3.10483,17.9336
3.07541,18.1421
2.98149,18.3219
3.05855,18.5358
3.1502,18.7121
3.26109,18.8756
3.24332,19.0778
3.11003,19.2314
3.02929,19.4198
2.96375,19.6129
3.10483,19.7871
3.10046,19.9971
3.13575,20.1762
2.93341,20.2907
2.93818,20.5022
2.84458,20.6853
2.76728,20.8901
2.75962,21.0723
2.85333,21.2635
2.96911,21.441
2.98299,21.644
3.16759,21.7232
3.15839,21.9196
3.31995,22.0443
3.44292,22.2156
3.36807,22.4088
3.32013,22.5962
3.2913,22.7905
3.37543,23.0127
3.44432,23.1949
3.48439,23.3949
3.52728,23.5991
3.41383,23.7567
3.44994,23.963
3.50302,24.1681
3.41347,24.3431
3.33112,24.5287
3.41582,24.7153
3.50588,24.9098
3.66681,25.0305
3.62568,25.2395
3.71819,25.4234
3.72272,25.6258
3.76066,25.8279
3.80942,26.0119
3.8736,26.2239
3.86775,26.4314
3.78385,26.6015
3.82332,26.805
3.80376,27.0158
3.82077,27.2139
3.80012,27.4107
3.72472,27.5938
3.6857,27.7897
3.81428,27.9422
3.8324,28.1549
3.7116,28.3216
3.66611,28.5273
3.63512,28.7215
3.62942,28.9164
3.50389,29.0763
3.58288,29.2499
3.57269,29.4682
3.71879,29.6037
3.8485,29.7638
3.80702,29.9627
3.79623,30.1667
3.83045,30.3731
3.93975,30.5264
3.81703,30.6985
3.92801,30.8457
3.9444,31.0366
3.89275,31.228
3.86439,31.4273
3.82827,31.6387
3.85329,31.86
4.00546,32.0079
3.82855,32.0799
3.81112,32.2981
3.78034,32.5007
3.66132,32.6638
3.74508,32.8591
3.56366,32.9296
3.69434,33.0839
3.70869,33.2929
3.76452,33.4908
3.87366,33.6459
3.89665,33.8431
3.88933,34.0579
3.71695,34.172
3.73553,34.3795
3.92664,34.307
4.02197,34.4776
4.09135,34.6553
4.1771,34.8439
4.25832,35.0322
4.22391,35.2448
4.36043,35.3728
3.52798,0.476574
3.45068,0.667122
3.48066,0.852853
3.60944,1.01435
3.69532,1.2135
3.62302,1.37766
3.60679,1.5707
3.62375,1.76697
3.68987,1.9658
3.80488,2.13483
3.70324,2.32787
3.75765,2.52547
3.6647,2.71382
3.58774,2.90685
3.48422,3.08077
3.60239,3.2317
3.58995,3.43235
3.41513,3.53368
3.51935,3.72235
3.39379,3.87984
3.3458,4.08111
3.26371,4.25996
3.44725,4.34604
3.44376,4.55712
3.37333,4.7382
3.54322,4.8565
3.58923,5.0607
3.51313,5.2382
3.53909,5.43139
3.61421,5.61319
3.71824,5.78858
3.79563,5.96585
3.77504,6.16624
3.92471,6.28742
3.95888,6.47711
4.02921,6.65272
3.91339,6.84292
4.04325,6.99368
3.98348,7.19121
4.11631,7.36215
4.32219,7.28742
4.42072,7.45302
4.36915,7.64905
4.25261,7.82684
4.43154,7.94138
4.37181,8.1355
4.41584,8.33614
4.54087,8.487
4.49416,8.69173
4.53878,8.90075
4.45239,9.08367
4.34249,9.25588
4.3344,9.46226
4.34609,9.66388
4.30835,9.8709
4.36214,10.0757
4.35374,10.2826
4.26235,10.4679
4.27331,10.6851
4.16115,10.8449
4.12447,11.0516
4.07409,11.242
4.00122,11.4195
4.14369,11.5712
4.05027,11.7558
4.08469,11.9619
4.05001,12.1578
3.93096,12.3399
3.99258,12.5149
4.03866,12.7067
4.05218,12.898
3.98243,13.0816
4.10986,13.2528
4.0784,13.439
4.0392,13.6363
4.06744,13.82
3.88039,13.8818
3.80959,14.0611
3.93754,14.2095
4.13767,14.2243
4.29421,14.3857
4.37772,14.5621
4.42748,14.7561
4.31438,14.9464
4.33027,15.1574
4.47256,15.2913
4.48735,15.4968
4.45975,15.697
4.32385,15.8318
4.25744,16.0262
4.34246,16.2207
4.45834,16.4002
4.38794,16.5823
4.21146,16.6913
4.32966,16.8465
4.20455,17.009
4.20818,17.1914
4.04204,17.3224
3.87057,17.4449
3.85856,17.6524
4.02758,17.749
4.21774,17.7956
4.07895,17.9501
4.05378,18.1505
4.09445,18.3455
4.00522,18.5268
4.12603,18.6896
4.02677,18.8556
4.13301,19.0122
4.14571,19.228
4.14662,19.4354
4.22253,19.6065
4.20159,19.803
4.1298,19.9998
4.19277,20.1997
4.137,20.3856
4.10448,20.586
4.10657,20.7845
4.02369,20.9745
4.0987,21.1736
4.08672,21.3949
4.02966,21.5848
4.10814,21.7645
4.17794,21.968
4.01139,22.0839
4.11719,22.2451
4.0308,22.4101
3.98831,22.6111
3.98128,22.7988
4.12449,22.9442
4.03684,23.1245
4.16576,23.2994
4.11075,23.5098
4.03627,23.7006
3.94024,23.8827
3.79938,24.0403
3.76709,24.226
3.80334,24.4305
3.8682,24.6143
3.96366,24.8076
3.97728,24.9965
4.13696,25.1249
4.23584,25.2997
4.38259,25.451
4.27924,25.6468
4.44658,25.7617
4.48601,25.9626
4.56479,26.151
4.58309,26.3483
4.69304,26.5177
4.72057,26.7388
4.54565,26.8406
4.72843,26.9739
4.70967,27.1818
4.61831,27.3672
4.59605,27.5662
4.55861,27.7666
4.59136,27.961
4.49723,28.1405
4.46359,28.3181
4.43471,28.5191
4.45912,28.7101
4.47378,28.9104
4.4368,29.1014
4.45199,29.3076
4.50883,29.4919
4.42868,29.6964
4.40729,29.8985
4.49784,30.0781
4.63098,30.2238
4.50719,30.3702
4.65765,30.5168
4.81172,30.6258
4.85236,30.819
5.01001,30.968
5.02614,31.1849
5.07884,31.3814
5.01087,31.5796
5.05374,31.7743
5.10434,31.9688
5.25079,32.1295
5.23826,32.3201
5.40967,32.4339
5.39984,32.6276
5.43489,32.8176
5.43857,33.0296
5.38461,33.2342
5.30138,33.4157
5.4921,33.5284
5.48619,33.7256
5.44545,33.9191
5.40833,34.1128
5.48047,34.3014
5.39956,34.4836
5.46111,34.6793
-5.48515,34.8782
-5.36628,35.0688
-5.4192,35.2724
-5.35846,35.478
-5.36043,35.6801
4.86087,0.107556
4.79214,0.300638
4.96114,0.423937
4.91456,0.606946
5.06181,0.737744
5.12648,0.92941
5.21089,1.14186
5.09335,1.30877
5.09834,1.52565
4.99085,1.71192
4.83256,1.83054
4.71409,2.00154
4.68445,2.20527
4.61799,2.39436
4.80064,2.4599
4.88699,2.64004
4.86214,2.83814
5.04866,2.89396
5.06452,3.08911
4.99299,3.2861
4.99821,3.50728
5.04142,3.70658
5.11738,3.90164
5.24858,4.07727
5.17776,4.25965
5.24506,4.45942
5.37274,4.63098
5.27212,4.80588
5.17052,4.98675
4.96665,4.97893
5.01431,5.1819
4.83127,5.25122
4.82974,5.45662
4.80984,5.64809
4.74935,5.84658
4.69073,6.0459
4.78463,6.22828
4.58671,6.27552
4.68341,6.44667
4.79766,6.63433
4.9042,6.79709
4.89708,7.00563
4.68992,7.00033
4.72546,7.21317
4.84218,7.37179
4.76446,7.56631
4.8258,7.75707
4.91795,7.95073
5.06836,8.10863
5.01021,8.30291
5.19823,8.40945
5.3072,8.58272
5.30889,8.79368
5.36469,8.99414
5.34744,9.2002
5.38856,9.41457
5.38711,9.62463
5.4227,9.81631
5.2857,9.96377
5.23103,10.1678
5.20859,10.3628
5.07923,10.5354
5.00124,10.7367
5.15435,10.8812
5.26772,11.0542
5.27386,11.2657
5.33441,11.461
5.14978,11.5695
5.13819,11.7832
5.15432,12.0059
5.17372,12.2147
5.23512,12.4202
5.32892,12.5882
5.40679,12.7752
5.3682,12.9656
5.36868,13.1592
5.41226,13.3664
5.47877,13.5497
5.33745,13.7179
5.27593,13.8934
5.36053,14.074
-5.47098,14.1997
5.46155,14.3809
-5.46974,14.568
-5.41289,14.7829
-5.37233,14.9734
-5.38017,15.1787
-5.34157,15.3703
-5.42629,15.5541
-5.43013,15.7586
5.48952,15.941
5.43861,16.1465
5.40188,16.3435
-5.4526,16.4861
5.42794,16.6616
-5.40709,16.8112
-5.45396,17.0174
-5.3846,17.1989
-5.38347,17.3976
5.44167,17.5008
-5.4729,17.6814
5.47587,17.8826
-5.4824,18.0873
5.4737,18.2889
-5.48903,18.4733
5.41642,18.6581
5.28544,18.8028
5.27124,19.0152
5.29679,19.2093
5.37778,19.384
5.32592,19.5786
5.23713,19.7672
5.23161,19.9602
5.29057,20.1592
5.25272,20.3529
5.15415,20.5367
5.08125,20.7427
5.14725,20.9365
5.12708,21.1382
5.19902,21.337
5.16663,21.5405
5.13381,21.739
5.14958,21.9454
5.06799,22.129
5.18605,22.297
5.18876,22.5061
5.06676,22.6682
5.15812,22.8613
5.08891,23.0634
5.02216,23.244
5.12864,23.4199
5.274,23.5891
5.36289,23.7806
5.24537,23.9456
5.07124,24.0456
4.93743,24.2076
5.15147,24.2295
5.08998,24.4209
5.07443,24.6243
5.11473,24.8317
5.1031,25.0371
5.16431,25.2136
5.03569,25.3737
4.97016,25.5682
5.05418,25.7547
5.12006,25.9556
5.26264,26.0966
5.35094,26.2676
5.21558,26.4131
5.2688,26.6117
5.23281,26.7926
5.30122,26.9705
5.38556,27.1564
5.26387,27.3118
5.18775,27.515
5.38077,27.5453
5.38721,27.7632
5.45926,27.9554
-5.39186,28.1
-5.30617,28.2968
-5.16995,28.4464
-5.07473,28.6395
-5.11276,28.8374
-4.94249,28.9581
-5.11769,29.0471
-5.04701,29.2316
-4.8479,29.319
-5.00329,29.436
-4.92699,29.6238
-4.91556,29.8164
-4.90898,30.0241
-4.91216,30.233
-4.92602,30.4453
-5.0705,30.582
-5.04301,30.7814
-5.09267,30.9927
-5.0504,31.2003
-4.86546,31.2984
-4.6812,31.4195
-4.51655,31.5353
-4.53185,31.7419
-4.53958,31.9378
-4.57722,32.1481
-4.5303,32.3579
-4.51694,32.5649
-4.65961,32.701
-4.67223,32.9099
-4.67884,33.1159
-4.67207,33.3083
-4.68889,33.5146
-4.74815,33.6913
-4.77077,33.8899
-4.8954,34.0367
-4.92366,34.2411
-4.91572,34.4438
-4.77509,34.6005
-4.57785,34.5843
-4.63435,34.7891
-4.70175,34.9796
-4.8381,35.1451
-5.25794,0.0638549
-5.27198,0.264011
-5.18296,0.458336
-5.15737,0.672336
-5.34374,0.731507
-5.31553,0.939036
-5.20602,1.106
-5.03117,1.20907
-4.99488,1.42136
-4.93119,1.59796
-4.87146,1.77087
-4.98681,1.95714
-4.98941,2.14604
-5.05665,2.33747
-4.90051,2.4638
-4.76152,2.60663
-4.8217,2.81518
-4.88451,3.00454
-4.88508,3.21446
-4.69663,3.31203
-4.64282,3.49856
-4.49106,3.63712
-4.40733,3.80527
-4.3897,4.02656
-4.39109,4.24157
-4.3928,4.43631
-4.55855,4.55404
-4.57374,4.7596
-4.38492,4.84049
-4.41553,5.03759
-4.49485,5.22173
-4.62684,5.38523
-4.65269,5.57305
-4.59692,5.77476
-4.53765,5.96964
-4.67037,6.12196
-4.60234,6.3085
-4.54637,6.50594
-4.62935,6.6993
-4.69239,6.88465
-4.63501,7.08115
-4.59282,7.2792
-4.696,7.45566
-4.71885,7.6637
-4.67812,7.86476
-4.7152,8.06213
-4.64836,8.24727
-4.68724,8.44414
-4.69389,8.64593
-4.78761,8.83481
-4.62771,8.99234
-4.69206,9.17927
-4.52882,9.29601
-4.47729,9.4892
-4.45382,9.69511
-4.47137,9.89605
-4.39723,10.0938
-4.43427,10.2947
-4.46071,10.5085
-4.35496,10.6848
-4.35695,10.8985
-4.45859,11.06
-4.63643,11.1788
-4.56611,11.3657
-4.67564,11.5397
-4.71786,11.7329
-4.83178,11.8903
-4.77497,12.0869
-4.9222,12.2269
-5.05525,12.3916
-4.95715,12.563
-4.84926,12.7293
-4.81265,12.9287
-4.76279,13.1254
-4.72667,13.3061
-4.65728,13.5048
-4.64989,13.6946
-4.67762,13.8935
-4.641,14.0998
-4.53759,14.2848
-4.55598,14.484
-4.53418,14.6746
-4.65607,14.8275
-4.53378,14.9824
-4.7075,15.0734
-4.56308,15.2058
-4.6225,15.4084
-4.70001,15.6071
-4.75021,15.8095
-4.72829,16.0267
-4.64473,16.2136
-4.63425,16.4206
-4.59475,16.6158
-4.58742,16.809
-4.52595,17.005
-4.41549,17.1703
-4.55088,17.3226
-4.66722,17.4851
-4.62271,17.6975
-4.57922,17.9057
-4.58921,18.1104
-4.68349,18.2913
-4.67277,18.519
-4.69143,18.7225
-4.6211,18.9136
-4.65046,19.1174
-4.70185,19.3027
-4.63118,19.476
-4.74083,19.6483
-4.8192,19.8477
-4.68522,20.0001
-4.65597,20.2087
-4.63987,20.4134
-4.54621,20.5965
-4.46172,20.7836
-4.43222,20.9826
-4.3042,21.1556
-4.37652,21.3499
-4.47295,21.5207
-4.57338,21.7103
-4.76947,21.7856
-4.64377,21.9424
-4.52091,22.1155
-4.56968,22.3198
-4.72174,22.4444
-4.71259,22.655
-4.59514,22.8278
-4.72931,22.9924
-4.53586,23.0768
-4.5079,23.2719
-4.35004,23.4116
-4.43989,23.594
-4.41191,23.7907
-4.3104,23.9628
-4.31703,24.1605
-4.42823,24.3372
-4.47795,24.5351
-4.39663,24.7311
-4.23144,24.8462
-4.31338,25.0339
-4.25144,25.2113
-4.1845,25.3941
-4.16144,25.6002
-4.16183,25.7988
-4.12991,26.0006
-3.98268,26.1602
-3.82587,26.2994
-3.87372,26.5084
-4.02099,26.6608
-4.12234,26.8306
-4.27392,26.9426
-4.19445,27.1392
-4.26347,27.327
-4.22444,27.5422
-4.11789,27.7296
-4.14833,27.9301
-4.06294,28.1174
-4.00661,28.3172
-3.85794,28.4597
-3.75328,28.6134
-3.77914,28.8238
-3.84374,29.0024
-3.68047,29.1449
-3.69235,29.3345
-3.59753,29.5088
-3.46684,29.6753
-3.49341,29.8744
-3.54572,30.0685
-3.63582,30.262
-3.50753,30.4106
-3.41666,30.598
-3.60825,30.5499
-3.56492,30.7283
-3.59176,30.9369
-3.65673,31.1266
-3.64809,31.3218
-3.51401,31.4676
-3.46012,31.663
-3.31068,31.7761
-3.46448,31.9059
-3.52101,32.0989
-3.40441,32.2697
-3.32247,32.4556
-3.2584,32.6481
-3.34243,32.8242
-3.29307,33.0312
-3.19224,33.1824
-3.37256,33.2524
-3.2763,33.4182
-3.29916,33.6446
-3.22329,33.822
-3.22492,34.0105
-3.15445,34.2033
-3.08568,34.3934
-2.95192,34.5435
-2.92926,34.7543
-2.83717,34.9278
-2.65284,34.9749
-2.71254,35.1584
-2.68474,35.3658
-4.06104,0.191593
-3.96445,0.376759
-3.97889,0.577715
-4.03933,0.77218
-3.99763,0.972549
-3.85842,1.11349
-3.69031,1.23871
-3.63812,1.44829
-3.51846,1.62179
-3.65564,1.7789
-3.74948,1.96402
-3.89975,2.09291
-3.91657,2.29576
-3.93504,2.51077
-3.74619,2.59745
-3.80859,2.80304
-3.8224,2.99758
-3.74066,3.17718
-3.78165,3.37339
-3.87476,3.56925
-3.8727,3.77677
-3.80185,3.97241
-3.86346,4.16805
-3.6752,4.23014
-3.67807,4.42193
-3.65145,4.61952
-3.5789,4.81209
-3.52755,5.0246
-3.53224,5.22494
-3.57352,5.41986
-3.71155,5.56655
-3.59972,5.73935
-3.61456,5.937
-3.69297,6.11898
-3.55636,6.26349
-3.46544,6.46338
-3.34419,6.61913
-3.3352,6.82326
-3.36518,7.02879
-3.39843,7.2396
-3.32414,7.42975
-3.28086,7.6398
-3.29104,7.83219
-3.25702,8.0232
-3.34218,8.19876
-3.37459,8.42595
-3.39735,8.62319
-3.29935,8.80082
-3.37462,8.97591
-3.33697,9.178
-3.42371,9.35584
-3.30524,9.52346
-3.43749,9.6746
-3.46737,9.87069
-3.4559,10.0845
-3.42251,10.2995
-3.57938,10.4438
-3.50553,10.6304
-3.64661,10.7643
-3.68228,10.9756
-3.71215,11.1848
-3.76606,11.3815
-3.70983,11.5711
-3.8902,11.6831
-3.7062,11.7739
-3.59705,11.9543
-3.67288,12.1394
-3.69258,12.3424
-3.55276,12.4822
-3.69421,12.6364
-3.65589,12.8362
-3.48058,12.9242
-3.44151,13.1252
-3.41514,13.3108
-3.31149,13.4991
-3.35276,13.6899
-3.36348,13.8961
-3.30756,14.0982
-3.20055,14.2939
-3.28635,14.4693
-3.18552,14.6393
-3.24696,14.8307
-3.24867,15.0233
-3.36867,15.1757
-3.46061,15.3476
-3.35953,15.5154
-3.34451,15.7153
-3.40038,15.9296
-3.42289,16.1249
-3.31588,16.2994
-3.42773,16.4954
-3.42887,16.6896
-3.37376,16.8786
-3.3106,17.0557
-3.39107,17.2281
-3.47567,17.403
-3.32727,17.5366
-3.30302,17.7273
-3.35107,17.9395
-3.50421,18.0545
-3.41212,18.228
-3.4088,18.4315
-3.36206,18.6178
-3.31475,18.8076
-3.46517,18.9414
-3.60514,19.0711
-3.66992,19.263
-3.53985,19.4228
-3.40083,19.5691
-3.59098,19.6443
-3.5474,19.8389
-3.49008,20.0314
-3.3807,20.219
-3.43185,20.4405
-3.34263,20.6358
-3.2908,20.8285
-3.38125,21.0067
-3.49228,21.1768
-3.60582,21.345
-3.61222,21.5584
-3.68472,21.7517
-3.601,21.9599
-3.66017,22.1389
-3.6439,22.3404
-3.67291,22.5505
-3.54478,22.7209
-3.36609,22.8142
-3.28551,23.022
-3.37829,23.225
-3.20643,23.3573
-3.17585,23.5467
-3.1518,23.7456
-3.12263,23.95
-2.98595,24.0871
-3.03004,24.2831
-2.99126,24.4893
-2.93658,24.6748
-2.94604,24.8877
-2.77979,25.03
-2.68586,25.2139
-2.60059,25.3907
-2.66626,25.5914
-2.79402,25.7489
-2.69612,25.9277
-2.66939,26.1207
-2.75719,26.2895
-2.76157,26.501
-2.66149,26.6695
-2.78183,26.8097
-2.61096,26.9197
-2.44089,27.0104
-2.34865,27.2014
-2.40114,27.3936
-2.44634,27.5943
-2.37477,27.7882
-2.42018,27.9789
-2.28215,28.1238
-2.1911,28.316
-2.27465,28.4846
-2.24924,28.6825
-2.07108,28.7789
-2.07942,28.9828
-2.11149,29.1765
-2.13832,29.3926
-2.23073,29.5738
-2.21215,29.7589
-2.18413,29.9758
-2.04706,30.1294
-2.06177,30.3314
-2.19676,30.4828
-2.13149,30.6687
-2.00219,30.8272
-2.09131,31.0175
-1.95856,31.1774
-1.99798,31.3967
-1.99535,31.6031
-1.90592,31.8053
-2.04201,31.9569
-1.98908,32.1443
-2.04228,32.3299
-1.85295,32.3969
-1.96223,32.5616
-1.96355,32.7506
-1.89583,32.9431
-1.84919,33.1507
-1.71924,33.3025
-1.60946,33.456
-1.54207,33.6507
-1.55135,33.8451
-1.47984,34.0296
-1.57368,34.2113
-1.55818,34.405
-1.45899,34.5883
-1.37923,34.7721
-1.56308,34.8812
-1.59854,35.0806
-1.50695,35.2524
-1.43615,35.4566
-1.49538,35.6485
-1.63532,35.7854
-2.34424,0.150854
-2.20214,0.297335
-2.10415,0.454142
-2.09888,0.671895
-2.16261,0.860717
-2.26817,1.04075
-2.12201,1.19721
-2.04701,1.39078
-1.9286,1.5598
-1.87026,1.7573
-1.95306,1.92907
-1.97947,2.13012
-2.02577,2.33498
-2.09207,2.53195
-2.08939,2.73101
-1.92846,2.85404
-1.91837,3.04652
-1.95114,3.25057
-2.09905,3.38554
-2.10504,3.59988
-2.16351,3.78941
-2.17458,3.9896
-2.15873,4.1971
-2.09511,4.39599
-2.0659,4.61146
-2.11519,4.80278
-2.11706,5.00551
-2.01977,5.19594
-1.9924,5.39481
-2.16944,5.51945
-2.24426,5.69749
-2.1319,5.8825
-2.01379,6.04508
-2.1766,6.17921
-2.18686,6.37568
-2.10164,6.58267
-2.14219,6.76781
-2.32924,6.84025
-2.37849,7.03311
-2.26814,7.20114
-2.32066,7.40136
-2.28871,7.60907
-2.09787,7.67642
-2.17258,7.86297
-2.27427,8.03131
-2.33959,8.22287
-2.41085,8.39932
-2.40159,8.60898
-2.42637,8.80921
-2.41959,9.02898
-2.21689,9.11434
-2.19485,9.33017
-2.0976,9.53389
-2.13156,9.73151
-2.17869,9.94893
-1.98898,9.98804
-2.01452,10.1923
-1.94968,10.389
-2.09237,10.5352
-2.1719,10.7264
-2.22575,10.9044
-2.21548,11.1146
-2.09108,11.2765
-2.03248,11.4543
-2.11187,11.6475
-2.13016,11.8645
-2.19802,12.0774
-2.17386,12.2992
-2.12074,12.4967
-2.21043,12.6724
-2.16547,12.88
-2.0474,13.0445
-2.09586,13.243
-2.18068,13.4203
-2.33858,13.5458
-2.3171,13.7655
-2.33543,13.9732
-2.29117,14.1538
-2.45211,14.28
-2.42226,14.4791
-2.60673,14.5804
-2.53563,14.7824
-2.61647,14.9723
-2.56186,15.1727
-2.42382,15.3142
-2.51387,15.4984
-2.43365,15.6711
-2.62955,15.7141
-2.55501,15.9124
-2.70573,16.0818
-2.63956,16.2812
-2.51919,16.4514
-2.49436,16.6582
-2.37879,16.82
-2.30714,17.016
-2.26726,17.225
-2.12311,17.3414
-2.14969,17.5433
-2.03599,17.7184
-2.03052,17.9208
-1.92454,18.101
-1.95687,18.3039
-1.8998,18.5077
-1.93725,18.7174
-1.97664,18.9147
-1.98369,19.1041
-2.13605,19.2477
-2.01553,19.4251
-1.97729,19.6153
-1.88349,19.7826
-1.97662,19.9571
-2.00547,20.1698
-2.00496,20.3587
-1.92697,20.5432
-1.84236,20.7218
-1.8034,20.9272
-1.85338,21.1271
-1.91532,21.3142
-1.81132,21.4971
-1.8685,21.6861
-1.84341,21.9044
-1.82121,22.104
-1.94347,22.2696
-1.83263,22.4265
-1.78031,22.6157
-1.83468,22.8022
-1.90311,22.9937
-1.84633,23.1844
-1.74762,23.3511
-1.621,23.5188
-1.57659,23.7187
-1.40069,23.8288
-1.46427,24.0106
-1.48045,24.2183
-1.33839,24.362
-1.39334,24.5445
-1.31874,24.7437
-1.28852,24.9393
-1.21363,25.1224
-1.23305,25.3313
-1.16652,25.5345
-1.32139,25.6649
-1.35049,25.8797
-1.27804,26.0763
-1.38395,26.2513
-1.39228,26.446
-1.50342,26.6221
-1.40231,26.7979
-1.54577,26.9337
-1.62806,27.1234
-1.59319,27.3406
-1.52224,27.5414
-1.39399,27.7023
-1.27012,27.8642
-1.20557,28.0438
-1.11355,28.2194
-1.07757,28.4184
-0.905735,28.5217
-1.08386,28.6491
-1.0704,28.8501
-1.18299,29.0259
-1.09757,29.1891
-1.00814,29.3587
-0.933638,29.5586
-0.993459,29.7528
-1.10345,29.9243
-1.08775,30.1299
-1.12948,30.3307
-0.986102,30.4802
-1.03131,30.6863
-1.06836,30.8755
-1.20417,31.0299
-1.25122,31.224
-1.28723,31.408
-1.27296,31.6066
-1.14129,31.7499
-1.29254,31.8782
-1.23919,32.0664
-1.16557,32.2596
-1.06054,32.4292
-1.03195,32.6496
-0.905116,32.8045
-0.799131,32.98
-0.680794,33.1417
-0.549647,33.2949
-0.700399,33.4279
-0.823196,33.573
-0.90163,33.7686
-0.888989,33.9604
-0.948011,34.1499
-0.897618,34.3412
-0.904724,34.5652
-0.932325,34.7509
-1.03435,34.9361
-0.981438,35.1593
-0.964459,35.3642
-1.03379,35.5518
-1.05176,35.7544
-1.06472,35.9531
-0.949118,36.1073
-1.55266,0.458015
-1.49481,0.659107
-1.39598,0.827797
-1.24712,0.954492
-1.33968,1.13342
-1.21135,1.30127
-1.25308,1.50691
-1.11486,1.6778
-1.238,1.83612
-1.23155,2.03214
-1.3079,2.22346
-1.14395,2.33279
-1.30834,2.42777
-1.47368,2.53518
-1.38133,2.7138
-1.3659,2.93056
-1.3922,3.13267
-1.28825,3.29995
-1.13645,3.4495
-1.31966,3.55672
-1.3447,3.7646
-1.31995,3.96918
-1.27436,4.15232
-1.18231,4.33646
-1.21843,4.54059
-1.16329,4.73904
-1.2105,4.92331
-1.22755,5.12279
-1.14317,5.3053
-1.23221,5.494
-1.3336,5.65503
-1.34961,5.85348
-1.272,6.04383
-1.25766,6.25091
-1.23571,6.44434
-1.27598,6.63909
-1.22646,6.82364
-1.21065,7.03144
-1.14636,7.23559
-1.1979,7.42851
-1.02865,7.56239
-1.05588,7.77343
-1.19197,7.94709
-1.32849,8.11589
-1.31078,8.31813
-1.48646,8.42618
-1.3237,8.54117
-1.24708,8.74187
-1.26108,8.94494
-1.20013,9.14575
-1.28339,9.329
-1.41703,9.48725
-1.36066,9.66261
-1.35464,9.85511
-1.45177,10.0279
-1.29044,10.1465
-1.26933,10.3375
-1.25495,10.5318
-1.40815,10.6946
-1.32929,10.868
-1.33272,11.0743
-1.273,11.2793
-1.17318,11.4495
-1.21022,11.6474
-1.22796,11.8514
-1.40393,11.934
-1.45553,12.1235
-1.49668,12.3099
-1.37216,12.4699
-1.37613,12.6673
-1.44881,12.8554
-1.29648,12.9939
-1.20764,13.1729
-1.23652,13.3869
-1.2403,13.5935
-1.19286,13.7974
-1.01139,13.897
-1.03614,14.0951
-0.885518,14.2441
-0.79003,14.4171
-0.624615,14.5531
-0.624891,14.7577
-0.627965,14.9618
-0.664714,15.1725
-0.746371,15.3681
-0.683616,15.5553
-0.678911,15.7486
-0.717919,15.9502
-0.545947,16.0558
-0.433112,16.2419
-0.387613,16.4536
-0.334024,16.652
-0.253947,16.84
-0.319749,17.045
-0.196821,17.2204
-0.0804185,17.3724
-0.0183897,17.5733
-0.0062167,17.7759
0.027019,17.9844
0.0460174,18.1796
-0.151902,18.2112
-0.0467593,18.3826
-0.0595339,18.5736
-0.0983053,18.7885
-0.0692739,18.9857
-0.0404918,19.1762
-0.0845385,19.3772
-0.0843892,19.5863
-0.156466,19.7729
-0.151886,19.9613
-0.104884,20.1708
-0.0446146,20.3865
-0.052465,20.5829
-0.0878618,20.7701
-0.120854,20.9656
-0.133622,21.1699
-0.224289,21.355
-0.129151,21.5338
0.0174836,21.6786
0.0516593,21.8721
0.238601,21.9307
0.241609,22.137
0.209144,22.3586
0.093215,22.528
0.256357,22.6311
0.111419,22.7924
0.190001,22.9796
0.108437,23.1655
0.050856,23.3767
0.0588985,23.5783
-0.148029,23.6094
-0.23965,23.7902
-0.204021,23.9926
-0.129938,24.1841
-0.103178,24.3969
-0.0848856,24.5934
-0.0926351,24.7861
-0.00120592,24.9899
0.0608003,25.1819
0.1419,25.3614
0.0644979,25.5506
-0.0656151,25.7092
-0.0845633,25.9278
-0.0613299,26.1245
-0.235476,26.2455
-0.310041,26.4301
-0.246211,26.601
-0.145589,26.7782
-0.232,26.9553
-0.105286,27.1001
-0.191166,27.2827
-0.147168,27.491
-0.151818,27.6882
-0.31557,27.8163
-0.281176,28.029
-0.173227,28.2194
-0.058497,28.4002
-0.101003,28.609
-0.000122484,28.7866
-0.14217,28.9167
-0.0326042,29.0977
-0.0947151,29.2971
0.00382051,29.4991
0.0620759,29.6837
0.0833706,29.8833
-0.0747041,29.9975
-0.0795224,30.2016
-0.242505,30.3369
-0.212332,30.5315
-0.18635,30.7352
-0.190318,30.9429
-0.154238,31.1473
-0.352836,31.138
-0.290325,31.3301
-0.486217,31.3973
-0.437302,31.5996
-0.433167,31.7937
-0.306802,31.9398
-0.171384,32.1057
-0.111853,32.3188
-0.0501452,32.51
0.0877376,32.6527
0.0308231,32.8388
0.0558558,33.038
0.0593779,33.2307
0.110681,33.4181
0.184571,33.6025
0.0794702,33.7756
0.100164,33.9784
0.104705,34.1715
0.0729537,34.3753
0.162737,34.5659
0.0305599,34.7321
-0.00920407,34.9277
-0.067159,35.1194
-0.0510628,35.3298
-0.0675007,35.5365
0.0161185,35.7537
0.152474,35.8902
0.278625,36.0445
-0.940084,0.343468
-0.762819,0.459685
-0.572922,0.51354
-0.638738,0.724436
-0.641768,0.925611
-0.642388,1.13735
-0.612641,1.33893
-0.599688,1.54867
-0.638685,1.73799
-0.50342,1.91401
-0.42789,2.10093
-0.556923,2.23741
-0.5693,2.44862
-0.446237,2.61811
-0.517757,2.81655
-0.434091,2.99628
-0.448802,3.20251
-0.345287,3.3873
-0.331779,3.58173
-0.192625,3.73005
-0.192054,3.93611
-0.176194,4.13913
-0.318324,4.29438
-0.334873,4.50189
-0.18782,4.66078
-0.192945,4.85572
-0.168477,5.07071
-0.198249,5.2616
-0.148222,5.45379
-0.0983246,5.64765
-0.204854,5.82074
-0.320043,5.96609
-0.380867,6.1732
-0.370261,6.37835
-0.298828,6.57665
-0.31043,6.79498
-0.483783,6.89659
-0.525981,7.09799
-0.563103,7.28443
-0.359787,7.31147
-0.33263,7.51204
-0.403829,7.69451
-0.374076,7.89658
-0.455089,8.09929
-0.368032,8.30069
-0.501222,8.43558
-0.650335,8.60101
-0.581227,8.79106
-0.513985,8.99355
-0.5357,9.207
-0.462029,9.39152
-0.52579,9.56844
-0.586017,9.75835
-0.423791,9.86883
-0.551361,10.0342
-0.684983,10.1704
-0.717548,10.3705
-0.743098,10.5585
-0.834566,10.7549
-0.823916,10.9567
-0.856866,11.154
-0.839151,11.3625
-0.677996,11.4758
-0.475083,11.5204
-0.608488,11.6667
-0.535107,11.8491
-0.575142,12.0472
-0.468933,12.2305
-0.473319,12.4579
-0.374363,12.6336
-0.47038,12.8262
-0.486796,13.0384
-0.336335,13.191
-0.219321,13.3593
-0.227311,13.5732
-0.222065,13.7797
-0.125459,13.9524
-0.230784,14.1425
-0.296961,14.342
-0.260593,14.5435
-0.215082,14.7493
-0.354799,14.8887
-0.240322,15.0619
-0.185672,15.2505
-0.280166,15.427
-0.231902,15.6186
-0.235832,15.8296
-0.266125,16.0248
-0.190988,16.2048
0.00647481,16.2698
0.029424,16.4942
-0.0236481,16.6949
0.06485,16.8836
0.0741013,17.097
0.114299,17.3075
0.166081,17.498
0.215374,17.6963
0.339802,17.8679
0.347173,18.0787
0.359742,18.2723
0.349428,18.4765
0.471712,18.6216
0.46681,18.8439
0.583829,19.0083
0.65787,19.1877
0.608012,19.3867
0.61289,19.5812
0.717307,19.7616
0.735198,19.9562
0.734412,20.1479
0.815596,20.3438
0.982978,20.4607
0.971943,20.6787
1.08693,20.8329
1.02339,21.0329
1.06908,21.2425
0.995755,21.4308
1.15352,21.5829
1.19553,21.7863
1.13702,21.9883
1.19365,22.1792
1.17689,22.3892
1.03891,22.547
1.22177,22.6512
1.08806,22.804
1.14887,23.0022
1.05591,23.2013
1.00641,23.4201
1.03927,23.6085
0.994006,23.8334
0.945447,24.0434
1.03237,24.2288
1.1975,24.3692
1.14295,24.5678
1.20806,24.7792
1.0727,24.9672
0.924117,25.098
0.789876,25.2425
0.955615,25.3571
1.01144,25.5427
0.962036,25.7416
0.934271,25.9481
0.973998,26.1609
0.970359,26.3546
0.938727,26.5484
0.963391,26.7514
1.0183,26.9422
1.19156,27.0502
1.18177,27.2453
1.1679,27.4656
0.989685,27.5904
0.888525,27.7583
0.934301,27.9514
0.922616,28.1454
1.00079,28.3313
1.11142,28.5077
1.09867,28.7053
1.03736,28.9026
1.05462,29.1199
1.05381,29.3193
0.988525,29.5176
0.828737,29.647
0.909571,29.8229
0.919434,30.0258
0.991487,30.2246
1.03435,30.4303
0.94504,30.6016
1.0301,30.7883
1.0365,30.9936
1.00876,31.2079
1.12599,31.3562
1.06887,31.5402
1.04202,31.7452
0.879493,31.842
0.802959,32.0168
0.983436,32.1472
0.91779,32.328
1.0472,32.4608
1.09995,32.6609
1.18147,32.8464
1.10134,33.0268
1.13716,33.2182
1.04578,33.4074
1.14569,33.5709
1.15551,33.7615
0.965777,33.7403
1.00975,33.9237
1.00438,34.1275
1.11832,34.292
1.14262,34.4924
1.15526,34.6897
0.966359,34.7527
0.870266,34.942
0.82929,35.1342
0.850241,35.331
0.639225,35.3365
0.550103,35.5281
0.681871,35.6859
0.876254,35.7753
0.725454,35.8946
0.516073,0.194138
0.606655,0.384995
0.613779,0.595297
0.469367,0.740706
0.655702,0.829132
0.712532,1.01895
0.737846,1.22232
0.695181,1.41338
0.799367,1.60701
0.947453,1.75557
1.02524,1.94306
1.13361,2.11619
1.22202,2.31745
1.27196,2.52648
1.29504,2.72705
1.38835,2.91115
1.3017,3.09605
1.33282,3.29323
1.24514,3.47475
1.30905,3.66239
1.1865,3.83034
1.31941,3.98839
1.3039,4.18925
1.37337,4.37258
1.35411,4.57412
1.26055,4.76191
1.24079,4.96029
1.34477,5.1389
1.44545,5.30916
1.3189,5.47875
1.39074,5.66744
1.33638,5.85655
1.20314,6.00368
1.26366,6.19941
1.0884,6.28358
0.986964,6.45474
0.935517,6.65859
0.807708,6.82983
0.720292,7.01798
0.921712,7.05227
0.973075,7.23327
0.857565,7.41772
0.792936,7.59851
0.945607,7.70775
1.13984,7.79919
1.18359,7.98823
1.12747,8.1876
1.05711,8.37768
1.11635,8.56769
1.03443,8.75083
0.899022,8.90322
1.03313,9.06132
1.13647,9.25085
1.09097,9.44802
1.13923,9.6604
1.31898,9.76367
1.20716,9.93927
1.13863,10.1384
1.03698,10.3066
0.944043,10.4887
0.787814,10.6274
0.755076,10.8547
0.713998,11.0379
0.671363,11.2279
0.553727,11.4103
0.53138,11.6234
0.350923,11.667
0.386311,11.8617
0.406956,12.073
0.402248,12.2667
0.377468,12.4622
0.490814,12.648
0.484727,12.8632
0.457281,13.0618
0.550028,13.24
0.690775,13.3966
0.576289,13.5808
0.509815,13.7754
0.629608,13.9249
0.531717,14.1093
0.61381,14.3204
0.713125,14.5199
0.570268,14.6759
0.597665,14.8693
0.717479,15.0256
0.903792,15.0672
0.847556,15.2809
0.814115,15.4786
0.907148,15.6651
1.02351,15.8359
1.19386,15.9546
1.10804,16.1273
1.02247,16.3068
1.15467,16.4682
1.08802,16.6639
1.14129,16.8515
1.09067,17.0409
1.00157,17.2169
1.06006,17.4273
1.0606,17.6248
1.12036,17.8116
0.976676,17.957
0.967107,18.1544
1.07121,18.3275
1.17596,18.4955
1.20214,18.701
1.04912,18.814
1.00875,19.0176
0.953022,19.2132
0.902539,19.4098
0.911542,19.5995
0.954323,19.8
1.02073,19.9904
1.16899,20.1226
1.30514,20.2669
1.35034,20.4653
1.40634,20.6687
1.51086,20.8489
1.57899,21.0348
1.63034,21.2334
1.63346,21.4364
1.59457,21.6418
1.66238,21.8348
1.67887,22.0296
1.77105,22.2086
1.75926,22.397
1.86074,22.5812
1.83379,22.7764
1.91708,22.9663
2.11866,23.0622
2.1783,23.2442
2.29491,23.4022
2.39129,23.5681
2.31174,23.7558
2.32383,23.9554
2.15004,24.0727
2.12113,24.2983
1.97982,24.4339
2.03921,24.6216
1.96416,24.8176
2.09931,25.0053
2.22322,25.1592
2.12938,25.3406
2.1198,25.5351
2.18881,25.7355
2.08322,25.9028
2.07971,26.1047
2.10465,26.3038
2.04032,26.4871
2.09165,26.6814
2.27983,26.7398
2.23722,26.9417
2.1583,27.1334
2.24267,27.3028
2.24668,27.4989
2.06235,27.5536
2.09467,27.7692
2.07393,27.9992
2.07291,28.1947
2.27786,28.242
2.21276,28.4277
2.05456,28.5641
2.1404,28.7579
2.10059,28.9529
2.16796,29.1294
2.15896,29.3216
2.23805,29.5239
2.08004,29.6603
2.20914,29.7945
2.22024,30.0033
2.15651,30.1862
2.27965,30.3647
2.07952,30.393
2.07954,30.6
2.09673,30.799
2.08521,31.0025
2.00823,31.1968
2.08026,31.3854
2.04256,31.5821
1.91374,31.7598
2.05681,31.8993
1.92377,32.0566
1.86716,32.2583
1.94134,32.4406
1.97758,32.6385
1.83871,32.7879
1.79956,32.9886
1.88134,33.1828
1.97203,33.3797
2.07853,33.5488
2.06986,33.7746
2.11598,33.9782
2.27817,34.0954
2.3838,34.2662
2.45063,34.4715
2.62617,34.5585
2.53894,34.7261
2.43104,34.9086
2.40617,35.1034
2.37375,35.3245
