parameters (x,y,w,h,rx,ry):-5,0,10.000000,40.000000,100,100
218,57,55,47,56,52,51,36,44,37,41,36,45,63,59,56,46,44,25,28,40,30,41,50,52,46,53,46,36,28,39,25,33,43,41,66,55,57,46,27,32,31,39,34,51,47,66,72,48,48,45,43,37,32,33,52,56,63,61,59,43,44,40,25,35,35,52,52,67,57,41,49,39,42,25,30,32,48,50,55,56,67,53,34,36,31,56,33,46,53,63,64,73,48,34,36,38,50,39,325
500,113,115,140,128,119,97,81,90,80,73,98,114,138,135,133,109,85,56,63,54,90,90,96,120,120,137,97,57,73,55,56,89,94,107,127,143,130,99,77,73,65,86,78,89,111,123,139,116,107,96,104,81,60,67,94,126,137,140,115,138,113,75,78,70,85,98,113,158,148,127,118,102,73,64,63,88,96,97,141,134,137,125,109,73,66,71,75,99,128,129,141,136,108,104,92,86,82,101,737
459,109,137,144,140,125,87,95,76,72,85,81,107,128,166,144,107,89,59,51,55,75,90,99,124,131,128,116,64,55,50,53,79,96,119,145,153,148,116,76,56,47,62,75,91,103,149,143,137,102,97,84,83,61,59,76,106,139,140,153,141,111,80,54,66,76,83,106,143,154,163,132,86,64,52,70,72,91,128,136,137,168,112,104,72,50,80,80,111,99,138,145,146,137,105,71,64,66,107,760
452,114,133,156,133,136,100,96,75,66,65,87,120,145,154,150,105,95,42,52,54,67,93,92,134,126,128,111,71,52,51,37,65,103,113,139,176,159,126,69,58,54,55,71,83,108,166,156,134,119,96,81,75,51,58,67,95,140,153,143,147,85,86,71,55,68,89,97,147,176,162,130,87,70,43,62,61,92,106,128,180,181,123,94,56,54,63,87,93,121,142,164,158,132,94,89,57,70,82,775
431,100,141,154,136,123,123,78,76,64,57,80,125,146,157,152,114,81,66,38,47,79,79,107,118,143,141,109,71,52,61,41,54,84,112,134,170,163,108,84,55,38,48,64,87,104,138,161,172,130,105,70,53,61,55,71,99,138,163,152,130,119,64,69,72,66,74,116,126,172,156,123,115,81,45,61,56,67,112,138,198,161,136,102,64,46,41,67,93,112,147,168,178,133,114,75,66,62,65,806
457,109,152,163,132,120,122,67,64,59,62,83,112,146,184,159,119,92,70,42,36,79,65,112,118,150,144,95,71,49,41,53,46,64,111,139,195,168,114,89,56,37,45,50,67,112,142,166,198,120,96,69,51,45,53,82,111,128,153,154,144,106,74,56,59,65,87,107,129,151,179,136,105,65,55,44,58,75,109,150,154,184,126,114,69,46,43,62,84,117,145,174,162,150,117,63,67,56,55,790
446,105,132,169,159,134,101,72,62,56,56,75,106,155,171,148,127,92,80,49,46,67,81,103,139,157,148,120,49,51,42,46,62,78,103,136,191,153,128,96,59,38,33,45,58,101,132,180,180,151,120,87,61,51,59,68,101,154,137,176,127,124,65,50,59,72,88,97,146,177,164,153,105,75,50,44,56,65,107,143,181,183,144,106,63,56,37,62,86,101,151,176,164,138,130,84,69,44,49,797
421,107,131,174,140,143,106,76,71,44,62,71,115,156,158,161,129,92,69,52,51,57,63,100,131,162,147,114,81,46,34,41,49,73,109,146,150,175,138,90,62,34,42,50,58,109,140,169,174,159,94,85,51,45,60,79,101,144,139,161,152,105,72,44,52,53,73,130,154,158,187,144,83,78,53,48,41,64,104,140,176,193,139,101,77,50,50,57,76,111,131,186,167,157,111,81,69,64,51,809
438,103,127,176,170,157,97,80,50,48,68,87,133,166,159,137,119,69,71,50,51,46,84,91,127,164,161,128,78,45,22,41,47,59,129,144,162,152,140,91,55,37,33,45,61,101,149,176,189,147,100,64,60,47,49,82,104,140,159,186,159,96,67,47,47,47,69,124,151,179,173,145,96,78,51,37,52,63,82,155,210,173,136,104,73,45,49,50,64,100,135,193,168,175,105,85,62,53,50,797
392,97,146,193,165,134,107,68,50,59,65,89,136,174,171,146,103,78,68,54,57,40,58,92,131,162,172,116,72,56,33,26,48,76,101,143,196,156,128,89,72,32,21,35,62,86,145,194,184,176,91,64,58,53,51,74,106,142,163,164,138,125,73,35,35,43,77,99,150,161,184,160,105,80,45,40,54,62,92,143,192,163,143,113,71,46,56,50,74,87,127,178,192,150,123,82,55,54,53,832
388,91,134,179,175,137,103,71,39,70,62,89,111,163,166,166,132,73,54,38,48,59,72,107,111,178,151,114,89,52,30,30,45,55,109,163,178,151,133,104,64,43,32,24,53,97,124,190,190,165,103,74,41,49,51,62,100,163,165,177,146,95,81,43,39,52,60,92,136,188,158,192,121,77,37,50,39,60,105,136,174,175,144,120,73,41,50,48,75,98,130,170,182,164,123,85,51,42,71,840
393,94,132,177,157,139,102,72,51,49,62,83,117,153,176,191,132,64,54,58,35,52,60,110,143,150,159,134,77,50,39,37,51,64,99,146,145,172,162,93,55,38,26,38,71,86,125,189,196,168,120,77,52,39,48,66,97,142,158,174,162,111,77,48,26,32,74,103,144,158,193,141,124,76,50,48,60,47,104,113,178,183,134,130,84,38,43,56,66,122,139,167,188,176,105,67,51,34,58,864
401,91,137,165,156,156,102,74,60,50,42,78,113,150,187,168,122,94,70,41,35,38,63,103,138,158,158,128,87,51,26,37,51,79,86,122,186,171,165,111,49,33,35,37,51,88,125,163,187,191,119,87,38,38,52,62,98,131,166,184,148,125,68,54,44,33,55,98,140,179,186,172,115,79,61,37,52,61,103,136,164,182,148,121,78,47,42,42,67,98,153,189,194,153,112,57,59,48,50,834
406,98,114,171,163,167,104,68,69,47,44,63,136,152,169,160,137,90,82,49,39,41,48,90,174,163,160,133,88,43,25,25,44,65,104,141,163,166,155,108,61,31,32,33,55,98,140,165,204,198,106,60,38,42,35,62,94,129,143,197,162,134,71,45,32,43,52,92,168,153,180,165,126,82,56,49,56,61,77,132,164,174,134,124,79,55,39,46,67,107,144,174,174,163,112,81,59,45,49,847
386,105,127,154,189,139,109,66,45,49,54,73,129,149,172,160,136,109,64,56,35,49,49,110,135,169,161,121,87,53,26,29,40,60,104,135,178,206,147,99,53,28,31,37,58,88,123,199,209,150,116,68,48,28,29,69,98,126,176,192,160,114,69,40,32,39,64,94,141,195,186,139,128,90,54,49,43,61,99,125,144,180,161,128,72,50,49,42,55,114,126,188,184,148,134,87,53,47,59,861
386,99,135,173,165,165,107,51,62,51,65,79,100,171,167,150,138,98,75,42,33,44,68,113,142,169,166,109,81,50,37,25,42,66,103,120,192,208,150,90,47,42,29,50,46,81,135,163,227,158,126,65,46,22,35,66,102,104,191,186,167,106,75,47,34,31,69,103,151,184,173,153,129,80,55,46,49,57,111,141,149,179,151,108,72,66,42,44,52,100,141,156,195,158,135,84,52,41,48,864
372,120,147,158,185,146,113,47,46,48,70,81,114,151,176,156,144,113,56,48,33,42,64,107,132,171,160,140,77,44,35,26,34,73,99,132,220,140,162,91,57,54,32,39,55,99,123,163,196,172,129,65,51,24,31,60,92,125,152,205,175,113,66,63,18,28,61,104,146,175,194,169,118,71,48,46,49,68,99,141,148,188,160,109,69,51,36,33,73,97,141,186,176,176,121,72,55,36,39,865
385,100,145,190,173,133,109,68,42,46,56,79,112,160,169,156,131,98,72,45,38,40,83,104,119,176,150,134,102,48,38,23,48,52,100,135,182,189,139,107,65,42,47,37,50,93,142,167,182,167,131,72,49,32,37,52,84,144,178,176,171,124,81,40,36,29,67,88,145,197,199,167,100,61,49,50,52,52,87,157,167,183,153,125,71,52,31,50,59,85,151,181,181,170,123,77,45,36,45,853
353,119,142,176,151,152,120,98,53,29,55,84,113,170,154,167,144,108,56,33,39,38,70,116,136,162,152,133,91,56,31,36,36,55,96,134,196,184,151,93,57,43,45,31,61,72,126,183,206,172,104,80,48,30,44,50,90,141,182,182,170,107,63,54,33,47,67,91,158,185,186,170,97,65,62,35,42,66,92,129,173,172,169,121,88,52,33,41,71,96,143,185,180,147,121,81,44,44,33,876
346,120,152,180,178,138,105,94,50,43,61,71,96,166,182,182,124,92,54,41,37,30,82,109,136,170,171,136,82,62,31,26,47,61,96,135,173,188,132,121,60,44,28,23,70,78,116,176,189,174,113,73,43,26,40,49,83,147,173,197,173,100,81,38,42,49,53,109,144,190,211,132,113,66,46,33,47,56,83,141,177,183,173,127,83,41,43,34,65,100,141,185,195,139,91,66,60,35,46,869
328,103,170,189,184,156,106,67,61,63,56,69,109,161,168,186,153,78,65,42,29,51,75,104,106,169,189,143,74,55,38,25,46,66,89,140,159,170,172,115,68,36,29,22,73,64,122,161,226,160,114,92,33,35,31,42,90,117,188,207,166,120,67,56,33,36,58,97,144,193,194,150,105,72,50,31,46,58,103,126,180,183,156,140,79,49,36,47,61,102,149,193,196,139,96,61,45,32,45,862
345,89,148,186,184,168,116,64,49,34,46,87,102,147,193,161,120,122,60,38,24,46,68,119,128,157,184,151,91,60,34,31,30,58,83,128,160,188,185,109,63,33,39,25,65,80,124,170,192,169,119,78,35,29,35,39,75,134,183,190,192,131,95,49,31,26,78,89,136,191,202,132,121,55,56,26,43,59,102,137,164,189,156,113,95,38,35,48,64,89,143,197,174,167,102,53,44,35,42,856
348,97,135,167,185,182,133,83,36,44,54,75,121,175,176,157,137,91,72,35,33,41,67,100,114,181,165,141,86,62,38,30,32,70,80,135,163,175,172,117,66,34,28,36,59,94,133,192,192,152,107,82,41,25,28,55,98,145,152,188,173,140,89,51,38,39,56,90,130,187,212,167,100,64,34,35,40,64,80,144,162,195,172,116,73,41,32,32,48,119,169,177,191,154,95,59,47,31,40,850
361,101,136,157,188,186,132,69,36,34,46,63,111,172,165,194,144,95,56,38,34,42,66,90,152,177,177,138,73,45,38,31,29,44,115,141,185,170,156,106,60,35,21,36,64,108,147,185,198,146,108,84,40,23,27,54,96,131,167,165,161,140,96,53,36,40,68,85,152,184,202,159,122,70,39,37,37,70,99,148,163,186,157,117,77,56,36,33,60,99,175,180,187,157,102,52,35,40,46,856
348,107,142,180,208,152,103,81,45,38,41,67,99,159,175,181,140,99,73,43,37,41,76,100,151,161,169,146,74,38,32,39,43,76,101,129,189,168,150,117,66,31,27,28,58,95,149,168,191,147,122,74,47,19,40,41,90,137,190,178,154,133,81,63,32,30,56,96,133,186,213,165,124,67,41,27,43,54,98,128,174,186,142,130,75,55,47,45,54,119,172,188,178,141,105,63,29,44,57,841
338,110,147,168,201,172,101,78,44,40,37,73,104,150,177,188,127,113,64,43,39,50,64,87,157,177,170,138,78,38,38,29,56,73,93,126,168,188,128,117,81,34,24,32,50,92,132,183,169,187,125,56,48,27,26,50,84,143,176,184,191,133,71,46,40,42,66,91,136,178,210,178,117,61,38,32,38,52,88,123,175,191,146,121,79,67,42,47,64,111,173,176,171,142,102,60,56,39,30,863
379,104,161,188,160,158,119,57,39,38,40,72,129,124,191,190,138,109,64,41,39,44,61,113,147,189,178,125,78,49,32,34,42,62,97,128,165,175,183,112,57,44,21,29,58,97,131,200,197,158,108,78,43,27,25,50,74,135,169,184,193,142,81,37,30,34,50,99,145,222,216,148,108,66,40,35,37,54,87,133,175,175,161,112,75,62,44,54,59,102,156,186,181,161,86,61,44,34,31,834
354,112,155,176,187,154,107,83,45,32,41,69,112,143,168,188,161,110,60,41,33,45,60,104,153,183,183,127,83,44,31,34,32,51,100,118,177,203,164,116,63,37,12,26,55,80,157,200,202,138,112,66,42,28,24,37,81,135,153,189,181,125,91,50,32,41,50,94,163,207,207,151,127,54,37,35,45,57,90,143,166,173,150,118,83,53,47,58,74,103,158,161,187,153,110,67,39,31,35,860
336,104,130,181,196,172,98,85,47,29,44,76,106,145,161,180,166,115,59,50,25,38,72,103,147,175,219,134,84,56,28,20,35,58,75,135,194,207,155,109,62,35,25,32,59,106,159,181,196,157,95,82,38,28,21,45,82,134,150,185,170,127,80,54,39,34,40,94,154,180,209,180,96,80,36,37,37,60,86,136,187,171,146,115,83,60,46,33,59,106,152,215,158,163,102,68,31,32,43,860
344,78,132,179,201,158,109,82,43,31,57,72,109,139,174,194,145,104,67,44,24,37,62,94,150,186,190,155,88,48,35,23,34,45,98,124,214,202,149,104,57,43,27,29,55,120,169,178,185,159,109,59,48,19,27,53,83,135,184,179,165,121,89,50,32,25,68,78,132,203,201,181,114,66,44,33,33,62,78,135,197,178,153,103,92,60,48,44,60,90,160,189,189,147,94,66,40,23,42,877
363,90,156,163,169,144,129,77,36,49,55,72,80,134,204,213,145,99,54,35,34,41,61,100,157,170,187,152,84,44,35,25,26,57,75,137,205,223,143,106,61,30,29,30,43,115,143,218,189,145,90,57,37,26,26,38,88,148,201,193,148,128,85,45,26,27,65,102,118,200,213,175,117,54,43,30,32,55,98,125,176,195,166,117,70,48,42,39,65,84,141,205,188,151,102,75,50,20,24,850
317,114,140,161,166,159,127,69,48,40,47,81,101,153,179,189,172,86,55,29,29,38,59,107,123,202,179,160,92,60,20,23,40,52,93,167,174,201,143,101,61,27,32,42,52,102,149,205,201,162,87,56,47,23,24,46,96,118,166,192,187,115,71,56,29,37,52,96,141,194,223,170,96,53,45,34,38,51,71,127,190,195,173,132,63,53,42,31,81,110,138,160,187,159,106,62,44,29,38,865
311,101,159,182,167,140,133,79,38,36,46,69,109,164,197,168,156,93,50,25,24,42,74,95,135,187,176,127,110,61,26,22,29,57,102,154,175,191,150,104,72,35,33,27,69,85,144,194,196,177,108,65,49,34,30,51,79,136,173,187,170,138,68,43,24,37,56,101,141,192,195,175,107,52,36,31,42,49,85,138,186,194,171,114,76,40,33,45,60,91,154,185,194,163,97,76,47,30,40,872
321,102,133,165,178,172,115,78,49,36,37,74,124,163,187,196,178,86,42,19,21,35,73,101,133,171,180,161,110,72,23,21,25,54,95,151,203,180,144,107,72,34,32,30,47,103,148,180,217,163,119,65,42,22,36,53,90,133,152,196,172,127,97,50,19,21,65,94,153,196,186,158,114,62,36,34,34,49,85,140,183,220,163,108,60,39,40,38,66,81,143,185,192,161,120,55,42,34,41,882
313,104,134,181,182,190,103,77,54,34,28,75,127,150,200,212,141,79,40,20,24,47,60,90,144,167,201,151,123,53,39,32,35,51,89,142,185,186,151,110,63,36,34,24,48,96,139,181,209,182,120,64,28,26,30,60,88,147,156,193,164,122,88,46,26,29,54,110,154,197,176,163,107,61,46,31,30,52,113,131,190,205,179,104,73,36,28,45,45,87,141,197,181,167,116,55,47,32,43,893
309,92,138,174,181,184,119,83,49,34,44,78,108,146,211,209,131,87,49,24,19,33,58,108,151,208,182,131,86,51,45,31,40,51,84,157,174,210,164,99,57,28,34,25,44,105,150,200,194,180,110,73,29,15,38,51,96,128,158,198,181,126,82,44,26,26,65,99,146,194,183,158,109,61,52,22,34,43,83,141,203,203,161,97,76,46,31,30,60,83,146,206,172,167,117,62,47,44,49,885
324,92,131,155,185,173,151,70,45,35,41,83,89,161,225,187,150,81,58,16,17,25,48,108,158,204,180,155,87,44,38,29,37,48,88,135,170,185,170,115,61,48,26,31,53,93,168,186,201,150,129,53,28,20,29,48,90,124,170,213,183,111,87,44,35,24,57,84,148,189,185,169,108,68,41,37,33,42,94,140,178,212,170,103,84,50,27,34,55,103,149,196,190,148,93,65,51,47,41,861
330,106,142,144,188,182,127,68,50,25,41,84,123,156,219,191,137,86,50,29,22,29,43,110,162,185,182,165,87,49,33,29,31,53,86,128,181,164,163,139,79,50,26,28,46,106,155,199,199,164,120,44,30,30,28,38,90,130,161,212,139,144,77,53,36,33,48,93,148,153,205,174,106,64,39,36,25,57,93,152,182,183,156,117,80,48,30,26,61,103,144,203,190,173,98,62,36,28,35,865
344,114,134,168,165,171,112,92,51,29,44,69,102,174,199,195,131,84,47,29,24,33,54,98,160,176,211,153,85,61,29,29,35,41,85,129,173,192,162,114,79,49,21,19,56,98,153,206,185,155,119,55,37,29,25,50,85,133,181,182,171,151,71,60,26,28,40,89,127,172,232,160,101,74,46,26,40,46,100,136,175,187,173,122,72,60,32,47,55,91,160,194,193,126,111,73,36,26,38,856
334,97,133,186,162,163,119,80,46,29,43,79,124,160,197,193,151,92,34,22,26,35,68,90,155,184,188,139,95,62,24,30,26,46,91,151,183,193,166,120,80,31,18,31,34,83,151,201,190,175,113,60,47,20,33,49,87,124,162,190,170,150,79,45,29,27,44,100,136,175,206,182,116,60,48,35,27,62,74,132,189,185,156,119,78,53,44,43,63,107,144,205,197,158,108,64,50,21,35,852
344,95,139,175,184,180,109,70,48,32,34,62,133,184,199,161,168,81,48,23,38,34,54,92,161,183,193,148,90,63,29,23,35,50,92,137,177,210,165,115,64,30,22,27,50,89,139,194,209,187,106,63,49,26,31,37,86,121,179,167,185,139,85,56,19,36,52,107,146,167,206,178,120,59,44,31,33,46,98,113,174,198,181,122,74,51,32,45,50,115,161,180,187,160,117,59,35,29,44,862
323,102,130,195,198,159,108,67,50,30,32,57,125,176,202,180,136,91,49,32,29,44,47,102,149,185,184,143,91,60,39,24,28,60,104,157,188,176,161,117,71,28,17,32,49,84,146,181,190,182,109,81,53,19,29,42,80,110,188,185,172,132,99,44,30,23,54,92,162,179,177,175,99,83,43,29,39,61,72,117,164,220,145,127,97,46,33,32,62,91,161,193,184,154,122,58,26,29,45,855
343,97,130,178,186,173,107,77,43,34,35,70,116,184,202,177,140,103,44,40,29,39,71,91,148,162,186,172,88,75,25,28,38,56,94,156,187,175,172,91,65,34,23,26,65,84,164,196,164,159,137,67,43,27,29,42,79,137,168,197,159,126,84,43,32,34,43,88,156,193,201,166,93,77,48,27,33,55,76,137,193,193,157,109,86,58,29,33,72,87,144,210,183,147,116,70,35,26,37,848
332,107,140,183,173,166,126,72,54,33,39,65,114,166,202,171,136,97,56,46,25,43,60,91,145,187,170,143,117,73,31,27,29,54,107,146,172,202,145,104,71,36,20,31,53,100,133,201,195,159,116,76,36,26,26,40,95,138,201,173,166,135,82,37,28,29,45,85,156,203,201,170,104,59,52,29,32,55,72,139,184,191,167,123,81,38,37,27,56,108,158,200,188,152,95,73,32,29,33,840
348,105,141,161,188,163,142,77,36,34,42,68,124,155,186,188,132,100,61,37,29,41,64,96,162,165,164,181,111,58,30,22,21,62,96,150,169,184,154,113,72,40,20,30,48,93,148,197,197,167,117,61,40,27,31,55,83,140,161,173,169,113,94,31,25,27,53,85,147,202,198,164,117,71,40,30,23,50,88,147,174,188,183,115,65,31,41,49,62,94,156,175,183,159,107,69,41,35,24,830
349,100,130,179,190,169,112,69,42,37,36,71,121,174,170,170,159,94,58,27,30,35,78,101,148,181,170,166,96,60,43,20,21,63,102,147,159,164,185,123,84,35,19,27,42,75,150,194,188,188,108,63,41,35,26,42,103,132,168,188,176,119,72,40,23,35,62,92,142,202,178,186,96,71,45,29,19,52,81,140,180,177,180,136,82,37,40,38,63,101,157,169,205,159,100,53,37,52,34,814
337,92,130,198,183,183,116,74,43,44,48,62,105,192,186,177,148,98,53,33,35,44,64,102,130,174,184,144,115,82,37,26,26,52,92,148,172,173,168,133,79,37,22,28,50,72,157,173,213,161,126,71,41,36,25,46,86,150,189,176,184,109,63,40,30,38,49,106,153,194,157,178,136,73,45,14,13,46,82,138,181,193,177,123,86,47,31,45,52,98,152,197,204,162,100,52,38,33,22,836
317,84,144,183,200,153,103,64,54,39,36,65,134,142,185,184,156,86,55,43,33,45,64,94,135,192,168,141,108,68,35,22,28,46,89,158,185,170,171,131,77,34,19,26,43,81,137,197,194,163,118,67,39,39,28,52,74,129,201,207,171,106,79,39,27,28,40,113,152,175,201,185,122,62,35,24,20,38,90,110,179,187,202,129,91,39,28,41,77,71,167,211,198,149,107,52,37,26,34,868
337,82,163,176,191,158,115,80,45,29,34,81,111,152,168,191,163,94,61,35,38,37,61,88,152,178,200,150,91,68,36,33,28,42,97,136,150,203,186,118,79,33,26,25,44,69,153,189,201,159,124,74,45,30,23,44,82,132,199,188,186,124,61,33,25,19,32,108,153,217,195,169,120,55,37,34,27,35,98,118,171,182,192,134,92,58,29,39,45,88,160,194,203,167,103,58,39,24,40,850
342,93,140,197,175,145,117,72,40,32,44,81,108,163,193,168,158,96,46,34,36,39,56,93,144,207,169,157,90,64,44,30,32,39,81,146,167,207,163,131,74,39,24,22,52,84,152,145,210,166,129,69,53,21,21,49,78,122,172,207,165,135,68,45,25,22,40,93,155,202,206,191,105,47,36,30,36,53,96,134,164,163,165,129,97,49,32,24,47,105,149,199,207,161,111,47,39,21,34,853
338,107,153,181,177,148,106,79,36,32,51,61,112,168,206,187,152,86,54,37,29,46,59,95,153,178,182,137,119,56,38,34,36,51,79,143,179,213,150,122,76,54,22,28,46,86,132,175,199,172,144,63,47,26,27,41,69,155,187,187,173,138,81,36,19,32,49,97,150,217,226,153,107,46,39,27,31,55,94,133,170,171,160,143,84,55,26,42,59,95,157,179,201,181,109,56,31,25,29,865
350,92,154,174,198,136,115,70,41,35,48,71,116,167,191,186,151,80,65,41,38,40,53,98,148,180,182,141,103,78,43,32,27,51,87,136,181,201,161,107,69,40,32,27,39,85,160,154,219,187,109,71,40,20,24,35,83,118,188,191,182,136,70,38,24,23,55,93,149,217,207,174,89,59,34,28,40,54,84,123,165,163,186,157,77,41,46,37,54,89,146,197,194,172,127,48,29,25,44,830
344,105,135,197,179,156,112,66,35,37,46,84,114,168,191,169,146,82,54,47,26,32,59,95,146,185,175,147,99,71,43,23,36,53,107,111,193,205,141,115,71,34,31,37,49,87,129,157,215,183,112,70,34,25,27,46,78,128,181,206,171,140,77,36,31,26,46,112,163,197,198,171,91,56,34,30,34,56,83,117,165,177,169,135,80,58,33,39,60,84,132,202,206,178,96,55,35,30,39,846
331,105,161,176,186,171,123,50,34,38,53,80,106,180,184,209,131,86,50,39,29,24,67,97,129,180,194,168,96,58,40,17,29,56,98,144,194,185,138,112,76,39,31,24,42,83,133,188,192,179,133,68,42,23,26,42,66,117,178,214,162,133,78,39,36,33,55,104,147,205,220,157,103,60,31,37,38,47,80,107,180,188,159,124,84,47,45,46,58,79,163,206,188,158,92,63,43,23,33,852
327,97,140,206,201,168,103,56,38,29,45,71,119,144,204,195,135,86,58,28,28,36,67,90,149,168,196,163,110,69,40,25,38,62,90,148,181,192,142,106,77,39,28,35,59,76,124,194,188,167,129,88,39,28,19,43,80,117,161,201,181,131,71,40,37,37,52,97,141,215,202,168,102,60,38,35,24,62,79,121,161,179,184,131,90,51,29,36,54,86,153,211,184,147,116,75,32,22,27,864
325,85,160,180,220,148,97,56,44,33,40,75,96,189,180,195,137,87,53,38,30,36,60,96,148,189,194,148,117,52,35,31,45,46,106,138,164,189,152,130,69,44,22,36,56,92,125,156,200,182,151,85,44,16,34,41,80,130,184,183,172,118,75,52,36,37,48,97,145,179,215,151,114,76,37,39,29,43,86,118,180,181,179,108,99,52,38,39,48,101,154,215,180,154,107,52,37,23,32,863
338,98,141,195,200,161,121,55,35,31,45,50,102,171,218,203,136,77,57,30,28,34,49,112,144,193,182,129,107,65,39,33,39,51,79,152,174,193,148,127,67,40,28,27,55,74,124,164,232,176,139,89,40,24,28,53,73,114,182,191,163,131,79,57,37,31,54,110,148,190,180,165,111,62,43,27,33,40,82,117,181,179,199,124,71,53,33,53,53,90,177,216,187,140,107,64,29,22,40,846
308,101,142,195,195,178,101,52,36,41,29,58,112,170,210,206,142,87,54,25,22,40,52,111,141,172,196,133,111,60,45,31,39,50,75,131,206,184,151,99,70,42,27,28,60,72,117,186,214,160,147,71,45,24,36,44,68,131,167,186,163,149,73,44,33,40,66,102,174,191,169,137,126,70,40,20,24,42,69,105,199,201,193,131,63,30,40,41,67,94,159,191,197,160,114,64,42,18,32,851
337,86,155,183,206,175,91,71,38,25,36,69,113,165,182,205,152,90,62,26,26,25,70,91,140,207,198,136,101,65,51,23,38,54,79,132,178,197,162,106,66,44,35,25,53,78,132,169,209,192,121,86,42,30,37,46,69,110,173,197,167,139,86,42,23,39,52,112,169,174,207,161,114,69,27,31,24,49,75,131,190,184,189,135,75,34,31,46,67,88,164,184,207,154,103,66,36,21,26,865
331,100,138,183,209,151,111,82,45,18,27,67,110,147,193,212,152,93,54,35,29,32,43,98,138,174,215,146,106,65,58,35,19,59,74,150,184,174,168,108,82,44,23,24,39,86,142,169,204,183,125,85,41,35,29,50,81,126,164,188,169,146,94,41,18,28,65,94,136,190,196,189,125,51,31,27,23,40,82,135,193,191,171,127,79,38,39,38,65,94,138,194,189,163,120,60,27,27,33,859
351,89,123,167,198,170,118,69,51,23,37,58,103,147,214,182,177,94,62,37,22,37,49,90,137,193,191,162,112,70,44,17,29,58,82,141,176,171,169,124,68,42,24,29,45,80,133,177,193,168,135,81,46,38,31,61,81,139,172,157,153,143,85,58,27,30,51,99,140,185,204,174,107,69,38,22,31,36,73,120,166,227,179,110,97,51,31,33,76,91,152,186,196,157,119,67,39,27,24,852
335,89,123,184,197,187,119,80,33,19,38,47,108,173,183,210,147,117,63,26,27,38,62,94,137,185,189,165,124,60,28,27,46,51,102,136,150,183,177,112,90,36,26,21,39,89,147,177,175,174,134,90,42,36,35,45,92,134,156,192,151,119,88,58,44,41,55,80,125,201,207,171,105,72,50,23,25,49,72,109,173,206,190,146,75,44,34,27,50,122,162,176,189,175,100,68,47,31,32,833
327,82,145,171,222,144,130,72,51,26,27,46,115,185,171,215,160,112,53,31,36,42,59,90,139,181,206,136,113,62,39,22,31,68,96,148,165,171,145,139,64,37,24,28,33,92,144,185,191,169,125,80,46,39,35,49,78,130,166,204,137,140,71,52,40,38,51,78,127,192,196,167,121,75,42,24,34,46,89,118,166,186,187,150,83,39,28,30,55,118,132,178,194,175,90,78,54,32,35,821
336,87,117,173,245,162,110,73,37,35,40,66,103,158,208,184,163,94,65,38,27,34,61,91,131,176,182,157,124,67,40,37,27,66,85,132,183,188,137,93,72,50,25,29,35,85,126,183,209,170,143,87,45,31,30,31,75,124,160,189,180,128,74,47,49,40,67,72,141,176,187,185,127,79,39,33,32,43,79,119,160,185,193,144,95,34,27,29,57,95,134,203,194,156,97,83,44,40,39,803
323,96,137,198,215,164,106,81,34,22,45,61,103,166,187,205,143,103,66,33,30,41,48,80,130,188,180,163,104,69,46,39,31,54,96,145,167,181,154,117,86,43,30,21,40,72,134,195,220,158,120,82,50,29,32,33,70,130,166,185,204,132,88,42,30,26,64,96,149,173,194,156,120,69,44,32,37,45,67,113,172,198,192,143,84,47,26,31,50,100,122,186,195,176,113,74,52,41,38,812
334,86,152,205,188,164,120,63,32,31,26,59,113,175,196,183,150,115,68,34,22,23,44,105,141,188,174,170,104,69,43,31,33,68,89,140,152,166,167,128,72,41,29,29,38,91,154,186,195,175,118,78,46,28,35,38,74,112,178,200,181,125,72,54,30,38,63,96,130,169,182,161,131,82,42,23,33,47,74,116,167,199,198,141,86,41,27,43,60,80,124,166,212,173,123,75,51,31,37,814
332,84,150,174,203,172,111,72,36,33,30,52,98,164,210,191,153,98,63,42,26,24,42,95,146,181,186,177,103,59,36,31,36,45,110,119,178,179,146,116,85,55,36,26,42,78,152,182,202,167,131,78,37,26,36,32,77,116,168,202,199,122,84,49,35,27,64,84,131,150,197,178,123,68,58,36,24,48,60,124,180,186,199,146,87,54,35,28,58,78,138,170,183,185,140,66,38,37,28,824
353,84,120,189,176,184,136,70,38,40,24,44,101,171,180,196,182,105,56,33,22,27,52,90,147,192,200,175,98,58,39,42,37,40,88,141,162,205,165,111,72,41,38,37,35,76,143,200,166,184,133,80,49,33,29,42,59,119,158,183,191,143,91,52,32,42,41,85,128,168,197,167,126,82,53,25,31,42,71,116,174,205,194,121,85,51,39,28,47,93,140,161,189,202,119,70,39,28,33,834
355,81,110,191,193,169,129,76,40,36,30,42,112,153,238,211,148,101,51,36,22,34,30,88,160,173,195,176,107,60,48,33,26,39,93,131,180,209,152,112,68,51,30,27,39,77,136,164,193,192,113,74,50,35,38,41,74,110,162,189,186,147,111,58,33,19,60,71,144,173,206,146,114,84,46,30,27,43,82,124,156,217,188,130,83,44,39,34,49,95,135,198,197,166,128,68,45,26,40,841
346,92,129,177,196,190,111,65,49,30,31,48,111,154,217,207,151,98,51,40,24,18,56,93,131,138,201,176,127,85,36,39,33,42,83,134,176,190,172,106,77,62,27,30,43,84,135,184,203,164,114,84,45,41,32,42,80,97,160,182,184,147,97,53,31,32,47,100,154,160,181,153,113,89,48,38,15,51,78,113,161,197,199,146,88,51,33,42,53,73,131,189,233,176,122,63,40,37,27,846
334,89,147,157,194,181,126,64,46,25,34,59,106,148,212,198,153,102,56,42,20,26,43,82,135,152,182,181,150,68,47,30,32,52,70,127,168,175,165,143,70,47,29,28,51,67,131,195,198,177,122,78,47,39,31,52,62,105,163,177,188,137,92,62,28,33,52,92,161,166,192,160,109,82,53,26,37,50,74,103,155,201,192,134,92,62,38,45,43,71,158,181,209,187,98,68,46,20,31,848
338,83,128,158,211,176,134,55,39,33,33,52,115,155,208,195,159,97,59,33,27,24,49,76,118,155,172,196,127,84,56,30,30,45,90,129,162,173,179,131,81,47,27,23,39,67,135,154,203,182,130,93,48,34,40,46,49,102,159,184,189,138,110,67,42,30,55,75,163,167,189,157,106,83,50,37,38,42,69,95,166,196,192,135,92,52,44,49,41,95,152,164,198,168,124,66,36,41,38,830
357,82,138,181,173,181,133,72,44,35,23,60,94,148,187,200,139,116,79,27,30,25,39,89,135,158,174,173,128,79,55,37,39,54,87,127,159,182,181,122,77,47,24,21,45,81,128,148,194,177,138,92,60,29,34,35,83,104,154,170,191,151,99,67,37,35,53,82,125,209,201,144,101,71,44,37,35,53,72,118,166,162,180,129,92,57,47,40,40,80,144,180,207,162,129,69,47,42,30,842
335,75,141,181,187,151,136,95,50,24,27,49,92,167,180,208,158,105,72,38,26,26,52,86,127,163,155,162,125,93,54,32,44,48,78,116,190,184,165,118,84,61,34,17,54,77,130,145,163,174,138,104,59,31,37,55,72,111,179,169,172,148,102,56,47,35,57,92,126,187,199,176,100,75,58,36,40,58,80,114,143,166,164,161,86,75,39,37,58,88,141,177,161,171,141,81,66,38,28,816
340,92,121,174,198,181,129,75,40,28,35,42,92,170,206,158,145,125,71,40,23,35,62,81,107,152,181,169,123,84,54,30,33,58,62,133,166,188,159,103,82,65,46,31,45,57,130,157,188,160,137,87,51,36,33,60,89,113,154,180,156,148,117,59,33,38,46,97,131,183,170,146,135,74,53,34,45,67,78,103,143,153,166,149,97,73,49,30,50,96,136,171,180,150,122,87,55,47,33,835
360,80,126,169,180,197,136,78,44,22,41,58,115,163,172,188,124,106,85,49,26,37,50,71,104,181,200,160,113,66,60,32,40,40,80,111,182,224,147,108,81,50,41,49,51,81,108,149,182,166,136,88,51,47,35,55,85,125,161,160,177,136,99,71,36,32,54,78,140,184,172,146,140,81,43,30,50,61,75,116,155,161,161,129,96,78,51,37,48,110,125,171,194,165,132,83,57,41,36,818
329,90,118,160,192,180,128,96,57,31,43,69,79,175,187,188,147,90,62,41,33,45,45,75,113,156,198,171,115,86,47,34,32,39,73,117,186,205,161,109,61,58,28,36,74,69,119,161,182,170,134,86,57,28,46,37,73,119,167,174,163,139,106,75,49,38,50,85,122,180,196,142,130,64,64,47,42,51,72,136,143,171,167,117,80,78,52,39,54,87,132,160,172,164,146,76,74,37,32,841
339,78,116,174,180,189,132,88,58,38,29,59,101,153,200,181,136,106,51,41,42,34,54,85,94,157,191,163,151,83,56,30,28,45,72,127,194,173,179,119,65,49,46,31,51,77,119,168,177,176,112,84,52,41,27,57,69,111,177,198,150,123,111,77,35,51,60,84,140,154,190,151,111,80,51,38,42,66,74,127,163,158,155,136,95,55,63,39,48,84,134,173,180,173,127,102,67,42,46,822
369,82,116,170,197,178,147,85,43,39,45,74,84,172,181,182,153,86,57,39,29,38,57,72,133,164,172,162,126,89,57,30,36,63,70,115,163,192,164,126,79,65,33,31,44,73,128,184,181,169,112,89,59,33,39,31,82,129,169,157,166,131,108,66,34,50,60,101,123,170,184,136,108,77,64,42,41,54,88,112,167,159,150,129,107,60,47,38,42,86,135,160,177,173,147,90,59,44,48,795
383,71,122,169,196,167,126,98,48,37,38,74,103,137,186,179,160,109,58,32,31,37,40,81,140,161,216,147,113,79,50,40,37,54,72,130,158,173,155,140,64,61,40,42,43,66,136,190,189,161,111,89,64,26,29,43,79,144,146,161,152,150,99,72,43,59,64,88,135,164,184,181,105,74,59,32,43,57,79,129,156,152,140,135,104,59,48,39,47,82,131,161,183,178,143,92,53,41,47,791
367,83,110,174,166,198,124,97,57,42,61,55,91,136,168,183,156,132,58,35,32,34,49,90,139,155,182,149,114,86,47,33,40,57,69,132,159,183,156,137,83,53,51,29,42,70,139,168,210,155,118,84,66,31,27,40,70,126,147,180,161,144,100,68,51,50,61,89,131,161,193,146,120,70,56,45,33,68,74,115,159,140,150,132,107,70,44,41,47,73,119,163,191,196,141,88,52,52,44,794
391,67,109,134,193,199,133,101,51,51,49,75,79,128,203,167,155,102,64,42,38,37,58,100,137,148,143,153,124,95,55,50,35,56,64,125,145,165,168,124,86,59,48,39,57,73,132,158,206,166,137,84,54,34,24,44,73,105,150,181,163,138,108,62,51,40,36,108,138,170,178,172,126,79,39,44,47,47,90,118,136,148,138,151,111,66,42,46,54,87,135,167,206,155,121,91,67,41,47,764
402,67,110,136,166,198,134,90,72,46,47,78,86,127,171,192,156,97,64,54,41,36,62,85,124,136,150,168,120,96,64,50,51,55,57,110,178,187,154,111,79,79,41,50,39,72,124,155,172,185,121,97,64,36,40,40,87,101,140,183,175,152,86,55,47,42,59,80,130,172,192,167,112,83,49,30,45,61,86,120,145,148,163,156,84,72,56,54,59,103,147,174,180,181,101,83,73,42,58,786
416,76,86,137,178,180,132,102,75,54,46,55,106,126,170,190,154,92,76,56,45,28,62,82,124,147,160,150,131,99,57,40,42,57,72,123,186,169,142,82,85,80,64,42,58,85,109,157,166,170,126,109,69,57,38,37,69,111,153,155,183,139,109,59,47,40,52,79,129,179,191,168,117,75,53,40,48,62,67,117,131,172,157,128,100,74,48,55,70,108,126,166,164,151,127,84,68,59,58,762
403,79,111,132,154,170,139,92,87,65,43,67,78,141,176,179,139,109,69,80,40,46,42,81,115,139,161,158,114,99,60,40,45,58,82,119,139,164,141,107,108,67,61,55,66,89,97,133,177,159,126,106,73,48,51,46,68,108,144,161,162,156,106,72,60,40,55,69,113,170,216,159,109,82,57,44,55,59,71,101,152,158,179,118,78,87,66,55,59,93,138,155,165,170,112,86,70,69,37,784
399,77,100,111,162,171,142,98,90,59,54,67,93,121,161,181,150,109,78,56,57,51,62,71,127,138,150,156,117,90,62,46,49,75,82,114,125,151,163,120,105,68,57,47,55,100,95,130,155,172,120,102,74,62,66,50,83,82,145,139,161,130,118,71,54,51,62,76,109,169,181,166,106,85,61,46,46,58,77,96,141,174,159,114,110,71,70,49,61,91,138,149,176,168,128,80,82,51,49,794
457,65,100,123,161,133,138,115,75,72,53,65,90,128,132,161,147,113,96,64,60,59,56,70,117,137,143,165,122,72,58,50,59,56,63,96,160,145,153,151,100,78,50,36,56,80,118,127,153,156,139,96,79,63,60,64,76,100,116,160,156,129,105,75,56,58,38,87,139,142,187,152,126,104,56,51,48,57,79,107,154,131,172,126,91,82,63,59,67,78,128,177,149,162,115,94,88,64,53,755
459,69,99,102,155,163,125,106,70,71,52,52,66,120,152,154,152,117,95,64,63,57,72,71,111,122,154,144,124,73,63,60,49,55,55,93,141,150,149,122,100,105,53,60,51,71,87,134,148,164,122,104,96,67,53,62,69,107,109,150,140,132,101,68,52,53,57,85,128,153,162,140,112,92,78,73,37,51,98,111,142,122,152,118,111,74,62,46,51,93,126,154,167,145,126,97,73,72,75,719
435,62,86,110,138,135,110,85,74,60,61,56,72,95,139,122,136,126,81,56,43,53,68,70,98,129,128,119,101,67,66,46,56,49,56,77,109,120,120,118,101,92,60,51,51,66,60,120,142,125,118,107,82,47,67,45,63,87,92,118,142,111,94,90,50,51,48,67,96,122,128,126,103,83,85,53,58,52,69,106,126,130,107,106,82,77,43,50,53,95,99,134,141,124,130,100,83,60,60,638
334,67,75,81,94,74,94,73,63,43,41,60,52,62,89,105,93,88,79,50,27,43,66,66,61,82,110,77,55,72,43,43,29,31,40,58,77,82,102,85,72,69,47,42,39,46,67,93,97,104,98,63,47,51,49,37,59,61,67,77,94,84,74,59,47,42,28,43,85,88,108,88,76,54,66,62,37,41,58,72,95,88,93,89,68,48,40,43,47,63,67,94,87,105,94,82,65,47,47,449
203,30,40,56,48,47,38,39,34,30,16,27,35,37,52,58,54,51,37,26,37,24,30,39,34,60,42,53,32,34,26,26,18,17,21,27,38,49,48,58,45,35,28,26,24,28,42,54,51,56,59,40,34,30,27,19,25,51,42,41,41,39,34,33,16,26,17,35,44,66,62,42,42,37,32,26,33,27,23,29,45,60,54,48,39,36,28,33,34,32,48,55,58,46,45,52,29,31,22,267
61,10,19,15,17,18,9,14,12,6,8,6,14,10,20,11,15,13,13,13,14,13,9,17,16,5,12,12,21,14,9,7,7,9,8,7,12,18,17,11,19,7,9,18,11,12,12,21,15,23,13,16,9,13,10,4,7,18,19,21,14,15,13,8,8,10,9,13,11,19,23,17,16,14,14,6,8,9,8,10,17,16,20,15,20,15,14,10,10,16,19,19,21,14,24,19,14,6,7,97
18,3,2,4,5,3,0,1,1,0,3,2,6,7,1,3,4,3,5,0,1,3,1,3,1,1,1,0,1,2,3,0,0,5,1,3,6,1,1,4,0,4,3,1,3,4,2,4,9,4,4,3,1,2,4,3,2,0,4,4,4,2,3,1,0,5,1,4,1,6,2,5,4,3,3,3,1,3,1,1,9,3,3,3,3,8,3,2,1,2,2,2,7,8,4,1,1,2,2,28
2,0,0,0,0,0,0,1,0,0,1,1,0,0,3,2,0,0,0,0,1,0,0,0,0,0,0,0,0,1,0,0,0,0,0,0,1,0,1,0,1,0,0,0,0,0,0,0,2,0,0,1,0,0,0,0,0,0,0,2,2,0,0,0,0,1,0,0,0,0,0,0,0,0,0,0,0,0,0,1,0,0,0,0,1,0,1,1,2,1,1,1,2,0,0,0,0,0,1,4
0,0,0,0,0,0,0,0,0,0,0,0,0,0,1,0,0,0,0,0,0,0,0,0,0,0,0,0,0,0,0,0,0,0,0,0,0,0,0,0,0,0,0,0,0,0,0,0,0,0,0,0,0,0,0,0,0,0,0,0,0,0,0,0,0,0,0,0,0,0,0,0,0,0,0,0,0,0,0,0,0,0,0,0,0,0,0,0,0,0,0,0,0,0,0,0,0,0,0,0
0,0,0,0,0,0,0,0,0,0,0,0,0,0,0,0,0,0,0,0,0,0,0,0,0,0,0,0,0,0,0,0,0,0,0,0,0,0,0,0,0,0,0,0,0,0,0,0,0,0,0,0,0,0,0,0,0,0,0,0,0,0,0,0,0,0,0,0,0,0,0,0,0,0,0,0,0,0,0,0,0,0,0,0,0,0,0,0,0,0,0,0,0,0,0,0,0,0,0,0
0,0,0,0,0,0,0,0,0,0,0,0,0,0,0,0,0,0,0,0,0,0,0,0,0,0,0,0,0,0,0,0,0,0,0,0,0,0,0,0,0,0,0,0,0,0,0,0,0,0,0,0,0,0,0,0,0,0,0,0,0,0,0,0,0,0,0,0,0,0,0,0,0,0,0,0,0,0,0,0,0,0,0,0,0,0,0,0,0,0,0,0,0,0,0,0,0,0,0,0
0,0,0,0,0,0,0,0,0,0,0,0,0,0,0,0,0,0,0,0,0,0,0,0,0,0,0,0,0,0,0,0,0,0,0,0,0,0,0,0,0,0,0,0,0,0,0,0,0,0,0,0,0,0,0,0,0,0,0,0,0,0,0,0,0,0,0,0,0,0,0,0,0,0,0,0,0,0,0,0,0,0,0,0,0,0,0,0,0,0,0,0,0,0,0,0,0,0,0,0
0,0,0,0,0,0,0,0,0,0,0,0,0,0,0,0,0,0,0,0,0,0,0,0,0,0,0,0,0,0,0,0,0,0,0,0,0,0,0,0,0,0,0,0,0,0,0,0,0,0,0,0,0,0,0,0,0,0,0,0,0,0,0,0,0,0,0,0,0,0,0,0,0,0,0,0,0,0,0,0,0,0,0,0,0,0,0,0,0,0,0,0,0,0,0,0,0,0,0,0
0,0,0,0,0,0,0,0,0,0,0,0,0,0,0,0,0,0,0,0,0,0,0,0,0,0,0,0,0,0,0,0,0,0,0,0,0,0,0,0,0,0,0,0,0,0,0,0,0,0,0,0,0,0,0,0,0,0,0,0,0,0,0,0,0,0,0,0,0,0,0,0,0,0,0,0,0,0,0,0,0,0,0,0,0,0,0,0,0,0,0,0,0,0,0,0,0,0,0,0
