-2.49498,0.391666
-2.45922,0.599586
-2.41864,0.780709
-2.36746,0.983536
-2.35403,1.19178
-2.27725,1.38143
-2.25397,1.58516
-2.14618,1.7665
-2.05306,1.95009
-1.97471,2.15115
-1.75706,2.20602
-1.76633,2.4189
-1.74751,2.62027
-1.84958,2.79807
-1.78151,2.98966
-1.81803,3.19631
-1.62775,3.24744
-1.55853,3.44288
-1.48243,3.62263
-1.4259,3.82124
-1.30404,3.97921
-1.36938,4.16744
-1.20796,4.27598
-1.17832,4.47987
-1.25115,4.66984
-1.41662,4.80238
-1.32465,4.98511
-1.22764,5.15482
-1.35791,5.33093
-1.42793,5.54069
-1.37245,5.73321
-1.48855,5.88723
-1.6345,6.02996
-1.5432,6.22908
-1.5746,6.42352
-1.41749,6.55646
-1.38242,6.75085
-1.2933,6.94118
-1.30346,7.13965
-1.1156,7.23642
-1.22996,7.40135
-1.17546,7.59536
-1.24579,7.79219
-1.32099,7.98527
-1.2915,8.17973
-1.16637,8.35044
-1.10078,8.55144
-0.991098,8.71678
-0.994142,8.91868
-0.94095,9.14093
-0.878671,9.3299
-0.871474,9.51778
-1.05109,9.60203
-1.0471,9.79878
-0.91261,9.95127
-0.931839,10.1553
-0.820523,10.3283
-0.917805,10.496
-0.846993,10.6822
-0.751686,10.8671
-0.759575,11.071
-0.84067,11.2434
-0.906428,11.4398
-1.01803,11.602
-1.1639,11.7442
-1.16176,11.9485
-1.34937,12.0429
-1.2972,12.2352
-1.10732,12.2965
-1.21467,12.4585
-1.20095,12.6621
-1.14769,12.8595
-1.25898,13.0461
-1.14077,13.2095
-1.12877,13.4165
-1.09775,13.6299
-1.04935,13.8304
-1.00004,14.029
-0.831754,14.1435
-0.740106,14.3261
-0.619993,14.4819
-0.666042,14.6802
-0.56457,14.8522
-0.393784,14.9585
-0.411496,15.1606
-0.476254,15.3614
-0.407536,15.5514
-0.254219,15.695
-0.321305,15.8834
-0.252657,16.0764
-0.252193,16.2925
-0.0906164,16.4186
-0.0771032,16.6188
-0.111601,16.8155
-0.215538,16.9823
-0.183995,17.1956
-0.0715151,17.3631
-0.0310165,17.5546
-0.0467403,17.7608
-0.0734112,17.9643
0.00487988,18.145
0.122457,18.3259
0.00352751,18.477
0.185758,18.5732
0.151248,18.7668
0.177195,18.9652
0.168302,19.1698
0.0562456,19.3432
0.0116844,19.5527
0.121601,19.7339
0.000471247,19.8839
0.17724,19.9825
0.244266,20.1732
0.38981,20.3041
0.281379,20.4823
0.356728,20.6617
0.421331,20.8561
0.380319,21.0577
0.402427,21.2696
0.438398,21.4611
0.599429,21.5974
0.635481,21.7966
0.567091,21.9782
0.631241,22.1669
0.650893,22.3658
0.810947,22.4842
0.911398,22.6607
0.800206,22.8487
0.825811,23.0521
0.824459,23.2722
0.952533,23.4145
1.00287,23.5993
0.831597,23.7388
0.848797,23.9432
0.76315,24.137
0.768004,24.3327
0.742874,24.5228
0.932775,24.6184
0.794738,24.7662
0.911843,24.9204
1.04484,25.0708
1.10865,25.2629
1.3143,25.3279
1.37662,25.5223
1.42067,25.7457
1.29723,25.9291
1.39425,26.1119
1.37173,26.2979
1.419,26.5019
1.5179,26.6751
1.58432,26.8712
1.56211,27.0742
1.69806,27.2286
1.72973,27.4301
1.73186,27.6374
1.77566,27.818
1.81696,28.0084
1.80137,28.2138
1.91883,28.395
2.04252,28.5459
1.89824,28.6803
1.92579,28.8723
1.91149,29.0867
2.0052,29.2748
2.15011,29.4281
1.99189,29.5494
2.01247,29.7444
2.20108,29.7855
2.1299,29.9841
2.15009,30.1819
2.03171,30.3549
2.12896,30.5418
2.0877,30.7379
2.0337,30.9381
2.17888,31.0815
2.24755,31.2576
2.22766,31.4547
2.26771,31.6478
2.31296,31.8509
2.45381,31.9775
2.48431,32.1818
2.55933,32.3969
2.55895,32.602
2.71521,32.7313
2.71198,32.9306
2.6374,33.1276
2.64651,33.3218
2.69388,33.5072
2.4869,33.4861
2.4582,33.6872
2.3708,33.8685
2.30549,34.0597
2.46735,34.1988
2.41213,34.4086
2.43846,34.5984
2.37774,34.7818
2.40699,34.9993
2.40835,35.2008
2.57803,35.3014
2.52904,35.4932
-1.02554,0.461336
-0.975176,0.644467
-0.993766,0.859031
-0.830213,0.979474
-0.845671,1.18659
-0.641131,1.196
-0.732754,1.38095
-0.649567,1.56693
-0.717322,1.77721
-0.809517,1.95968
-0.75936,2.14526
-0.717092,2.34629
-0.585733,2.5067
-0.625606,2.70803
-0.591705,2.89999
-0.580681,3.11972
-0.664789,3.30321
-0.726961,3.50804
-0.790097,3.70081
-0.635352,3.81234
-0.595663,4.01915
-0.581277,4.21594
-0.449735,4.35383
-0.469726,4.56865
-0.486521,4.77934
-0.458138,4.97239
-0.250478,4.96455
-0.159571,5.14305
-0.241356,5.32444
-0.37582,5.47585
-0.484654,5.66111
-0.467327,5.8652
-0.474564,6.06614
-0.473604,6.26308
-0.342367,6.41948
-0.295387,6.61148
-0.156519,6.7695
-0.294856,6.9262
-0.35028,7.13641
-0.428326,7.31119
-0.371901,7.51749
-0.217313,7.648
-0.0242788,7.6858
-0.0709372,7.88173
-0.291388,7.89876
-0.290496,8.09222
-0.223466,8.29306
-0.152693,8.50018
-0.229227,8.69497
-0.262674,8.90045
-0.370597,9.08463
-0.275603,9.26886
-0.34118,9.44542
-0.342149,9.65294
-0.334118,9.86038
-0.241829,10.0409
-0.311614,10.2296
-0.325562,10.4201
-0.19312,10.5597
-0.181008,10.7718
-0.143024,10.9764
-0.0758949,11.1719
-0.211555,11.3203
-0.025909,11.4198
-0.121373,11.6209
-0.0995867,11.8241
-0.217837,11.9846
-0.12343,12.1813
0.0300241,12.3313
0.0760443,12.5421
0.144389,12.7333
0.211166,12.925
0.40163,13.009
0.469162,13.2045
0.392915,13.3956
0.415061,13.6023
0.316214,13.7923
0.499406,13.8736
0.616033,14.0328
0.694506,14.2213
0.602534,14.4038
0.510251,14.5963
0.415111,14.7766
0.496242,14.9529
0.645945,15.1008
0.691078,15.3008
0.73591,15.4997
0.76483,15.692
0.772972,15.9024
0.742862,16.102
0.645548,16.2617
0.81622,16.38
0.849478,16.5901
0.860123,16.7852
0.917736,16.9697
0.833636,17.1529
0.74806,17.334
0.762405,17.5327
0.882803,17.686
0.934945,17.8839
1.12392,17.9702
1.05372,18.1514
0.971832,18.3494
0.806808,18.4664
0.877883,18.6583
0.818554,18.8764
0.814807,19.0803
0.922119,19.2738
0.989032,19.4495
1.01937,19.657
1.10048,19.8658
1.05888,20.0599
1.00262,20.2437
0.923022,20.4294
1.07332,20.5619
1.06558,20.7607
1.08274,20.9553
1.09933,21.157
1.15136,21.3557
1.2877,21.5152
1.38934,21.7028
1.58675,21.7664
1.60676,21.9659
1.67094,22.1462
1.78399,22.3085
1.88331,22.4898
1.87954,22.6771
1.94198,22.8756
2.00016,23.0791
2.1317,23.2226
2.17966,23.4418
2.12986,23.6452
2.11014,23.8448
2.26288,23.9846
2.21881,24.1944
2.13142,24.3822
2.04289,24.5499
2.08068,24.7549
2.15261,24.953
2.25719,25.1304
2.21721,25.3136
2.26543,25.5246
2.15808,25.6996
2.08144,25.8732
2.07111,26.0866
1.95262,26.2641
1.95882,26.4747
1.91147,26.6739
1.92003,26.8852
1.90231,27.0889
1.92422,27.2972
2.04219,27.456
2.07887,27.647
2.13161,27.8547
2.28278,27.9973
2.49335,28.0759
2.36212,28.241
2.49715,28.3913
2.4911,28.5986
2.5298,28.8033
2.70625,28.912
2.82193,29.0739
2.86331,29.2699
2.83355,29.4629
2.87673,29.66
3.06738,29.7153
3.10493,29.9237
3.04844,30.1171
3.01608,30.3304
3.13536,30.4858
3.15173,30.6951
3.05181,30.8714
3.08133,31.0689
3.17606,31.256
3.08014,31.4372
3.07054,31.635
3.19362,31.7979
3.23191,31.9995
3.18732,32.1977
3.34782,32.3279
3.31469,32.5288
3.30662,32.7348
3.41008,32.9127
3.3249,33.1021
3.42325,33.2683
3.44057,33.4624
3.48919,33.6571
3.53118,33.8605
3.6494,34.0233
3.60954,34.2137
3.55045,34.4223
3.47525,34.6143
3.37623,34.7793
3.45134,34.964
3.41793,35.1645
3.54504,35.3068
3.67294,35.4624
3.82595,35.581
3.93244,35.7588
4.11345,35.8758
-0.111995,0.484978
0.069277,0.575685
0.150777,0.748847
0.348074,0.824794
0.485465,0.985418
0.511723,1.18901
0.409233,1.36272
0.606914,1.36415
0.494477,1.53516
0.512544,1.73177
0.660387,1.87149
0.723487,2.081
0.627966,2.24951
0.767963,2.39699
0.889937,2.56272
0.720568,2.68066
0.694897,2.90009
0.794005,3.09587
0.836046,3.30276
0.855583,3.4871
0.86821,3.6964
0.814961,3.89779
0.906675,4.07871
0.89681,4.29484
1.05,4.42227
1.11483,4.59608
1.0047,4.76549
1.14556,4.91247
1.07008,5.0956
1.2485,5.16975
1.21012,5.37871
1.27566,5.57018
1.33313,5.76045
1.19972,5.92172
1.30835,6.09128
1.1903,6.24585
1.35296,6.3844
1.31752,6.5723
1.28103,6.76385
1.26687,6.95906
1.45299,7.03104
1.5018,7.22405
1.36426,7.37996
1.50312,7.53453
1.5341,7.7227
1.56688,7.91833
1.50122,8.13359
1.36304,8.28385
1.29648,8.47242
1.47292,8.62091
1.5413,8.8086
1.6424,8.98377
1.45924,9.04897
1.50613,9.24181
1.62905,9.40254
1.68639,9.61329
1.86196,9.724
1.85183,9.92584
1.94337,10.102
1.93957,10.3095
2.11015,10.412
2.2042,10.5967
2.20606,10.7903
2.22268,10.9913
2.15387,11.1605
2.02146,11.305
1.96391,11.5015
1.91719,11.708
1.90828,11.9099
1.88922,12.1138
1.87871,12.3218
1.83493,12.5203
1.88237,12.7242
1.92261,12.9135
2.01969,13.09
1.90067,13.2353
1.9364,13.4334
1.96119,13.6265
2.08603,13.7924
2.08102,13.9891
2.07922,14.1918
2.00257,14.3696
2.01952,14.5686
2.07406,14.783
2.0299,14.9873
2.02509,15.1815
2.12124,15.3674
2.11497,15.5672
2.21775,15.7381
2.23882,15.9421
2.42282,16.0188
2.31936,16.2032
2.45308,16.3749
2.4647,16.581
2.38348,16.7612
2.29881,16.9657
2.23694,17.1521
2.17853,17.3297
2.2904,17.5204
2.26596,17.7155
2.39508,17.8618
2.46132,18.0434
2.49221,18.2326
2.62675,18.3763
2.67989,18.5627
2.71584,18.7524
2.80471,18.9516
2.71757,19.1549
2.69493,19.3624
2.64315,19.562
2.53609,19.7335
2.67786,19.8867
2.80454,20.0655
2.89586,20.2545
3.0352,20.3986
3.19429,20.5293
3.15285,20.7265
3.20442,20.9198
3.17546,21.1292
3.25947,21.3126
3.3035,21.5188
3.18417,21.6753
3.24912,21.8905
3.24307,22.0824
3.20332,22.2779
3.139,22.4803
3.29481,22.6265
3.32074,22.8193
3.33533,23.003
3.24821,23.1782
3.38503,23.3409
3.24618,23.5024
3.27875,23.6917
3.27921,23.8936
3.30473,24.0916
3.23472,24.2799
3.08035,24.4148
3.04124,24.6398
3.04848,24.8466
3.12561,25.0383
3.31353,25.1445
3.22601,25.3172
3.2933,25.5221
3.16052,25.6773
3.13556,25.8756
3.04597,26.0747
3.19508,26.2028
3.18127,26.4217
3.10963,26.6276
3.20943,26.8007
3.41639,26.7985
3.45273,26.9993
3.32193,27.14
3.23321,27.325
3.29213,27.5196
3.28304,27.7189
3.4384,27.8412
3.41069,28.0521
3.25886,28.2008
3.31664,28.3995
3.31971,28.5997
3.40495,28.7929
3.48811,28.9827
3.42154,29.1782
3.33379,29.3749
3.36125,29.5677
3.29475,29.7537
3.50079,29.7669
3.53105,29.9652
3.40193,30.1212
3.33386,30.3029
3.35841,30.5165
3.53435,30.5912
3.5615,30.8076
3.72722,30.9113
3.81663,31.0856
3.68056,31.2313
3.64397,31.4363
3.81659,31.5233
3.90788,31.7014
3.78763,31.8512
3.94366,31.9971
4.07029,32.1619
4.11451,32.3557
4.00228,32.5211
4.14617,32.647
4.15504,32.8449
4.15593,33.0565
4.19493,33.2459
4.18707,33.4535
4.16044,33.6718
4.21207,33.8691
4.21041,34.0658
4.30462,34.2435
4.2852,34.453
4.31024,34.6611
4.33739,34.8661
4.39536,35.0489
4.51257,35.2175
4.43361,35.3886
1.17097,0.338949
1.29643,0.519762
1.33752,0.70551
1.50731,0.817411
1.58228,1.0087
1.39382,1.10631
1.5055,1.27559
1.57495,1.46191
1.56533,1.69162
1.55123,1.88067
1.50587,2.07168
1.68146,2.19689
1.7026,2.40094
1.77527,2.59788
1.72009,2.79709
1.6871,2.98774
1.6668,3.18907
1.52978,3.32701
1.62869,3.50712
1.76335,3.6733
1.84801,3.85487
1.83827,4.06934
1.75051,4.24052
1.78872,4.44
1.85914,4.62796
1.66743,4.63998
1.60752,4.84233
1.63101,5.04666
1.73178,5.22186
1.87466,5.36598
1.86617,5.58217
1.9967,5.76539
2.02237,5.96048
2.0905,6.1605
2.1616,6.35099
2.09776,6.53505
2.00933,6.71831
2.16388,6.83646
2.1043,7.03947
2.07421,7.24702
2.15944,7.4253
2.16096,7.64369
2.2555,7.81834
2.12389,7.95956
2.25994,8.11002
2.2848,8.3132
2.24563,8.50523
2.3068,8.68403
2.24913,8.88251
2.31747,9.07485
2.34372,9.27201
2.47911,9.4107
2.46281,9.6173
2.67941,9.6555
2.73565,9.85602
2.76551,10.0514
2.88456,10.2171
2.93729,10.4179
2.90829,10.6105
2.87145,10.8002
2.93505,10.9958
2.92433,11.2015
2.94086,11.3996
2.84332,11.6013
2.85581,11.8066
2.92982,11.9774
3.00429,12.1877
3.09305,12.3751
3.00373,12.5486
2.9072,12.7319
2.88684,12.9549
2.97946,13.115
2.87792,13.2802
2.90099,13.477
2.83149,13.6615
2.74836,13.8713
2.7002,14.0764
2.80593,14.283
2.8061,14.491
2.92078,14.6785
2.87018,14.8732
2.83439,15.0741
2.9383,15.2463
3.04427,15.4301
2.9238,15.5921
2.84939,15.7892
2.82045,15.9864
2.78128,16.1706
2.7984,16.3658
2.96317,16.4879
3.10306,16.6359
3.15688,16.8318
3.21065,17.0324
3.2416,17.2362
3.28357,17.4172
3.18799,17.6069
3.30028,17.7767
3.37484,17.9554
3.3155,18.1422
3.2711,18.3289
3.23976,18.5197
3.36684,18.6523
3.32323,18.8475
3.42411,19.0329
3.53272,19.2063
3.69136,19.3419
3.79344,19.5346
3.88976,19.6912
3.81765,19.8822
3.77213,20.0683
3.84887,20.2975
3.90079,20.4955
4.04824,20.6291
4.15203,20.8008
4.03878,20.9723
4.02693,21.1739
4.04186,21.3715
4.06597,21.5586
4.09562,21.7529
3.99557,21.9158
3.96535,22.1113
4.09063,22.2695
4.25647,22.4008
4.12379,22.5708
4.141,22.7859
4.16861,23.0034
4.29649,23.1651
4.33947,23.3656
4.49283,23.5201
4.53836,23.7147
4.5428,23.9159
4.52155,24.1101
4.52968,24.3113
4.55699,24.5066
4.41063,24.6456
4.49121,24.8425
4.52241,25.0239
4.62957,25.1809
4.74379,25.3482
4.64072,25.5217
4.60539,25.7249
4.62132,25.9151
4.61143,26.1268
4.5332,26.2981
4.59581,26.4913
4.60817,26.6884
4.47356,26.8472
4.51042,27.0721
4.44832,27.2638
4.47146,27.4602
4.48944,27.6712
4.43299,27.8786
4.57971,28.0349
4.57919,28.243
4.4278,28.3917
4.43992,28.6037
4.49329,28.8071
4.50516,29.0157
4.61542,29.1733
4.81581,29.2237
4.84707,29.4129
4.77641,29.5953
4.8988,29.7563
4.73884,29.8881
4.77414,30.0777
4.84235,30.2716
4.9877,30.4034
5.03186,30.5993
5.02021,30.8033
4.93886,30.9827
5.01638,31.1713
4.87308,31.2949
4.67468,31.3414
4.61617,31.5391
4.70107,31.7178
4.69541,31.9112
4.6287,32.1198
4.67862,32.3136
4.61466,32.5095
4.69799,32.7138
4.69766,32.9092
4.73665,33.0965
4.68905,33.3089
4.7947,33.4949
4.76925,33.6832
4.80416,33.8704
4.75039,34.0704
4.88896,34.2402
4.90208,34.4627
4.98768,34.6355
5.04862,34.8226
5.0781,35.031
5.1854,35.1927
5.06614,35.3698
4.99502,35.529
5.06208,35.7098
5.0576,35.9141
5.05637,36.1139
5.20804,36.2449
5.17355,36.4342
2.32532,0.256383
2.22962,0.444514
2.22811,0.648425
2.23376,0.859485
2.08148,1.02462
2.18396,1.19098
2.30228,1.3493
2.36806,1.53769
2.3017,1.73155
2.17294,1.89199
2.1776,2.10333
2.31372,2.24253
2.2276,2.42113
2.32581,2.61027
2.19982,2.77802
2.28033,2.97941
2.32703,3.1878
2.40335,3.37152
2.42117,3.5727
2.61839,3.49239
2.64449,3.71767
2.74167,3.8919
2.71491,4.08868
2.64324,4.27341
2.55651,4.47132
2.51754,4.66144
2.63964,4.81555
2.66974,5.01555
2.64022,5.21646
2.63789,5.42846
2.64934,5.63125
2.68669,5.83056
2.81243,5.97172
2.91961,6.16386
3.08544,6.28225
3.24118,6.41054
3.19207,6.62293
3.05921,6.77647
2.99223,6.97273
2.90125,7.15475
2.72085,7.24254
2.7119,7.44597
2.7779,7.63975
2.81826,7.84404
2.83734,8.03816
2.66697,8.15446
2.71065,8.35339
2.87353,8.46769
3.07039,8.53947
3.03514,8.74356
2.99826,8.94994
2.88753,9.11901
2.96662,9.333
2.98472,9.54532
3.13284,9.68743
3.12752,9.89184
3.33107,9.91459
3.25517,10.1085
3.30921,10.3066
3.33075,10.5101
3.40238,10.7141
3.53637,10.8697
3.6865,11.0034
3.72602,11.2211
3.84841,11.407
3.71581,11.5498
3.77925,11.7575
3.80806,11.9599
3.84813,12.1555
3.81951,12.368
3.86546,12.5747
3.86977,12.7802
3.99443,12.9374
4.01903,13.1176
4.0974,13.3142
4.13917,13.4997
4.26621,13.6628
4.18672,13.8677
4.16501,14.0829
4.05225,14.2454
4.21817,14.3469
4.32713,14.5082
4.5138,14.5641
4.59912,14.7535
4.69461,14.9443
4.59635,15.109
4.69762,15.2879
4.65302,15.4722
4.6722,15.6637
4.72861,15.858
4.75418,16.0429
4.64855,16.2294
4.71023,16.446
4.65942,16.6485
4.68199,16.8565
4.61642,17.0421
4.71331,17.2329
4.8012,17.4093
4.84687,17.6077
4.85928,17.7939
4.91224,18.0022
5.0721,18.1455
5.25323,18.2601
5.17117,18.4661
5.12986,18.67
5.22338,18.8504
5.30021,19.0576
5.26825,19.2589
5.2729,19.4702
5.27339,19.6672
5.21123,19.8651
5.23934,20.0683
5.40069,20.2011
-5.48071,20.3528
-5.43059,20.5524
5.47705,20.7341
-5.46576,20.9264
-5.31851,21.0582
-5.37083,21.2594
-5.40679,21.474
-5.45898,21.6571
-5.41441,21.8485
-5.39739,22.0494
-5.32601,22.2343
-5.30115,22.4537
-5.45475,22.6047
-5.41238,22.7983
-5.26857,22.921
-5.22399,23.1073
-5.20095,23.3101
-5.22395,23.5082
-5.02752,23.5373
-4.93551,23.7137
-4.84039,23.9016
-4.87314,24.1029
-4.9459,24.2949
-5.00259,24.5126
-5.07274,24.6986
-5.07001,24.9024
-5.01815,25.0892
-4.94872,25.3003
-4.80243,25.4308
-4.89218,25.6032
-4.90745,25.8028
-4.88224,26
-4.95162,26.1845
-5.08144,26.3313
-5.02344,26.5088
-4.8723,26.6529
-4.89595,26.8528
-4.84999,27.0339
-4.83791,27.2336
-4.80155,27.4381
-4.86627,27.624
-4.7684,27.8188
-4.87555,27.9999
-4.94341,28.1922
-4.99656,28.3851
-5.04252,28.5639
-5.03197,28.7717
-5.0529,28.9724
-5.2039,29.1219
-5.23069,29.3312
-5.18503,29.527
-5.20815,29.7273
-5.36457,29.8645
-5.35963,30.0868
-5.48359,30.2563
-5.43968,30.4559
-5.39982,30.6708
-5.37176,30.8702
-5.31728,31.06
-5.35426,31.2562
-5.33004,31.454
-5.18929,31.5877
-5.20119,31.781
-5.10631,31.9577
-5.04376,32.1598
-5.06918,32.3732
-5.25163,32.4333
-5.17457,32.625
-5.16628,32.8266
-5.03754,32.9872
-5.08651,33.1804
-5.04968,33.3779
-5.05322,33.5704
-5.16041,33.7495
-5.27705,33.9137
-5.19206,34.1235
-5.23045,34.3238
-5.23459,34.5274
-5.15521,34.7201
-5.06099,34.8966
-4.90027,35.02
-4.73288,35.1504
-4.67964,35.3527
-4.62018,35.5425
-4.54321,35.7236
-4.47319,35.9107
-4.35342,36.0796
3.85601,0.413705
3.93245,0.61114
3.88921,0.804367
3.81957,1.00063
3.79248,1.21416
3.92784,1.37448
3.78227,1.54715
3.78554,1.75255
3.79338,1.97597
3.98975,2.0262
4.08634,2.21053
4.14447,2.39167
4.17746,2.58504
4.1245,2.77584
4.31085,2.86405
4.42508,3.03563
4.39867,3.23383
4.37587,3.4399
4.34873,3.64731
4.31093,3.85429
4.45325,3.99248
4.28602,4.11165
4.30978,4.31159
4.30377,4.5076
4.33675,4.69887
4.30386,4.89302
4.2216,5.08241
4.23397,5.29544
4.14499,5.48898
4.11572,5.6908
4.14264,5.89449
4.23929,6.07882
4.31205,6.26851
4.3368,6.45874
4.27663,6.64525
4.10185,6.77793
3.97008,6.91787
4.10665,7.04976
4.03542,7.24115
4.07366,7.43567
4.05932,7.63215
3.90488,7.77283
4.09931,7.83357
4.17417,8.01669
4.27558,8.19004
4.2876,8.38337
4.19949,8.58037
4.22806,8.77592
4.2282,8.96973
4.24057,9.17499
4.32265,9.35447
4.30143,9.56262
4.25581,9.76094
4.33618,9.96117
4.26052,10.1533
4.40628,10.3122
4.40924,10.5189
4.26291,10.666
4.1428,10.8338
4.25504,10.9992
4.36156,11.1863
4.55608,11.2978
4.51734,11.4866
4.3763,11.6434
4.39729,11.8377
4.33953,12.0203
4.51465,12.168
4.44868,12.3784
4.50875,12.5814
4.53713,12.7793
4.58562,12.9779
4.5791,13.1874
4.65966,13.3789
4.65713,13.5793
4.71947,13.7622
4.89079,13.8646
4.76508,14.0313
4.72111,14.2314
4.7544,14.4401
4.85824,14.6068
4.84094,14.8066
5.00257,14.902
5.16193,15.0275
5.24456,15.2141
5.2271,15.4076
5.28854,15.6029
5.37598,15.7911
5.35728,16.0103
5.40452,16.2089
5.46779,16.4013
5.34854,16.5615
5.43982,16.736
5.35438,16.9203
5.37183,17.1191
5.32371,17.3185
-5.48428,17.4268
-5.28876,17.4554
-5.14987,17.6082
-5.2194,17.806
-5.22674,18.0002
-5.16298,18.1913
-5.11616,18.3802
-4.95425,18.494
-4.87372,18.6827
-4.85391,18.882
-4.73019,19.0522
-4.53867,19.1452
-4.58609,19.3411
-4.54025,19.5521
-4.4427,19.7334
-4.42091,19.9262
-4.5399,20.0696
-4.57092,20.2759
-4.55596,20.4826
-4.60298,20.6778
-4.6569,20.8637
-4.63133,21.066
-4.64005,21.2872
-4.65042,21.4843
-4.52116,21.6429
-4.46244,21.8373
-4.37678,22.0316
-4.29867,22.2172
-4.22344,22.3993
-4.29217,22.5783
-4.22764,22.7578
-4.35966,22.9292
-4.36098,23.116
-4.37344,23.3218
-4.47899,23.5002
-4.41877,23.7102
-4.38746,23.9144
-4.32391,24.1189
-4.27865,24.3421
-4.28807,24.5542
-4.17609,24.7271
-3.9821,24.8454
-3.85431,24.996
-3.73554,25.148
-3.92847,25.2304
-3.9512,25.424
-3.95925,25.6369
-3.98647,25.8382
-3.9055,26.0318
-3.81328,26.2229
-3.62358,26.3038
-3.68443,26.4929
-3.57466,26.6615
-3.58525,26.8535
-3.41344,26.951
-3.39127,27.166
-3.39148,27.3791
-3.47175,27.5651
-3.62191,27.7024
-3.67133,27.9049
-3.69041,28.1066
-3.61991,28.2975
-3.58513,28.5025
-3.44119,28.6455
-3.4227,28.8457
-3.31074,29.0298
-3.37709,29.2316
-3.43396,29.4186
-3.39273,29.6266
-3.50595,29.8056
-3.59315,29.9768
-3.45244,30.1154
-3.47859,30.3088
-3.36456,30.4742
-3.25169,30.6349
-3.37944,30.7997
-3.35236,31.009
-3.42237,31.1968
-3.5424,31.368
-3.42176,31.5281
-3.54818,31.6751
-3.71323,31.794
-3.65274,31.9787
-3.56252,32.1616
-3.47342,32.343
-3.33294,32.4922
-3.48014,32.6302
-3.49412,32.8304
-3.45273,33.0263
-3.42763,33.2244
-3.36141,33.4156
-3.23715,33.582
-3.23773,33.787
-3.25739,33.9872
-3.29128,34.1983
-3.40924,34.381
-3.54044,34.5506
-3.46764,34.7493
-3.30112,34.8557
-3.30221,35.056
-3.24537,35.237
-3.29223,35.4408
-3.28448,35.642
-3.30257,35.8399
-3.31178,36.0329
4.5444,0.328045
4.63461,0.495731
4.66857,0.70587
4.64886,0.895145
4.50469,1.04799
4.54904,1.24246
4.60979,1.43107
4.68869,1.61848
4.88531,1.67645
4.89029,1.89287
5.062,1.99344
5.0016,2.18617
5.1135,2.35171
5.00857,2.50196
4.94085,2.69606
4.89219,2.905
4.84211,3.1194
4.9705,3.28654
5.05068,3.46306
5.04935,3.67446
5.11162,3.86805
5.08145,4.08677
5.07034,4.28271
5.0338,4.49888
5.03674,4.7101
5.15687,4.85874
5.2169,5.04267
5.31865,5.20723
5.35543,5.40862
5.4163,5.60743
-5.48987,5.78646
5.34817,5.90901
5.3773,6.10229
5.27664,6.3058
5.46126,6.36593
5.48101,6.561
5.3336,6.70972
5.2894,6.89419
5.36498,7.08211
5.36177,7.30123
5.42741,7.48447
5.37987,7.68193
5.4102,7.86603
5.41243,8.06021
5.3351,8.24959
5.39502,8.44654
5.42591,8.64463
5.33344,8.8354
5.21294,8.9935
5.18433,9.18558
5.13819,9.37772
5.20795,9.56287
5.17523,9.76339
5.33889,9.89199
5.36693,10.078
5.30208,10.2679
5.28922,10.4616
5.33247,10.669
5.32338,10.8774
5.354,11.0799
5.45495,11.2557
-5.48707,11.4479
-5.40268,11.6333
-5.42245,11.8359
-5.25866,11.9738
-5.24104,12.1583
-5.09166,12.313
-5.01503,12.5036
-5.17659,12.6416
-5.20694,12.8467
-5.20172,13.0546
-5.24922,13.2546
-5.19875,13.449
-5.19347,13.6374
-5.22859,13.8342
-5.29229,14.024
-5.20373,14.1915
-5.04931,14.3241
-4.99448,14.5121
-4.82376,14.607
-4.84146,14.8075
-4.63462,14.8409
-4.56436,15.027
-4.4593,15.1953
-4.60564,15.331
-4.54866,15.5375
-4.46678,15.7135
-4.42334,15.9002
-4.55539,16.0385
-4.59757,16.2375
-4.59632,16.4388
-4.49883,16.6142
-4.34188,16.7751
-4.30931,16.9813
-4.15542,17.1232
-4.22877,17.3217
-4.05619,17.4285
-4.06511,17.6358
-4.04425,17.8345
-4.1909,17.9917
-4.19138,18.2161
-4.16497,18.404
-3.98897,18.5292
-3.80941,18.6214
-3.86671,18.8258
-3.72581,18.9771
-3.83828,19.1621
-3.98284,19.3047
-3.85074,19.4907
-3.90125,19.6896
-3.91341,19.885
-3.92226,20.0918
-3.90585,20.3029
-3.70184,20.346
-3.6587,20.5414
-3.47802,20.6261
-3.47501,20.8307
-3.37002,21.0044
-3.32484,21.2052
-3.38096,21.394
-3.57398,21.4736
-3.44977,21.6532
-3.55297,21.8309
-3.47114,22.015
-3.48705,22.2128
-3.4758,22.414
-3.43921,22.6073
-3.62335,22.6638
-3.62604,22.876
-3.46716,22.9906
-3.56859,23.1841
-3.47191,23.3786
-3.39752,23.5665
-3.21975,23.6408
-3.19671,23.8359
-3.15291,24.0397
-3.07655,24.2234
-3.14063,24.4157
-3.11038,24.5978
-3.18278,24.7917
-3.23227,24.981
-3.14685,25.17
-3.03389,25.3499
-3.01456,25.5419
-3.01939,25.7446
-2.83712,25.862
-2.7021,26.0129
-2.73367,26.214
-2.72264,26.4222
-2.69978,26.6271
-2.64787,26.8204
-2.53603,26.9732
-2.50585,27.1826
-2.56095,27.3847
-2.49009,27.5913
-2.42585,27.7789
-2.38469,27.9961
-2.36332,28.1808
-2.33173,28.3805
-2.37176,28.5836
-2.31716,28.7685
-2.34335,28.9681
-2.28678,29.1682
-2.23326,29.3669
-2.24691,29.5774
-2.09939,29.712
-1.96472,29.8729
-1.88722,30.055
-1.83874,30.2469
-1.96118,30.4019
-1.97121,30.6141
-1.87448,30.7862
-2.04834,30.8657
-2.247,30.9227
-2.34495,31.0936
-2.26986,31.271
-2.33571,31.4644
-2.29363,31.6659
-2.28712,31.8547
-2.42805,31.9922
-2.38683,32.1959
-2.21202,32.2961
-2.18287,32.4907
-2.10552,32.6888
-2.0587,32.8739
-2.10467,33.0749
-2.17423,33.2763
-2.23753,33.471
-2.09499,33.6011
-2.00475,33.7759
-2.03312,33.9635
-2.13421,34.1521
-1.95296,34.2084
-1.97719,34.4021
-2.04324,34.608
-2.1259,34.7799
-2.02972,34.9672
-2.06543,35.1553
-1.90514,35.291
-2.04603,35.4442
5.31312,0.372845
5.37274,0.566304
5.45248,0.754505
-5.49842,0.959372
-5.39972,1.13497
-5.38112,1.33067
-5.20267,1.42764
-5.13808,1.62809
-4.99746,1.76571
-5.02683,1.96661
-5.06159,2.15825
-5.02064,2.36533
-4.87039,2.51409
-4.89144,2.72151
-4.82325,2.92251
-4.80245,3.12328
-4.78657,3.3103
-4.63156,3.42793
-4.69424,3.62111
-4.698,3.82612
-4.63929,4.02122
-4.73633,4.20764
-4.72565,4.40794
-4.61462,4.58463
-4.66129,4.79474
-4.69236,5.00352
-4.74755,5.21221
-4.6851,5.39992
-4.64431,5.60228
-4.52561,5.75032
-4.35443,5.87617
-4.37968,6.08571
-4.35173,6.27969
-4.36951,6.49453
-4.48618,6.66279
-4.45158,6.87956
-4.34636,7.05382
-4.20331,7.18918
-4.32243,7.36566
-4.29967,7.56994
-4.28215,7.77161
-4.25772,7.96708
-4.33929,8.14799
-4.33233,8.36081
-4.35227,8.56466
-4.4125,8.7708
-4.30539,8.94693
-4.09871,8.94661
-4.07252,9.13899
-4.01411,9.3457
-4.06856,9.54109
-4.05453,9.73499
-3.93203,9.89218
-4.1003,10.0114
-4.09489,10.2275
-3.9503,10.3939
-3.97367,10.5987
-3.86061,10.7767
-3.75881,10.943
-3.73958,11.141
-3.85196,11.3069
-3.66023,11.3963
-3.70019,11.5768
-3.71562,11.7946
-3.82058,11.978
-3.86602,12.1712
-4.06432,12.2527
-3.95567,12.4212
-3.92441,12.6113
-3.88166,12.8134
-3.90421,13.0273
-3.94235,13.2323
-3.85428,13.4098
-3.73487,13.562
-3.64212,13.7246
-3.74523,13.907
-3.7014,14.1085
-3.60054,14.2932
-3.6263,14.5015
-3.5897,14.7073
-3.45145,14.8564
-3.40175,15.0594
-3.44162,15.2426
-3.55674,15.4009
-3.52981,15.5961
-3.52155,15.802
-3.50289,16.0074
-3.45229,16.2221
-3.47597,16.423
-3.48587,16.6248
-3.31297,16.74
-3.38969,16.9209
-3.52828,17.0761
-3.53311,17.2755
-3.42695,17.4598
-3.47568,17.6425
-3.59606,17.8055
-3.46621,17.9496
-3.59309,18.1287
-3.44491,18.2931
-3.42375,18.4961
-3.39422,18.6894
-3.2728,18.8486
-3.27364,19.0456
-3.09981,19.119
-3.08886,19.318
-2.93572,19.4679
-3.02159,19.6613
-3.15525,19.8226
-3.16129,20.0195
-3.2391,20.21
-3.21304,20.4139
-3.08793,20.5589
-2.89137,20.5983
-2.76502,20.7611
-2.82792,20.9393
-2.83325,21.1313
-2.71611,21.3156
-2.6196,21.5114
-2.42582,21.5733
-2.52554,21.7384
-2.38059,21.8896
-2.31179,22.071
-2.40748,22.2479
-2.38212,22.4539
-2.28873,22.6304
-2.29767,22.8522
-2.34344,23.0609
-2.28814,23.2487
-2.2791,23.45
-2.30853,23.6398
-2.33713,23.8452
-2.31345,24.0533
-2.26033,24.24
-2.22988,24.4398
-2.18469,24.6359
-2.12184,24.8282
-1.96333,24.9569
-1.9752,25.1495
-1.96876,25.3566
-2.08472,25.5312
-1.90992,25.6119
-1.90293,25.8111
-2.00775,26.012
-1.95406,26.2079
-1.9209,26.4014
-1.78031,26.5521
-1.7621,26.7385
-1.83577,26.9158
-1.76811,27.1103
-1.68205,27.3021
-1.63723,27.5022
-1.47301,27.6229
-1.50496,27.8373
-1.52597,28.0408
-1.43187,28.2203
-1.46091,28.4357
-1.30811,28.5468
-1.1593,28.6673
-1.29096,28.8188
-1.24116,29.0161
-1.11006,29.1584
-1.13079,29.3629
-1.1963,29.5794
-1.2664,29.7635
-1.29688,29.9714
-1.37481,30.1398
-1.36845,30.3449
-1.23016,30.5146
-1.38657,30.6474
-1.33234,30.8492
-1.29371,31.0544
-1.44868,31.1966
-1.41259,31.399
-1.31349,31.574
-1.26443,31.761
-1.1062,31.8806
-1.15695,32.0825
-1.12253,32.2723
-1.18386,32.4739
-1.12273,32.6701
-1.20256,32.8708
-1.21971,33.0655
-1.35404,33.2398
-1.36927,33.4384
-1.28339,33.6275
-1.28831,33.8527
-1.3645,34.0268
-1.31867,34.2262
-1.31969,34.4323
-1.25903,34.6512
-1.24839,34.8575
-1.29128,35.0595
-1.32418,35.2477
-1.18114,35.3813
-1.10429,35.5713
-1.11292,35.7613
-1.10838,35.9539
-1.01601,36.1437
-0.896811,36.3295
-3.89874,0.450445
-3.88389,0.645294
-3.76089,0.789349
-3.79628,0.985236
-3.86286,1.17431
-3.97487,1.35297
-4.09181,1.52669
-4.25958,1.61881
-4.1498,1.78051
-4.25298,1.94531
-4.17663,2.16032
-4.01491,2.307
-3.9043,2.45454
-3.79921,2.61427
-3.7021,2.79089
-3.75645,2.98658
-3.57227,3.07166
-3.58546,3.27764
-3.65674,3.47459
-3.7871,3.62039
-3.80766,3.83546
-3.68669,4.00085
-3.49137,4.083
-3.32328,4.2149
-3.34185,4.43501
-3.35332,4.61974
-3.29667,4.81454
-3.23381,5.01019
-3.08856,5.17559
-3.0766,5.37387
-3.16963,5.54455
-3.08991,5.73384
-3.09505,5.94284
-3.06696,6.14292
-2.91954,6.28467
-2.85627,6.48608
-3.03922,6.58036
-2.94811,6.75567
-2.9969,6.94801
-2.94407,7.15894
-2.94659,7.37206
-3.00773,7.58312
-2.97072,7.79672
-2.89406,7.96927
-2.8345,8.16721
-2.78727,8.36411
-2.71991,8.56552
-2.89172,8.67413
-2.99993,8.84124
-2.90348,9.04234
-2.85129,9.24214
-2.91996,9.42583
-2.97013,9.62412
-3.03347,9.8203
-3.04946,10.0324
-3.07323,10.238
-3.04962,10.4289
-3.03465,10.6243
-2.87466,10.734
-3.02581,10.8807
-3.07183,11.0807
-2.95441,11.2476
-3.06441,11.4175
-3.09173,11.6223
-2.92958,11.7547
-2.98328,11.9392
-2.99232,12.1552
-2.82574,12.264
-2.77652,12.4641
-2.88874,12.6411
-2.85222,12.8403
-2.73637,12.9979
-2.80407,13.1814
-2.71999,13.3641
-2.7743,13.5564
-2.63935,13.7041
-2.59114,13.8924
-2.47581,14.0646
-2.37068,14.2334
-2.28911,14.4292
-2.28289,14.6299
-2.21878,14.826
-2.24285,15.0211
-2.1333,15.1799
-2.10574,15.3628
-2.22991,15.5287
-2.12086,15.695
-2.12525,15.8827
-2.17386,16.0756
-2.08111,16.2538
-2.02551,16.4522
-1.89669,16.6011
-1.90985,16.823
-1.87033,17.0268
-1.88674,17.2275
-1.89584,17.4292
-1.72107,17.532
-1.73074,17.7245
-1.59319,17.8593
-1.46942,18.0337
-1.44118,18.232
-1.44608,18.4368
-1.4236,18.6561
-1.60813,18.73
-1.4755,18.9008
-1.65824,19.0116
-1.59852,19.2015
-1.47199,19.3448
-1.4291,19.5464
-1.39615,19.7759
-1.33225,19.9754
-1.16532,20.0722
-1.32298,20.196
-1.23757,20.3696
-1.36888,20.5227
-1.29779,20.7119
-1.36282,20.8915
-1.18962,20.9809
-1.33109,21.1417
-1.19179,21.2935
-1.12333,21.4853
-1.2482,21.6562
-1.29467,21.853
-1.17805,22.038
-1.26047,22.2275
-1.11626,22.374
-1.11441,22.5717
-1.08899,22.7665
-0.910135,22.8742
-1.01889,23.0437
-0.990205,23.2447
-0.883467,23.4338
-0.780197,23.6039
-0.73109,23.7901
-0.777986,24.0005
-0.594588,24.0906
-0.416724,24.1923
-0.505947,24.3769
-0.592486,24.5805
-0.445508,24.7133
-0.475754,24.9338
-0.264995,24.9292
-0.300985,25.117
-0.187013,25.2974
-0.26288,25.4867
-0.107425,25.6332
-0.122521,25.8362
-0.0644947,26.0347
-0.0433622,26.2344
-0.0907877,26.435
-0.0251095,26.6191
0.0493185,26.8009
0.0417282,27.0154
0.239778,27.0541
0.404843,27.1854
0.436507,27.3922
0.316914,27.5493
0.208899,27.7297
0.204401,27.9397
0.270825,28.1223
0.297225,28.3268
0.247537,28.5294
0.332562,28.7162
0.321887,28.899
0.183932,29.0665
0.202375,29.2632
0.16303,29.469
0.104164,29.6532
0.174624,29.8379
0.265775,30.0164
0.325744,30.2125
0.419412,30.3854
0.360217,30.5834
0.36636,30.7961
0.474362,30.9586
0.559892,31.1544
0.692448,31.2901
0.813906,31.4651
0.764982,31.6692
0.812376,31.8606
0.886287,32.0568
0.792064,32.226
0.974381,32.3183
1.00974,32.513
0.986751,32.7181
1.08988,32.9007
1.0444,33.1077
1.13057,33.2941
1.08165,33.4905
0.946247,33.6733
1.06562,33.8281
1.03723,34.0312
0.992367,34.2439
1.09151,34.4118
1.18991,34.606
1.08019,34.7824
0.966398,34.9377
1.12938,35.0561
1.09367,35.254
1.13021,35.4448
-3.28602,0.2302
-3.21925,0.408416
-3.15721,0.608222
-3.00557,0.753373
-2.98015,0.942988
-2.9152,1.14608
-2.96275,1.37189
-3.08522,1.5377
-3.03046,1.7308
-2.96704,1.93411
-2.96611,2.13011
-2.7995,2.254
-2.67855,2.41809
-2.5706,2.58561
-2.48118,2.76393
-2.65941,2.8873
-2.55513,3.05036
-2.68483,3.21591
-2.71296,3.41239
-2.73029,3.61347
-2.76813,3.79598
-2.80804,4.01269
-2.80844,4.21655
-2.70084,4.41065
-2.73013,4.60899
-2.60647,4.76582
-2.52633,4.95238
-2.69474,5.07789
-2.58334,5.25611
-2.45612,5.41196
-2.46598,5.61872
-2.26738,5.6393
-2.33647,5.83969
-2.29204,6.02721
-2.24172,6.22411
-2.3173,6.41206
-2.26624,6.60524
-2.40474,6.74704
-2.44835,6.95292
-2.52444,7.14519
-2.44419,7.32107
-2.36406,7.5161
-2.38067,7.73055
-2.38729,7.9342
-2.37407,8.1274
-2.32318,8.32985
-2.43872,8.49619
-2.47001,8.69819
-2.46109,8.9013
-2.36054,9.07344
-2.40113,9.27804
-2.39456,9.48473
-2.61059,9.51515
-2.51295,9.69529
-2.36711,9.82423
-2.36868,10.0232
-2.38898,10.2178
-2.31146,10.4089
-2.19751,10.5722
-2.05387,10.7086
-1.95752,10.8838
-1.95741,11.0928
-2.15683,11.1605
-1.99614,11.2881
-1.98424,11.4862
-1.87363,11.6567
-1.78897,11.8331
-1.69381,12.0192
-1.69933,12.2203
-1.63159,12.4137
-1.69539,12.6039
-1.77483,12.7816
-1.64423,12.9398
-1.4837,13.0877
-1.42977,13.2656
-1.53757,13.4236
-1.43273,13.5947
-1.47832,13.7919
-1.29902,13.9049
-1.19176,14.0729
-1.18499,14.2834
-1.15638,14.4897
-1.33332,14.5807
-1.50665,14.7227
-1.59702,14.9001
-1.49308,15.0725
-1.47853,15.2847
-1.48253,15.4793
-1.387,15.6648
-1.59807,15.6483
-1.56728,15.8542
-1.42831,16.0127
-1.33331,16.1941
-1.37553,16.3893
-1.34778,16.604
-1.33495,16.8226
-1.29934,17.0111
-1.12755,17.1154
-1.08507,17.3048
-1.19105,17.4702
-1.10173,17.653
-0.970434,17.8089
-0.968986,18.0025
-0.968374,18.2043
-0.902655,18.3995
-0.790167,18.5674
-0.747999,18.7613
-0.584047,18.895
-0.470078,19.0538
-0.618942,19.2009
-0.52261,19.3871
-0.571992,19.5991
-0.447086,19.7563
-0.275225,19.8644
-0.202531,20.0655
-0.2623,20.2719
-0.0992038,20.4062
-0.166269,20.5855
-0.0587422,20.7531
-0.019993,20.9547
0.0328544,21.1564
-0.0467353,21.3436
-0.0482129,21.5543
-0.10324,21.7485
-0.139738,21.9451
-0.0499941,22.1393
-0.176114,22.3094
-0.151602,22.5049
-0.157092,22.7135
-0.100616,22.906
-0.100426,23.1026
-0.013019,23.2716
0.0188505,23.4882
0.0719957,23.6959
0.140604,23.8828
0.194311,24.0664
0.216315,24.2659
0.368967,24.4102
0.375121,24.6038
0.473473,24.7799
0.536252,24.98
0.630387,25.1472
0.63294,25.3491
0.66845,25.5391
0.667667,25.7345
0.561785,25.902
0.629767,26.0907
0.721526,26.2703
0.678874,26.4636
0.703777,26.6621
0.814877,26.8184
0.725457,27.0027
0.640989,27.196
0.718121,27.3856
0.834356,27.5463
0.920154,27.7505
0.835437,27.9536
0.898787,28.1477
1.03259,28.309
1.0413,28.5102
0.947559,28.6839
0.922079,28.8996
0.828985,29.0746
0.912066,29.2641
0.854025,29.4605
0.977334,29.6247
1.04717,29.8112
1.22432,29.8752
1.23453,30.0545
1.36939,30.1957
1.4429,30.3902
1.49504,30.5955
1.50395,30.8044
1.52348,31.0246
1.42929,31.1951
1.42201,31.3899
1.40632,31.6069
1.40766,31.8107
1.33031,32.0176
1.48125,32.1634
1.44789,32.3634
1.52768,32.5606
1.69758,32.7084
1.59581,32.8788
1.66324,33.0735
1.68754,33.2724
1.67995,33.4869
1.76214,33.6931
1.69425,33.8852
1.80664,34.0731
1.79989,34.2644
1.76912,34.463
1.72928,34.6493
1.62934,34.8209
1.69974,35.0108
1.81493,35.168
1.91915,35.3219
1.92663,35.5272
1.86346,35.7071
1.94234,35.8917
