parameters (x,y,w,h,rx,ry):-5,0,10.000000,40.000000,100,100
66,41,55,43,37,42,52,51,53,55,56,47,36,23,33,42,49,71,68,70,46,40,35,33,33,55,47,50,65,66,54,47,46,46,43,46,58,52,55,58,43,40,46,50,39,37,67,52,58,70,55,39,40,26,38,44,36,47,59,52,57,49,36,34,47,27,41,44,67,66,54,57,53,38,38,44,39,47,60,60,57,55,37,37,44,35,39,54,53,74,48,44,35,34,39,56,37,40,59,52
130,125,94,79,82,89,127,118,124,144,132,112,80,66,79,104,127,144,133,149,122,94,76,87,85,88,137,139,148,151,123,111,110,74,105,117,105,107,146,132,120,106,88,76,75,97,111,137,146,156,119,106,88,70,82,87,104,116,142,126,145,130,93,97,89,100,103,119,136,119,142,125,121,88,83,98,102,113,141,115,135,113,112,90,84,91,82,123,144,133,122,114,113,79,85,95,114,128,113,143
161,110,90,91,83,93,98,129,141,146,156,109,81,83,69,80,127,139,143,156,139,118,75,55,88,86,128,139,152,146,139,126,89,84,79,111,122,136,119,141,117,114,88,68,95,83,101,140,153,164,128,111,87,74,83,86,112,129,126,155,147,128,91,67,78,82,113,111,156,144,130,142,119,92,73,84,88,110,143,128,142,115,103,90,95,86,95,99,148,159,141,97,92,76,75,102,95,118,150,131
146,98,101,72,77,75,103,128,143,169,137,129,96,90,54,79,112,130,152,151,136,119,92,64,74,90,97,140,162,155,148,132,106,80,78,107,110,100,146,165,139,89,91,68,91,83,109,139,162,155,125,103,88,78,79,85,109,119,131,158,127,126,101,76,60,86,98,128,127,160,166,138,95,99,85,77,76,118,140,146,158,113,108,79,85,94,88,107,159,156,148,118,91,65,72,90,104,117,190,137
135,104,97,84,74,82,83,146,136,155,136,145,103,80,67,65,95,114,153,162,172,128,90,66,72,70,86,123,157,171,169,124,101,75,72,87,92,118,160,158,139,105,76,75,90,73,96,122,170,174,145,107,86,77,60,82,102,106,146,143,135,133,112,72,60,70,97,112,154,166,153,126,106,78,80,69,83,99,131,147,156,119,125,88,78,84,94,114,168,180,144,103,76,55,61,74,104,117,164,158
168,122,98,69,69,72,80,127,147,158,132,148,109,78,70,69,85,108,149,192,162,134,92,80,65,84,88,116,142,171,178,137,105,75,76,82,96,114,151,169,153,101,94,60,67,86,75,141,176,172,137,132,83,66,75,92,89,123,142,157,137,126,94,80,59,80,78,116,146,169,158,129,114,97,73,64,78,124,136,148,132,133,112,83,63,91,90,144,147,163,148,114,80,64,64,76,83,122,136,157
168,115,116,74,75,75,82,108,154,157,164,117,96,87,75,75,75,90,158,183,157,143,89,85,64,79,99,115,144,172,171,157,110,67,84,83,93,102,135,159,165,120,88,85,58,66,81,142,152,184,166,117,73,82,73,72,87,130,140,175,144,134,95,69,57,59,93,118,117,169,181,159,107,79,59,50,94,130,138,178,140,123,89,73,79,79,78,114,157,173,153,126,72,66,67,69,100,99,157,137
170,135,100,70,82,63,81,119,146,154,164,110,96,88,69,83,74,117,151,160,178,142,95,74,76,78,97,133,145,178,140,147,119,73,62,82,86,125,147,156,155,128,95,59,81,65,83,119,168,197,155,128,84,73,71,81,89,118,151,159,166,129,99,60,69,78,63,113,142,175,185,141,107,83,51,61,90,116,150,179,156,122,89,82,75,75,79,93,156,175,176,132,71,65,56,71,84,130,142,142
168,139,92,85,56,61,85,128,143,158,179,97,96,104,63,70,84,120,154,158,166,109,103,75,52,78,118,122,143,165,170,141,109,80,59,57,89,126,157,161,147,140,100,71,75,67,90,99,144,205,161,151,76,59,74,74,91,113,142,157,187,131,100,70,53,49,82,109,148,181,168,128,109,80,59,56,73,123,158,195,147,114,79,80,62,76,67,103,141,189,178,147,68,76,48,62,101,117,134,158
163,133,89,81,73,62,78,122,151,165,147,124,91,85,94,71,80,117,150,167,158,148,93,70,67,76,100,138,142,172,184,151,100,82,43,60,99,130,135,161,164,135,89,94,68,61,90,92,130,180,193,131,85,67,66,78,82,123,135,172,162,146,104,61,52,52,82,116,147,151,204,139,110,67,59,58,65,114,177,175,158,124,88,79,75,69,67,94,173,177,180,132,94,65,58,56,75,108,142,165
161,141,100,70,66,72,87,111,154,164,160,127,102,78,78,85,85,103,148,159,161,109,92,90,69,77,88,121,180,169,163,149,99,70,64,62,93,114,151,137,175,135,112,70,71,67,64,101,144,182,142,145,111,65,68,65,88,118,144,169,169,150,93,73,63,52,87,121,151,159,151,149,103,79,65,64,76,87,166,190,175,128,81,69,75,77,83,84,128,192,168,162,82,71,61,51,75,88,163,161
173,136,113,61,74,74,81,118,141,161,148,147,100,81,62,65,85,116,150,181,144,128,81,92,71,73,94,128,157,168,153,146,117,70,69,57,83,141,155,145,139,135,104,77,72,73,88,98,125,159,183,131,119,79,72,72,93,114,138,185,152,148,107,75,66,50,78,106,162,153,155,147,112,76,69,75,69,111,150,179,168,145,86,56,63,65,79,112,155,176,176,124,106,59,47,60,83,88,157,162
169,116,88,73,71,73,76,120,146,178,166,142,112,70,57,53,84,107,174,147,155,116,121,79,55,69,114,127,152,171,154,133,116,93,59,71,100,116,154,183,132,118,97,75,80,55,81,99,145,169,167,133,101,85,69,67,90,119,142,167,170,129,109,78,60,59,72,106,138,181,178,125,101,80,75,68,81,111,183,162,152,140,64,77,58,64,83,116,148,180,166,139,99,64,53,69,70,97,135,182
159,130,105,76,71,63,88,111,132,178,179,130,110,84,58,73,56,111,148,158,170,125,89,87,70,77,89,119,170,172,156,133,109,78,52,71,105,108,160,152,155,119,116,63,66,63,69,102,147,176,168,138,100,71,70,70,76,127,136,175,173,141,90,76,67,70,73,102,150,185,163,132,103,81,65,65,75,126,154,183,163,125,83,77,64,55,86,105,173,149,173,137,99,66,65,64,58,111,133,170
173,134,92,64,64,58,83,96,158,172,186,141,101,87,69,57,90,113,148,172,174,105,103,84,54,81,76,116,159,178,162,137,103,80,62,64,100,124,154,146,155,141,109,76,73,54,63,106,140,175,174,131,105,58,74,91,92,108,129,158,190,132,102,77,61,69,81,121,160,156,157,141,107,89,64,73,81,95,167,149,168,133,92,71,61,77,88,113,141,169,168,130,110,65,50,58,75,117,141,160
158,147,97,66,50,63,75,123,135,174,160,140,101,74,64,79,74,114,157,175,148,137,88,69,61,68,86,112,161,185,152,145,120,80,71,60,80,118,157,181,135,142,101,73,65,55,83,101,136,167,176,152,84,79,86,71,94,98,149,176,162,148,97,81,57,72,82,117,140,152,171,134,114,81,64,64,88,94,151,193,157,114,116,72,59,67,90,125,128,160,160,148,97,78,64,65,70,116,144,167
159,154,105,77,51,63,88,109,134,181,168,143,98,64,67,72,92,105,165,166,184,126,88,54,68,54,75,115,162,165,203,143,108,83,61,70,66,113,161,156,163,138,99,73,66,55,64,115,166,172,188,157,78,69,68,73,105,150,147,126,154,143,110,70,62,70,77,100,127,177,182,142,120,92,63,67,86,101,137,191,168,137,110,66,57,63,78,112,155,157,147,150,113,69,57,62,75,107,132,166
186,133,101,78,58,64,81,98,162,158,191,132,104,72,71,57,80,114,159,171,160,135,110,79,61,55,79,118,147,195,162,160,89,75,80,84,67,112,143,152,158,145,106,67,57,52,79,122,144,179,167,133,105,57,76,73,97,120,168,149,144,119,114,77,65,76,81,117,124,161,178,147,122,99,61,62,74,93,159,165,157,140,107,78,66,56,81,116,122,161,154,143,115,80,50,76,86,93,134,155
176,150,103,73,60,73,73,104,150,157,173,158,111,72,62,52,79,112,137,184,177,134,93,70,56,51,94,121,135,185,169,139,97,70,81,80,75,119,144,163,168,141,104,69,54,58,75,121,178,169,181,138,90,54,58,64,90,112,161,157,168,126,102,73,65,73,89,111,138,154,167,158,114,68,78,66,81,119,145,140,148,156,104,67,71,67,78,106,138,160,179,146,82,87,51,67,70,104,131,171
188,153,103,77,66,64,65,114,158,171,153,154,108,74,68,74,85,98,128,184,173,140,112,70,49,73,79,124,132,162,192,152,116,58,82,85,84,116,150,158,155,148,114,59,57,70,63,125,154,178,165,125,113,67,52,55,85,114,138,171,164,135,108,73,57,74,75,112,147,191,184,133,95,73,71,60,87,102,151,171,153,130,100,66,63,86,71,120,138,154,166,140,108,78,55,55,82,107,133,157
163,164,104,72,55,60,71,81,136,146,208,155,105,64,67,73,87,107,130,173,166,144,116,69,49,62,87,110,136,162,170,152,101,96,56,94,76,112,152,156,168,132,108,79,56,65,74,112,148,204,161,134,106,69,58,54,73,109,144,176,153,138,109,97,64,70,66,124,153,182,162,145,102,72,68,66,69,122,149,152,161,134,99,72,77,78,67,126,134,169,169,127,100,63,61,56,80,109,147,163
165,160,112,70,55,46,72,94,133,179,175,174,98,70,72,73,97,107,156,152,167,156,88,78,48,52,84,114,126,183,174,141,107,83,81,68,86,116,164,146,150,131,117,85,71,56,97,112,144,159,162,132,97,87,56,63,79,96,145,168,178,149,95,89,60,62,84,115,155,177,146,141,108,77,61,66,77,116,154,158,154,128,105,72,59,64,91,113,129,161,162,146,110,64,46,61,87,110,161,184
157,150,130,78,59,54,61,92,157,154,176,146,100,76,75,70,91,123,140,156,173,145,112,76,49,57,82,106,150,170,174,138,102,90,74,68,77,129,160,146,143,133,100,93,63,74,78,115,143,160,158,143,108,78,50,81,90,108,137,171,188,133,109,79,56,52,88,110,133,169,185,127,115,68,68,73,67,115,135,181,167,132,110,64,73,58,94,97,139,160,182,143,114,67,48,55,73,113,137,192
176,140,128,93,51,55,71,84,133,180,186,147,99,60,68,66,80,122,143,179,173,126,114,73,61,67,74,95,133,193,144,153,103,83,84,66,85,111,165,157,162,129,97,85,76,61,75,114,155,157,165,133,103,81,66,72,69,130,134,185,169,139,89,80,67,70,71,99,145,192,156,139,96,76,67,67,71,125,127,181,153,144,97,81,57,64,71,93,120,168,183,162,112,67,59,54,60,121,143,147
176,139,112,84,47,60,77,97,148,178,168,137,109,59,64,71,85,112,137,179,178,125,97,85,55,47,71,114,148,146,187,151,108,67,81,54,96,126,133,174,144,145,112,74,59,59,89,120,135,178,161,130,110,63,69,56,79,125,163,169,148,144,107,79,59,66,84,114,150,165,178,146,90,55,67,73,88,100,147,162,149,153,119,79,66,54,75,105,144,145,156,149,106,97,59,67,54,105,152,178
187,146,105,82,57,78,73,103,152,168,174,147,106,74,57,63,98,110,135,141,176,148,106,59,56,53,78,94,131,172,169,149,101,90,69,62,90,130,156,165,143,151,119,70,50,54,65,137,145,184,158,121,97,65,68,72,85,118,155,190,143,132,108,88,60,62,90,112,144,196,167,150,90,70,60,58,85,117,144,172,154,130,110,91,69,75,83,86,137,148,144,148,119,91,57,59,66,96,151,190
183,155,93,73,75,67,75,113,131,178,163,147,96,69,55,47,93,113,146,179,183,136,106,65,55,60,63,93,145,177,167,145,96,72,67,63,88,118,157,178,158,137,116,77,58,44,63,107,164,185,173,119,98,73,55,67,92,92,142,192,190,115,105,82,79,64,63,101,151,184,196,144,93,62,64,67,94,91,130,173,164,124,107,92,85,66,61,115,126,142,172,136,113,84,68,56,73,92,154,188
190,151,107,73,60,67,82,113,139,188,174,146,106,64,41,62,84,108,135,171,179,154,106,70,62,52,58,80,136,194,175,143,114,80,53,64,75,108,161,188,169,130,101,86,64,48,65,101,131,187,188,156,95,79,59,57,90,111,135,166,184,133,108,78,71,63,90,110,136,173,179,150,102,59,62,70,82,99,153,131,168,135,109,95,79,71,64,107,131,161,150,151,112,82,65,56,84,109,121,182
193,159,124,88,60,62,87,92,133,190,157,153,115,62,54,55,77,107,132,182,166,143,115,80,67,53,58,92,129,199,183,113,108,69,52,62,90,123,130,165,175,144,111,90,60,48,63,109,139,162,190,148,102,73,66,62,76,114,134,171,180,172,99,70,71,50,95,109,141,184,178,133,103,64,65,71,80,124,154,151,142,155,98,90,58,68,81,108,114,164,155,177,97,83,50,72,70,104,143,175
152,152,136,70,68,62,83,88,143,170,177,134,110,84,60,61,75,109,152,168,192,148,104,75,58,60,60,113,162,145,167,150,103,67,71,60,87,119,139,152,164,152,104,91,78,51,56,106,137,183,184,133,103,74,70,72,94,104,139,145,181,156,111,74,52,62,81,115,151,181,148,152,98,68,61,59,78,130,144,155,141,126,123,74,66,69,83,97,165,149,166,150,108,73,65,58,77,83,132,199
166,147,125,80,73,79,80,99,150,171,152,143,114,66,71,69,71,120,152,156,172,158,111,66,50,59,79,105,142,152,147,140,109,76,68,55,80,101,147,179,179,134,105,81,59,67,67,129,132,166,170,158,105,71,70,72,80,112,142,137,152,151,131,93,49,56,74,130,152,149,172,162,107,74,53,76,80,112,155,120,188,125,119,81,69,66,64,100,135,153,167,132,129,80,63,65,78,82,127,193
163,159,125,86,65,77,75,100,150,154,152,163,96,80,58,66,82,106,161,163,176,154,112,68,72,51,82,103,136,154,157,135,110,72,59,64,68,117,135,170,180,133,104,78,74,68,69,110,144,162,188,149,93,72,62,59,80,123,131,152,156,155,129,92,68,67,72,103,145,160,176,135,113,99,63,65,78,110,143,171,155,141,101,91,69,60,74,120,133,153,162,151,116,92,55,59,76,106,133,149
185,119,123,86,66,69,89,102,130,164,157,143,117,84,49,52,81,97,145,195,168,142,115,83,60,59,55,133,144,164,178,117,97,91,61,52,81,118,145,160,178,147,107,79,60,79,80,97,151,176,180,141,94,61,53,74,82,109,113,174,154,165,116,71,74,75,79,102,131,165,171,141,106,87,65,63,66,109,127,142,185,140,99,90,65,51,77,103,133,161,170,161,98,80,72,65,84,88,134,170
219,150,118,91,57,59,84,116,144,173,159,143,115,78,64,55,68,117,121,183,160,160,113,91,54,57,75,104,141,147,160,136,103,77,62,73,88,97,134,166,178,141,120,81,76,73,67,105,134,165,192,164,84,77,42,75,83,113,135,161,158,158,117,77,54,67,96,111,134,163,172,134,115,84,50,66,68,103,130,150,178,148,110,101,58,57,62,106,139,158,178,166,103,60,74,66,97,81,128,153
182,156,120,89,61,57,83,93,147,174,153,131,102,91,65,66,85,112,133,155,170,170,117,77,65,59,76,115,118,157,162,138,121,81,71,75,79,105,134,168,179,138,120,96,69,59,77,90,142,158,180,142,106,71,56,74,73,102,148,149,168,164,115,75,59,56,93,111,141,172,189,130,122,72,58,65,74,97,128,146,174,158,108,62,59,74,86,102,138,182,168,155,112,83,55,59,85,103,111,177
180,159,101,93,53,59,89,114,132,154,156,136,109,94,55,71,79,106,147,165,174,137,128,83,67,72,85,90,112,142,150,142,112,98,73,83,74,99,136,165,175,136,142,72,82,54,80,114,143,158,179,140,91,66,54,71,89,115,142,154,168,150,111,75,59,72,80,114,163,151,165,154,100,77,68,67,75,74,141,192,166,130,77,94,68,69,79,95,161,163,183,139,126,72,61,63,77,91,127,171
175,145,119,83,68,60,79,116,142,167,160,126,105,80,76,63,89,110,138,154,162,174,114,73,67,67,102,114,123,142,133,154,96,94,79,62,84,113,130,170,164,147,114,89,79,69,85,103,153,158,141,123,121,73,52,70,87,102,160,154,172,137,101,89,70,73,74,106,140,172,166,145,98,79,62,78,69,91,126,161,174,142,102,83,66,67,77,118,156,172,173,134,112,70,58,76,74,108,117,162
159,140,117,71,73,69,83,108,128,162,171,130,105,89,84,67,83,100,145,170,169,161,105,78,63,67,94,96,127,153,156,115,109,76,75,62,85,91,139,171,178,141,97,95,67,77,90,115,134,159,144,146,97,77,76,62,70,123,143,171,180,142,103,74,60,74,94,98,162,149,158,138,99,75,75,65,78,95,119,156,183,146,101,81,62,59,74,128,165,205,154,123,107,78,55,64,86,100,124,185
194,121,105,69,65,68,94,103,111,149,172,145,104,83,56,70,82,118,142,169,164,145,100,85,76,72,69,101,154,153,153,144,101,71,64,60,89,90,126,200,180,136,109,75,72,88,80,100,119,163,188,122,103,63,82,71,79,102,139,179,166,156,88,82,54,59,83,121,150,160,154,163,103,89,61,70,88,88,124,176,168,151,111,85,74,50,86,115,152,173,162,154,92,81,62,79,64,111,122,181
173,162,109,80,61,65,92,120,114,144,177,137,102,73,62,69,88,113,137,154,175,130,112,69,67,78,81,91,144,168,154,129,121,85,69,60,73,114,143,159,183,155,113,77,75,72,94,83,134,167,186,143,103,70,72,66,73,99,147,163,165,146,114,73,43,54,96,129,130,178,166,140,98,78,60,69,87,113,143,162,158,142,107,81,81,56,74,122,140,181,156,134,101,82,67,84,78,108,126,170
172,150,97,70,67,83,96,109,126,156,164,133,95,77,65,65,84,99,132,165,158,149,125,72,68,69,79,104,146,160,165,129,97,88,61,65,80,117,135,154,186,139,116,73,70,71,80,122,138,153,180,138,108,79,61,66,78,96,154,174,169,152,96,76,62,69,72,116,150,147,167,132,93,85,57,62,90,95,154,141,159,136,114,91,66,71,84,107,163,176,167,132,99,86,71,71,70,122,133,184
160,127,121,78,69,69,101,110,130,165,161,130,112,81,64,66,79,86,108,164,178,141,122,91,85,52,89,104,144,161,151,148,109,67,66,56,81,119,119,163,173,148,110,72,71,74,83,120,139,146,159,150,123,101,56,51,79,81,163,160,179,144,104,66,62,76,82,87,139,180,169,128,91,75,71,54,76,110,109,179,173,149,113,94,69,67,80,108,152,172,194,142,85,74,71,72,77,111,149,166
186,133,112,81,68,70,112,109,134,158,152,121,124,97,78,71,90,90,114,167,173,125,122,104,79,65,84,109,146,149,177,136,101,98,60,61,69,115,144,161,183,145,100,77,66,77,96,112,130,148,164,121,126,107,63,73,77,100,127,177,159,143,110,77,67,70,94,98,140,184,138,127,107,76,64,59,76,100,134,159,173,147,114,81,67,61,88,113,137,176,170,130,93,78,67,73,78,102,135,178
163,162,95,62,78,78,90,111,130,159,148,146,119,91,68,77,88,89,129,147,132,137,126,94,65,75,88,101,141,151,174,128,108,77,67,73,73,120,140,177,151,152,109,73,61,62,81,130,137,181,157,125,123,81,61,84,71,96,137,162,164,135,108,83,68,86,81,96,124,171,158,139,119,74,59,63,75,105,127,148,178,154,115,87,65,65,96,105,134,167,166,144,110,75,65,61,78,113,146,183
190,158,85,74,56,81,78,111,133,167,157,138,131,76,64,77,108,113,132,143,146,146,122,83,74,67,77,91,137,161,161,144,116,70,57,59,88,107,144,176,166,149,111,77,56,62,94,97,146,162,165,129,108,98,60,67,75,97,123,159,181,138,101,62,81,77,82,117,134,148,171,144,101,88,54,58,85,120,129,139,170,151,100,82,56,77,77,121,154,150,169,147,93,68,61,76,72,101,159,168
184,158,96,72,67,53,83,115,141,165,179,119,102,90,58,69,87,102,130,160,161,124,89,82,66,65,85,104,143,156,167,145,107,82,60,56,91,111,154,162,166,135,110,84,64,60,80,116,145,142,181,164,89,93,68,72,78,90,123,170,168,160,107,80,66,78,91,104,139,152,181,133,94,73,58,66,86,119,134,145,166,140,100,76,76,70,93,119,135,176,171,139,106,76,62,78,75,95,136,181
173,137,125,72,68,58,85,113,144,188,143,130,97,86,67,71,95,108,134,151,180,130,103,75,64,79,86,108,132,156,171,107,108,90,63,65,74,119,143,165,154,141,110,81,74,64,74,109,149,155,163,152,120,84,66,79,82,100,127,154,153,143,113,91,61,71,78,105,127,187,164,147,97,61,69,72,81,130,137,150,180,130,84,77,69,67,99,119,140,142,170,145,112,74,79,72,78,95,144,162
166,152,117,83,75,75,82,102,151,168,145,150,96,84,73,51,84,118,152,147,168,134,123,66,58,81,91,115,158,147,138,120,127,87,68,65,80,115,145,181,159,166,100,76,58,83,88,107,135,159,163,143,116,93,51,61,77,113,157,151,158,156,101,74,71,57,69,96,138,177,177,130,112,55,64,53,97,110,152,159,151,140,97,79,70,72,80,117,132,157,152,135,121,79,66,69,84,96,138,168
161,161,133,66,69,69,97,102,151,164,179,144,104,63,68,72,75,104,148,152,157,146,113,78,74,60,88,121,143,152,140,127,109,98,64,64,75,102,142,176,198,144,98,62,66,77,82,114,141,152,165,144,107,80,67,66,79,133,140,156,161,139,116,96,53,49,75,91,130,203,181,123,95,63,53,64,76,105,139,172,170,128,112,89,58,63,88,117,126,157,165,147,121,73,64,54,78,101,133,164
196,140,124,86,59,65,82,140,126,189,151,137,102,78,70,70,80,93,125,176,168,141,122,67,68,70,83,113,151,164,150,130,97,88,75,55,76,106,142,170,172,143,104,78,62,60,105,110,129,154,176,145,102,68,75,65,74,115,150,155,166,151,103,88,67,42,63,101,170,154,180,134,96,72,64,54,90,113,125,175,178,123,94,80,72,75,80,110,148,168,158,145,120,102,60,50,78,100,139,142
177,154,103,85,61,60,82,120,131,193,173,130,106,81,74,65,72,101,120,190,161,136,114,70,62,61,81,112,142,182,174,130,114,76,64,79,89,103,136,161,162,150,116,80,61,49,98,114,130,174,170,128,117,67,66,76,96,117,144,144,174,135,115,99,66,53,50,101,163,181,149,136,87,75,58,67,98,85,125,176,166,141,98,92,62,75,83,124,134,170,132,152,115,90,62,50,75,103,147,162
180,151,110,87,62,49,83,110,148,192,168,131,105,74,67,59,81,119,142,164,152,131,109,70,57,68,82,104,148,162,175,138,113,79,70,77,73,101,126,156,155,132,115,85,67,63,70,113,147,164,175,151,89,83,68,54,87,119,135,140,182,147,131,89,68,57,77,92,157,177,137,143,104,69,70,66,83,106,142,162,150,144,104,88,75,62,87,125,161,151,158,145,101,78,71,51,77,89,136,162
189,147,117,93,56,58,64,121,162,167,181,132,111,69,56,69,73,126,126,187,158,125,89,67,46,76,85,116,137,171,155,136,106,87,79,84,96,112,130,150,170,129,116,84,70,68,86,97,149,184,155,131,102,72,80,66,90,104,143,165,149,134,108,89,80,78,75,97,138,167,172,123,98,80,68,58,78,108,122,165,170,161,112,71,69,83,86,125,129,159,170,126,106,82,73,58,75,100,137,163
160,153,107,80,74,56,66,89,169,167,188,143,101,72,60,59,77,120,152,167,168,141,99,54,56,66,80,128,132,182,160,131,113,85,71,71,80,122,135,160,147,130,117,85,67,75,77,102,145,163,164,139,94,70,77,75,83,111,142,144,159,146,100,80,67,55,98,111,128,169,157,137,99,74,56,74,86,98,137,170,159,150,113,64,57,67,103,104,133,170,152,137,91,80,74,71,73,100,141,175
167,151,118,83,52,69,70,109,142,199,175,150,93,71,59,68,79,105,157,172,184,115,103,68,48,73,79,118,137,169,181,131,104,75,79,86,82,96,168,160,176,117,105,81,75,64,80,111,151,180,152,157,107,64,70,64,92,109,150,153,142,146,117,92,60,66,92,113,147,147,153,139,117,71,54,57,82,100,152,155,171,145,98,78,62,62,87,124,143,182,163,134,112,73,65,67,98,99,110,160
163,142,103,83,84,66,76,103,153,186,185,149,91,67,66,58,86,105,117,183,172,135,107,70,65,83,76,106,119,180,185,144,90,80,61,77,73,112,135,180,153,129,108,85,67,76,65,103,178,154,167,140,94,79,56,70,86,125,130,174,153,161,101,77,77,70,76,109,134,184,158,139,111,70,60,67,76,105,144,186,177,128,107,84,65,54,80,111,161,168,170,124,121,64,66,67,98,110,118,152
179,141,108,81,59,65,82,106,161,180,171,140,95,71,57,66,79,108,145,162,155,139,103,74,53,45,83,113,152,163,189,167,91,79,64,68,87,101,161,167,181,105,109,78,69,68,86,100,157,191,151,129,87,84,59,67,75,127,135,155,173,132,108,65,66,72,94,118,129,177,171,149,96,73,55,63,88,108,127,186,177,145,86,86,57,62,74,103,153,153,168,133,124,91,65,58,77,106,132,158
168,159,108,81,61,59,80,111,150,173,198,149,101,69,45,67,83,111,153,153,149,152,94,76,63,64,75,113,146,194,169,125,107,70,68,63,89,114,148,151,172,134,91,79,65,78,87,100,157,187,158,130,92,67,71,57,94,118,138,154,181,139,96,70,60,64,84,131,133,166,176,133,107,82,71,59,75,120,151,172,177,133,88,78,57,59,83,114,134,159,165,139,114,79,60,66,73,107,150,162
182,151,108,81,55,49,69,110,136,187,180,143,100,84,50,63,82,112,139,150,160,148,110,69,72,62,84,104,149,173,170,141,91,70,46,90,67,113,158,163,163,128,102,89,73,50,83,107,148,170,186,132,103,63,60,59,86,133,138,173,168,122,87,69,76,71,89,102,135,168,169,141,98,81,74,54,94,96,152,167,184,149,104,59,54,52,71,106,143,166,145,161,93,73,74,74,91,96,141,156
195,146,107,85,59,55,80,91,140,185,169,146,117,77,63,60,77,105,144,166,160,129,127,80,49,66,73,118,150,168,185,125,94,77,60,59,73,114,144,169,187,124,107,79,56,65,91,112,148,164,203,130,83,60,53,62,86,109,165,156,166,147,84,73,71,73,75,110,151,153,149,141,101,78,69,61,80,115,143,177,182,131,104,66,62,59,72,103,143,175,184,130,88,80,66,64,90,108,155,154
179,141,94,94,69,69,63,101,138,184,168,140,106,86,76,48,94,119,147,141,153,137,131,73,58,56,69,99,158,169,172,139,103,73,67,59,80,113,132,179,152,167,110,64,53,61,94,93,168,168,191,159,98,54,56,59,78,94,162,175,191,141,85,74,69,56,92,121,127,154,186,122,105,70,54,75,84,103,167,175,190,124,108,83,54,65,68,91,139,168,172,133,102,79,64,75,83,107,141,169
156,162,105,80,82,59,81,104,142,164,165,155,98,79,60,65,81,111,153,155,159,145,115,86,58,59,76,119,140,159,158,145,115,72,68,66,79,115,147,182,160,138,100,55,55,56,72,124,136,176,185,166,109,69,49,57,65,101,165,170,190,145,93,75,64,69,69,116,144,162,178,117,104,78,54,63,77,89,176,191,162,140,102,66,66,58,79,81,134,181,170,132,129,80,56,46,94,114,131,180
177,145,103,97,62,69,96,101,148,166,175,136,91,74,67,52,90,133,127,170,150,134,113,98,57,62,80,108,142,146,192,140,124,80,51,49,87,104,142,179,191,142,99,58,63,62,78,99,141,154,191,168,112,71,45,59,55,103,148,177,204,122,75,87,81,62,63,110,145,166,173,140,101,89,60,65,58,102,161,209,175,137,106,66,59,55,83,90,150,154,167,140,95,80,67,63,86,103,125,177
151,154,118,85,56,66,90,113,146,182,162,119,107,78,62,67,64,128,149,163,149,158,105,95,66,63,83,92,146,156,157,160,98,80,59,57,86,96,134,149,180,158,109,68,73,58,73,108,135,176,202,146,122,58,46,61,55,99,137,187,197,133,89,72,57,84,79,88,130,177,159,149,99,89,60,64,70,115,149,191,183,130,99,76,56,64,78,110,125,161,167,141,98,78,65,62,88,94,137,178
181,160,84,84,56,72,82,121,166,188,157,135,105,79,56,48,81,104,149,175,152,137,116,89,82,64,77,89,160,155,166,119,108,86,63,65,63,93,136,183,187,153,90,87,55,51,65,98,158,166,182,174,101,78,54,45,67,113,142,154,179,160,111,73,62,66,77,110,131,164,177,150,101,83,66,51,76,104,159,198,171,132,97,61,53,71,75,107,134,143,168,153,90,73,59,68,97,112,120,172
173,150,102,78,55,82,74,121,133,183,182,135,116,74,57,50,85,105,138,165,179,165,107,81,57,72,93,106,133,141,164,124,100,81,81,62,81,118,127,167,190,155,101,87,55,37,68,94,144,187,178,157,119,66,58,65,71,108,148,150,166,145,126,63,52,59,85,120,160,151,172,135,109,75,65,68,64,105,149,201,197,152,90,64,46,42,74,120,147,147,169,159,76,80,61,58,82,109,134,176
167,138,120,88,53,68,69,125,151,163,187,117,114,100,54,51,55,110,154,162,181,138,132,85,51,67,87,111,124,141,166,139,94,76,68,74,77,112,152,166,178,171,94,96,67,51,52,102,160,166,179,156,117,71,53,47,78,106,153,178,178,130,112,71,49,57,77,128,160,173,154,165,104,69,54,69,57,112,130,207,189,157,84,69,52,48,65,104,141,160,176,152,107,78,71,72,73,97,139,158
168,147,118,92,59,51,91,101,145,179,153,141,120,95,60,73,77,95,111,195,184,133,121,86,75,64,88,99,115,151,145,156,115,86,57,82,76,107,138,168,196,142,119,68,69,59,77,97,128,188,183,149,113,72,56,51,58,125,138,169,176,135,104,65,67,57,71,103,149,164,181,155,113,72,44,57,84,102,135,187,189,170,86,67,61,43,57,96,154,154,174,139,120,86,58,43,79,120,136,159
173,144,120,97,56,65,66,119,145,155,166,144,113,74,76,67,87,98,132,184,171,124,118,85,68,73,83,106,134,146,152,149,118,83,54,67,67,103,135,184,210,137,102,82,61,59,85,77,133,195,172,155,109,77,56,54,74,97,139,135,178,141,128,85,63,48,64,109,123,174,196,162,92,89,50,56,61,119,139,187,202,140,96,68,69,51,59,103,148,157,160,140,116,94,48,53,76,98,147,160
172,149,127,87,57,75,89,110,129,150,182,151,101,105,67,70,72,98,155,163,175,127,122,87,66,64,93,120,128,142,161,147,109,69,58,73,77,115,145,168,168,148,110,83,58,48,67,105,138,178,204,149,96,78,61,54,71,109,136,143,159,132,122,100,54,46,74,95,150,177,173,160,126,76,44,67,65,113,151,175,194,154,111,70,64,57,52,117,155,152,154,129,118,83,55,54,71,94,131,184
175,147,123,76,59,66,85,105,140,169,186,138,115,80,55,80,79,97,149,187,188,137,105,75,53,71,91,115,117,163,181,123,109,81,69,71,71,106,143,183,163,151,107,89,58,63,60,109,137,180,203,150,90,83,44,55,83,113,132,136,158,150,120,73,57,58,77,114,141,163,170,138,144,81,53,47,70,105,147,174,157,145,127,85,64,61,75,88,138,159,166,127,100,72,62,61,64,102,152,159
179,149,116,87,61,71,76,101,146,161,182,145,100,83,76,83,80,102,142,189,157,145,114,77,62,59,96,106,168,145,149,140,105,79,71,52,69,103,136,183,186,145,107,78,54,64,67,95,154,169,217,131,103,62,56,58,71,111,135,163,167,147,116,80,63,37,81,122,137,168,173,169,107,86,55,58,70,104,147,169,164,147,127,77,69,62,62,112,133,170,158,155,108,69,66,54,83,95,141,170
171,156,105,92,72,55,83,93,127,180,182,150,118,62,81,68,86,119,169,168,165,127,81,82,83,79,73,116,137,152,185,139,98,88,63,73,65,103,143,182,193,158,102,67,61,60,61,108,153,161,182,141,109,77,65,68,66,89,120,173,159,139,128,91,62,55,69,105,150,181,143,144,112,81,57,60,88,108,131,169,168,125,118,94,65,65,71,102,135,162,161,137,112,68,58,62,80,105,129,162
166,145,106,73,77,67,80,84,132,197,176,135,131,71,49,64,86,131,163,172,164,131,103,84,82,61,84,105,127,175,190,141,84,83,66,74,80,117,155,166,183,148,115,60,56,62,59,100,159,147,181,139,102,95,68,54,64,89,129,168,189,139,114,70,65,47,91,103,133,183,160,153,122,68,52,63,74,95,151,166,165,131,97,90,79,60,83,102,146,162,196,142,85,65,76,58,71,89,137,170
192,140,110,69,68,58,77,90,127,143,193,163,116,74,45,69,87,112,170,186,177,147,92,81,54,77,89,106,137,150,162,157,110,83,51,71,81,102,154,183,166,158,100,84,60,68,61,102,147,166,155,161,116,72,61,60,63,91,153,160,160,145,102,83,65,72,60,97,148,152,183,151,98,88,61,53,70,110,144,156,170,156,104,82,58,70,70,120,134,173,176,132,85,71,60,73,64,94,143,159
177,153,116,75,54,63,74,82,119,172,178,142,124,71,47,78,82,129,141,194,159,144,106,80,64,60,74,121,135,179,170,124,131,80,59,60,81,94,147,173,178,142,103,87,65,75,84,98,135,172,153,169,100,81,51,67,72,97,153,145,152,153,95,99,78,56,64,102,158,150,155,161,121,75,67,52,75,97,131,156,157,154,106,87,58,61,80,113,149,190,169,129,99,56,61,57,71,99,130,174
164,165,118,78,79,58,63,86,128,153,200,153,108,64,61,67,85,112,156,184,173,135,102,78,70,57,83,100,133,152,181,158,102,75,66,57,72,94,153,180,180,135,105,90,84,71,66,80,155,185,161,156,105,71,50,65,60,97,149,152,170,140,114,83,67,74,72,103,136,157,171,146,123,77,70,60,78,111,113,165,181,137,100,97,72,59,86,116,167,174,148,151,92,74,48,49,77,95,137,180
185,153,115,85,59,59,53,95,109,181,183,165,123,74,60,58,80,130,155,190,162,143,90,78,66,88,84,97,134,153,184,147,116,63,68,55,75,98,146,168,172,143,128,88,62,76,65,88,138,194,179,141,88,78,70,61,61,86,138,175,185,153,107,71,69,66,80,84,133,164,172,163,118,95,59,63,72,95,136,162,148,131,120,80,69,67,69,116,143,173,157,143,107,69,55,55,69,103,144,150
191,141,128,91,61,56,61,89,114,170,186,144,127,80,54,69,73,111,154,190,189,144,88,74,70,66,78,114,134,146,172,176,119,71,72,55,84,94,126,179,164,143,122,108,75,65,80,85,130,183,149,151,101,73,74,59,74,107,123,181,184,152,102,81,58,75,58,100,121,189,172,138,130,96,60,50,60,105,124,167,154,154,127,89,53,80,76,79,154,178,169,153,112,63,57,55,61,97,134,160
156,167,128,77,66,62,60,78,126,163,178,144,116,86,73,71,80,84,153,189,192,149,105,60,64,57,82,82,140,174,194,151,116,97,58,60,79,99,126,169,155,151,114,85,69,66,95,106,107,184,161,132,117,67,62,62,80,111,134,169,158,145,109,68,63,59,67,95,142,164,191,145,114,92,58,60,60,105,137,165,154,158,126,83,58,55,77,97,111,179,176,147,109,73,46,57,65,99,135,173
162,148,137,105,59,61,61,70,120,188,152,143,116,101,62,74,68,110,141,160,203,169,101,86,62,55,71,100,123,159,207,144,141,97,71,50,63,95,141,138,175,158,135,88,67,67,77,98,142,156,167,149,97,70,66,51,90,99,142,175,139,140,118,80,49,59,59,99,138,190,192,142,107,95,77,46,72,109,144,163,149,134,123,88,56,58,87,82,129,169,166,157,104,82,62,57,78,93,118,183
159,149,111,97,59,63,58,92,117,157,185,150,112,85,75,55,72,100,145,169,166,165,129,73,69,58,75,88,150,183,175,153,121,107,65,53,83,103,123,152,168,148,133,93,68,70,77,111,152,138,165,154,128,62,61,67,66,114,152,166,164,140,100,83,63,51,59,97,132,181,176,161,113,89,64,75,63,108,136,167,160,139,112,82,60,73,78,117,103,142,192,140,113,81,88,57,75,96,128,163
157,146,127,87,56,69,67,82,138,142,146,164,140,96,77,60,90,76,142,178,164,174,116,89,68,65,60,93,144,165,180,154,123,81,73,53,77,93,143,148,173,165,127,96,70,63,80,98,138,168,178,153,120,63,69,55,69,105,135,185,154,139,114,74,66,54,74,93,138,166,154,157,124,99,53,61,67,89,140,155,165,149,116,71,62,75,81,109,119,151,170,135,113,86,81,71,73,99,134,158
164,146,108,96,71,66,66,89,131,149,154,140,124,115,78,77,68,109,139,163,169,150,144,95,67,57,62,85,130,164,205,162,129,80,72,72,69,86,119,153,162,165,133,106,75,73,77,86,144,170,151,152,108,77,77,62,77,103,146,157,180,153,100,80,63,51,55,106,149,156,154,141,127,93,70,66,72,89,133,154,191,141,103,90,80,57,83,104,144,145,176,137,116,71,71,74,92,83,142,160
162,133,124,80,87,73,77,80,108,138,169,148,109,105,84,71,88,99,137,170,167,138,135,105,90,61,50,95,126,167,185,176,125,73,74,61,74,88,122,152,162,159,145,96,91,64,67,111,138,150,175,134,112,89,85,69,81,101,131,166,175,140,98,91,75,55,57,94,156,149,167,141,123,97,70,65,78,95,123,159,154,137,122,87,58,72,81,92,132,142,176,133,106,76,66,75,79,112,115,144
149,158,105,103,78,80,81,62,131,128,166,146,133,89,76,80,90,102,123,160,180,154,116,105,87,66,64,89,119,167,182,165,119,96,75,65,76,88,106,149,165,137,137,99,87,78,80,101,127,137,144,165,126,96,72,58,87,95,137,146,153,151,107,89,61,60,76,80,126,169,159,147,124,85,79,86,69,86,110,152,164,149,95,104,78,69,72,96,150,139,135,144,142,100,64,68,76,93,123,142
148,142,107,85,103,81,63,87,110,146,175,155,123,84,71,69,75,110,120,154,174,141,131,103,85,71,63,95,123,164,150,142,144,101,81,62,80,96,123,131,153,134,136,111,78,95,74,108,118,145,140,147,130,100,71,74,56,96,128,157,159,142,129,70,63,68,77,92,112,137,157,136,160,94,84,82,85,72,116,140,166,144,132,85,95,67,75,90,137,132,138,130,134,77,84,63,85,100,138,143
130,144,113,92,83,67,53,91,94,144,153,158,120,97,73,71,77,98,124,151,168,134,120,100,78,85,78,89,125,152,144,146,121,99,88,66,78,105,102,127,122,133,159,101,82,84,81,90,129,117,146,154,126,100,89,70,64,82,117,142,166,129,104,80,69,69,66,84,106,128,160,157,135,108,88,84,60,83,91,149,146,170,115,83,89,73,77,97,121,121,147,121,111,83,76,59,90,83,137,149
135,135,102,90,77,61,58,70,104,122,116,133,102,104,70,66,75,85,122,143,136,135,107,83,84,65,79,75,102,110,137,145,98,101,69,72,67,86,91,97,121,117,132,99,67,66,82,78,117,133,119,130,103,87,87,75,47,88,99,132,128,128,88,78,71,66,55,66,91,112,128,134,102,100,83,80,66,64,96,122,116,140,107,90,68,70,68,102,103,121,121,102,81,59,63,66,66,94,88,132
127,97,98,77,53,38,46,44,76,83,102,81,86,55,45,63,66,58,88,106,103,110,71,77,58,40,54,61,81,73,118,102,84,86,80,43,49,50,72,79,92,89,85,66,61,51,52,64,83,79,114,104,73,55,57,48,61,80,69,81,87,79,67,59,39,51,46,49,70,87,86,101,80,72,66,68,66,47,78,79,91,88,80,78,58,59,67,44,72,93,88,76,71,57,42,46,42,63,72,91
61,55,54,43,39,25,21,28,25,50,64,58,45,32,36,28,43,39,37,57,54,51,51,55,30,22,33,31,31,32,48,61,50,40,38,22,32,30,38,36,40,43,49,57,42,24,25,40,36,54,51,52,33,41,25,32,33,41,37,45,48,50,25,35,26,33,34,36,32,44,54,59,46,38,24,34,31,28,47,58,54,36,29,30,32,33,24,37,30,42,40,53,38,30,33,22,22,30,38,47
15,15,19,23,7,10,6,8,5,14,23,20,24,12,11,10,6,9,15,9,25,24,19,17,7,7,4,18,10,12,14,17,20,9,10,11,10,9,10,19,19,17,13,16,16,14,13,13,9,27,32,16,23,14,6,9,5,7,11,16,9,17,9,8,12,7,12,6,11,6,22,18,22,13,9,12,16,8,12,18,15,16,7,11,10,7,7,12,9,14,12,12,11,10,6,3,7,13,11,15
1,3,5,5,0,0,3,1,2,2,6,5,4,2,3,1,4,1,5,3,2,4,5,6,0,3,1,3,4,7,2,3,1,1,2,3,2,1,0,1,3,1,1,8,5,3,3,3,3,5,3,3,5,3,1,1,0,4,1,3,2,4,2,1,0,1,2,2,4,2,4,7,6,5,4,0,1,3,3,3,3,1,0,2,0,1,0,1,0,0,5,2,3,0,1,1,1,3,3,0
0,0,0,0,0,0,0,0,0,0,0,0,0,0,0,1,1,0,0,0,1,1,3,1,1,0,0,0,0,0,0,0,0,0,0,0,1,0,0,0,0,0,0,0,1,0,0,0,0,0,0,1,0,0,1,0,0,0,0,0,0,1,0,0,0,0,0,0,0,0,1,0,1,0,0,0,0,2,0,0,0,0,0,0,0,0,0,0,0,0,0,1,0,0,0,0,0,0,0,0
0,0,0,0,0,0,0,0,0,0,0,0,0,0,0,0,0,0,0,0,0,0,0,0,1,0,0,0,0,0,0,0,0,0,0,0,0,0,0,0,0,0,0,0,0,0,0,0,0,0,0,0,0,0,0,0,0,0,0,0,0,0,0,0,0,0,0,0,0,0,0,0,0,0,0,0,0,0,0,0,0,0,0,0,0,0,0,0,0,0,0,0,0,0,0,0,0,0,0,0
0,0,0,0,0,0,0,0,0,0,0,0,0,0,0,0,0,0,0,0,0,0,0,0,0,0,0,0,0,0,0,0,0,0,0,0,0,0,0,0,0,0,0,0,0,0,0,0,0,0,0,0,0,0,0,0,0,0,0,0,0,0,0,0,0,0,0,0,0,0,0,0,0,0,0,0,0,0,0,0,0,0,0,0,0,0,0,0,0,0,0,0,0,0,0,0,0,0,0,0
0,0,0,0,0,0,0,0,0,0,0,0,0,0,0,0,0,0,0,0,0,0,0,0,0,0,0,0,0,0,0,0,0,0,0,0,0,0,0,0,0,0,0,0,0,0,0,0,0,0,0,0,0,0,0,0,0,0,0,0,0,0,0,0,0,0,0,0,0,0,0,0,0,0,0,0,0,0,0,0,0,0,0,0,0,0,0,0,0,0,0,0,0,0,0,0,0,0,0,0
0,0,0,0,0,0,0,0,0,0,0,0,0,0,0,0,0,0,0,0,0,0,0,0,0,0,0,0,0,0,0,0,0,0,0,0,0,0,0,0,0,0,0,0,0,0,0,0,0,0,0,0,0,0,0,0,0,0,0,0,0,0,0,0,0,0,0,0,0,0,0,0,0,0,0,0,0,0,0,0,0,0,0,0,0,0,0,0,0,0,0,0,0,0,0,0,0,0,0,0
0,0,0,0,0,0,0,0,0,0,0,0,0,0,0,0,0,0,0,0,0,0,0,0,0,0,0,0,0,0,0,0,0,0,0,0,0,0,0,0,0,0,0,0,0,0,0,0,0,0,0,0,0,0,0,0,0,0,0,0,0,0,0,0,0,0,0,0,0,0,0,0,0,0,0,0,0,0,0,0,0,0,0,0,0,0,0,0,0,0,0,0,0,0,0,0,0,0,0,0
0,0,0,0,0,0,0,0,0,0,0,0,0,0,0,0,0,0,0,0,0,0,0,0,0,0,0,0,0,0,0,0,0,0,0,0,0,0,0,0,0,0,0,0,0,0,0,0,0,0,0,0,0,0,0,0,0,0,0,0,0,0,0,0,0,0,0,0,0,0,0,0,0,0,0,0,0,0,0,0,0,0,0,0,0,0,0,0,0,0,0,0,0,0,0,0,0,0,0,0
