-4.72818,0.302983
-4.61298,0.467837
-4.68457,0.658348
-4.52201,0.762345
-4.56062,0.958122
-4.48368,1.16659
-4.58967,1.33839
-4.53257,1.5205
-4.4717,1.7058
-4.55376,1.88958
-4.57668,2.07462
-4.60359,2.26525
-4.47328,2.43605
-4.6575,2.55512
-4.66606,2.74669
-4.4742,2.84659
-4.4864,3.04939
-4.39475,3.22192
-4.25839,3.36097
-4.24728,3.56818
-4.37982,3.71671
-4.48308,3.90215
-4.36229,4.06466
-4.39142,4.28103
-4.46478,4.49714
-4.46708,4.69565
-4.28053,4.77088
-4.38355,4.9583
-4.28324,5.13469
-4.31602,5.34638
-4.35635,5.5548
-4.38935,5.74513
-4.31498,5.93674
-4.24135,6.13855
-4.33812,6.31843
-4.43568,6.49297
-4.46642,6.69442
-4.37665,6.87956
-4.35084,7.08879
-4.32576,7.2763
-4.41251,7.44984
-4.46889,7.64406
-4.5078,7.83502
-4.62476,8.02345
-4.57801,8.22873
-4.63014,8.44098
-4.55428,8.64707
-4.44505,8.81817
-4.46648,9.01656
-4.48133,9.2135
-4.32026,9.34733
-4.42974,9.51753
-4.61535,9.61252
-4.5474,9.81074
-4.47913,9.99534
-4.39398,10.1874
-4.52039,10.3588
-4.63197,10.5191
-4.49829,10.6648
-4.59646,10.8301
-4.57286,11.0309
-4.54518,11.2394
-4.40981,11.3838
-4.30931,11.5617
-4.23854,11.749
-4.38934,11.8772
-4.30137,12.0436
-4.35072,12.2358
-4.40442,12.4253
-4.40442,12.6185
-4.45144,12.8112
-4.45624,13.0071
-4.42318,13.2035
-4.38646,13.3923
-4.51466,13.5543
-4.69512,13.6429
-4.87283,13.7399
-4.84002,13.9435
-4.69491,14.0951
-4.71197,14.3161
-4.53483,14.4255
-4.52979,14.6236
-4.56489,14.8255
-4.55053,15.0251
-4.6298,15.2058
-4.5679,15.4138
-4.52626,15.6147
-4.42281,15.798
-4.43778,15.9945
-4.54885,16.1744
-4.35697,16.2337
-4.46432,16.3973
-4.4253,16.6125
-4.60426,16.709
-4.64037,16.9043
-4.73052,17.0713
-4.79145,17.268
-4.65761,17.4182
-4.55966,17.5885
-4.46202,17.7738
-4.56359,17.947
-4.59382,18.1528
-4.55911,18.3421
-4.62678,18.5478
-4.77351,18.6958
-4.8236,18.8862
-4.78256,19.0787
-4.79788,19.293
-4.70123,19.4636
-4.80174,19.6444
-4.59975,19.6705
-4.6313,19.8881
-4.47085,20.0365
-4.67423,20.088
-4.69836,20.2789
-4.63842,20.4854
-4.47173,20.6021
-4.4673,20.7943
-4.40202,20.9869
-4.42419,21.1781
-4.33061,21.3486
-4.26815,21.5351
-4.11712,21.6524
-4.04766,21.8479
-3.91535,22.0227
-3.86079,22.2209
-3.78558,22.4245
-3.58309,22.3999
-3.57366,22.5975
-3.59404,22.7901
-3.69524,22.9523
-3.7063,23.157
-3.61633,23.3407
-3.66319,23.5604
-3.71936,23.7632
-3.83379,23.9148
-3.88145,24.1335
-3.86871,24.3261
-3.73977,24.4804
-3.54412,24.5029
-3.60244,24.6861
-3.74478,24.8588
-3.73871,25.0601
-3.60582,25.2358
-3.485,25.3804
-3.58488,25.5561
-3.47603,25.7478
-3.46055,25.9585
-3.54745,26.1466
-3.43543,26.3043
-3.44419,26.5089
-3.48242,26.7118
-3.57079,26.9134
-3.54546,27.1187
-3.52351,27.3188
-3.57161,27.5134
-3.63865,27.7058
-3.5022,27.8665
-3.36276,28.0272
-3.30401,28.2264
-3.40278,28.4176
-3.48911,28.6022
-3.5211,28.7871
-3.43354,28.9609
-3.45555,29.1737
-3.50341,29.3656
-3.43496,29.5542
-3.44957,29.7527
-3.41802,29.9591
-3.41765,30.1631
-3.22282,30.2377
-3.20068,30.4473
-3.24083,30.6309
-3.34535,30.7953
-3.20193,30.9456
-3.14931,31.1419
-3.05331,31.3017
-3.07034,31.5107
-3.1104,31.7036
-2.96076,31.8288
-3.10588,31.9751
-3.11783,32.1948
-3.0639,32.3877
-2.9352,32.5487
-2.97309,32.7521
-2.89209,32.93
-2.90055,33.1392
-2.9543,33.3453
-2.97753,33.5431
-2.98779,33.7505
-3.12076,33.8851
-3.08591,34.0867
-3.05303,34.2896
-3.01263,34.4776
-2.94711,34.6699
-2.89817,34.8517
-2.82259,35.0245
-2.85729,35.2253
-2.95588,35.3997
-2.95783,35.6014
-4.11351,0.169039
-4.1001,0.374471
-4.05275,0.581049
-4.0085,0.786113
-3.85982,0.945932
-3.71384,1.0838
-3.61195,1.26562
-3.55944,1.46312
-3.55617,1.65709
-3.57567,1.84966
-3.53621,2.05381
-3.51323,2.26554
-3.6792,2.38476
-3.68017,2.58769
-3.59138,2.76221
-3.39079,2.72003
-3.33557,2.9273
-3.35199,3.10854
-3.46891,3.28759
-3.37407,3.458
-3.34068,3.65222
-3.24923,3.82689
-3.40137,3.95034
-3.37912,4.15109
-3.32224,4.34618
-3.18674,4.52028
-3.04838,4.64473
-2.87464,4.76276
-2.98144,4.93987
-2.99036,5.14381
-3.0353,5.34952
-3.02866,5.54858
-3.1045,5.72921
-3.11869,5.92164
-3.1152,6.10376
-2.99189,6.27549
-3.1088,6.43296
-3.20885,6.59838
-3.2588,6.78858
-3.27906,6.97896
-3.35104,7.1636
-3.25487,7.33285
-3.29413,7.52717
-3.26575,7.72709
-3.14391,7.88337
-3.14878,8.08
-3.05729,8.27346
-3.18015,8.44254
-3.2522,8.63465
-3.2942,8.83528
-3.41208,8.99252
-3.41538,9.1795
-3.46592,9.38265
-3.62857,9.51305
-3.58294,9.7139
-3.48538,9.90343
-3.38554,10.089
-3.32969,10.2789
-3.2904,10.4792
-3.38332,10.6572
-3.49422,10.8326
-3.40176,11.0317
-3.46486,11.2259
-3.33922,11.3894
-3.40798,11.5715
-3.24817,11.6971
-3.16087,11.8809
-3.09156,12.0809
-3.05464,12.2788
-3.10775,12.4609
-3.12997,12.6584
-3.02063,12.8228
-3.09568,13.0069
-3.17609,13.1914
-3.0786,13.3779
-3.19559,13.5626
-3.24518,13.7506
-3.21676,13.9537
-3.26763,14.1635
-3.4736,14.1636
-3.38646,14.3493
-3.39919,14.5521
-3.45628,14.7465
-3.50382,14.9416
-3.55003,15.1443
-3.53358,15.3599
-3.56389,15.5694
-3.65861,15.7442
-3.5842,15.9385
-3.57423,16.1423
-3.40807,16.2623
-3.35491,16.4462
-3.35478,16.6336
-3.39055,16.8264
-3.32842,17.0195
-3.27226,17.2121
-3.25829,17.4085
-3.23308,17.6135
-3.143,17.7938
-3.05626,17.9826
-2.89839,18.0983
-2.97712,18.2841
-2.96012,18.4831
-3.147,18.5466
-3.26095,18.7214
-3.24728,18.9137
-3.13513,19.0841
-3.02132,19.2456
-3.05666,19.4596
-2.94155,19.6245
-2.9868,19.8239
-3.05845,20.0082
-3.10371,20.21
-3.02331,20.3978
-3.12541,20.57
-3.09657,20.7765
-3.15137,20.9856
-3.31337,21.1079
-3.19587,21.2742
-3.02246,21.4006
-3.07287,21.5967
-3.07672,21.785
-3.11723,21.983
-2.93146,22.087
-3.05002,22.2381
-3.02493,22.4379
-3.06412,22.6334
-3.04751,22.8553
-3.24309,22.7998
-3.27164,22.9987
-3.16762,23.1798
-2.99956,23.31
-2.82907,23.4116
-2.78807,23.6088
-2.8983,23.7731
-2.77314,23.9358
-2.88917,24.106
-2.86311,24.3118
-2.91472,24.5047
-2.82198,24.708
-2.93259,24.8958
-2.75964,24.9811
-2.56295,25.0775
-2.66339,25.2528
-2.87933,25.3037
-2.85489,25.5024
-2.90269,25.7118
-2.98159,25.9042
-2.99997,26.0888
-3.03305,26.2882
-3.06131,26.5031
-3.16023,26.6758
-3.2859,26.8361
-3.17107,27.0022
-3.09947,27.1904
-2.94009,27.3085
-2.88483,27.5085
-2.84823,27.6898
-2.8241,27.8919
-2.90056,28.0929
-2.89861,28.2939
-2.80783,28.486
-2.96527,28.6057
-3.07641,28.7663
-2.94936,28.9322
-3.12064,29.0363
-3.02175,29.2206
-2.88663,29.3719
-2.80817,29.549
-2.78875,29.7545
-2.606,29.8574
-2.58253,30.0654
-2.49682,30.2605
-2.44523,30.4573
-2.37696,30.6464
-2.4733,30.8417
-2.50852,31.0336
-2.54161,31.2149
-2.63908,31.4068
-2.49264,31.5669
-2.51032,31.786
-2.43563,31.9937
-2.55368,32.1679
-2.57549,32.3729
-2.46497,32.552
-2.39419,32.7383
-2.2419,32.8472
-2.36629,33.0206
-2.52038,33.1536
-2.42452,33.3406
-2.36861,33.5248
-2.34754,33.7234
-2.47634,33.8793
-2.34648,34.0454
-2.40759,34.2429
-2.45755,34.4518
-2.57925,34.5981
-2.50411,34.7839
-2.40067,34.9682
-2.45084,35.1608
-3.33663,0.479724
-3.33223,0.692265
-3.20316,0.862462
-3.22548,1.06216
-3.16463,1.25036
-3.1456,1.43664
-3.19929,1.62912
-3.11427,1.8181
-3.1307,2.03544
-3.09696,2.24371
-2.98661,2.40414
-3.09475,2.57233
-3.02607,2.76215
-2.90657,2.9185
-2.80919,3.11684
-2.84685,3.32002
-2.85777,3.53778
-2.9504,3.719
-2.86697,3.90088
-2.78128,4.08476
-2.66655,4.24551
-2.65537,4.46277
-2.69377,4.67677
-2.64811,4.864
-2.64677,5.06738
-2.48398,5.20068
-2.49134,5.40104
-2.58652,5.57765
-2.54311,5.77598
-2.59985,5.9699
-2.64905,6.16735
-2.47486,6.27392
-2.31914,6.4282
-2.48723,6.52589
-2.55923,6.70333
-2.41113,6.82939
-2.32972,7.02715
-2.20797,7.20107
-2.25311,7.405
-2.1599,7.5962
-2.1948,7.77804
-2.12832,7.96815
-2.21839,8.1388
-2.03594,8.23077
-2.06882,8.4335
-2.11091,8.61845
-2.17595,8.80376
-2.05294,8.95546
-2.09376,9.16006
-2.10479,9.36458
-1.98639,9.5486
-1.92769,9.74448
-2.01007,9.93163
-2.03387,10.1454
-2.20894,10.2574
-2.32344,10.4338
-2.26445,10.6199
-2.3758,10.7851
-2.52552,10.9319
-2.46403,11.1283
-2.32275,11.2727
-2.32536,11.4695
-2.1924,11.6273
-2.2368,11.8286
-2.26157,12.0222
-2.23901,12.2296
-2.2009,12.4205
-2.30764,12.5932
-2.20196,12.7605
-2.10886,12.9433
-1.98272,13.1105
-2.08775,13.2861
-2.19392,13.4568
-2.27409,13.6498
-2.42515,13.7759
-2.41366,13.9675
-2.26691,14.1136
-2.20411,14.3118
-2.13349,14.5103
-2.22669,14.6979
-2.20642,14.8977
-2.40789,14.9091
-2.30789,15.0935
-2.29696,15.3071
-2.30863,15.4921
-2.27688,15.6793
-2.32808,15.8681
-2.28898,16.0822
-2.30272,16.2897
-2.11509,16.3639
-2.27185,16.5048
-2.24459,16.7303
-2.20722,16.9125
-2.25884,17.1297
-2.29632,17.3255
-2.17365,17.4727
-2.16043,17.6946
-2.24985,17.8725
-2.14735,18.0423
-2.08718,18.2628
-1.96303,18.4348
-1.91851,18.6277
-2.0331,18.7961
-2.08762,18.9844
-2.22409,19.1161
-2.27046,19.316
-2.24502,19.5079
-2.0803,19.6252
-2.12792,19.8276
-2.19328,20.025
-2.19983,20.2393
-2.26868,20.4297
-2.29814,20.6407
-2.40838,20.8075
-2.39439,21.0176
-2.35212,21.2085
-2.35732,21.4031
-2.22578,21.5538
-2.35225,21.7196
-2.32224,21.9167
-2.3705,22.1191
-2.47114,22.3028
-2.53317,22.4825
-2.52114,22.6913
-2.52417,22.8973
-2.65465,23.0582
-2.56454,23.2358
-2.4093,23.3484
-2.34005,23.5553
-2.27919,23.7398
-2.32648,23.9381
-2.35,24.1295
-2.24302,24.3012
-2.29235,24.5065
-2.3658,24.7103
-2.36531,24.9071
-2.36837,25.1079
-2.30753,25.3008
-2.21233,25.4714
-2.13607,25.6524
-2.16496,25.8655
-2.19462,26.0636
-2.18175,26.2611
-2.19206,26.4727
-1.99138,26.5412
-2.064,26.7178
-2.17851,26.9001
-2.30535,27.0545
-2.28304,27.2462
-2.20077,27.4217
-2.04822,27.5519
-2.05042,27.764
-2.01313,27.9619
-2.03753,28.1539
-2.03043,28.3486
-2.06648,28.5392
-1.99462,28.715
-1.91481,28.9083
-1.97557,29.116
-2.02032,29.3108
-2.08414,29.4921
-2.09391,29.6914
-2.02391,29.8873
-2.00723,30.0806
-1.99672,30.2858
-2.06957,30.4684
-2.06737,30.6563
-2.07247,30.8675
-2.00135,31.0482
-2.0507,31.2466
-1.92865,31.4096
-2.11994,31.5124
-2.27632,31.6533
-2.23578,31.8575
-2.08267,31.9875
-2.12201,32.1914
-2.19815,32.3633
-2.25335,32.5589
-2.05425,32.6298
-1.92592,32.8025
-1.94769,32.989
-1.93572,33.191
-1.95177,33.3824
-2.04095,33.5536
-2.023,33.7547
-1.96952,33.9589
-2.02196,34.1536
-2.07254,34.3626
-1.91533,34.4803
-1.85387,34.6784
-1.79688,34.873
-1.94077,34.9975
-1.9086,35.1987
-1.85701,35.3929
-1.98864,35.5369
-2.10457,35.7031
-2.26558,35.8311
-2.15261,36.0276
-2.03265,36.1838
-2.11903,36.3761
-2.23876,0.459148
-2.13401,0.624367
-2.13367,0.823961
-2.16829,1.01436
-2.11974,1.20478
-2.16244,1.41503
-2.17245,1.60322
-2.13167,1.79161
-2.11173,1.98208
-2.13789,2.19696
-2.09681,2.38592
-2.03998,2.58808
-2.01166,2.78333
-2.20752,2.84876
-2.17703,3.0467
-2.16098,3.23736
-2.01222,3.38283
-2.03932,3.5807
-1.89416,3.72529
-1.83842,3.91611
-1.82047,4.13254
-1.79932,4.35308
-1.71524,4.53625
-1.63896,4.73867
-1.73166,4.90379
-1.70397,5.10182
-1.56128,5.25861
-1.6084,5.45758
-1.68332,5.64669
-1.7687,5.82999
-1.75031,6.02181
-1.80779,6.23414
-1.89272,6.41821
-1.84504,6.60361
-1.83136,6.79528
-1.87467,6.9977
-1.88783,7.20176
-1.93061,7.4176
-1.93144,7.62115
-1.84617,7.80465
-1.77321,8.00686
-1.6674,8.17322
-1.47278,8.22577
-1.45813,8.42621
-1.60454,8.55873
-1.77247,8.67464
-1.80482,8.86774
-1.73876,9.04634
-1.54279,9.028
-1.57038,9.21393
-1.5275,9.42425
-1.71473,9.4566
-1.68453,9.66661
-1.67675,9.86038
-1.74288,10.046
-1.64428,10.2364
-1.66179,10.4405
-1.78183,10.592
-1.75926,10.7967
-1.73194,11.0047
-1.84552,11.1853
-1.63771,11.2355
-1.71654,11.4274
-1.72679,11.6158
-1.74954,11.8219
-1.79283,12.0127
-1.68051,12.1808
-1.66875,12.3755
-1.6233,12.5817
-1.59639,12.7749
-1.61568,12.9669
-1.67887,13.1393
-1.56122,13.2984
-1.62244,13.49
-1.68768,13.6736
-1.74414,13.8473
-1.9013,13.9962
-1.88276,14.207
-1.97042,14.3832
-1.89523,14.5668
-1.74909,14.6943
-1.87714,14.8725
-1.90488,15.0675
-1.92474,15.2799
-1.84092,15.4601
-1.82172,15.6595
-1.75582,15.8518
-1.77882,16.0366
-1.9044,16.2074
-1.69944,16.2711
-1.73551,16.481
-1.75931,16.6779
-1.79476,16.8789
-1.8063,17.0814
-1.81902,17.2979
-1.7952,17.4886
-1.9117,17.6547
-1.72851,17.721
-1.71937,17.9283
-1.52084,17.9494
-1.52166,18.1514
-1.53387,18.357
-1.36033,18.4675
-1.23516,18.6252
-1.42222,18.6885
-1.58066,18.801
-1.62924,19.0002
-1.68507,19.2027
-1.84065,19.3438
-1.67724,19.4703
-1.7088,19.6603
-1.7926,19.8362
-1.84116,20.0357
-1.92847,20.2221
-1.82215,20.3896
-1.63565,20.5118
-1.76245,20.6657
-1.74303,20.8748
-1.61291,21.0264
-1.56875,21.2348
-1.60182,21.443
-1.6298,21.6349
-1.67698,21.8517
-1.57163,22.0176
-1.76387,22.0903
-1.80328,22.2822
-1.80969,22.497
-1.86424,22.7027
-1.8191,22.9032
-1.92797,23.0857
-1.92578,23.281
-2.12674,23.3258
-2.12572,23.5323
-1.93835,23.5891
-1.90743,23.794
-1.79504,23.9721
-1.71182,24.1526
-1.65862,24.3554
-1.63653,24.5601
-1.54909,24.7351
-1.59335,24.9256
-1.62424,25.1259
-1.58256,25.3239
-1.76339,25.4327
-1.79282,25.6134
-1.81014,25.8071
-1.74516,26.0024
-1.57914,26.1445
-1.52706,26.3446
-1.54288,26.5404
-1.57389,26.7427
-1.74737,26.8549
-1.68297,27.0549
-1.63983,27.2596
-1.68207,27.4625
-1.644,27.6567
-1.60775,27.8631
-1.57033,28.0531
-1.65204,28.2441
-1.48448,28.3258
-1.47714,28.5238
-1.3049,28.6433
-1.34214,28.838
-1.28164,29.0213
-1.32557,29.2163
-1.2601,29.4145
-1.27721,29.6283
-1.27079,29.8274
-1.30423,30.0327
-1.43098,30.2014
-1.37206,30.4132
-1.48514,30.5986
-1.36325,30.7604
-1.559,30.7988
-1.50174,30.9974
-1.62225,31.1761
-1.5271,31.3514
-1.39016,31.511
-1.58557,31.5463
-1.55226,31.755
-1.63956,31.9359
-1.65387,32.1318
-1.63747,32.3399
-1.69558,32.5405
-1.61761,32.7213
-1.75656,32.8689
-1.71637,33.0707
-1.5659,33.1948
-1.70879,33.3281
-1.59562,33.4776
-1.53989,33.6757
-1.56416,33.868
-1.67365,34.0315
-1.69833,34.2331
-1.62169,34.4123
-1.47037,34.5445
-1.44779,34.7339
-1.50065,34.9353
-1.50284,35.1398
-1.42796,35.3305
1.83719,0.297923
1.64296,0.365365
1.54952,0.539658
1.53744,0.748398
1.55057,0.95008
1.71786,1.06767
1.796,1.27321
1.81488,1.46682
1.82244,1.67863
1.91892,1.84179
1.87686,2.0273
1.8745,2.22851
1.97051,2.41469
1.94079,2.62086
2.04455,2.782
1.93756,2.9578
1.95001,3.16987
2.01937,3.35357
1.98198,3.55652
1.90635,3.76484
1.87204,3.96689
1.91693,4.15375
2.00369,4.33647
2.11479,4.51632
2.02128,4.69895
2.122,4.86793
2.28163,4.97964
2.43684,5.10244
2.2773,5.20455
2.34124,5.38239
2.29045,5.56711
2.34511,5.75505
2.31827,5.96071
2.3767,6.15305
2.36777,6.36123
2.28712,6.55096
2.23138,6.75204
2.21938,6.93929
2.10629,7.09188
2.13804,7.29875
2.07366,7.47948
2.04861,7.67641
2.19241,7.82918
2.17879,8.0159
2.15557,8.21569
2.11177,8.40346
2.10484,8.6101
1.99919,8.78621
1.90421,8.95917
1.81683,9.13275
1.96304,9.26818
1.94113,9.47235
1.88428,9.66867
1.99875,9.8402
1.99453,10.0469
1.88176,10.2436
1.78296,10.4256
1.85681,10.6049
1.90091,10.8051
1.84877,11.0036
1.78993,11.2046
1.83316,11.393
1.83709,11.613
1.94889,11.8015
2.08148,11.9407
2.1639,12.1247
2.23142,12.3286
2.22604,12.5377
2.18292,12.7442
2.2778,12.9218
2.24196,13.113
2.2519,13.3119
2.23356,13.5236
2.25856,13.7132
2.06204,13.812
2.07492,14.0112
2.19318,14.1733
2.20285,14.3916
2.05164,14.5436
2.17974,14.7072
2.10965,14.9023
2.10756,15.1148
2.08624,15.3152
1.88883,15.3365
1.87705,15.5365
1.92701,15.7345
2.06156,15.8839
2.16934,16.0635
2.10286,16.2573
2.11092,16.4552
2.15124,16.6539
2.01826,16.8081
2.05323,17.0272
2.14639,17.2017
2.2067,17.4017
2.19826,17.6026
2.38473,17.698
2.46475,17.875
2.60731,18.0225
2.46302,18.1787
2.43368,18.3863
2.43726,18.6052
2.40205,18.8118
2.48313,18.9987
2.57202,19.1913
2.59739,19.3877
2.48703,19.5567
2.5419,19.751
2.48011,19.9444
2.44204,20.1525
2.45218,20.3517
2.58325,20.487
2.45132,20.6319
2.40624,20.8108
2.32407,20.9946
2.34331,21.1979
2.2888,21.3901
2.37645,21.5768
2.24284,21.7276
2.1695,21.9198
2.28091,22.108
2.09837,22.2104
2.24334,22.3593
2.22242,22.5579
2.13932,22.7445
2.05254,22.9272
1.98641,23.114
2.05769,23.3108
2.04581,23.5189
2.07089,23.7193
2.03912,23.9046
2.16916,24.0641
2.0403,24.2155
1.89317,24.3389
1.91176,24.5356
2.11068,24.5808
2.24785,24.7194
2.11394,24.8767
2.22243,25.0457
2.17803,25.2356
2.10292,25.4224
2.14505,25.6332
2.0217,25.7895
1.97193,25.9866
2.00987,26.1725
2.14696,26.3327
2.25704,26.5213
2.09338,26.6234
1.9069,26.7168
2.07153,26.8523
2.09296,27.0442
2.20507,27.2133
2.19079,27.4201
2.10775,27.6091
2.19967,27.8046
2.23161,28.0046
2.20512,28.2217
2.12479,28.3952
2.21214,28.5767
2.20781,28.7695
2.15387,28.9456
2.17032,29.1659
2.22549,29.3495
2.08101,29.4954
1.90596,29.5939
1.83911,29.7999
1.87633,30.0019
1.82433,30.1994
1.67138,30.3272
1.80907,30.4657
1.78405,30.6687
1.76046,30.8779
1.8696,31.0475
1.86042,31.2488
1.95822,31.4232
1.98499,31.6173
2.16749,31.7152
2.31783,31.8581
2.15982,31.9829
2.31757,32.118
2.38706,32.3112
2.59065,32.444
2.63889,32.6328
2.69685,32.8196
2.82042,32.976
2.87845,33.1728
2.88057,33.3764
2.90176,33.5866
2.97612,33.7738
3.00391,33.9743
2.95153,34.1709
2.96561,34.3704
3.00367,34.584
2.96806,34.7951
3.04658,34.9719
3.24745,35.0298
3.20884,35.2233
3.20359,35.4219
3.15295,35.6061
3.2932,35.741
2.27446,0.34552
2.3299,0.536501
2.29346,0.729867
2.38361,0.902833
2.44115,1.09525
2.41476,1.29453
2.46965,1.48144
2.49616,1.6866
2.59297,1.86692
2.6284,2.06991
2.66041,2.27243
2.68765,2.47614
2.69705,2.66406
2.49635,2.69211
2.54188,2.90006
2.62367,3.10107
2.48046,3.2657
2.57664,3.44736
2.65049,3.61948
2.59726,3.8346
2.68558,4.0215
2.63171,4.21913
2.61742,4.42371
2.75765,4.58512
2.76048,4.78624
2.90942,4.91176
2.76924,5.05182
2.63691,5.20153
2.62298,5.41939
2.67761,5.62332
2.70261,5.80791
2.82156,5.96681
2.91159,6.15167
2.95765,6.35014
2.99887,6.55667
3.02396,6.74701
3.04321,6.94689
3.06516,7.13988
3.1213,7.33161
3.15481,7.54743
3.09908,7.74278
3.1602,7.93902
3.0237,8.09513
3.09135,8.28472
3.08652,8.48294
3.15097,8.67652
2.94808,8.77526
3.04724,8.94244
3.00733,9.13781
2.81217,9.19298
2.67954,9.3521
2.52442,9.46638
2.52819,9.65659
2.70703,9.75496
2.5457,9.90041
2.52079,10.0919
2.55725,10.2866
2.63044,10.4891
2.67557,10.6942
2.58714,10.8931
2.76435,10.9752
2.69064,11.1591
2.55403,11.3194
2.68634,11.4842
2.69571,11.694
2.85545,11.7775
2.86759,11.9866
3.00847,12.1156
3.04224,12.3087
3.05816,12.5158
2.97719,12.7007
3.14357,12.8229
2.99802,12.9782
2.95425,13.187
3.05095,13.351
3.10118,13.555
3.18233,13.738
3.12472,13.922
3.20357,14.1076
3.05645,14.263
2.84856,14.2961
2.92403,14.4665
2.91399,14.6858
3.02927,14.8585
2.96495,15.0554
2.9448,15.2738
3.09335,15.4363
3.04687,15.6499
2.95547,15.8214
2.92284,16.017
2.97474,16.238
3.05903,16.4429
3.16052,16.6245
3.04743,16.7889
3.11954,16.9826
3.21891,17.1658
3.06847,17.3082
3.01314,17.5096
3.05727,17.7064
2.96965,17.8812
2.87499,18.0523
2.80991,18.2617
2.88161,18.4454
2.96527,18.6235
3.15202,18.6898
3.12297,18.8898
3.02772,19.0633
3.05098,19.2634
3.10323,19.4508
3.04977,19.6411
3.17097,19.7995
3.19498,20.009
3.11652,20.206
3.06315,20.4032
2.95513,20.5825
3.0398,20.763
3.14521,20.9249
3.08603,21.1084
2.92488,21.2131
2.85162,21.3885
2.74024,21.5453
2.86897,21.7014
2.96874,21.8795
3.02353,22.0642
3.04707,22.2676
3.13598,22.451
3.28856,22.5746
3.24198,22.7943
3.08444,22.9341
3.24674,23.0436
3.28931,23.2464
3.25104,23.4391
3.05393,23.465
3.09197,23.6816
3.24531,23.8142
3.11501,23.9735
3.06124,24.1722
3.08054,24.3759
2.87647,24.4412
2.712,24.5565
2.69639,24.7475
2.70471,24.9623
2.70455,25.156
2.82143,25.3296
2.82012,25.5408
2.71932,25.71
2.82204,25.8838
2.86093,26.0842
2.72434,26.2291
2.84541,26.4132
2.95632,26.5966
3.0183,26.7895
2.96124,26.9867
2.88297,27.1852
3.03337,27.3269
3.06814,27.5169
3.15702,27.6998
3.26996,27.8828
3.19914,28.064
3.25243,28.263
3.2753,28.4697
3.36828,28.6511
3.26621,28.8259
3.24289,29.0339
3.10673,29.1697
3.2619,29.3078
3.2319,29.4961
3.1881,29.6839
3.23538,29.8685
3.08435,30.0351
2.93188,30.1761
2.9953,30.3799
3.05553,30.5966
3.02579,30.8134
3.05176,31.0097
3.07014,31.2045
3.05878,31.3897
3.05687,31.5965
3.12124,31.7973
3.10294,32.0116
3.15013,32.2146
3.24641,32.3946
3.37159,32.5466
3.36271,32.7627
3.34702,32.9724
3.31681,33.1706
3.45774,33.3169
3.61176,33.4646
3.66206,33.657
3.63089,33.8671
3.54804,34.0647
3.69133,34.206
3.66343,34.3933
3.63681,34.6102
3.77315,34.7602
3.72748,34.9509
3.83309,35.1203
3.91147,35.3079
4.05963,35.4499
4.06399,35.65
2.89718,0.253134
2.78331,0.414788
2.78532,0.622584
2.68613,0.792279
2.67433,0.999508
2.8056,1.15382
2.86901,1.35049
2.83699,1.54371
2.82165,1.76078
2.81982,1.95612
2.88257,2.14815
3.07414,2.22159
3.09195,2.40521
3.23042,2.53932
3.08952,2.69401
3.23501,2.83882
3.28371,3.03838
3.16675,3.20867
3.05596,3.37535
2.93219,3.52357
2.98453,3.71611
3.1278,3.86862
2.99893,4.02881
2.97508,4.21832
3.11879,4.35876
3.25956,4.51206
3.19857,4.70148
3.27673,4.90213
3.15676,5.09004
3.10366,5.28701
3.2064,5.47786
3.10731,5.67107
3.10193,5.86734
3.19976,6.03398
3.21501,6.23805
3.13642,6.42295
3.23628,6.61057
3.38109,6.76267
3.41795,6.95944
3.43622,7.15707
3.49143,7.35207
3.39316,7.52437
3.44983,7.72135
3.53307,7.91967
3.3456,7.96123
3.30258,8.17706
3.29523,8.37935
3.45439,8.51349
3.37926,8.71364
3.33896,8.90209
3.26141,9.089
3.22422,9.29724
3.33485,9.45142
3.26131,9.64816
3.23551,9.84095
3.17332,10.0256
3.18917,10.2294
3.18919,10.4309
3.27319,10.6135
3.3821,10.8031
3.33982,11.0027
3.28719,11.1743
3.32609,11.3878
3.37688,11.5776
3.39678,11.7936
3.33705,11.9799
3.4036,12.1669
3.54426,12.3276
3.49669,12.5415
3.41176,12.7199
3.4742,12.9101
3.55003,13.1078
3.48119,13.2952
3.45328,13.5089
3.39079,13.6913
3.55363,13.838
3.48457,14.0335
3.57902,14.2234
3.52905,14.4048
3.64984,14.559
3.74133,14.7435
3.68769,14.9512
3.76149,15.1382
3.77255,15.3292
3.72262,15.5299
3.76901,15.7276
3.78851,15.9338
3.73595,16.1302
3.82089,16.3164
3.88564,16.4974
3.80904,16.6714
3.86833,16.869
3.79929,17.062
3.8592,17.2804
3.70525,17.4036
3.69409,17.6115
3.57076,17.7603
3.54186,17.9645
3.45696,18.1578
3.50304,18.3696
3.39211,18.5306
3.54851,18.6442
3.35528,18.7408
3.5221,18.833
3.6058,19.0136
3.60178,19.2142
3.51742,19.3998
3.57514,19.5972
3.73713,19.7442
3.67246,19.9384
3.57424,20.1208
3.67342,20.3009
3.82214,20.4434
3.89919,20.6331
3.83876,20.825
3.82623,21.008
3.9337,21.1924
3.8809,21.3802
3.83974,21.5678
3.68752,21.701
3.72359,21.8984
3.70101,22.0933
3.54667,22.2489
3.64192,22.4342
3.6238,22.6291
3.6943,22.8495
3.62407,23.0562
3.72076,23.2436
3.75488,23.4363
3.7613,23.6432
3.803,23.854
3.84999,24.0693
3.90899,24.2648
4.06555,24.3938
4.15421,24.5889
4.16434,24.7852
4.19079,24.9919
4.16583,25.2014
4.0369,25.3537
3.99342,25.5467
3.97715,25.7622
3.79734,25.864
3.71249,26.0402
3.72049,26.2339
3.81837,26.4269
3.82876,26.6264
3.74838,26.811
3.80099,27.0193
3.79703,27.2133
3.73252,27.4319
3.78743,27.6377
3.79598,27.8455
3.76346,28.0462
3.71651,28.2435
3.72041,28.4446
3.82678,28.6198
3.73406,28.7727
3.74356,28.9773
3.68412,29.1687
3.76615,29.3499
3.74695,29.5517
3.82316,29.7261
3.72219,29.8996
3.65823,30.0907
3.70573,30.2997
3.75602,30.4932
3.77426,30.6957
3.8343,30.8934
3.8792,31.082
3.86587,31.2806
3.83673,31.4716
3.8166,31.6636
3.80107,31.8824
3.76728,32.071
3.70642,32.2608
3.83168,32.4035
3.7701,32.6079
3.71125,32.7993
3.83909,32.9679
3.94288,33.1415
3.91858,33.347
3.92602,33.546
4.09023,33.6735
4.21997,33.8297
4.28051,34.0235
4.35575,34.2246
4.36489,34.4245
4.37737,34.6269
4.335,34.8229
4.30036,35.0231
4.38487,35.205
4.35911,35.4118
4.32053,35.6069
4.41327,35.7982
4.42625,36.0101
4.46756,36.222
4.55135,36.4025
4.50532,36.5986
4.44381,36.7783
4.44167,36.9937
3.2263,0.186441
3.19328,0.386439
3.1771,0.585185
3.2267,0.775673
3.17107,0.976109
3.16319,1.16447
3.09027,1.35173
3.14535,1.5388
3.22077,1.72645
3.31355,1.89612
3.24901,2.08958
3.37115,2.25972
3.41654,2.45589
3.4888,2.65357
3.5962,2.82832
3.58387,3.02534
3.66158,3.218
3.69047,3.41357
3.71518,3.6016
3.8949,3.69834
3.93135,3.90443
4.00716,4.09871
4.10202,4.2796
4.05165,4.46857
4.10164,4.65888
3.99938,4.84824
4.05884,5.03667
3.90159,5.17288
3.77052,5.3196
3.7169,5.52364
3.78505,5.72809
3.74178,5.91157
3.67701,6.10213
3.5875,6.28897
3.66659,6.48304
3.70153,6.68459
3.77729,6.88027
3.76616,7.09863
3.85832,7.25703
3.93672,7.43511
3.91878,7.64937
3.86417,7.84905
3.81075,8.04521
3.88658,8.2278
3.8006,8.40979
3.88186,8.59577
3.97801,8.77051
3.93289,8.96593
3.9227,9.16259
4.05558,9.31898
4.13171,9.50093
4.04396,9.6612
4.00684,9.87183
4.02112,10.0673
3.98371,10.2844
3.99112,10.483
4.12596,10.6294
4.14668,10.836
4.05056,11.0051
4.08636,11.1968
4.10367,11.3936
4.00764,11.5792
3.84017,11.741
3.78726,11.9421
3.68675,12.1259
3.78826,12.3172
3.92099,12.4605
4.03256,12.6122
3.97855,12.7919
4.11762,12.9502
4.22238,13.1274
4.16276,13.3074
4.14473,13.5064
4.09836,13.7132
4.20209,13.8926
4.18605,14.0991
4.23015,14.3199
4.28433,14.5252
4.1476,14.6672
4.11587,14.8619
4.13141,15.0679
4.0199,15.2443
4.06967,15.4271
4.18419,15.5897
4.18438,15.8056
4.09697,15.9868
4.16188,16.1767
4.07669,16.3441
4.22191,16.5013
4.33193,16.6571
4.26525,16.8424
4.19987,17.039
4.30423,17.2061
4.3128,17.4086
4.31435,17.6309
4.12094,17.6946
4.06282,17.8802
4.17986,18.0499
4.1101,18.2268
4.04547,18.4254
4.17307,18.5832
4.06927,18.7351
4.11715,18.9262
4.0322,19.1175
4.09668,19.3071
4.12604,19.4927
4.04194,19.6707
4.2363,19.773
4.21465,19.9854
4.29444,20.1711
4.20932,20.3381
4.21575,20.5359
4.35491,20.6621
4.47938,20.8328
4.66278,20.9492
4.5839,21.1702
4.43983,21.326
4.43647,21.5317
4.59151,21.6607
4.41224,21.7634
4.52029,21.9368
4.64063,22.0853
4.6396,22.2898
4.46267,22.3995
4.28336,22.48
4.24045,22.6738
4.17976,22.867
4.13218,23.0619
4.17095,23.276
4.16602,23.4859
4.11393,23.6825
4.21499,23.8811
4.28043,24.0627
4.40297,24.22
4.35185,24.4274
4.35403,24.644
4.38916,24.8421
4.43351,25.0358
4.39289,25.2455
4.34578,25.4528
4.28503,25.6586
4.41222,25.8305
4.20701,25.8832
4.34173,26.0288
4.41399,26.218
4.3398,26.3981
4.39959,26.5931
4.45514,26.7759
4.40496,26.9809
4.27193,27.1311
4.1735,27.2988
4.17227,27.5009
4.23312,27.6843
4.37164,27.8281
4.18117,27.8974
4.27882,28.0718
4.33815,28.2609
4.27206,28.4556
4.30156,28.6469
4.36124,28.8354
4.27062,29.009
4.11232,29.1262
4.17246,29.3284
4.22927,29.526
4.36413,29.6876
4.40325,29.8881
4.39321,30.0958
4.45648,30.3042
4.50164,30.5106
4.53975,30.7211
4.51213,30.9173
4.63104,31.0726
4.63905,31.2689
4.57419,31.4677
4.58814,31.6756
4.53926,31.8652
4.53373,32.0819
4.57887,32.2895
4.61009,32.489
4.52115,32.6707
4.49109,32.8808
4.5151,33.0941
4.67535,33.2232
4.72266,33.4189
4.59402,33.5663
4.73613,33.7181
4.74349,33.925
4.78755,34.1391
4.9148,34.2904
4.88914,34.489
4.9618,34.678
4.88024,34.8708
5.06638,34.9463
5.106,35.1386
4.90423,35.1706
4.86662,35.3798
4.87295,35.5885
4.88585,35.7954
5.01411,35.9662
4.93635,36.1451
3.79493,0.557721
3.91668,0.729309
3.85977,0.930264
3.97994,1.06812
3.98147,1.27023
4.05278,1.46548
4.20929,1.57991
4.19378,1.79314
4.21762,1.9908
4.27238,2.19193
4.19397,2.38006
4.22481,2.58332
4.351,2.73391
4.2277,2.91101
4.24569,3.10607
4.13509,3.29104
4.22864,3.46415
4.09446,3.61238
4.12147,3.82257
4.27978,3.94806
4.2707,4.16009
4.42064,4.30684
4.33049,4.48725
4.40458,4.68049
4.40312,4.87612
4.51948,5.04566
4.45328,5.23851
4.54243,5.42477
4.4924,5.63225
4.47242,5.84291
4.30747,5.9443
4.33645,6.14276
4.34195,6.34429
4.31265,6.53992
4.41119,6.72333
4.58119,6.84629
4.52252,7.04556
4.45915,7.24438
4.44294,7.4551
4.57741,7.63351
4.45039,7.79714
4.51597,7.98445
4.54449,8.1767
4.559,8.38701
4.44409,8.55156
4.48183,8.74523
4.52792,8.93241
4.49388,9.14364
4.48834,9.35106
4.50234,9.56905
4.53751,9.77404
4.55529,9.98643
4.50857,10.1997
4.42233,10.3927
4.43639,10.5856
4.47221,10.7877
4.53475,10.9765
4.37515,11.1071
4.54041,11.2613
4.39061,11.4162
4.44562,11.6206
4.46136,11.8206
4.47793,12.0194
4.46754,12.2309
4.60791,12.3656
4.63419,12.5662
4.57754,12.7653
4.58754,12.9711
4.66469,13.1408
4.67909,13.334
4.64563,13.5431
4.60343,13.7478
4.71233,13.924
4.54848,14.0183
4.55336,14.2167
4.58095,14.4225
4.48804,14.6026
4.54188,14.7942
4.4864,14.9834
4.43885,15.1849
4.57495,15.3307
4.54603,15.5464
4.51528,15.7506
4.46352,15.9458
4.57184,16.1015
4.62107,16.2939
4.64436,16.4863
4.66563,16.6804
4.60289,16.8804
4.56678,17.09
4.62607,17.2682
4.64732,17.4888
4.64339,17.6895
4.52576,17.8563
4.72254,17.9084
4.91499,17.9336
4.93439,18.1221
4.87914,18.3268
4.92915,18.5159
4.93674,18.7062
4.8991,18.9014
4.95627,19.0934
4.90995,19.291
4.9076,19.4889
4.80013,19.6504
4.75995,19.8425
4.75465,20.0381
4.69181,20.2275
4.81109,20.4001
4.86294,20.6175
5.05323,20.7082
5.01194,20.902
5.02598,21.1033
4.95905,21.2917
5.00371,21.493
5.11029,21.6602
5.01541,21.8283
5.21476,21.8375
5.13933,22.0305
5.02552,22.2067
5.12144,22.3983
5.10849,22.5988
5.06128,22.7993
5.07545,23.0001
4.88232,23.0344
4.97849,23.2061
4.87526,23.3783
4.81193,23.5778
4.8647,23.7769
4.809,23.9853
4.79414,24.183
4.73835,24.3754
4.59956,24.5096
4.74685,24.6424
4.79844,24.8433
4.80015,25.0493
4.86654,25.2403
4.87028,25.4525
4.80052,25.63
4.61485,25.718
4.61531,25.91
4.66976,26.1193
4.70451,26.3143
4.62894,26.5002
4.6695,26.694
4.76127,26.8535
4.89397,27.0155
4.88738,27.2121
4.89141,27.4317
4.90939,27.6289
4.84236,27.8223
4.80868,28.0302
4.79454,28.2302
4.8399,28.4346
4.82183,28.6373
5.00894,28.6996
4.92102,28.8784
4.84882,29.0822
5.06016,29.1512
5.10958,29.3643
4.91968,29.4672
4.88147,29.6689
4.86186,29.8722
4.86238,30.0805
4.69764,30.2156
4.74212,30.4091
4.78782,30.6095
4.83409,30.7998
4.83402,30.9958
5.025,31.1075
4.93436,31.2867
4.96871,31.4693
5.08804,31.6225
5.20416,31.7848
5.33582,31.9361
5.24587,32.1227
5.19936,32.332
5.22257,32.5312
5.15785,32.7108
5.3026,32.8559
5.32506,33.053
5.39621,33.2367
5.46616,33.4407
5.45624,33.638
5.35948,33.8286
5.25536,33.9941
5.37423,34.1618
5.48132,34.3381
5.46144,34.5403
5.49246,34.7427
-5.31751,34.8154
-5.34646,35.0332
-5.3068,35.2313
-5.13223,35.331
-5.17584,35.5383
-5.01779,35.6431
-4.90884,35.8034
-5.00225,36.0083
-5.03568,36.2036
-4.82919,36.1831
4.15425,0.170618
4.15008,0.376319
4.25781,0.543919
4.33004,0.730201
4.37942,0.919304
4.47351,1.08839
4.38031,1.27714
4.47437,1.4677
4.47659,1.67817
4.63239,1.79969
4.54671,1.98825
4.67428,2.13585
4.60256,2.32776
4.52066,2.50763
4.59506,2.69372
4.57134,2.90262
4.49339,3.07713
4.55429,3.26938
4.50775,3.48176
4.50815,3.70294
4.69679,3.82507
4.80869,4.01595
4.65944,4.16168
4.74177,4.34016
4.82631,4.51759
4.91537,4.71091
4.99848,4.88144
4.99852,5.08611
4.96092,5.28677
5.01298,5.49305
4.85333,5.62701
4.79112,5.80831
4.70623,5.98912
4.68868,6.17956
4.54941,6.33974
4.63852,6.51561
4.82757,6.60685
4.85481,6.80245
4.89379,7.00855
4.75875,7.19685
4.82434,7.38648
4.82493,7.58836
4.87992,7.78036
4.89697,7.97009
4.93404,8.17251
4.93894,8.38509
4.82691,8.56002
4.78511,8.76333
4.93187,8.91329
4.82549,9.08736
4.75497,9.28161
4.88346,9.42372
4.74923,9.56452
4.83586,9.76074
4.848,9.95662
4.99654,10.1062
5.12755,10.2701
4.93358,10.3439
5.00183,10.5305
5.05986,10.7279
5.0589,10.9263
4.96992,11.1341
4.927,11.3446
4.95669,11.5388
4.96005,11.7332
5.03795,11.9166
5.12377,12.105
5.10403,12.3127
5.14485,12.5291
5.22642,12.7371
5.10704,12.9003
5.01685,13.0711
5.01239,13.2717
5.10807,13.45
4.99452,13.6188
5.01684,13.8172
5.00585,14.0262
4.94593,14.2186
5.06377,14.3914
5.04475,14.5975
4.94158,14.7657
5.0497,14.9411
4.95126,15.1051
4.83887,15.2667
4.73299,15.4383
4.80853,15.6165
4.94668,15.7567
4.94835,15.957
4.97819,16.1474
5.01917,16.3726
5.00842,16.5703
5.08982,16.7606
5.04523,16.9605
5.16869,17.1214
5.23431,17.3001
5.17884,17.4894
5.11656,17.6876
5.23492,17.8677
5.29106,18.07
5.39664,18.2462
5.29908,18.4329
5.43079,18.6023
5.45692,18.8066
-5.46528,18.9876
-5.33546,19.1645
-5.23486,19.3307
-5.38129,19.4777
-5.41456,19.6891
-5.38622,19.8878
-5.31772,20.0815
-5.34753,20.2902
-5.23508,20.476
-5.22543,20.6795
-5.16708,20.8632
-5.09755,21.0706
-4.91915,21.2
-4.87825,21.3913
-4.81344,21.5746
-4.8736,21.7762
-4.75704,21.9282
-4.82707,22.1156
-4.68653,22.2666
-4.57311,22.4412
-4.52108,22.6473
-4.41494,22.8237
-4.36247,23.0269
-4.34748,23.2322
-4.33911,23.4369
-4.31035,23.6368
-4.30557,23.8392
-4.32721,24.0435
-4.41631,24.2328
-4.36519,24.4302
-4.36755,24.6322
-4.37823,24.8318
-4.26235,25.0054
-4.40627,25.1503
-4.39548,25.348
-4.54299,25.5047
-4.44646,25.7043
-4.31438,25.8533
-4.28428,26.0481
-4.16003,26.2223
-4.16657,26.4266
-4.3403,26.5358
-4.30866,26.7292
-4.51569,26.8041
-4.46179,26.9908
-4.54482,27.1588
-4.40532,27.3105
-4.43626,27.5087
-4.38524,27.7056
-4.35094,27.8963
-4.32632,28.1081
-4.43137,28.2851
-4.42378,28.4997
-4.53384,28.664
-4.70252,28.81
-4.71983,29.0088
-4.54274,29.0881
-4.569,29.3061
-4.62115,29.5115
-4.65464,29.7157
-4.77885,29.8491
-4.73822,30.0685
-4.63399,30.2392
-4.63804,30.4509
-4.66441,30.6513
-4.6199,30.8699
-4.47467,31.013
-4.50409,31.216
-4.59958,31.3956
-4.60133,31.5998
-4.57951,31.8044
-4.70329,31.9552
-4.76573,32.1384
-4.60984,32.2745
-4.65912,32.4753
-4.70086,32.6928
-4.59327,32.8642
-4.55809,33.072
-4.42799,33.2334
-4.45394,33.4375
-4.41111,33.6359
-4.53287,33.7694
-4.4539,33.9668
-4.36719,34.1432
-4.30909,34.3258
-4.39613,34.5087
-4.25715,34.6344
-4.34985,34.8214
-4.22166,34.9998
-4.15086,35.1828
-3.99586,35.322
-4.11038,35.4909
-4.16398,35.6877
-4.04639,35.8429
-3.87099,35.9733
-3.88804,36.1757
-3.93055,36.3688
