parameters (x,y,w,h,rx,ry):-5,0,10.000000,40.000000,100,100
52,40,64,53,70,58,55,57,71,85,68,54,58,60,45,60,63,50,48,39,47,35,38,39,30,37,32,22,21,20,16,21,17,15,16,26,28,32,28,35,17,26,27,10,11,21,26,19,16,17,24,27,38,28,39,45,79,57,51,60,47,62,58,56,54,76,65,58,61,51,54,66,57,71,75,94,75,72,70,55,56,54,70,55,76,66,75,70,81,75,65,65,61,78,72,79,70,80,67,68
132,88,100,114,112,107,148,152,148,146,128,141,126,138,147,113,113,127,117,126,75,85,71,76,90,86,77,67,60,52,51,35,39,34,33,38,70,62,70,56,57,47,57,49,28,32,51,53,43,41,51,51,57,80,93,103,125,136,145,136,136,142,112,120,136,149,166,153,155,113,119,118,135,126,155,193,185,178,158,140,120,122,129,139,137,170,168,186,167,164,158,159,161,151,139,153,157,160,166,147
130,101,100,113,91,118,127,157,148,159,138,152,133,157,124,139,127,135,129,109,105,77,71,58,86,85,97,83,70,49,36,38,34,29,32,33,52,65,62,86,83,60,40,36,33,25,45,45,65,48,38,53,47,74,81,85,120,136,143,146,124,138,140,122,132,164,165,182,140,144,91,99,114,140,148,190,192,189,177,167,121,139,117,130,124,155,182,181,178,154,174,154,155,154,142,151,169,168,142,153
120,113,107,112,86,123,130,142,148,152,154,142,150,140,143,127,130,120,118,143,96,78,78,74,74,99,76,117,81,56,45,29,29,31,32,34,39,45,86,73,93,70,51,33,29,41,42,41,50,42,51,54,49,58,70,102,105,139,144,141,126,129,111,133,128,160,135,172,179,153,113,101,100,115,131,168,203,183,189,171,136,132,124,126,147,152,168,166,173,161,153,161,174,148,141,185,167,164,166,134
117,134,117,100,96,111,136,124,154,151,154,144,159,140,137,114,132,128,139,127,92,76,74,86,75,79,80,103,95,74,44,44,33,28,33,32,42,46,66,80,80,68,52,31,35,37,38,59,41,29,59,57,52,49,61,102,114,103,141,152,144,122,114,117,146,147,164,148,161,145,136,119,107,107,116,150,201,207,197,168,134,130,125,121,136,175,157,169,148,176,164,149,155,171,139,184,171,143,182,127
138,133,121,99,118,121,123,129,130,148,146,160,137,149,140,111,144,152,148,126,104,80,76,68,83,78,85,82,95,81,45,45,36,35,24,38,31,52,68,88,57,56,61,43,46,45,41,48,46,36,50,52,44,47,70,76,106,134,114,152,122,131,144,105,130,154,154,179,157,141,131,115,111,89,125,168,174,198,179,187,137,123,119,115,123,171,168,159,170,183,175,146,135,157,151,154,196,155,143,152
122,123,105,119,119,108,133,124,131,164,139,138,160,139,130,113,138,150,163,132,98,93,88,82,90,78,87,79,86,70,70,54,39,37,31,34,35,53,55,60,74,66,43,48,54,39,47,38,39,36,34,58,53,60,56,76,94,117,138,145,140,127,133,117,111,149,161,173,165,142,141,113,107,87,143,157,187,165,182,184,161,112,120,115,126,165,202,179,159,167,165,150,135,151,172,152,172,180,158,164
130,104,123,96,133,123,107,125,133,145,135,154,160,131,132,136,131,146,151,138,123,95,92,76,82,82,97,76,77,72,71,65,44,37,28,22,41,37,64,72,63,60,56,50,35,47,38,51,57,51,30,32,50,55,69,60,78,99,143,131,126,156,123,118,128,135,160,177,162,142,111,135,105,113,118,158,187,216,154,174,115,123,126,121,133,157,200,181,168,175,139,156,139,130,155,165,183,178,184,165
136,120,114,112,102,131,119,128,127,131,164,137,155,147,128,133,147,143,145,131,128,112,83,77,65,88,89,103,81,91,75,48,50,33,37,24,43,53,56,60,76,63,50,46,43,27,48,43,58,47,45,40,35,47,72,77,77,82,126,142,149,128,142,145,119,126,164,161,156,142,122,112,103,120,125,133,185,171,181,159,144,119,111,122,126,156,184,189,175,160,137,176,146,147,132,144,177,201,165,164
138,129,98,116,121,103,130,128,144,132,140,145,149,140,119,128,167,148,153,132,124,120,86,76,70,72,98,86,100,88,67,58,58,38,30,33,45,53,59,49,65,65,49,45,35,56,48,38,39,44,45,46,35,40,57,69,104,98,114,131,132,116,122,144,118,136,144,175,144,141,144,128,103,87,132,165,196,185,173,161,139,129,134,103,134,147,184,187,166,161,153,156,182,136,131,168,167,203,167,149
151,134,104,112,118,130,125,126,123,137,152,144,156,142,120,134,144,171,156,120,134,100,93,79,80,80,87,106,89,73,79,58,43,45,35,45,48,52,61,67,65,65,56,35,46,37,38,59,47,44,35,35,45,53,45,70,79,123,107,117,139,120,138,120,121,139,156,160,149,148,133,112,101,93,127,135,175,220,180,166,138,104,120,130,135,144,169,196,162,165,165,140,141,166,147,140,193,216,153,148
160,121,100,103,117,133,125,129,135,137,145,144,160,133,129,136,144,164,181,129,100,102,82,94,96,83,101,97,89,73,67,58,47,44,40,39,38,48,70,66,56,59,67,30,45,40,29,40,50,52,44,34,50,42,44,70,95,97,112,123,131,124,139,134,111,135,124,152,166,170,126,92,109,108,129,163,179,191,174,170,123,113,115,115,151,155,197,189,165,180,142,143,125,161,141,127,209,187,163,154
142,151,121,94,120,113,149,137,134,143,136,161,138,127,151,134,144,170,153,143,116,95,89,85,102,89,104,99,101,77,76,57,48,46,45,58,44,39,57,81,51,52,56,39,42,43,32,38,38,47,57,42,39,45,37,52,91,97,118,117,114,127,130,151,109,147,155,162,151,145,122,105,100,106,121,148,188,178,163,176,153,115,108,101,147,160,186,185,165,173,177,145,144,134,161,135,175,172,178,162
138,142,110,99,126,115,124,135,144,136,132,162,125,134,138,115,159,135,176,147,123,95,90,86,88,94,105,92,95,87,74,76,49,37,33,47,55,52,59,72,65,49,57,39,40,41,47,42,34,44,43,48,35,52,59,61,80,83,114,114,131,118,121,120,129,131,127,179,142,140,131,113,105,112,98,137,172,191,191,180,126,119,122,95,127,168,179,214,160,167,159,158,132,139,165,141,170,169,162,180
163,126,116,111,106,141,118,144,136,141,159,144,140,119,149,138,152,139,174,145,103,109,100,101,80,104,80,106,105,101,86,57,54,51,36,43,51,56,56,63,88,56,52,35,41,37,42,35,48,35,37,43,30,52,44,57,62,97,116,112,121,137,106,133,105,150,129,156,159,135,153,124,106,99,124,154,183,176,181,159,145,133,95,100,113,172,190,188,174,169,142,148,154,150,153,167,160,171,158,166
118,125,134,102,122,115,119,137,144,153,157,140,138,125,122,145,151,151,168,140,128,106,97,88,95,87,104,95,101,106,74,75,50,47,36,48,48,64,70,74,72,54,50,35,36,48,41,46,46,50,30,34,41,34,47,54,77,92,99,118,122,122,117,108,128,124,153,152,157,160,114,136,102,98,130,153,174,167,177,168,140,115,111,113,118,154,180,181,188,164,133,144,174,149,148,182,196,145,165,177
135,112,140,110,120,135,131,111,150,167,140,136,139,129,141,138,149,157,152,141,115,112,96,90,90,91,88,102,114,117,80,60,47,42,54,48,53,64,67,82,63,61,43,34,40,39,43,45,45,31,34,35,27,36,54,52,79,88,99,115,123,127,119,110,112,132,136,143,153,150,132,126,125,106,110,155,177,172,179,177,131,112,102,107,109,143,188,201,190,176,131,126,167,164,164,183,175,153,164,166
124,124,113,112,113,125,152,135,146,143,138,148,132,155,132,105,147,162,173,134,116,127,95,97,97,87,100,93,103,108,76,63,57,55,50,41,44,67,67,96,69,58,43,43,38,44,49,42,40,37,32,37,37,27,45,65,70,96,100,92,112,125,107,120,122,115,156,162,149,127,113,130,126,100,131,144,174,201,155,175,144,111,110,105,119,147,187,193,177,164,121,124,155,153,159,212,178,170,172,159
138,116,122,116,107,119,132,151,142,155,152,141,136,134,117,141,133,169,168,163,134,106,95,89,97,98,87,84,101,119,70,70,64,36,53,54,53,49,76,87,81,59,51,47,41,42,44,42,47,37,31,35,35,37,44,47,66,88,116,92,109,95,97,133,125,125,162,150,170,126,128,113,97,105,120,159,175,192,182,150,147,124,104,101,140,147,170,197,193,134,142,133,138,141,193,173,174,175,172,170
144,123,114,114,117,109,150,154,138,168,156,157,149,140,137,117,134,140,170,142,130,121,105,93,84,88,91,96,110,88,75,62,58,58,54,47,50,61,70,72,82,74,55,49,43,40,57,46,46,45,36,27,33,47,47,45,67,71,92,102,115,98,117,109,137,124,133,149,168,123,120,129,111,108,126,155,173,192,187,144,141,118,123,101,131,159,170,177,189,172,148,127,134,140,167,187,171,171,177,166
154,142,111,105,108,110,132,142,152,143,167,130,158,145,152,120,137,153,178,147,118,107,114,111,93,90,85,101,105,116,75,53,55,58,48,42,53,65,57,78,74,76,61,59,42,42,43,43,62,38,41,28,32,26,50,46,68,89,97,90,96,104,113,119,110,151,122,153,152,132,135,110,99,115,126,141,162,221,169,153,129,132,116,112,128,142,172,182,196,164,168,132,133,148,144,174,181,181,170,157
128,130,135,120,117,100,141,154,144,141,150,176,151,158,154,121,141,147,160,155,135,117,100,88,92,94,102,105,110,96,81,64,56,44,52,41,45,61,66,89,73,73,53,51,39,53,40,51,39,49,37,33,28,50,41,49,69,87,90,92,84,98,100,112,120,133,149,145,143,128,128,110,106,103,118,158,152,177,192,148,136,129,116,126,129,134,180,152,178,165,146,160,138,155,172,174,157,169,176,158
138,116,136,107,118,106,139,148,142,142,154,144,172,145,115,129,146,158,146,159,136,118,85,104,87,98,97,108,104,106,90,61,53,49,38,40,53,61,57,75,86,87,62,44,43,53,56,56,41,40,45,41,37,32,38,44,72,90,82,83,94,109,91,110,116,137,150,165,155,127,126,120,105,127,114,145,144,192,169,168,140,141,113,99,132,143,179,190,176,157,146,142,178,157,135,166,163,203,179,137
127,112,109,125,132,111,143,157,162,148,124,157,147,170,139,136,157,149,147,165,120,132,103,97,85,97,114,128,105,104,82,67,55,45,43,28,62,60,54,73,81,78,67,49,42,40,58,64,42,51,39,41,48,32,32,48,61,81,79,85,94,94,108,95,105,124,154,160,143,127,124,115,114,114,132,134,178,171,182,141,140,109,116,129,141,132,158,181,185,165,151,162,145,152,147,159,182,180,176,146
155,113,101,96,117,132,152,137,139,151,159,140,128,154,153,141,134,155,149,136,124,117,112,87,90,92,111,130,116,114,94,52,57,48,45,43,44,63,64,70,67,99,57,56,60,46,44,61,49,54,49,45,40,36,49,50,65,55,71,88,94,108,116,93,122,104,129,150,152,156,105,104,104,138,110,145,168,211,175,133,128,131,107,125,138,156,147,179,188,167,161,141,146,146,158,162,181,182,166,166
147,129,101,112,116,137,139,145,133,158,163,137,159,131,117,156,151,174,161,158,135,106,99,93,84,92,106,108,120,102,105,81,63,49,46,38,55,48,55,70,82,69,57,54,48,51,48,64,56,53,51,44,27,36,40,58,61,76,75,68,102,102,103,115,124,114,117,162,165,133,114,100,108,110,109,152,173,159,215,141,141,111,103,107,149,145,142,194,178,175,165,134,131,147,177,173,165,166,178,160
152,98,121,119,117,124,150,147,141,129,153,138,159,123,128,133,144,176,173,150,142,100,110,105,85,89,86,123,111,100,86,83,75,58,57,44,38,57,64,75,75,58,46,56,49,68,50,48,48,64,49,44,39,30,36,50,60,66,86,78,94,106,87,106,111,119,135,155,153,125,128,97,114,94,107,136,178,186,183,147,153,107,98,131,132,151,157,166,165,156,155,175,149,134,142,171,177,170,171,184
162,118,110,125,122,94,142,141,163,151,141,158,157,134,119,154,157,156,174,133,122,131,107,83,101,85,96,113,128,97,80,66,72,66,63,54,46,48,68,75,76,64,45,58,47,51,62,56,49,53,43,41,40,42,53,42,70,79,71,86,79,92,82,92,128,124,167,155,133,127,104,123,95,105,100,138,189,174,161,158,147,131,106,103,136,167,167,159,175,192,159,140,141,159,160,164,170,189,162,146
142,126,117,115,118,108,141,146,140,184,148,166,130,132,134,159,147,158,150,159,111,127,111,97,94,73,85,111,117,115,94,80,70,76,51,53,63,45,64,66,74,57,48,48,49,60,60,57,64,57,41,42,40,39,63,47,76,73,73,72,85,88,88,88,103,144,170,159,132,157,96,96,111,100,123,128,152,175,177,160,144,121,117,111,150,137,162,163,180,176,156,126,144,142,134,171,188,168,153,156
142,124,118,110,116,121,133,148,145,149,139,142,158,164,164,140,148,149,158,138,124,137,109,103,73,88,90,89,117,117,102,68,69,59,61,73,60,67,65,80,70,56,34,46,53,62,62,51,69,49,43,44,46,32,47,66,79,67,76,97,97,65,84,103,98,132,143,156,165,130,125,93,109,86,126,130,154,179,163,166,150,110,114,95,137,132,192,151,193,146,165,151,145,133,141,174,175,170,168,187
128,121,116,101,127,100,135,158,146,155,147,137,169,143,141,133,158,144,167,139,129,99,113,106,83,95,84,96,97,119,92,71,65,62,53,57,76,75,72,94,61,52,53,41,40,53,52,66,53,49,45,52,43,53,40,58,63,67,80,100,89,99,84,75,108,134,164,166,143,131,107,90,84,107,141,146,164,191,187,164,134,111,100,88,132,147,188,183,188,149,146,153,174,135,175,162,168,188,169,170
140,142,132,112,86,109,120,176,156,158,160,152,139,146,148,130,127,163,173,172,112,107,95,111,118,102,103,98,96,76,101,89,70,48,61,65,60,75,67,97,78,50,48,50,39,47,46,61,56,46,43,63,42,40,61,55,66,77,79,76,98,103,86,98,84,130,124,176,185,127,112,89,89,96,115,172,161,172,172,154,156,121,86,94,116,150,180,203,170,156,133,138,143,138,155,164,184,185,156,150
146,136,126,123,92,102,126,161,153,174,157,135,154,150,155,152,127,136,177,153,140,86,108,94,117,112,98,88,104,68,102,81,59,67,66,51,60,69,92,87,75,66,28,48,33,51,54,63,60,56,50,46,35,46,59,60,59,77,93,86,93,75,90,92,94,102,137,159,176,142,129,88,85,72,138,147,180,183,161,160,150,118,111,89,104,167,166,212,170,139,156,155,142,129,147,171,190,184,168,149
141,117,137,115,125,121,125,162,150,158,168,145,140,164,157,121,145,157,160,153,115,99,93,104,104,102,106,103,85,86,74,70,69,62,56,66,68,72,97,90,84,50,46,33,34,46,46,69,51,52,57,53,37,49,57,60,72,91,76,105,78,83,78,103,98,94,144,177,168,119,109,86,86,95,113,149,197,175,167,133,131,126,112,82,115,139,178,220,186,137,147,152,128,136,134,165,196,168,177,157
118,126,122,109,112,139,134,153,144,155,177,173,128,155,119,157,155,167,168,128,122,102,110,95,127,92,99,100,90,90,80,76,72,56,56,53,65,76,84,95,81,71,49,41,31,41,41,61,60,45,43,40,49,40,62,63,93,76,72,86,95,98,89,88,92,121,135,140,164,128,116,95,87,94,149,151,168,163,159,148,129,107,130,108,108,146,159,204,198,160,152,133,149,122,140,154,198,194,171,159
144,126,122,93,110,127,133,154,161,161,143,154,161,134,134,136,157,165,170,141,125,112,105,104,119,108,95,98,123,85,72,66,65,59,42,53,60,72,85,100,62,71,54,53,41,36,42,54,57,48,49,41,44,46,50,65,91,93,67,86,91,100,103,88,92,119,120,168,164,116,117,111,90,103,126,156,156,177,154,172,110,100,117,113,121,152,163,190,183,198,152,130,124,125,133,174,201,174,179,147
119,135,130,111,117,117,141,147,154,143,156,171,145,130,138,147,154,172,144,150,142,108,101,101,105,112,98,109,110,112,64,70,66,40,62,48,64,74,86,94,65,69,48,56,45,52,40,46,46,56,41,39,43,46,45,51,77,85,93,110,81,97,106,110,95,100,119,159,159,135,118,98,87,93,113,178,152,181,165,168,133,125,89,101,131,148,159,170,172,183,180,138,120,115,139,180,192,193,171,152
97,127,131,111,108,133,131,135,161,167,149,148,176,130,128,161,163,186,167,139,116,119,97,87,103,114,110,107,95,108,82,67,57,66,51,44,51,73,88,77,85,66,54,45,44,58,40,45,53,52,45,34,39,56,51,60,76,91,99,90,101,86,96,91,94,111,136,159,155,137,111,100,102,91,92,138,172,195,169,160,149,132,79,88,126,154,165,167,186,171,174,150,131,122,143,167,182,176,201,164
149,117,112,124,131,123,125,150,157,168,134,162,144,145,135,137,160,162,191,123,140,105,97,104,95,107,102,119,120,87,81,60,60,59,65,52,64,67,79,91,71,63,53,43,42,57,50,47,39,47,50,52,43,36,46,74,69,67,90,103,114,101,84,83,84,115,126,142,157,136,110,105,89,94,106,115,153,213,194,145,116,106,104,99,122,164,180,172,163,156,158,151,123,136,131,169,193,175,187,145
127,132,107,101,118,114,134,155,161,151,160,143,164,143,157,120,153,160,173,137,134,125,102,77,88,116,114,123,100,106,86,72,59,50,53,61,68,73,88,65,86,72,67,38,49,32,56,49,39,51,41,49,50,47,42,54,71,67,94,102,109,107,101,88,86,113,135,160,164,130,122,86,87,93,100,140,145,178,215,171,138,106,117,95,124,153,177,178,168,156,148,144,143,133,147,149,203,192,154,175
135,110,111,125,85,112,131,156,187,184,156,155,160,137,127,166,153,149,147,177,133,100,95,95,102,111,125,109,106,104,79,57,45,42,53,59,57,78,75,70,88,76,72,52,43,40,46,54,40,60,41,43,45,49,43,49,65,74,88,115,99,109,113,96,90,105,128,156,157,132,107,80,96,95,90,131,154,175,207,164,129,123,110,112,138,147,159,179,135,151,157,147,137,145,142,161,185,196,174,157
132,121,113,112,99,131,135,150,135,177,163,147,152,146,154,143,152,149,166,157,132,107,73,102,115,118,123,126,92,110,87,61,56,49,44,58,50,69,86,88,70,80,57,60,45,56,37,40,46,48,43,39,39,46,52,56,74,74,94,74,113,99,121,113,107,103,123,147,156,136,115,69,90,95,83,119,152,199,172,181,134,120,113,89,147,165,159,180,154,135,150,140,136,149,140,184,182,182,195,137
118,117,114,115,103,139,133,140,188,156,182,154,141,153,134,140,145,161,161,168,127,91,98,90,106,119,136,117,83,89,104,75,56,46,47,40,63,68,82,77,78,77,71,57,51,43,44,51,39,45,58,39,35,33,41,63,70,73,79,92,115,97,84,119,106,128,115,134,122,155,111,100,73,96,92,100,152,181,171,180,151,143,102,93,138,166,165,184,151,163,161,139,127,140,122,173,167,191,189,158
117,116,107,103,115,125,137,138,180,150,169,163,152,162,141,152,146,145,168,154,127,102,96,98,96,123,121,140,120,104,58,83,66,44,46,46,45,72,94,89,78,75,70,47,38,41,55,51,45,45,53,45,38,35,35,55,67,80,73,108,107,107,110,111,98,112,131,142,119,129,132,116,84,98,98,112,128,201,189,181,139,109,103,109,117,186,163,165,158,167,154,167,134,133,138,156,198,176,181,163
138,108,110,108,118,123,141,129,172,167,159,145,154,158,145,148,161,173,160,148,98,118,96,101,97,131,135,113,130,99,97,69,47,49,38,42,58,65,82,87,89,67,66,61,45,43,48,58,43,47,62,49,42,32,29,60,60,70,78,100,105,110,117,92,99,113,145,136,136,115,101,110,117,96,93,109,113,165,231,172,151,114,81,100,151,149,188,155,171,165,158,162,141,121,135,153,198,184,168,159
134,141,118,89,127,132,130,147,149,158,170,170,167,177,137,132,146,173,167,130,127,101,88,116,95,114,138,124,130,105,82,68,58,59,39,43,60,59,78,88,89,77,73,47,29,36,55,69,46,50,53,64,47,31,32,44,64,76,75,96,109,113,97,93,90,112,130,144,131,116,112,116,97,99,109,115,143,164,194,177,139,113,107,106,127,172,167,138,184,168,149,138,140,159,142,167,179,190,175,130
116,129,124,109,113,138,156,133,142,138,160,149,168,170,139,138,146,155,172,170,129,92,91,98,128,109,135,125,109,103,74,70,53,53,65,41,41,50,73,82,88,87,83,48,39,42,43,54,51,53,40,43,62,52,47,38,57,51,69,81,104,110,117,95,112,102,128,137,147,110,102,108,101,108,116,114,139,173,173,174,131,109,106,130,118,147,146,159,173,166,175,142,138,144,141,162,170,201,161,170
141,127,123,124,105,122,144,156,154,158,156,162,162,159,143,134,142,167,164,152,132,100,102,94,105,118,147,139,104,104,76,75,51,50,54,48,51,56,54,71,92,89,85,69,47,47,40,48,45,51,59,43,41,52,63,53,47,58,78,78,96,108,100,95,115,111,121,132,144,134,94,97,106,108,121,130,142,167,164,154,131,114,109,128,132,170,151,147,171,162,139,151,131,148,151,173,183,175,155,140
121,121,115,103,103,136,148,157,131,147,150,162,170,158,157,134,153,143,162,166,149,111,96,86,108,116,112,136,130,111,89,77,43,51,43,53,62,50,60,59,78,78,71,65,63,51,48,53,47,41,51,42,39,54,50,62,64,71,46,87,88,104,104,105,95,148,119,134,139,109,105,94,88,127,128,136,134,155,152,155,146,102,111,125,128,139,172,178,167,171,154,154,131,125,142,172,189,199,169,146
135,117,107,105,121,135,154,169,122,137,153,165,156,164,152,133,140,174,164,148,128,115,108,100,110,110,111,141,131,112,71,66,73,36,46,60,59,60,54,55,78,71,63,68,44,67,47,63,39,48,38,42,41,33,35,59,75,81,69,62,93,86,91,96,117,145,146,154,129,103,113,95,111,103,122,141,158,148,159,156,148,129,109,107,125,148,174,156,162,162,173,154,138,122,145,173,203,183,168,161
126,135,111,108,109,124,169,165,127,147,142,163,157,153,141,159,169,151,176,153,122,99,109,102,105,90,123,135,128,115,96,77,52,49,49,34,73,59,60,65,70,63,54,61,65,56,56,64,63,44,39,34,50,43,39,52,53,59,80,76,88,84,96,93,119,135,158,148,123,114,103,87,96,111,122,146,140,162,164,157,153,121,120,108,128,138,161,169,193,174,134,161,150,125,149,169,182,214,166,137
142,126,109,118,98,120,150,182,157,149,126,164,160,159,151,149,147,163,182,143,138,99,114,95,101,120,121,125,130,113,98,74,55,58,51,48,41,71,60,57,82,60,59,55,66,51,48,71,53,46,47,46,36,39,44,59,62,66,63,87,82,81,94,94,113,120,163,156,128,120,93,91,91,105,120,136,152,181,165,118,142,147,133,125,120,118,157,160,160,179,173,160,126,118,161,170,197,182,178,143
143,130,120,102,113,115,143,171,171,176,124,164,134,162,166,143,148,168,171,164,129,126,101,99,114,114,122,126,117,124,93,76,50,59,45,45,50,49,66,53,75,61,56,57,51,55,67,53,68,43,36,51,37,37,43,38,68,75,70,78,81,84,67,89,105,141,148,168,116,116,102,74,88,111,115,125,163,184,168,141,114,137,133,102,140,136,153,161,165,179,189,149,106,132,144,158,193,204,173,134
131,129,118,104,115,122,130,177,169,164,162,138,135,159,166,148,156,171,179,147,116,119,109,113,95,117,111,123,116,108,126,74,62,46,58,45,48,64,67,60,58,55,53,45,64,59,53,65,45,56,49,45,44,42,39,49,60,65,90,70,93,79,86,83,110,132,145,162,148,93,93,89,90,120,113,149,177,184,172,117,117,123,128,128,136,127,159,175,172,182,159,158,134,127,158,163,202,185,155,147
154,121,122,114,124,113,117,173,157,175,153,145,154,149,153,130,169,184,175,146,121,126,90,89,104,104,118,153,120,119,99,73,61,47,51,47,50,62,67,87,48,51,50,47,47,57,53,70,55,55,41,47,47,35,42,57,67,72,67,86,76,73,82,89,100,109,157,172,138,103,89,79,82,108,123,142,178,186,140,128,130,124,115,132,145,138,163,154,171,171,156,174,136,118,139,174,192,193,171,150
145,130,110,116,116,100,122,131,169,167,175,173,155,154,138,126,149,211,186,143,146,102,116,99,89,127,113,133,148,118,98,61,58,62,51,46,63,44,61,64,80,50,31,39,48,47,62,63,78,55,58,40,47,40,53,44,56,74,85,78,83,94,86,76,81,120,142,182,151,114,82,83,85,89,106,147,187,179,174,123,113,102,111,107,151,161,151,172,172,170,163,141,145,148,142,142,162,195,180,171
152,143,127,116,114,109,140,134,166,179,151,167,149,141,139,132,155,172,198,177,149,104,78,93,98,122,123,139,144,120,91,83,58,53,39,49,65,57,76,59,67,52,46,32,36,40,55,67,54,63,46,47,47,34,50,56,65,79,95,86,82,76,89,80,94,105,143,181,158,115,80,67,72,96,112,132,158,195,184,134,130,113,105,104,142,164,175,160,189,156,165,156,148,147,155,157,177,170,174,146
153,137,113,122,106,109,109,154,151,177,146,184,149,151,129,148,158,176,171,191,158,122,100,87,102,98,107,143,151,116,94,80,59,58,42,52,51,65,79,63,56,50,44,34,38,33,43,51,61,61,67,36,48,37,40,50,60,77,86,81,82,87,81,78,83,112,144,156,168,117,91,88,76,96,105,126,168,184,184,148,112,105,106,114,136,146,175,181,175,171,154,163,152,132,134,170,178,189,171,170
120,161,130,111,112,113,117,135,167,164,179,153,147,160,153,143,151,149,181,160,146,121,114,94,107,103,127,135,130,113,109,82,73,57,48,54,50,69,67,72,73,48,35,30,34,39,45,54,30,49,57,58,56,47,44,62,61,70,87,85,82,81,91,81,76,95,116,156,170,127,101,82,71,77,122,141,150,190,169,152,130,97,100,112,128,153,193,173,183,157,158,178,161,126,146,155,181,174,172,175
142,144,127,114,118,127,118,138,155,165,164,159,156,149,134,122,148,146,174,172,138,140,120,98,107,126,122,134,156,100,89,70,63,53,70,42,53,61,81,72,68,50,49,29,45,35,48,24,41,49,47,50,62,55,52,52,65,75,80,67,102,90,78,87,76,94,114,146,138,146,126,91,70,85,115,125,160,166,183,157,131,105,108,104,125,153,166,162,201,156,145,147,168,169,146,151,172,171,154,167
141,130,109,120,118,130,151,143,146,158,163,176,152,156,148,132,131,160,181,154,132,119,125,123,106,110,131,141,136,130,99,80,63,74,49,50,55,55,72,78,78,59,40,30,36,43,46,31,28,38,44,47,53,52,58,61,58,80,85,77,84,91,83,83,100,102,113,134,147,124,124,90,70,68,112,146,150,189,164,167,138,92,91,107,120,136,183,181,197,143,137,156,154,156,155,165,146,186,199,152
141,128,120,118,111,128,148,139,155,160,154,175,159,140,142,165,127,168,173,154,139,146,108,106,108,107,134,149,142,107,103,89,59,47,56,62,69,64,63,82,78,55,39,33,27,36,39,50,45,29,30,39,39,47,59,59,68,70,97,94,87,87,80,92,86,84,122,144,156,136,101,100,86,82,95,115,167,214,155,142,133,112,99,101,119,146,173,194,175,155,121,144,162,197,153,147,165,186,172,181
147,135,122,115,114,115,158,147,167,160,164,153,168,135,145,143,151,179,165,162,165,140,119,98,102,103,124,131,137,136,106,89,67,61,55,54,48,68,76,71,83,45,49,34,33,28,24,35,51,55,45,33,35,37,54,48,58,92,92,77,107,77,80,87,89,97,125,149,159,100,118,87,78,75,83,132,177,191,187,150,113,115,99,109,120,154,174,209,156,142,140,142,132,186,163,141,176,174,193,160
138,156,137,98,123,124,117,147,175,163,159,164,154,139,138,144,158,166,182,140,151,137,118,110,101,112,131,118,130,128,116,79,69,56,66,44,73,66,86,77,73,54,41,28,37,29,25,33,37,41,40,40,35,35,42,67,63,87,82,79,98,104,79,79,82,114,143,140,137,116,98,81,84,79,92,115,178,178,176,158,122,109,113,101,128,148,161,189,170,153,133,156,142,145,158,177,181,189,158,150
146,136,130,123,130,122,129,159,168,157,146,154,174,141,160,142,130,154,155,172,131,149,109,122,108,111,131,123,137,144,117,97,64,67,47,53,63,76,91,75,70,47,45,37,27,24,28,29,31,42,44,41,45,36,40,39,66,77,72,94,95,107,97,89,75,108,140,138,146,126,96,85,86,97,98,116,151,194,177,153,129,107,96,110,112,146,174,175,192,145,126,139,146,147,154,152,197,182,183,162
152,132,110,102,126,136,130,168,166,151,155,158,159,160,155,148,142,153,159,153,159,130,124,123,102,106,119,148,147,115,123,90,86,52,60,45,64,59,97,83,64,55,44,47,36,24,26,32,33,37,30,31,28,51,39,46,59,62,81,91,98,111,91,96,75,105,137,146,143,112,104,69,103,77,94,137,146,188,183,135,141,106,96,107,127,133,161,192,165,169,166,117,141,140,158,176,174,202,167,169
145,143,117,100,114,129,142,156,177,149,147,172,163,139,139,126,181,161,172,164,142,120,127,114,115,104,146,132,127,133,98,105,76,63,48,62,64,72,83,101,70,61,49,49,27,30,24,31,36,34,23,31,31,29,54,50,58,76,79,77,93,95,97,95,75,108,128,140,147,123,120,85,86,77,94,126,152,182,190,148,138,99,91,99,115,141,182,161,194,164,143,132,144,130,134,163,209,180,159,168
147,136,130,112,113,123,146,139,147,181,177,156,182,163,117,140,184,155,172,179,132,135,111,125,102,117,131,126,148,130,98,91,71,66,59,55,81,84,92,77,83,56,48,42,28,33,34,30,29,21,31,35,17,27,42,61,60,49,86,81,81,107,95,93,83,108,117,146,148,127,117,83,100,72,93,122,140,178,174,178,113,127,101,85,124,140,160,183,176,168,134,146,137,137,137,160,191,184,190,155
152,125,112,117,102,127,152,175,160,150,167,165,159,155,162,133,158,168,189,177,138,110,122,115,123,98,148,135,156,121,113,79,74,51,61,57,68,92,96,100,64,73,51,40,25,25,36,25,30,25,24,27,34,28,29,48,57,57,72,76,87,93,102,92,92,115,118,128,139,136,107,87,94,80,104,121,150,162,189,185,131,113,88,84,89,138,184,181,165,151,152,143,129,122,146,167,197,176,197,161
135,130,120,131,107,107,147,163,168,152,171,159,163,141,125,165,163,180,179,161,161,119,111,112,104,123,154,166,131,119,101,100,63,45,60,63,67,86,113,96,84,59,49,37,27,22,32,41,30,23,22,22,26,38,38,37,59,53,69,79,76,92,82,112,83,107,139,124,129,119,128,89,78,98,83,123,153,170,205,163,155,111,83,80,118,128,177,210,164,148,145,126,138,126,140,162,207,182,180,157
137,126,136,109,116,124,140,141,160,173,194,167,155,140,139,158,176,179,169,176,139,139,125,115,123,111,128,142,165,122,114,89,70,48,51,73,80,83,93,104,79,62,64,38,28,21,27,33,45,23,24,20,28,25,38,46,42,68,59,68,78,74,99,86,113,128,152,117,112,112,112,96,100,98,86,131,143,179,185,166,120,114,105,96,104,145,172,179,182,150,153,144,129,126,131,172,176,200,172,170
144,123,125,118,118,120,118,157,150,179,159,182,158,148,148,138,173,181,155,153,154,138,121,106,132,120,142,129,143,146,104,89,84,63,49,70,83,91,88,90,90,64,59,39,38,28,31,30,30,28,29,19,16,31,34,49,57,55,66,55,80,59,87,96,110,129,150,144,121,110,106,92,77,107,112,120,145,166,180,172,131,102,86,87,117,136,175,164,163,162,133,162,163,137,133,153,161,181,168,165
139,117,124,120,109,120,115,167,153,172,190,168,162,154,136,154,156,183,151,156,152,155,119,102,120,122,129,155,142,137,114,106,62,55,58,70,95,81,112,96,90,64,51,41,41,34,30,32,24,29,28,14,31,23,21,36,49,59,62,64,67,61,86,84,108,129,136,145,109,121,101,82,89,74,121,117,148,169,176,166,146,101,93,92,109,146,190,172,169,145,148,159,154,126,153,160,148,185,178,174
130,136,120,112,99,121,142,140,156,176,185,172,158,169,151,149,147,176,162,157,179,143,124,102,109,110,131,161,159,127,129,88,79,64,54,61,83,94,115,105,100,67,58,31,19,45,29,32,29,26,24,19,26,20,19,34,38,65,58,65,81,67,74,95,103,120,137,144,121,120,96,88,78,87,95,146,165,183,161,138,134,107,100,105,116,130,163,172,164,165,157,167,139,140,157,163,153,203,180,160
144,145,114,111,102,141,127,146,162,165,176,181,173,155,128,132,163,164,179,168,162,128,130,114,114,116,123,144,167,147,117,78,77,66,64,69,87,91,109,128,92,94,47,42,28,29,26,35,32,30,27,20,23,20,19,32,37,41,63,64,80,78,68,86,120,111,133,132,111,122,100,84,74,79,91,112,168,188,168,148,126,110,97,116,103,123,155,193,171,160,142,174,148,135,131,161,198,193,162,149
144,152,127,120,97,127,145,154,157,147,164,161,152,177,155,165,159,167,163,148,148,149,123,121,111,104,124,150,154,148,126,79,86,61,66,83,82,73,98,107,128,103,55,36,32,27,23,24,26,35,29,24,15,26,21,23,34,62,42,67,58,77,89,79,102,123,146,141,131,107,89,67,77,94,91,103,145,184,167,140,132,112,95,113,127,133,139,181,174,177,148,142,136,121,147,181,193,186,177,134
135,130,131,125,134,137,142,182,160,135,147,147,166,162,182,155,161,184,153,176,137,153,122,103,122,125,107,141,157,135,125,98,87,61,60,72,94,84,112,102,112,104,56,49,38,26,27,21,23,38,26,26,16,25,26,28,34,45,39,56,68,75,74,85,89,119,148,160,130,102,83,61,66,90,100,106,142,168,169,179,130,111,111,100,121,142,144,175,172,163,179,138,146,111,124,167,184,181,209,133
130,105,129,115,123,134,152,169,177,162,140,122,157,190,147,156,165,181,179,163,138,125,146,115,123,125,119,142,146,140,123,94,75,74,71,76,92,102,116,109,93,95,86,45,42,33,25,28,26,25,30,23,19,27,31,32,37,25,48,58,69,70,42,92,105,114,144,132,137,98,101,66,66,89,94,110,129,191,178,155,118,100,101,127,115,137,153,156,183,163,171,143,149,136,122,152,181,197,192,161
122,124,118,107,123,137,140,146,161,186,146,140,150,160,152,166,141,208,171,184,141,137,142,118,129,114,140,144,136,127,132,91,75,65,78,81,68,97,120,124,107,102,84,62,43,29,24,27,23,26,24,20,13,27,28,43,28,32,38,55,58,59,57,82,111,101,114,139,140,99,95,79,67,66,92,123,156,182,184,135,125,96,95,106,114,140,164,180,156,146,175,141,164,127,155,176,162,188,189,165
127,122,115,105,129,131,139,134,164,162,175,153,148,178,150,158,170,154,193,156,150,131,133,114,139,120,134,142,145,140,132,100,81,75,64,77,80,88,117,137,99,97,87,65,33,40,33,29,30,25,21,16,15,25,24,25,35,49,37,50,51,65,59,77,104,90,134,144,123,130,76,73,62,63,102,126,150,184,177,151,136,94,82,95,115,132,153,213,175,157,134,155,135,140,179,175,167,199,164,191
129,128,100,123,109,133,127,150,181,173,189,169,145,157,157,153,156,184,176,160,149,132,137,121,118,136,122,131,156,166,116,94,91,77,65,77,83,107,115,134,121,106,69,60,57,50,36,31,27,23,21,22,21,17,27,31,22,38,41,39,55,52,55,76,70,98,144,154,117,104,100,77,63,69,79,107,158,189,188,173,124,96,86,89,109,137,154,184,178,170,132,141,151,141,147,164,182,182,181,163
158,135,112,108,102,123,137,155,159,184,169,139,152,166,164,137,142,188,195,165,138,154,132,116,126,113,133,158,172,122,130,99,93,73,81,79,83,96,106,130,125,112,74,69,61,49,51,42,34,23,11,22,15,26,24,28,38,26,38,30,56,56,74,71,73,107,128,152,123,108,84,75,74,77,83,108,135,168,188,174,140,105,81,89,111,132,159,172,163,171,144,141,128,163,154,153,172,220,168,150
146,141,142,115,109,124,146,150,180,173,165,142,140,165,157,134,163,180,181,178,150,114,124,113,123,125,142,152,173,140,130,112,87,67,60,81,105,109,108,114,120,91,80,73,75,57,51,53,34,31,26,14,13,17,21,20,34,34,44,35,45,54,53,73,79,99,134,149,131,82,84,74,73,68,91,114,144,149,155,188,147,106,91,79,93,128,173,166,195,153,158,134,143,124,165,167,147,189,194,149
155,139,132,136,103,121,150,172,146,174,175,145,173,148,145,157,165,162,188,182,136,138,125,121,119,115,124,147,193,143,123,96,103,77,69,77,90,112,133,105,98,101,90,70,69,62,56,59,47,43,22,20,14,16,23,26,16,31,41,43,51,51,55,47,83,101,129,140,138,106,71,74,56,68,90,117,142,157,164,149,148,107,91,88,95,113,172,170,159,158,154,114,156,132,143,153,183,175,163,143
158,151,131,119,122,137,134,152,163,169,148,172,165,138,138,168,156,179,168,172,170,148,129,104,134,131,133,158,151,150,130,117,93,83,63,87,92,99,125,142,104,94,71,77,68,74,56,51,49,44,27,25,11,15,26,23,25,26,36,32,48,62,61,49,56,107,118,154,136,98,75,71,61,61,91,119,129,145,181,154,133,125,90,86,95,107,157,182,156,166,158,138,157,143,139,135,176,182,182,159
146,148,126,110,118,131,137,137,151,177,136,190,193,150,140,133,163,186,184,181,156,129,123,124,138,124,140,174,148,161,131,105,111,70,77,78,82,88,136,163,100,88,83,97,59,66,54,67,43,54,45,16,13,17,18,22,36,29,20,34,47,54,60,49,70,78,93,144,150,108,78,73,55,72,71,110,130,170,159,166,122,108,120,94,88,103,139,156,177,187,139,149,142,140,156,135,170,180,175,164
154,135,141,88,120,136,145,136,145,149,154,201,164,151,149,143,141,181,190,162,172,142,121,133,113,129,147,156,162,156,135,113,111,67,74,77,82,87,138,151,109,100,80,79,72,72,60,64,69,45,37,29,15,16,15,20,20,37,30,38,47,47,36,58,57,87,89,115,134,107,94,67,65,66,66,111,115,144,150,174,131,110,88,124,88,107,155,155,164,189,152,150,120,121,150,152,168,184,152,155
149,142,103,115,104,129,141,158,117,145,136,172,173,133,158,165,140,169,194,158,136,140,126,132,124,127,152,126,140,157,120,126,102,68,73,68,83,87,106,154,136,93,68,48,66,64,63,89,61,47,42,33,16,12,8,20,16,34,35,26,31,29,36,58,55,69,86,102,104,102,83,72,60,61,71,88,102,136,140,142,125,98,70,83,89,128,138,146,159,163,149,146,127,140,146,148,175,172,164,153
144,120,99,93,112,102,112,132,131,141,118,133,150,147,129,151,129,150,164,148,150,134,113,91,102,109,112,123,144,124,111,99,81,71,70,68,62,65,110,108,102,83,60,42,39,46,49,52,43,34,38,27,20,15,9,6,16,16,20,32,26,22,30,31,41,45,76,82,80,71,76,50,45,36,53,67,84,110,104,113,102,80,84,74,67,95,98,134,141,146,118,110,111,140,123,139,130,165,149,141
114,96,51,68,93,84,86,75,89,113,90,99,99,102,102,101,100,117,106,119,121,92,76,80,86,80,71,75,94,89,79,76,66,55,49,49,40,50,52,63,72,49,46,42,30,23,29,33,29,19,27,22,18,14,6,6,3,9,11,20,15,13,15,15,22,26,35,44,50,44,30,23,25,14,36,39,58,55,64,60,57,46,58,46,52,42,62,78,106,90,87,92,84,88,75,96,104,132,109,124
54,46,44,37,36,50,33,36,38,67,61,62,57,76,53,68,48,51,63,64,78,49,45,43,39,39,44,45,37,44,50,32,35,32,18,14,17,16,23,25,28,21,19,19,18,13,7,12,8,13,12,8,8,7,2,1,1,2,4,4,3,5,5,6,7,9,14,14,16,12,15,6,11,6,12,17,18,23,21,20,23,24,19,20,12,29,30,51,38,48,45,41,33,46,39,52,45,65,58,84
23,15,17,13,9,21,8,5,18,24,16,15,23,17,26,22,16,14,22,21,13,21,18,16,17,14,16,9,12,14,19,10,10,7,4,8,2,2,7,5,3,5,5,4,1,2,1,0,5,3,5,2,2,2,0,0,1,0,1,0,0,0,0,1,3,2,1,5,1,3,2,1,1,1,0,1,2,4,6,5,4,9,4,2,6,9,7,10,13,16,17,16,15,11,9,16,16,25,24,31
2,4,4,3,2,1,1,2,1,3,4,3,6,7,0,5,6,1,6,2,3,2,1,2,3,6,0,3,1,5,1,2,3,0,1,1,1,0,2,0,3,1,1,3,1,0,0,0,1,0,1,0,0,1,0,0,0,0,0,0,0,0,0,0,0,1,0,0,0,0,0,0,0,0,0,0,1,2,0,0,0,1,2,0,2,0,1,1,4,4,2,2,5,2,2,1,4,5,3,5
0,0,1,0,1,1,0,0,0,0,1,0,1,0,1,0,1,1,1,1,0,0,0,0,0,0,0,0,0,2,0,0,1,0,1,1,0,0,0,0,0,2,0,0,0,0,0,0,0,0,0,0,0,0,0,0,0,0,0,0,0,0,0,0,0,0,0,0,0,0,0,0,0,0,0,0,0,0,1,0,0,0,0,2,1,0,0,1,1,0,0,1,0,0,0,1,0,0,0,0
0,0,0,0,0,0,0,0,0,0,0,0,0,0,0,0,0,0,0,0,0,0,0,0,0,0,0,0,0,2,0,0,0,0,0,0,0,0,0,0,0,0,0,0,0,0,0,0,0,0,0,0,0,0,0,0,0,0,0,0,0,0,0,0,0,0,0,0,0,0,0,0,0,0,0,0,0,0,0,0,0,0,0,0,0,0,0,0,0,0,0,0,0,0,0,0,0,0,0,0
0,0,0,0,0,0,0,0,0,0,0,0,0,0,0,0,0,0,0,0,0,0,0,0,0,0,0,0,0,0,0,0,0,0,0,0,0,0,0,0,0,0,0,0,0,0,0,0,0,0,0,0,0,0,0,0,0,0,0,0,0,0,0,0,0,0,0,0,0,0,0,0,0,0,0,0,0,0,0,0,0,0,0,0,0,0,0,0,0,0,0,0,0,0,0,0,0,0,0,0
0,0,0,0,0,0,0,0,0,0,0,0,0,0,0,0,0,0,0,0,0,0,0,0,0,0,0,0,0,0,0,0,0,0,0,0,0,0,0,0,0,0,0,0,0,0,0,0,0,0,0,0,0,0,0,0,0,0,0,0,0,0,0,0,0,0,0,0,0,0,0,0,0,0,0,0,0,0,0,0,0,0,0,0,0,0,0,0,0,0,0,0,0,0,0,0,0,0,0,0
0,0,0,0,0,0,0,0,0,0,0,0,0,0,0,0,0,0,0,0,0,0,0,0,0,0,0,0,0,0,0,0,0,0,0,0,0,0,0,0,0,0,0,0,0,0,0,0,0,0,0,0,0,0,0,0,0,0,0,0,0,0,0,0,0,0,0,0,0,0,0,0,0,0,0,0,0,0,0,0,0,0,0,0,0,0,0,0,0,0,0,0,0,0,0,0,0,0,0,0
0,0,0,0,0,0,0,0,0,0,0,0,0,0,0,0,0,0,0,0,0,0,0,0,0,0,0,0,0,0,0,0,0,0,0,0,0,0,0,0,0,0,0,0,0,0,0,0,0,0,0,0,0,0,0,0,0,0,0,0,0,0,0,0,0,0,0,0,0,0,0,0,0,0,0,0,0,0,0,0,0,0,0,0,0,0,0,0,0,0,0,0,0,0,0,0,0,0,0,0
0,0,0,0,0,0,0,0,0,0,0,0,0,0,0,0,0,0,0,0,0,0,0,0,0,0,0,0,0,0,0,0,0,0,0,0,0,0,0,0,0,0,0,0,0,0,0,0,0,0,0,0,0,0,0,0,0,0,0,0,0,0,0,0,0,0,0,0,0,0,0,0,0,0,0,0,0,0,0,0,0,0,0,0,0,0,0,0,0,0,0,0,0,0,0,0,0,0,0,0
