parameters (x,y,w,h,rx,ry):-5,0,10.000000,40.000000,100,100
240,62,74,63,54,52,33,32,27,34,31,38,60,54,47,67,45,46,44,30,29,43,47,50,52,55,51,35,47,34,18,33,41,43,44,57,62,65,49,40,34,32,24,39,51,46,50,68,54,43,39,33,24,28,29,40,41,54,46,59,50,35,42,31,34,36,43,44,70,56,64,46,34,31,37,38,45,47,59,68,62,55,47,47,41,41,42,36,55,60,69,78,62,70,45,37,50,37,40,341
487,137,150,143,125,94,70,80,69,61,67,86,118,131,114,117,108,79,78,83,63,87,104,141,121,125,127,91,92,81,58,63,74,75,93,108,137,119,101,96,66,74,68,90,93,136,143,147,103,94,87,74,65,62,54,78,99,110,128,113,120,94,70,70,66,84,75,118,165,135,127,107,76,79,56,62,80,120,132,159,170,148,98,93,67,70,88,85,95,123,145,148,170,156,117,102,94,100,108,713
457,123,135,167,135,129,72,71,59,60,74,77,107,123,137,139,104,92,65,64,75,82,106,126,148,137,132,94,88,80,63,60,58,88,91,130,144,136,101,85,69,59,61,77,88,111,163,149,135,96,98,73,42,55,62,80,101,107,125,144,120,85,74,56,62,72,87,121,133,159,157,115,87,73,61,63,77,104,126,152,187,154,116,85,72,68,76,84,94,135,147,154,167,148,121,101,89,105,99,752
428,104,147,155,170,114,101,73,61,56,68,80,104,132,139,130,115,89,54,67,61,77,98,131,159,126,119,103,100,57,66,51,77,76,71,131,151,144,102,75,73,66,43,61,88,120,154,175,141,112,91,68,48,61,63,56,105,123,145,106,97,114,78,69,66,55,89,108,149,163,147,124,93,77,51,53,68,99,125,153,192,169,126,80,47,65,71,82,95,124,163,165,173,128,136,104,95,93,91,774
413,93,128,181,149,127,102,80,56,68,57,91,111,111,144,156,102,80,72,65,66,79,97,127,132,159,119,110,74,64,55,58,69,72,87,132,136,145,105,70,64,60,41,64,82,120,151,159,159,112,87,51,58,45,61,82,88,123,145,116,117,95,62,65,56,75,80,104,151,154,153,125,91,82,42,44,49,91,133,164,169,168,133,91,58,57,55,102,99,97,128,172,199,155,122,121,101,96,98,781
388,101,134,171,156,128,105,85,57,68,49,82,107,129,133,155,95,74,67,71,69,67,86,116,174,162,116,120,81,50,65,56,53,76,100,135,148,135,108,98,54,42,55,63,85,123,152,155,165,119,79,64,44,50,59,83,85,132,131,128,125,88,78,45,46,68,88,104,147,183,171,132,84,68,36,40,66,89,130,152,190,169,160,90,53,55,55,87,92,133,137,158,196,146,129,95,80,110,103,769
393,111,122,156,154,140,111,80,83,45,69,80,96,113,149,134,105,100,66,50,65,74,106,113,146,169,135,124,77,62,42,46,50,75,121,133,138,132,118,92,55,37,52,54,75,111,168,165,169,125,84,72,35,44,42,70,105,125,129,139,129,93,64,46,57,53,95,120,135,166,176,136,74,63,51,34,47,82,127,160,177,174,140,89,75,56,47,76,111,128,137,168,221,165,115,83,77,73,114,818
390,115,131,144,162,153,120,68,60,47,75,69,97,123,142,151,116,82,66,55,57,75,92,129,141,152,154,117,71,64,42,32,53,74,113,130,141,146,129,85,64,52,36,57,81,114,153,166,167,113,106,71,43,44,56,60,93,137,141,156,110,79,69,59,57,71,76,110,147,170,159,131,103,64,43,37,54,75,131,151,190,174,118,116,63,42,47,72,100,124,140,191,187,172,125,83,78,65,103,826
370,93,148,150,177,149,107,85,50,49,73,60,105,136,124,152,119,87,58,59,64,82,96,139,156,164,131,109,86,47,49,41,39,61,109,137,150,169,109,74,68,44,50,50,88,107,121,173,164,125,101,70,51,34,52,89,83,128,127,138,130,95,75,39,63,70,68,107,142,170,176,148,83,65,51,46,53,77,128,171,177,160,126,102,70,47,46,52,99,119,163,182,207,153,134,117,82,80,87,824
355,92,142,166,166,138,122,83,60,51,52,65,89,132,157,138,112,99,50,54,60,66,104,133,145,156,165,116,77,50,38,49,47,58,95,129,181,154,120,92,64,51,32,60,69,110,133,156,163,126,114,68,53,48,49,80,94,124,132,128,126,113,76,46,48,53,77,108,135,180,171,149,97,64,47,31,51,89,130,165,191,168,141,94,58,61,35,50,86,115,169,172,189,175,136,102,86,61,87,829
333,86,154,162,159,149,119,95,77,53,62,67,80,121,166,121,132,81,64,57,58,79,93,131,140,186,154,103,73,58,42,48,55,64,97,150,151,164,113,82,57,44,52,43,75,101,131,144,180,148,107,62,58,49,35,59,95,136,148,126,125,96,79,67,41,60,77,112,116,193,182,134,109,61,44,31,34,88,111,190,202,167,106,110,72,46,37,48,59,106,169,200,182,175,144,103,82,80,82,838
357,86,138,154,177,151,105,85,76,44,57,80,64,111,140,154,135,94,76,47,62,76,90,118,176,165,161,87,63,70,54,42,40,60,103,144,170,153,118,85,58,41,40,41,75,109,141,150,168,155,110,54,50,53,43,57,99,128,156,136,138,97,80,51,30,61,86,124,143,139,167,161,99,66,40,39,33,68,126,179,189,179,128,96,70,49,49,41,47,92,163,198,206,149,134,124,86,82,80,818
369,101,120,175,182,159,138,78,43,50,59,81,78,100,129,160,118,104,79,56,54,87,99,110,171,175,136,116,64,60,47,36,54,58,96,135,163,153,117,79,59,51,48,44,59,107,120,169,175,145,106,73,50,47,40,60,98,141,159,146,127,93,69,41,43,45,84,123,148,181,147,155,108,56,50,43,38,67,110,142,195,208,135,91,72,44,44,49,67,89,151,197,209,134,131,113,105,53,99,834
348,106,137,170,157,157,125,75,75,48,45,65,96,100,129,159,141,88,63,69,55,63,110,116,167,191,136,109,63,55,51,42,57,74,85,151,177,140,127,80,53,46,45,50,72,90,134,170,174,143,102,68,43,37,48,63,99,136,148,138,139,88,78,39,41,41,76,108,158,182,159,134,112,69,45,32,56,52,109,173,197,157,172,100,53,58,44,41,54,89,143,191,220,173,128,106,79,79,86,844
347,108,140,177,176,128,116,79,56,46,56,67,103,115,145,131,134,96,82,61,50,58,94,113,169,190,156,94,78,47,44,45,52,82,105,139,156,126,125,85,55,52,43,50,69,83,132,162,199,151,118,75,46,29,31,72,104,150,168,123,116,109,62,44,45,49,74,107,153,201,174,127,122,62,40,35,41,61,111,161,207,179,128,120,61,57,34,36,59,93,157,171,198,170,154,117,67,52,98,838
350,106,135,190,178,130,98,63,50,46,53,72,99,107,150,129,117,118,91,59,48,63,80,134,158,187,156,102,82,46,37,42,54,67,108,141,167,138,115,90,60,45,44,49,56,106,122,161,178,167,117,72,51,26,31,56,112,138,179,159,123,82,72,52,44,41,70,110,157,193,158,133,100,72,35,23,42,55,116,170,187,189,160,98,56,53,36,42,64,94,159,156,195,188,156,112,74,57,69,899
339,92,123,171,190,154,99,72,50,45,56,70,90,120,135,148,113,119,65,73,69,50,88,104,165,171,162,113,90,59,45,32,43,69,91,131,168,170,108,86,58,63,46,46,61,100,144,156,168,148,101,80,50,29,32,58,105,141,166,158,119,88,67,58,43,39,70,120,161,200,169,137,103,61,40,29,35,65,89,173,204,192,144,84,64,38,52,50,58,100,146,169,200,205,148,119,73,52,82,878
328,116,125,182,161,148,122,67,43,53,60,64,98,136,146,123,129,95,84,57,68,67,78,106,144,198,162,115,72,59,46,34,37,57,95,151,182,170,123,61,47,53,42,50,65,102,137,168,178,134,103,73,47,28,35,55,78,143,158,156,121,103,73,46,41,49,57,110,159,187,180,154,98,47,39,27,31,49,96,177,207,186,140,82,70,53,46,52,60,82,157,176,191,222,137,95,85,58,77,893
340,116,136,179,155,131,103,78,58,56,65,52,93,112,156,133,129,108,76,60,48,55,90,127,172,191,143,123,77,60,46,30,36,63,86,124,185,160,140,89,47,26,46,40,78,110,143,170,166,152,113,63,35,39,46,55,83,117,156,168,125,99,76,43,37,47,70,106,164,194,169,149,110,62,34,31,28,64,105,169,200,186,136,106,63,39,44,51,76,111,138,194,194,179,131,117,76,68,72,861
365,110,132,160,169,146,98,73,43,58,63,59,103,134,140,144,123,90,77,49,44,51,86,131,177,180,154,120,81,48,42,37,32,62,88,123,161,192,158,91,56,34,24,42,71,97,140,179,169,141,124,67,43,34,36,49,86,133,161,156,145,99,75,45,46,40,79,112,149,166,193,149,111,67,43,33,39,64,113,150,188,187,145,112,58,42,37,54,75,94,128,169,216,188,155,91,87,74,74,888
340,106,122,158,171,153,114,76,46,39,56,56,108,127,155,145,126,92,71,60,47,61,80,112,168,176,174,126,84,36,45,38,34,54,102,124,178,183,129,84,54,38,37,41,65,87,134,166,171,165,99,74,46,33,37,62,78,126,170,142,130,105,72,40,56,65,74,122,133,156,176,145,125,73,39,34,38,60,88,135,194,200,160,113,58,47,41,64,66,90,128,158,236,196,145,95,72,77,84,859
329,107,138,156,173,129,122,82,41,42,38,62,87,136,166,157,139,96,77,54,39,48,86,131,191,156,159,143,92,47,36,32,26,54,98,146,192,151,150,94,57,40,46,36,50,96,125,171,185,180,104,70,50,32,42,55,88,125,164,151,135,107,69,38,53,46,71,124,160,155,188,140,114,82,45,31,30,63,110,131,161,204,166,109,84,42,47,52,51,89,135,196,211,178,146,109,73,57,73,919
343,100,129,189,150,163,104,69,37,34,53,62,96,142,164,137,141,102,70,54,51,60,65,137,171,185,161,118,85,60,31,27,25,54,101,135,171,173,134,90,72,40,38,40,53,74,126,164,193,154,124,81,42,31,45,56,88,128,150,144,155,104,56,51,37,56,86,104,128,185,180,144,99,74,42,37,46,54,86,137,216,179,161,116,76,63,40,38,74,84,147,176,187,185,159,94,73,58,75,891
339,99,134,153,166,174,108,74,40,35,47,75,81,144,136,147,143,110,73,55,46,47,75,129,158,185,171,144,90,62,27,23,38,67,90,132,162,172,131,106,47,43,35,26,47,87,124,149,196,180,129,62,37,34,42,54,95,117,163,156,113,102,81,47,35,60,64,103,143,185,183,151,112,71,49,38,40,49,99,130,179,207,143,125,72,54,43,45,54,84,137,173,196,181,130,94,83,73,74,897
343,119,139,158,160,145,123,80,43,42,46,51,89,126,167,131,143,123,85,56,43,52,71,129,170,209,176,129,96,37,28,27,33,50,98,137,192,174,142,92,56,29,40,35,57,84,119,166,190,170,127,67,52,39,44,56,86,120,156,153,115,107,76,57,45,59,70,87,182,164,200,147,108,69,43,34,28,78,100,126,167,185,170,110,90,57,45,30,57,92,153,195,201,182,149,87,57,72,72,913
342,121,121,159,161,151,104,86,56,54,49,62,84,119,152,171,152,102,89,56,38,50,73,122,164,178,187,130,83,45,28,34,28,65,86,114,184,190,134,95,61,47,31,39,53,76,139,164,167,154,129,77,47,39,44,50,82,116,153,157,141,88,69,56,54,43,71,103,139,207,193,150,93,64,60,32,40,47,121,134,187,181,144,111,76,52,44,39,46,89,157,176,216,174,148,86,69,54,87,877
343,107,154,163,171,134,124,84,43,39,47,66,78,114,155,179,140,115,70,56,51,54,67,118,159,199,174,119,76,46,35,26,46,52,92,135,166,180,135,100,65,50,38,34,46,85,131,150,173,158,116,80,51,49,49,54,73,124,137,175,139,95,66,59,36,58,58,99,150,200,195,147,118,57,54,31,36,57,84,150,190,197,156,95,67,51,54,40,58,87,138,189,215,200,119,77,67,81,83,842
340,101,159,169,165,156,106,82,47,36,43,64,93,139,148,155,146,119,70,52,58,58,56,105,180,174,192,152,79,55,32,26,29,66,77,130,158,167,151,105,60,52,34,38,37,89,119,189,193,153,115,68,44,35,40,51,63,146,139,174,135,103,74,45,47,52,73,89,137,201,192,145,102,75,51,39,37,62,94,137,184,185,152,125,73,42,41,37,54,93,137,211,184,179,131,80,70,83,83,874
345,115,150,171,171,146,103,69,47,34,48,81,90,118,143,159,152,111,75,61,62,51,81,98,159,200,178,145,91,44,38,32,32,45,78,147,161,161,141,106,86,49,36,33,43,94,147,158,162,142,107,72,54,47,38,45,76,140,134,149,149,131,81,51,46,44,80,91,147,182,185,158,104,70,57,45,35,64,93,153,170,186,139,109,83,49,33,47,39,99,166,183,179,209,128,107,68,50,80,850
372,107,148,178,174,136,97,78,48,32,49,75,91,124,145,150,162,109,89,53,51,37,67,122,173,199,171,127,70,59,35,29,31,46,78,133,166,172,149,102,71,50,40,36,54,85,134,161,182,151,90,80,56,33,39,51,84,121,129,178,130,118,86,59,41,58,72,112,127,178,173,172,101,76,60,37,35,65,101,148,182,169,156,115,84,40,43,41,44,96,138,181,209,196,146,104,72,68,60,863
385,89,140,167,172,138,119,62,41,31,38,74,100,123,160,159,134,126,75,57,37,54,76,129,170,180,186,131,77,51,40,32,27,56,78,118,151,171,160,100,78,51,36,35,45,102,143,157,154,159,104,87,49,28,41,47,67,114,171,149,125,112,96,58,45,49,57,98,164,181,171,126,100,89,57,36,46,52,87,162,178,196,174,94,72,41,47,44,56,80,132,187,212,172,149,109,71,59,76,861
364,100,154,164,171,158,92,56,48,36,33,79,93,128,167,152,131,112,102,51,26,47,88,113,177,206,174,112,88,52,38,21,27,49,85,110,152,166,148,133,73,54,38,33,58,92,136,175,178,146,116,73,35,22,42,52,92,108,148,175,125,101,86,63,34,46,73,87,140,191,182,129,106,82,57,43,43,48,79,159,198,185,170,107,56,43,37,42,64,95,143,185,177,183,168,116,81,67,54,844
349,113,152,192,158,140,104,66,49,41,52,65,99,129,147,168,136,137,72,54,41,46,86,103,166,190,179,146,79,38,35,33,30,55,78,139,173,154,136,106,71,49,42,53,61,81,118,170,195,156,116,58,47,32,28,49,92,111,121,192,143,118,82,53,45,43,58,99,152,203,184,142,111,64,47,41,38,43,96,167,173,199,167,111,62,48,50,40,57,84,150,170,194,212,144,109,70,58,61,858
350,109,174,151,170,128,106,59,41,33,56,70,88,133,140,178,141,106,71,51,47,42,77,104,182,189,196,122,83,47,30,29,30,55,84,132,190,138,166,88,60,49,50,46,64,96,123,170,173,146,131,71,39,33,38,46,69,123,164,149,124,120,82,49,48,39,59,98,153,179,212,166,92,60,42,37,40,62,82,158,205,197,141,104,73,50,46,53,53,81,151,190,195,186,153,93,58,54,80,863
335,105,163,181,164,135,112,60,47,33,41,76,99,118,163,166,134,107,88,57,50,55,63,119,158,201,193,126,89,45,32,28,35,49,95,137,156,171,137,111,46,48,34,46,73,80,135,171,174,154,118,78,40,23,34,46,88,132,130,150,133,122,78,59,51,39,69,98,130,182,214,154,109,63,48,35,36,75,104,129,193,179,160,127,64,53,42,50,55,97,116,159,218,199,143,83,74,61,79,850
328,100,164,176,191,111,111,73,39,32,46,62,107,130,155,158,129,108,82,59,51,53,75,127,147,188,188,137,78,49,40,23,31,50,76,141,196,161,146,90,66,37,43,44,71,102,133,141,182,152,117,70,43,27,33,44,99,120,133,164,124,109,77,67,53,60,69,102,150,182,168,138,109,75,54,43,41,56,83,146,183,213,149,120,55,51,54,47,61,85,122,201,206,193,122,89,87,56,52,901
342,78,142,192,178,143,104,68,42,38,49,60,96,131,154,175,124,110,83,55,46,40,80,123,157,168,191,135,101,41,34,24,28,33,85,135,165,173,168,93,69,38,38,52,62,92,127,166,187,153,97,70,44,28,45,43,74,127,145,153,129,108,83,66,36,58,58,126,144,174,156,144,111,89,52,38,39,60,80,160,197,181,183,112,61,52,50,50,64,88,117,189,175,204,141,96,79,53,68,898
339,115,124,175,162,160,91,67,45,45,35,60,88,126,159,156,159,110,72,53,47,52,86,124,147,172,169,155,106,52,31,14,21,45,90,129,178,176,152,89,54,53,36,41,68,92,128,164,185,169,110,64,39,33,34,52,76,118,164,138,129,106,97,60,53,58,69,99,149,180,165,142,100,75,54,38,32,53,103,158,190,186,183,100,70,49,53,36,64,90,142,171,190,172,135,101,98,74,63,873
360,118,154,170,181,159,90,50,50,36,40,70,81,132,162,193,147,111,65,48,43,41,70,132,174,188,150,144,92,68,38,20,31,56,87,113,182,185,141,100,59,35,41,37,67,90,113,161,212,167,94,60,41,24,41,61,71,102,156,127,149,111,73,70,41,66,69,106,162,194,161,146,102,75,43,27,40,55,101,160,177,203,167,125,66,56,38,41,71,104,133,170,174,186,129,110,81,68,70,881
329,122,154,184,183,145,98,61,36,36,42,62,92,116,149,183,164,111,83,52,32,45,79,127,178,190,171,142,76,61,42,23,27,44,99,128,161,154,151,107,60,47,40,46,57,79,130,171,196,144,127,73,33,21,35,53,79,118,138,139,137,114,62,60,42,61,93,92,156,160,177,145,118,81,44,36,38,60,104,141,206,171,154,121,75,54,41,40,68,95,138,159,201,184,138,79,82,64,79,883
357,97,157,165,178,148,102,64,35,30,39,58,93,121,179,188,144,103,59,64,43,54,76,130,150,193,168,146,92,59,36,15,28,55,102,118,166,153,149,101,71,53,34,34,52,96,123,162,190,155,108,82,38,36,35,41,85,97,157,137,117,120,64,55,55,49,82,113,141,175,180,132,108,67,56,31,44,69,82,127,186,208,163,109,69,69,46,57,53,90,140,165,188,195,159,90,69,78,68,853
336,115,153,186,189,152,85,75,36,29,33,55,82,122,186,177,145,109,74,45,42,56,82,121,178,196,151,159,97,57,36,26,28,53,90,127,159,176,153,104,60,44,36,45,58,70,136,159,184,166,100,71,60,37,41,56,61,106,135,163,139,94,78,57,45,58,72,88,148,171,189,167,110,72,39,43,31,72,86,151,178,187,170,103,71,55,56,58,58,95,127,162,202,181,137,94,75,64,71,909
308,107,151,201,167,163,92,72,52,18,38,66,89,134,156,185,149,109,74,52,48,53,80,132,148,175,171,148,91,67,36,18,24,54,87,126,157,164,137,111,58,38,33,44,73,65,137,156,184,178,117,73,51,45,31,35,57,108,143,146,124,98,88,48,44,49,92,104,164,166,169,142,124,72,48,26,37,54,96,147,205,208,152,98,77,82,50,54,58,91,130,178,184,155,153,99,63,62,75,888
315,105,137,195,175,164,100,71,43,39,49,59,88,121,154,164,142,108,81,62,42,55,85,124,161,182,180,128,108,67,23,30,32,48,84,133,160,167,113,115,68,37,48,34,59,68,132,166,188,158,124,70,53,38,40,48,82,92,138,146,138,103,85,54,45,48,66,115,174,167,178,137,119,77,45,34,39,50,96,172,212,156,177,104,93,59,48,47,59,77,148,178,175,178,128,90,78,75,77,884
302,115,133,183,191,155,111,59,40,35,34,56,91,113,155,155,133,124,86,61,41,47,88,137,156,210,162,141,101,70,34,31,37,58,78,122,157,157,141,99,62,40,35,49,54,76,102,169,179,162,132,69,49,35,35,44,77,105,151,134,136,83,82,63,48,48,64,120,145,176,179,148,106,78,42,34,42,53,104,156,176,189,176,117,77,49,57,39,62,81,122,173,226,180,120,93,67,82,72,930
329,102,140,193,170,161,112,65,46,20,35,47,97,116,150,163,154,98,71,61,53,43,75,139,178,185,149,150,95,62,40,40,33,54,74,137,159,142,142,117,54,44,28,59,66,99,97,171,173,150,138,86,52,35,29,50,82,111,129,137,128,93,71,60,56,50,67,107,162,175,188,122,116,76,52,34,45,53,92,159,190,213,159,125,82,58,43,51,49,91,130,196,190,172,118,87,75,83,85,896
317,100,138,186,207,161,95,94,23,31,33,66,96,121,154,179,139,109,68,66,52,57,77,146,154,187,168,139,90,59,43,36,48,43,89,124,158,151,145,100,58,42,40,49,72,98,115,127,163,180,114,90,59,39,32,66,74,110,107,124,142,96,71,59,55,45,69,110,145,191,186,141,103,74,57,39,43,51,77,144,207,189,159,125,78,53,52,49,62,83,137,184,202,186,140,87,89,70,74,896
321,98,143,175,207,162,98,67,30,39,34,47,82,121,142,193,158,92,98,58,47,37,93,135,171,191,177,121,91,48,44,34,35,57,93,121,152,153,133,97,65,47,45,47,52,91,119,158,161,161,119,76,59,38,40,61,72,99,129,138,129,87,68,61,42,37,60,113,166,188,170,151,103,74,62,45,37,44,88,149,212,185,174,108,79,58,53,49,53,84,130,180,201,185,135,104,79,82,91,887
344,97,151,177,168,152,120,53,37,31,35,61,89,129,157,147,166,110,72,71,53,53,80,125,177,178,182,126,84,62,35,28,35,45,100,102,149,177,141,94,64,50,31,55,69,75,130,158,162,160,124,77,37,47,55,55,74,106,119,140,132,113,58,46,52,38,70,115,140,190,179,146,88,78,60,36,36,62,102,142,181,195,156,111,82,70,44,43,53,94,114,186,214,165,155,110,71,78,79,859
375,107,141,194,182,138,115,66,35,31,36,66,92,131,136,156,148,125,76,59,41,47,77,153,158,183,174,117,93,64,30,33,30,61,82,134,145,138,137,120,69,40,50,38,68,91,108,169,160,146,124,70,48,33,61,51,84,101,120,123,125,117,70,39,44,66,72,93,151,180,182,151,92,75,61,38,35,60,111,140,198,188,152,101,91,54,55,48,58,79,131,177,219,183,144,98,75,96,82,828
380,96,166,180,189,144,91,61,38,29,37,70,82,128,156,163,166,112,69,51,28,65,79,144,167,178,166,127,96,45,38,30,40,52,84,121,146,159,136,116,64,37,30,49,84,89,124,160,144,165,115,60,57,38,47,47,91,92,118,132,138,97,77,52,40,66,66,113,155,171,163,159,110,72,50,47,61,55,91,137,188,204,150,111,80,66,38,73,50,81,130,184,198,183,152,119,74,66,88,844
407,86,154,204,180,154,97,64,35,28,29,47,82,151,165,167,156,106,81,38,43,45,76,118,177,183,180,145,79,73,41,33,43,55,86,116,173,154,142,94,79,34,37,39,72,95,128,126,161,154,114,76,69,39,29,60,84,97,103,134,130,95,91,63,38,48,83,114,152,163,178,151,105,86,48,37,59,67,99,142,167,186,158,93,82,72,50,66,57,86,124,168,199,208,138,124,70,70,82,835
376,104,163,185,196,132,102,62,41,27,36,51,78,146,151,188,150,116,75,47,31,45,75,119,169,222,159,122,95,68,41,28,45,53,81,139,138,159,135,105,62,46,33,34,62,92,127,165,155,161,116,71,58,39,43,50,68,119,110,128,133,91,81,68,49,45,69,104,169,177,179,147,106,76,42,51,56,57,99,148,204,189,154,94,76,73,49,52,53,94,138,163,187,201,160,107,74,84,74,865
346,120,155,177,196,127,91,73,49,32,30,51,104,111,172,161,161,97,80,54,42,46,82,114,161,207,151,134,111,60,33,25,38,73,98,120,149,165,122,91,61,44,32,34,52,110,133,157,170,145,112,68,51,35,44,53,73,97,133,151,110,92,70,70,56,49,69,121,149,147,184,146,100,73,47,53,49,60,115,136,176,148,164,115,74,66,54,58,64,90,154,186,180,200,133,114,75,67,85,876
366,99,155,171,186,150,103,64,46,38,36,57,85,151,154,162,158,117,55,51,54,51,74,132,159,198,155,142,91,71,39,26,39,65,106,115,158,155,119,81,75,51,36,31,58,88,138,161,174,137,123,69,53,43,37,52,70,94,139,140,118,93,57,68,59,53,71,118,128,186,166,153,104,75,47,34,58,59,92,150,169,192,132,110,75,71,60,69,63,91,121,184,220,180,147,105,89,75,77,866
341,104,167,197,173,162,106,64,38,35,33,60,103,138,147,143,165,108,67,52,42,46,71,119,155,191,175,142,96,77,55,35,32,47,95,126,153,150,119,99,64,45,29,34,66,90,128,151,176,158,117,86,51,29,44,49,72,79,120,146,128,100,73,48,70,59,74,114,134,189,170,155,98,72,49,38,47,79,87,152,184,181,155,100,78,62,58,73,67,98,113,167,196,178,145,119,97,79,81,891
373,108,148,185,179,152,102,66,39,31,38,68,106,151,155,132,153,127,67,47,48,48,64,127,173,166,172,130,106,72,44,32,39,61,84,129,152,169,127,80,59,38,38,38,75,95,138,136,162,154,107,86,45,45,40,50,77,97,118,139,123,87,72,71,57,50,74,108,147,195,163,129,93,79,58,32,50,60,120,131,184,202,137,95,80,81,43,51,64,110,136,180,183,190,154,113,102,86,70,869
355,112,160,186,199,146,111,55,38,29,43,53,91,131,163,183,145,109,69,65,33,58,88,107,175,148,164,148,85,65,50,33,41,50,81,138,149,161,127,90,52,39,43,48,51,87,122,141,145,169,120,71,52,54,40,48,68,105,131,118,111,121,73,59,52,57,59,131,157,181,166,138,85,73,60,47,40,66,109,155,174,183,142,99,74,68,56,53,71,100,145,174,180,162,158,130,97,71,79,851
392,119,160,200,181,138,92,59,32,41,36,53,88,125,181,169,130,122,83,54,39,58,81,127,148,174,168,132,84,55,49,34,37,40,104,149,145,158,127,113,49,45,33,49,58,82,114,130,200,138,131,74,58,35,46,52,77,90,138,139,114,95,85,67,52,52,65,122,168,185,153,145,98,55,49,48,57,59,104,156,180,167,153,101,70,46,45,71,69,89,156,188,172,168,165,135,102,84,90,815
425,112,158,195,209,129,96,52,44,27,35,54,92,114,175,168,159,121,72,62,45,50,84,123,165,212,178,122,76,54,31,30,40,46,85,118,150,181,129,72,58,38,32,43,62,90,120,142,167,152,118,83,47,30,37,54,69,98,134,139,126,105,74,58,42,52,63,132,152,164,167,144,100,61,41,47,63,64,102,145,176,192,146,107,65,48,44,55,82,100,143,152,198,177,173,122,96,80,70,818
402,110,178,182,184,155,80,44,33,27,45,59,84,124,148,192,168,108,79,49,47,50,66,114,203,199,168,139,90,44,29,28,33,47,77,143,150,159,134,80,61,49,24,40,77,83,109,147,187,150,122,82,49,38,29,41,79,104,142,131,116,98,78,54,40,51,57,105,157,173,180,136,98,64,46,49,58,65,97,148,192,181,151,95,80,56,56,55,82,94,121,165,202,180,188,135,79,75,72,842
395,117,176,181,164,134,95,62,45,34,30,50,83,121,154,187,158,153,69,53,45,40,65,141,156,210,185,139,85,56,21,21,26,50,86,149,155,166,125,81,56,41,32,40,51,71,137,172,186,160,113,60,59,39,34,37,74,108,130,136,119,85,74,62,39,46,60,105,155,176,177,142,110,60,64,40,44,70,101,153,203,167,146,103,80,60,64,62,73,90,125,170,209,161,171,124,86,75,70,859
408,99,166,195,163,126,101,68,28,34,36,37,85,117,178,184,161,119,79,52,42,45,81,118,155,211,192,141,89,45,22,26,22,46,94,130,156,163,107,96,60,40,27,37,67,95,111,157,174,147,127,73,47,34,29,65,78,93,142,148,111,81,58,53,46,54,59,109,146,162,182,154,104,58,47,47,34,80,114,142,195,180,132,114,72,52,69,66,74,83,142,200,200,164,155,116,83,72,71,876
409,95,151,179,190,146,101,59,40,22,34,43,79,146,152,218,164,104,86,42,39,55,69,115,146,228,189,147,83,50,24,22,23,46,91,121,166,139,139,99,67,33,25,47,68,82,135,143,177,148,118,72,44,30,36,58,96,99,119,136,126,79,61,51,54,59,67,84,145,174,175,163,102,72,51,49,28,70,117,159,191,189,126,99,75,63,44,58,76,105,144,178,206,179,139,104,90,83,79,877
398,101,147,173,177,156,98,69,38,29,29,47,73,117,167,180,178,126,78,43,39,54,64,122,162,199,216,145,83,48,33,19,42,40,95,133,150,123,142,96,71,34,31,42,62,92,126,164,167,137,127,66,52,25,40,46,75,114,119,140,132,88,56,48,48,52,76,91,135,161,180,165,102,79,28,51,32,77,118,162,186,182,161,92,89,39,50,55,84,95,130,190,221,177,155,103,85,83,83,878
389,127,129,157,190,161,109,51,38,47,33,38,79,122,183,189,162,132,91,39,41,43,85,114,161,206,173,153,85,38,30,34,34,61,86,111,150,144,134,85,67,41,38,41,64,103,129,160,144,126,117,79,42,39,37,44,63,115,134,160,113,105,57,47,40,48,64,90,170,159,164,145,111,65,42,40,38,82,118,153,174,200,149,115,64,54,40,57,83,100,138,183,201,183,145,97,92,95,76,906
373,87,148,163,188,149,108,62,48,49,27,53,78,112,158,196,176,126,74,54,45,63,72,138,170,191,172,141,101,40,26,36,37,55,81,119,154,134,132,77,63,45,42,37,80,102,126,141,151,138,106,84,61,29,31,43,75,97,146,162,115,83,61,53,50,35,63,95,146,174,161,156,106,70,41,39,42,85,107,147,188,187,149,90,83,50,46,50,67,115,149,179,219,177,149,105,76,71,102,894
360,115,165,163,182,153,119,55,40,39,41,43,87,112,156,170,186,131,90,50,34,57,69,140,178,194,179,136,95,47,40,23,34,46,87,114,158,156,116,90,57,54,33,64,66,87,116,160,136,144,116,81,43,34,42,44,65,96,128,167,122,79,86,62,51,43,48,106,145,180,154,134,105,77,59,35,35,80,116,162,189,177,147,107,69,53,48,49,65,117,160,204,188,187,141,98,92,87,88,870
356,103,152,180,182,146,104,65,57,36,30,50,76,118,143,181,183,136,89,33,45,55,92,116,179,178,164,144,92,50,26,30,35,54,87,113,143,141,123,97,50,48,53,63,61,88,125,153,156,134,116,69,45,38,43,52,69,95,125,140,119,84,77,58,45,53,76,104,137,160,155,145,124,70,51,43,31,69,106,172,202,161,147,91,90,54,47,60,68,115,167,181,177,188,138,117,94,82,80,881
346,98,150,182,187,157,100,73,44,30,38,46,71,110,149,175,189,137,87,45,50,53,94,107,179,186,181,130,82,53,39,28,41,41,80,125,168,159,119,80,53,44,56,64,70,82,121,160,157,155,104,67,44,32,39,49,74,83,139,136,108,96,64,56,38,45,80,103,139,154,161,137,117,79,47,45,53,66,104,181,189,200,126,102,71,53,53,53,77,115,162,180,171,166,155,104,87,82,100,891
380,94,151,183,177,168,108,75,47,30,29,32,80,124,155,175,161,135,79,64,49,58,70,140,187,208,143,126,85,48,29,30,27,42,75,126,171,164,139,72,54,42,45,45,71,74,113,173,175,149,87,67,44,46,36,61,70,104,125,133,114,97,67,56,45,48,63,103,151,171,159,140,96,67,65,34,37,60,106,149,183,222,158,100,75,45,63,53,72,115,146,191,216,184,123,91,97,88,69,887
362,98,137,184,197,157,110,82,45,28,30,57,71,114,169,164,166,143,84,53,44,60,55,148,181,194,175,119,85,55,36,20,34,37,76,133,177,154,134,74,63,35,48,47,52,73,106,164,179,155,107,62,45,37,36,56,63,112,120,137,136,89,60,61,47,43,75,108,149,160,150,160,104,69,46,39,34,77,94,169,174,189,171,117,59,48,56,62,73,106,151,190,217,165,141,113,77,73,78,888
397,90,140,204,190,159,109,77,47,33,43,47,77,109,170,152,169,151,90,53,44,38,58,116,185,210,203,124,92,58,41,21,28,38,72,117,159,166,130,86,63,40,43,53,51,73,120,164,190,148,101,61,45,40,34,53,75,105,122,162,105,96,82,50,45,49,82,102,161,153,149,151,102,72,45,38,49,57,115,152,184,190,160,103,70,55,49,47,87,120,138,175,215,175,143,120,68,76,72,879
396,91,150,181,175,178,107,67,51,40,42,55,89,118,160,146,175,137,96,62,36,57,68,97,168,213,174,137,96,57,40,25,36,30,65,117,178,163,137,76,55,44,28,45,65,76,122,177,167,151,94,74,47,28,39,47,73,101,133,153,97,88,79,58,37,58,58,111,143,185,171,151,82,66,59,43,49,53,120,134,162,200,154,129,73,71,41,49,76,101,149,179,212,185,141,105,82,74,80,843
383,104,152,183,186,154,106,74,38,39,43,54,100,131,156,160,156,135,101,62,42,49,51,111,192,189,168,137,98,57,41,27,29,39,64,124,168,159,134,76,56,35,33,55,59,75,147,162,169,137,101,64,45,39,29,40,72,111,129,137,125,96,72,53,50,59,66,102,139,183,165,141,106,61,52,49,40,63,91,155,152,187,157,116,102,63,48,45,70,102,144,183,196,193,158,107,64,72,90,866
385,107,147,195,194,154,104,76,56,37,38,60,80,139,162,154,162,149,84,48,47,53,79,100,187,178,175,122,96,71,34,32,39,33,60,124,158,171,121,96,52,36,44,45,67,74,125,150,139,165,113,78,56,39,29,41,70,87,138,142,138,96,79,59,55,47,71,113,128,167,184,135,92,64,54,45,44,54,107,140,178,194,148,120,91,64,67,55,58,80,135,192,212,185,132,124,66,63,99,866
390,91,149,183,190,171,102,85,52,50,40,57,72,142,153,158,169,138,105,58,39,53,67,107,146,171,175,161,96,61,35,31,34,44,69,119,142,182,132,98,50,46,45,38,56,77,134,129,175,141,112,75,43,42,42,36,64,101,111,140,130,103,77,53,49,46,70,105,147,161,151,155,106,71,49,37,55,47,93,134,182,184,146,123,91,76,48,53,72,91,137,187,198,193,135,113,83,69,72,877
374,90,146,168,168,181,122,90,53,56,30,54,94,121,140,174,166,140,99,64,49,58,56,91,154,160,167,178,112,60,42,38,28,47,65,119,141,152,120,108,62,60,35,31,55,93,119,135,180,156,94,76,52,34,38,45,70,91,136,157,114,101,73,40,49,56,75,100,144,162,180,138,115,63,44,34,48,61,88,145,174,192,150,134,90,73,53,60,74,95,125,169,204,196,146,107,82,67,68,911
386,99,134,196,150,172,128,77,59,49,35,42,77,136,169,158,160,130,94,69,56,67,79,96,145,163,170,139,127,76,48,28,35,34,73,122,141,146,129,98,75,57,46,38,61,64,114,155,177,162,100,69,50,38,33,34,68,103,124,139,153,102,69,53,38,68,71,99,132,155,183,156,104,63,50,30,49,67,83,129,162,210,160,125,86,73,56,70,61,93,129,162,197,181,171,119,81,72,80,886
423,105,147,164,182,145,113,81,61,40,55,46,75,106,153,175,176,124,92,63,73,57,71,111,148,145,175,145,124,91,53,35,25,34,64,104,153,138,126,103,78,46,49,48,54,87,118,161,157,153,97,72,49,39,40,38,66,98,118,128,148,115,74,52,35,42,78,111,137,168,184,131,87,69,53,37,40,65,77,148,180,198,151,126,103,64,50,60,75,86,134,154,195,179,173,123,90,72,96,851
413,103,134,172,184,167,120,78,49,55,50,59,80,111,146,151,172,158,91,50,63,61,73,116,152,159,166,148,123,77,46,48,38,36,48,78,164,180,124,87,79,55,53,41,53,82,119,161,158,129,94,79,42,44,45,50,66,83,118,122,137,120,87,62,40,43,64,106,155,177,171,160,109,45,37,48,38,53,79,126,205,167,153,127,80,62,61,70,58,92,135,157,185,207,179,105,83,67,93,864
416,106,136,163,181,157,123,80,57,46,45,61,67,104,130,167,169,130,101,59,52,63,88,99,134,171,166,168,116,87,48,33,42,37,51,100,145,168,115,86,75,66,51,35,62,80,128,145,160,139,81,65,49,54,37,40,64,83,125,134,123,116,88,57,48,66,67,98,124,179,190,160,106,49,47,35,37,53,74,145,176,206,156,129,74,53,70,55,81,87,109,175,207,189,145,127,87,70,77,854
423,96,143,155,192,169,117,76,68,45,43,65,81,100,127,155,169,145,107,61,62,67,60,118,153,178,170,159,112,76,61,32,42,32,64,105,128,165,95,97,79,54,49,44,73,85,105,167,153,140,91,77,63,38,39,37,64,94,121,135,143,113,80,62,53,70,63,82,104,174,181,159,115,63,47,30,54,52,84,121,171,200,170,119,94,69,47,61,59,91,131,146,216,205,150,129,63,79,80,852
433,108,140,171,169,149,113,95,70,47,38,63,74,106,119,157,150,128,115,71,73,71,69,110,146,167,186,149,122,92,53,37,36,37,58,106,133,150,117,89,78,61,60,36,49,75,120,148,149,140,100,74,51,50,49,35,61,86,122,133,139,120,88,66,47,48,80,96,101,154,172,156,113,71,43,43,55,57,79,140,171,184,153,127,87,67,76,58,73,73,127,163,203,165,175,113,91,62,76,836
459,113,134,147,156,168,116,96,66,56,46,63,76,89,130,159,146,132,99,81,79,61,88,96,136,177,178,167,115,96,50,44,40,43,61,112,126,125,117,90,86,76,56,49,52,66,102,146,155,143,105,86,60,38,44,42,73,74,112,121,124,113,92,70,56,52,70,95,127,173,160,145,97,83,58,49,35,60,91,138,168,176,139,121,99,93,65,55,59,76,113,170,190,204,162,123,86,79,76,839
452,113,145,153,167,140,124,90,73,50,55,68,63,101,115,131,134,152,119,87,63,80,64,105,134,186,152,154,130,87,77,43,36,44,64,113,123,124,103,90,95,74,63,50,61,80,91,146,127,141,128,78,76,34,47,47,73,73,100,128,128,104,90,75,53,63,78,105,128,158,184,137,95,77,60,39,46,69,88,119,163,147,149,127,99,74,71,69,61,83,124,158,166,184,165,137,94,81,84,820
467,106,141,156,159,136,117,92,79,56,45,59,79,82,131,125,144,145,106,91,70,61,85,98,134,169,158,167,123,83,76,47,43,27,74,100,122,115,113,94,72,64,67,54,74,77,112,124,137,147,106,80,72,50,47,45,72,57,106,110,120,112,95,61,66,78,61,86,137,157,163,132,107,80,66,45,46,50,88,131,166,149,152,122,104,72,78,75,78,85,124,161,173,157,146,140,127,97,70,824
453,106,125,138,140,150,101,101,77,74,41,55,63,93,103,133,142,134,91,94,65,92,86,85,121,149,181,149,112,80,76,60,41,44,62,81,107,118,127,96,68,62,56,57,81,69,92,136,138,116,108,86,64,66,60,42,51,59,96,110,108,107,96,60,74,57,87,95,114,153,158,139,104,82,60,61,52,58,84,122,155,158,116,122,122,68,76,63,78,88,130,147,167,156,143,117,99,101,85,809
441,75,112,116,125,100,116,105,80,67,52,57,69,74,90,111,135,113,103,95,81,73,80,86,115,140,146,131,103,86,59,42,44,37,68,64,94,111,96,91,66,50,45,62,47,79,86,135,99,140,86,74,64,55,54,48,51,52,71,79,103,87,77,62,62,59,82,72,118,133,115,126,89,76,67,51,54,41,87,93,144,117,128,119,98,84,57,62,64,78,122,125,146,157,108,120,94,87,96,718
325,47,68,94,90,90,95,84,58,56,47,42,41,59,53,62,92,95,86,55,54,58,54,78,80,100,110,80,89,59,37,33,20,25,45,52,71,75,77,73,46,48,37,35,40,51,62,77,93,83,76,60,44,43,50,48,28,32,49,69,54,55,62,65,53,41,64,54,72,90,92,101,87,68,46,48,32,44,56,78,102,94,105,77,72,60,52,47,69,72,77,95,123,112,90,74,73,55,60,558
217,30,36,37,52,40,42,45,23,25,20,16,23,31,30,37,51,31,37,31,32,29,32,26,37,48,62,61,39,29,20,18,4,15,28,24,36,39,45,37,27,22,18,24,30,27,34,39,59,52,39,24,27,27,29,13,15,19,33,31,22,28,30,24,29,42,34,30,38,40,60,50,55,45,23,23,20,22,43,53,64,74,45,46,44,37,36,33,42,40,43,64,65,61,56,51,41,36,30,308
71,17,14,16,23,19,13,8,10,13,6,6,9,8,15,15,13,10,11,8,11,12,12,16,8,18,14,20,11,14,2,8,7,7,13,10,9,17,18,15,13,7,4,6,5,9,9,17,16,12,18,8,8,6,11,7,5,4,11,5,10,13,13,6,10,14,18,16,17,14,21,23,14,20,5,9,8,3,12,24,30,26,20,17,22,15,15,21,12,15,18,15,27,22,24,19,24,14,14,101
17,4,8,3,5,1,3,2,6,1,1,3,1,1,5,2,1,2,1,2,0,7,3,1,5,4,2,4,2,2,1,3,1,0,1,5,4,2,2,4,3,1,1,0,2,0,3,7,5,2,0,3,1,1,4,0,1,0,0,2,6,3,1,1,0,4,9,3,4,2,2,1,1,0,3,5,5,1,2,3,7,7,5,6,5,6,4,1,3,5,2,7,5,8,6,7,9,7,2,28
0,0,2,1,1,0,0,0,0,0,0,1,0,0,0,0,0,0,0,0,0,0,1,0,0,0,0,0,1,1,0,0,0,0,0,0,1,0,0,0,0,0,0,0,1,0,0,0,2,0,4,0,0,0,0,0,0,0,0,1,0,0,0,0,0,1,0,2,0,0,0,0,0,0,1,0,0,0,0,0,0,2,1,0,0,0,1,1,0,0,0,0,0,0,1,0,2,0,0,2
0,0,0,0,0,0,0,0,0,0,0,0,0,0,0,0,0,0,0,0,0,0,0,0,0,0,0,0,0,0,0,0,0,0,0,0,0,0,0,0,0,0,0,0,0,0,0,0,0,0,0,0,0,0,0,0,0,0,0,0,0,0,0,0,0,0,0,0,0,0,0,0,0,0,0,0,0,0,0,0,0,0,0,0,0,0,0,0,0,0,0,0,0,0,0,0,0,0,0,0
0,0,0,0,0,0,0,0,0,0,0,0,0,0,0,0,0,0,0,0,0,0,0,0,0,0,0,0,0,0,0,0,0,0,0,0,0,0,0,0,0,0,0,0,0,0,0,0,0,0,0,0,0,0,0,0,0,0,0,0,0,0,0,0,0,0,0,0,0,0,0,0,0,0,0,0,0,0,0,0,0,0,0,0,0,0,0,0,0,0,0,0,0,0,0,0,0,0,0,0
0,0,0,0,0,0,0,0,0,0,0,0,0,0,0,0,0,0,0,0,0,0,0,0,0,0,0,0,0,0,0,0,0,0,0,0,0,0,0,0,0,0,0,0,0,0,0,0,0,0,0,0,0,0,0,0,0,0,0,0,0,0,0,0,0,0,0,0,0,0,0,0,0,0,0,0,0,0,0,0,0,0,0,0,0,0,0,0,0,0,0,0,0,0,0,0,0,0,0,0
0,0,0,0,0,0,0,0,0,0,0,0,0,0,0,0,0,0,0,0,0,0,0,0,0,0,0,0,0,0,0,0,0,0,0,0,0,0,0,0,0,0,0,0,0,0,0,0,0,0,0,0,0,0,0,0,0,0,0,0,0,0,0,0,0,0,0,0,0,0,0,0,0,0,0,0,0,0,0,0,0,0,0,0,0,0,0,0,0,0,0,0,0,0,0,0,0,0,0,0
0,0,0,0,0,0,0,0,0,0,0,0,0,0,0,0,0,0,0,0,0,0,0,0,0,0,0,0,0,0,0,0,0,0,0,0,0,0,0,0,0,0,0,0,0,0,0,0,0,0,0,0,0,0,0,0,0,0,0,0,0,0,0,0,0,0,0,0,0,0,0,0,0,0,0,0,0,0,0,0,0,0,0,0,0,0,0,0,0,0,0,0,0,0,0,0,0,0,0,0
0,0,0,0,0,0,0,0,0,0,0,0,0,0,0,0,0,0,0,0,0,0,0,0,0,0,0,0,0,0,0,0,0,0,0,0,0,0,0,0,0,0,0,0,0,0,0,0,0,0,0,0,0,0,0,0,0,0,0,0,0,0,0,0,0,0,0,0,0,0,0,0,0,0,0,0,0,0,0,0,0,0,0,0,0,0,0,0,0,0,0,0,0,0,0,0,0,0,0,0
