4.32955,0.265729
4.38696,0.46814
4.33524,0.657119
4.26092,0.846551
4.20374,1.04152
4.27813,1.22042
4.43594,1.34147
4.37734,1.53703
4.47292,1.70076
4.40652,1.87775
4.52667,2.05676
4.46429,2.24871
4.49843,2.43748
4.48251,2.6294
4.60705,2.80129
4.71928,2.97042
4.74575,3.18729
4.73399,3.37456
4.79139,3.58723
4.81972,3.78422
4.90229,3.97845
4.82045,4.18208
4.78449,4.36673
4.84963,4.55342
4.80757,4.7455
4.89537,4.92275
4.79052,5.10351
4.67876,5.28153
4.64919,5.47098
4.60499,5.67049
4.65205,5.86444
4.758,6.04054
4.69694,6.25813
4.69286,6.45101
4.55697,6.62226
4.61928,6.80816
4.53421,6.97311
4.62287,7.1686
4.56578,7.36091
4.67763,7.52847
4.64191,7.73505
4.75806,7.89804
4.76693,8.09344
4.64318,8.24837
4.50594,8.41862
4.42335,8.59921
4.45067,8.811
4.36736,8.99803
4.39203,9.18713
4.37978,9.40925
4.49629,9.56057
4.39928,9.74317
4.33313,9.94197
4.42301,10.1401
4.27073,10.246
4.31757,10.4638
4.34043,10.6827
4.38599,10.8731
4.58127,10.9441
4.50659,11.1332
4.47728,11.338
4.51958,11.5378
4.30546,11.6412
4.32009,11.8343
4.50156,11.899
4.49175,12.0718
4.40642,12.2565
4.33639,12.44
4.45376,12.6064
4.50798,12.8013
4.41231,12.9824
4.51149,13.1456
4.71591,13.1751
4.80461,13.3605
4.77073,13.5564
4.73586,13.7562
4.67897,13.9542
4.62174,14.1385
4.75343,14.2893
4.70195,14.4866
4.69882,14.6885
4.68543,14.872
4.68247,15.0847
4.73141,15.2906
4.79413,15.4792
4.70352,15.6626
4.66698,15.8555
4.63361,16.0498
4.63104,16.2486
4.57185,16.4436
4.6482,16.6523
4.67145,16.8628
4.72262,17.0572
4.74474,17.2724
4.55404,17.2638
4.51395,17.4741
4.66219,17.6309
4.64945,17.8266
4.51708,17.9738
4.44068,18.1611
4.47806,18.3717
4.52882,18.5646
4.58177,18.7444
4.57273,18.9601
4.50727,19.1649
4.68391,19.2672
4.784,19.4473
4.7287,19.6567
4.67477,19.8419
4.80012,20.0054
4.61521,20.0875
4.61697,20.2959
4.48836,20.4454
4.55689,20.6453
4.52168,20.8361
4.60559,21.0285
4.44029,21.1574
4.60112,21.301
4.53422,21.4933
4.57992,21.6796
4.71271,21.8401
4.69803,22.0466
4.85565,22.1814
4.83305,22.3794
4.84871,22.5932
-4.95911,22.6829
4.9603,22.8767
-4.89738,23.0431
-4.82032,23.2365
-4.77285,23.4336
-4.72528,23.6245
-4.71581,23.8287
-4.76198,24.0428
-4.76709,24.2387
-4.87212,24.414
-4.85064,24.6206
4.95272,24.6824
-4.95555,24.8633
-4.97879,25.0761
4.96932,25.2829
4.91338,25.4719
4.99571,25.659
4.85849,25.812
4.88005,26.0151
4.90021,26.2261
4.9392,26.4107
4.88189,26.5952
4.85813,26.795
4.95363,26.977
4.92837,27.1924
4.8818,27.3814
4.9638,27.5683
4.89193,27.7602
-4.99877,27.929
-4.99347,28.1424
4.8713,28.2944
4.81021,28.4978
4.79013,28.6879
4.61117,28.7896
4.52552,28.9765
4.58624,29.1644
4.66363,29.3433
4.73583,29.5291
4.74248,29.7189
4.86638,29.8867
4.74391,30.0506
4.7475,30.2569
4.78534,30.4623
4.74788,30.6541
4.7629,30.8644
4.83141,31.0588
-4.99542,31.1609
4.98351,31.3539
4.81399,31.4716
4.92429,31.6505
4.97228,31.8434
-4.95735,32.0168
-4.9943,32.2111
-4.98997,32.4252
-4.99882,32.6221
4.90996,32.8044
4.71959,32.8792
4.67699,33.0845
4.70912,33.2934
4.76125,33.4994
4.60331,33.6389
4.7909,33.7346
4.71651,33.9366
4.6434,34.1262
4.59834,34.3203
4.54077,34.5104
4.50912,34.7097
4.45414,34.9192
4.35444,35.1046
4.48692,35.2407
4.61136,35.4172
4.61123,35.6355
4.72807,35.8194
4.78155,36.0006
4.60295,36.1259
-4.8751,0.411697
-4.74858,0.568449
-4.94795,0.651511
-4.87781,0.835029
-4.77469,0.99002
-4.63833,1.12338
-4.55988,1.32251
-4.602,1.5209
-4.71398,1.68171
-4.57071,1.80819
-4.5528,2.01578
-4.49363,2.21452
-4.5967,2.39132
-4.69983,2.5778
-4.62534,2.76374
-4.74165,2.93518
-4.83369,3.13195
-4.83633,3.32769
-4.92511,3.51406
-4.89999,3.71572
-4.79795,3.89396
-4.76156,4.09533
-4.69451,4.2904
-4.71866,4.48399
-4.61841,4.68163
-4.72423,4.84958
-4.8215,5.01901
-4.74345,5.1846
-4.73558,5.38468
-4.74965,5.58511
-4.5736,5.70305
-4.66156,5.89178
-4.63287,6.09153
-4.76056,6.25478
-4.88503,6.43308
-4.95666,6.61963
4.90723,6.76587
4.97728,6.95853
4.90606,7.15258
4.88655,7.35064
-4.98967,7.51404
-4.96522,7.72832
-4.9542,7.92811
-4.81406,8.07227
-4.92759,8.23549
4.92805,8.3639
4.95875,8.58146
-4.97682,8.77296
-4.94993,8.97807
-4.91411,9.17631
4.91892,9.29441
4.80135,9.46329
4.77857,9.67645
4.88649,9.83158
-4.98012,9.97293
-4.99334,10.1691
4.94762,10.3524
-4.96325,10.5466
4.94075,10.7287
4.90231,10.9326
4.95328,11.1388
-4.95514,11.3141
4.97947,11.5067
4.91886,11.7084
-4.89887,11.8101
4.98596,11.974
-4.94507,12.1681
-4.81621,12.3352
-4.64492,12.4127
-4.5968,12.6055
-4.60418,12.8214
-4.49826,12.9826
-4.51755,13.1825
-4.52121,13.3916
-4.52713,13.5848
-4.49743,13.7747
-4.45208,13.9691
-4.55397,14.1619
-4.45421,14.3167
-4.46216,14.5163
-4.4066,14.7127
-4.54311,14.8802
-4.48431,15.0653
-4.54824,15.248
-4.59911,15.4495
-4.59958,15.654
-4.64414,15.8397
-4.64666,16.0372
-4.64715,16.2401
-4.68192,16.4505
-4.50657,16.5579
-4.42656,16.7478
-4.35738,16.931
-4.33008,17.1333
-4.47359,17.2739
-4.3649,17.4514
-4.40919,17.6466
-4.35732,17.8306
-4.36675,18.0354
-4.22555,18.2154
-4.28784,18.4188
-4.29587,18.6274
-4.26957,18.8245
-4.34252,19.0185
-4.31024,19.2179
-4.1378,19.3504
-4.10417,19.5272
-4.26375,19.667
-4.32093,19.8732
-4.36956,20.0638
-4.45336,20.2455
-4.36439,20.4501
-4.45125,20.6255
-4.37799,20.8186
-4.24628,20.9689
-4.1617,21.1547
-4.25807,21.3205
-4.22551,21.5089
-4.33328,21.6829
-4.46712,21.8114
-4.33386,21.9781
-4.36914,22.1861
-4.45356,22.3846
-4.38216,22.5702
-4.37482,22.7631
-4.2051,22.8727
-4.32487,23.044
-4.25971,23.2386
-4.10155,23.3563
-4.17715,23.5545
-4.1312,23.757
-4.1448,23.9635
-4.01996,24.1215
-3.87455,24.2651
-3.80377,24.4666
-3.81734,24.6687
-3.71214,24.8406
-3.58836,25.0066
-3.7739,25.1114
-3.77406,25.3095
-3.76503,25.5335
-3.87108,25.7015
-3.82151,25.8998
-3.83509,26.1047
-3.77474,26.2991
-3.82426,26.4903
-3.77722,26.6759
-3.73866,26.8776
-3.69416,27.0714
-3.50833,27.1467
-3.58471,27.3307
-3.61495,27.5376
-3.42177,27.5685
-3.48543,27.7725
-3.46351,27.9849
-3.53972,28.1646
-3.54998,28.3595
-3.62662,28.5511
-3.52275,28.7206
-3.55507,28.941
-3.62855,29.1534
-3.51501,29.339
-3.52419,29.5489
-3.48368,29.7366
-3.51099,29.9395
-3.50865,30.1649
-3.4019,30.3571
-3.239,30.4664
-3.09151,30.5922
-3.22666,30.7367
-3.34013,30.894
-3.39389,31.0951
-3.45822,31.2842
-3.4053,31.4869
-3.47067,31.6697
-3.49043,31.8728
-3.58892,32.0566
-3.54242,32.2491
-3.56043,32.4501
-3.50506,32.6535
-3.69214,32.7451
-3.6639,32.9485
-3.74635,33.1329
-3.66411,33.3157
-3.60041,33.5191
-3.46937,33.6843
-3.39101,33.8868
-3.4841,34.0704
-3.42857,34.2684
-3.53951,34.4304
-3.56503,34.6296
-3.61776,34.8217
-3.66268,35.0092
-3.76727,35.1736
-3.8031,35.3731
-3.78428,35.5789
-3.78575,35.7846
-3.76353,35.977
-3.59992,36.0941
-3.48355,36.2528
-3.38936,0.309744
-3.34447,0.503051
-3.40458,0.692953
-3.39543,0.891154
-3.43992,1.09341
-3.57989,1.22801
-3.5891,1.42758
-3.73938,1.55511
-3.59751,1.70532
-3.61873,1.91707
-3.78744,2.0507
-3.67005,2.23281
-3.68049,2.44852
-3.6355,2.65265
-3.73606,2.84085
-3.93788,2.86236
-3.92034,3.07523
-3.86758,3.2515
-3.82259,3.45121
-3.61599,3.41122
-3.60286,3.61358
-3.5222,3.82603
-3.53029,4.01971
-3.63918,4.20108
-3.77584,4.34558
-3.9354,4.46321
-3.89781,4.66219
-3.78731,4.82632
-3.85435,5.02227
-3.97451,5.18916
-4.02047,5.38461
-3.95779,5.58652
-3.81078,5.73252
-3.71161,5.90537
-3.76872,6.10661
-3.72296,6.31459
-3.62454,6.49765
-3.56128,6.69169
-3.6868,6.83899
-3.88718,6.82204
-3.96496,7.00964
-4.12805,7.11132
-4.16722,7.32018
-4.17169,7.53362
-4.22768,7.74639
-4.23013,7.93549
-4.36401,8.11154
-4.32839,8.31326
-4.25498,8.51382
-4.20951,8.70487
-4.2568,8.9112
-4.06473,8.837
-3.95727,8.98988
-4.03063,9.17728
-4.07279,9.37226
-4.20819,9.51359
-4.12005,9.70442
-4.20227,9.88861
-4.40428,9.8704
-4.55808,9.99601
-4.53319,10.1888
-4.4884,10.3949
-4.56671,10.5691
-4.54155,10.7675
-4.48784,10.9787
-4.46479,11.1847
-4.61162,11.3098
-4.51879,11.5027
-4.30699,11.5266
-4.18031,11.6863
-4.08559,11.8691
-4.11616,12.0834
-4.14937,12.2833
-4.06948,12.4649
-4.08633,12.6597
-3.94727,12.7996
-4.07442,12.9601
-4.20683,13.1381
-4.07095,13.2817
-4.01408,13.474
-3.9743,13.6686
-4.03695,13.8543
-4.01667,14.0636
-3.85629,14.1853
-3.81817,14.3943
-3.88709,14.5783
-4.04042,14.7204
-4.07981,14.8995
-4.12534,15.107
-4.05176,15.3071
-4.0067,15.5043
-3.89222,15.6614
-3.97114,15.8511
-3.90002,16.0486
-3.79206,16.2127
-3.76829,16.4131
-3.74129,16.6111
-3.77875,16.8123
-3.65872,16.9621
-3.71369,17.1624
-3.65417,17.36
-3.65227,17.5781
-3.46878,17.6837
-3.46716,17.8918
-3.51671,18.0927
-3.35725,18.2431
-3.45027,18.4311
-3.46007,18.6252
-3.6062,18.7837
-3.49664,18.968
-3.40685,19.1428
-3.37557,19.3722
-3.48623,19.5262
-3.53919,19.7272
-3.57121,19.9273
-3.55898,20.1215
-3.59184,20.3248
-3.51115,20.494
-3.41885,20.6822
-3.33322,20.855
-3.21792,21.0036
-3.36244,21.15
-3.54559,21.243
-3.44983,21.4226
-3.49564,21.6357
-3.42,21.819
-3.47701,22.0117
-3.53213,22.2032
-3.46331,22.3712
-3.40067,22.5743
-3.39255,22.7815
-3.27213,22.9369
-3.2219,23.1444
-3.21868,23.3583
-3.19072,23.5849
-2.99701,23.5456
-3.01328,23.7406
-3.04097,23.9412
-3.10022,24.1237
-3.13111,24.328
-3.07016,24.5197
-2.92901,24.6712
-3.02296,24.8501
-3.0544,25.0618
-3.13473,25.252
-3.13995,25.4633
-3.27392,25.6083
-3.13622,25.7579
-3.08728,25.9558
-3.09247,26.1717
-3.18599,26.3694
-3.33711,26.5113
-3.17129,26.6353
-3.22143,26.8429
-3.18646,27.0265
-3.14476,27.2326
-3.18876,27.4258
-3.09019,27.6242
-2.99552,27.7953
-2.99067,27.9985
-2.82242,28.1345
-2.65324,28.2402
-2.57033,28.4282
-2.46411,28.6016
-2.59742,28.7423
-2.52753,28.9292
-2.47263,29.1092
-2.53361,29.3013
-2.39074,29.431
-2.35341,29.643
-2.4206,29.8426
-2.60405,29.9271
-2.78484,30.0664
-2.79333,30.2978
-2.75959,30.5166
-2.6522,30.6806
-2.70977,30.8901
-2.69399,31.0937
-2.63072,31.2969
-2.52162,31.4818
-2.52722,31.6971
-2.61294,31.8977
-2.66554,32.0897
-2.64717,32.3026
-2.57927,32.4974
-2.62313,32.6962
-2.69941,32.8793
-2.56025,33.0264
-2.49998,33.23
-2.46256,33.435
-2.51595,33.622
-2.62598,33.7745
-2.79249,33.8891
-2.75157,34.0775
-2.6682,34.2502
-2.86416,34.2649
-3.00634,34.4231
-3.10199,34.5885
-3.14014,34.7901
-3.03517,34.9696
-3.08425,0.421559
-3.02824,0.618718
-2.98079,0.817831
-3.0154,1.01383
-3.04446,1.20978
-3.0894,1.42083
-2.9625,1.57498
-3.02234,1.79405
-3.01065,1.97786
-3.07099,2.18502
-3.03102,2.38801
-3.1735,2.53882
-3.27305,2.72925
-3.34524,2.939
-3.37864,3.14188
-3.31097,3.33272
-3.24657,3.54361
-3.18924,3.76202
-3.23293,3.96303
-3.21274,4.16254
-3.1951,4.36526
-3.176,4.56985
-3.33103,4.69704
-3.22852,4.86942
-3.18266,5.06447
-3.12398,5.2533
-3.03268,5.43601
-3.0949,5.63427
-3.01155,5.83086
-2.96657,6.03394
-3.02404,6.24227
-3.07407,6.45482
-3.21536,6.59293
-3.11835,6.77386
-3.23515,6.95171
-3.2658,7.16448
-3.18608,7.33942
-3.21355,7.54785
-3.29663,7.72604
-3.3112,7.93041
-3.30312,8.12126
-3.19732,8.28204
-3.21136,8.49452
-3.21518,8.70619
-3.28557,8.90195
-3.31202,9.11584
-3.28655,9.3093
-3.44024,9.4614
-3.5556,9.62495
-3.44482,9.81418
-3.50687,10.006
-3.448,10.2077
-3.39154,10.3985
-3.28521,10.5932
-3.31789,10.7801
-3.28046,10.9833
-3.41756,11.1471
-3.3888,11.336
-3.35996,11.5282
-3.5,11.6695
-3.45362,11.8735
-3.47047,12.0729
-3.35943,12.2465
-3.43594,12.4274
-3.35663,12.6124
-3.31269,12.8037
-3.23097,12.9981
-3.28835,13.2039
-3.09268,13.2453
-2.99113,13.4206
-3.08825,13.6079
-3.09332,13.8054
-3.1408,13.9955
-3.14184,14.2056
-3.10361,14.4116
-3.06054,14.6178
-3.19116,14.7581
-3.12578,14.9448
-3.18247,15.1301
-3.06242,15.2832
-3.02905,15.4758
-2.9767,15.6667
-2.99143,15.8596
-2.86079,16.0437
-2.74989,16.2157
-2.65446,16.3885
-2.70766,16.582
-2.60594,16.7666
-2.69993,16.952
-2.62191,17.1466
-2.66092,17.355
-2.67304,17.5441
-2.71251,17.7403
-2.84052,17.9034
-2.63677,17.9625
-2.59319,18.1643
-2.70686,18.3441
-2.57137,18.4924
-2.723,18.6287
-2.76493,18.8405
-2.75552,19.0459
-2.78372,19.2445
-2.67229,19.4172
-2.72257,19.6134
-2.83381,19.7875
-2.80242,19.9912
-2.77236,20.1999
-2.6647,20.3639
-2.77124,20.5311
-2.70361,20.721
-2.56208,20.8901
-2.41769,21.0152
-2.29987,21.1907
-2.20861,21.3753
-2.30156,21.5712
-2.37565,21.7665
-2.20077,21.8947
-2.0034,21.9851
-2.02041,22.1755
-2.06352,22.3837
-2.08484,22.5926
-2.01157,22.7871
-1.95575,22.9788
-2.04236,23.1528
-1.9478,23.3514
-1.89876,23.551
-1.83634,23.7453
-1.79465,23.9447
-1.77856,24.1403
-1.66006,24.2954
-1.75535,24.483
-1.68906,24.6671
-1.67897,24.8806
-1.74793,25.0772
-1.95493,25.1402
-1.92723,25.3399
-1.76302,25.4453
-1.74478,25.6479
-1.83688,25.8301
-1.95031,25.9821
-2.09118,26.127
-1.9381,26.2652
-1.84506,26.4422
-1.97829,26.5932
-1.90215,26.7759
-1.91832,26.985
-1.88843,27.1811
-1.89369,27.3857
-2.05274,27.5212
-2.18719,27.6772
-2.28539,27.8591
-2.2262,28.0537
-2.07891,28.1857
-2.16768,28.3688
-1.963,28.3568
-1.9113,28.5486
-2.01154,28.743
-1.98521,28.9373
-1.97126,29.1379
-1.95577,29.3376
-1.88698,29.5324
-1.95961,29.7217
-1.94353,29.9245
-1.86894,30.1223
-1.91366,30.3156
-2.01762,30.4895
-1.99623,30.6935
-1.97031,30.9074
-1.91403,31.0899
-2.01131,31.2666
-2.02544,31.4664
-2.0391,31.6737
-1.88643,31.8113
-1.94627,31.9898
-1.92976,32.1912
-1.87476,32.3848
-1.99531,32.5532
-1.9976,32.7492
-2.0512,32.9473
-1.99704,33.1359
-1.85542,33.2992
-1.85191,33.5038
-1.85694,33.7138
-1.92302,33.9038
-1.89755,34.1169
-1.90215,34.3328
-1.96122,34.537
-1.92243,34.733
-1.85115,34.9293
-2.06545,34.941
-2.08714,35.1359
-2.24653,35.2509
-2.32533,35.4384
-2.42463,35.6139
-2.37155,35.8231
-2.40117,36.0212
-2.4667,36.2102
-2.32533,36.3693
-2.46103,36.5113
-2.39835,36.7052
-2.64268,0.469802
-2.54594,0.637236
-2.39713,0.766786
-2.42827,0.962574
-2.45659,1.16661
-2.43891,1.38871
-2.37862,1.59718
-2.48221,1.7625
-2.54476,1.9693
-2.68999,2.08687
-2.72776,2.29459
-2.58132,2.43148
-2.53158,2.60819
-2.51603,2.80651
-2.60601,2.97535
-2.55185,3.18112
-2.5122,3.3945
-2.41859,3.57536
-2.37699,3.76806
-2.26282,3.9377
-2.24495,4.14735
-2.18413,4.3396
-2.21797,4.53586
-2.18917,4.73709
-2.33549,4.8895
-2.24642,5.07243
-2.17395,5.26018
-2.14462,5.44952
-2.09752,5.63583
-1.99173,5.80803
-1.89696,5.99226
-2.04493,6.16102
-2.17039,6.33205
-2.17617,6.54671
-2.08729,6.72495
-2.24907,6.84624
-2.29903,7.02407
-2.28708,7.22351
-2.20172,7.41333
-2.25057,7.61824
-2.22166,7.82722
-2.3289,8.0091
-2.31743,8.21382
-2.1976,8.396
-2.20795,8.59881
-2.1467,8.79627
-2.24601,8.96984
-2.32331,9.16216
-2.28902,9.35724
-2.35658,9.5527
-2.2055,9.69098
-2.3797,9.7884
-2.4158,9.99838
-2.49398,10.1811
-2.46757,10.3861
-2.37026,10.56
-2.32657,10.7661
-2.50907,10.8622
-2.34245,10.9705
-2.41825,11.1465
-2.43348,11.3539
-2.4199,11.5504
-2.48923,11.7308
-2.41163,11.9346
-2.48197,12.1344
-2.41019,12.3256
-2.25922,12.4559
-2.28743,12.6856
-2.34963,12.8722
-2.27134,13.0571
-2.17338,13.2293
-2.11183,13.4302
-2.19649,13.6143
-2.19144,13.8256
-2.11208,14.0067
-2.16596,14.2064
-2.15155,14.4031
-2.2531,14.5857
-2.15263,14.7516
-2.2778,14.9169
-2.18876,15.099
-2.2667,15.3034
-2.23118,15.495
-2.22975,15.6945
-2.13093,15.8697
-2.01471,16.0355
-2.07074,16.2115
-2.04056,16.4237
-2.1336,16.6242
-2.17839,16.8271
-2.2459,17.018
-2.09077,17.1647
-2.2108,17.319
-2.20596,17.5191
-2.31507,17.6911
-2.31057,17.8948
-2.27808,18.0954
-2.21732,18.2884
-2.06288,18.4183
-1.98935,18.6036
-2.06059,18.7783
-1.97618,18.9623
-2.02028,19.1546
-2.04208,19.3506
-1.97516,19.5412
-1.95241,19.7513
-1.81126,19.8927
-1.79843,20.1059
-1.90972,20.2869
-2.06539,20.4044
-1.92689,20.5479
-1.76877,20.683
-1.81069,20.8665
-1.80882,21.0765
-1.93684,21.2286
-1.78928,21.3885
-1.76797,21.5952
-1.77219,21.7932
-1.68785,21.9762
-1.64119,22.1582
-1.50247,22.2801
-1.59558,22.4516
-1.51684,22.6514
-1.5274,22.8481
-1.47503,23.0385
-1.61158,23.1869
-1.6239,23.3977
-1.44696,23.5208
-1.50593,23.7054
-1.3894,23.8901
-1.34541,24.0888
-1.41788,24.2634
-1.32103,24.4325
-1.17274,24.5839
-1.18891,24.7961
-1.16267,25.0073
-1.37128,25.0033
-1.36181,25.1909
-1.34877,25.3977
-1.34449,25.6109
-1.16314,25.6831
-1.26355,25.8663
-1.27816,26.0623
-1.15337,26.2155
-1.08521,26.4395
-1.00825,26.6301
-0.88303,26.8063
-0.899073,27.0093
-1.06483,27.142
-0.93504,27.3094
-0.937854,27.5038
-1.02561,27.6988
-0.9852,27.898
-1.05127,28.1056
-1.2301,28.2089
-1.12431,28.3931
-1.14401,28.5921
-1.17394,28.7963
-1.10045,28.9922
-1.1306,29.1956
-1.20874,29.3801
-1.07471,29.523
-1.06813,29.712
-0.869454,29.8226
-1.00103,29.9705
-1.05234,30.1571
-1.00884,30.3492
-1.05143,30.5591
-1.10591,30.7553
-1.15608,30.9298
-1.16833,31.1254
-1.23053,31.3108
-1.34523,31.474
-1.4137,31.6674
-1.4997,31.8374
-1.43906,32.0332
-1.49189,32.2211
-1.55555,32.4279
-1.71151,32.5609
-1.68632,32.7586
-1.63811,32.9572
-1.58213,33.144
-1.61992,33.3285
-1.59384,33.5275
-1.46652,33.6831
-1.32718,33.8034
-1.33662,34.0084
-1.29525,34.2159
-1.15488,34.3651
-1.17236,34.5745
-1.22022,34.7668
-1.24772,34.9741
-1.29033,35.176
-1.29777,35.3782
-1.28579,35.5787
-1.24727,35.7802
-1.19737,35.9835
-1.27995,36.1659
-1.39376,36.3281
-1.43216,36.5278
-1.59128,0.337729
-1.54021,0.522724
-1.73666,0.488249
-1.87117,0.652484
-1.7471,0.813168
-1.9138,0.910754
-1.90121,1.12385
-1.82613,1.33385
-1.82781,1.53233
-1.7288,1.72079
-1.5818,1.87997
-1.49315,2.05781
-1.52124,2.24229
-1.61478,2.42006
-1.54716,2.62389
-1.4412,2.78223
-1.30146,2.92188
-1.35686,3.11423
-1.34972,3.31892
-1.4056,3.52554
-1.41994,3.7255
-1.29007,3.88694
-1.38527,4.06095
-1.40466,4.28008
-1.32581,4.47057
-1.30326,4.66933
-1.27709,4.87668
-1.38803,5.0395
-1.44289,5.22939
-1.39614,5.42083
-1.4065,5.60878
-1.42978,5.8177
-1.42432,6.02953
-1.59793,6.10075
-1.51214,6.27045
-1.441,6.45579
-1.43455,6.65278
-1.39737,6.84252
-1.4261,7.03695
-1.43097,7.2411
-1.64897,7.23311
-1.75183,7.39634
-1.61115,7.55084
-1.73157,7.70853
-1.60958,7.8924
-1.67552,8.08052
-1.69723,8.30256
-1.67498,8.50688
-1.65424,8.69928
-1.5544,8.86225
-1.68799,9.0226
-1.66264,9.23003
-1.70005,9.43821
-1.7319,9.64309
-1.60204,9.81456
-1.47503,9.97854
-1.57455,10.164
-1.63689,10.3423
-1.71672,10.5279
-1.92385,10.5663
-1.91457,10.7704
-1.85323,10.9583
-1.83866,11.1567
-1.94477,11.3384
-1.84633,11.5214
-1.74586,11.7056
-1.78018,11.8889
-1.58957,11.9152
-1.71178,12.0764
-1.8093,12.2534
-1.76525,12.4516
-1.79263,12.6452
-1.76122,12.837
-1.78814,13.0331
-1.72201,13.2206
-1.67452,13.4255
-1.64914,13.6158
-1.76753,13.7854
-1.81342,13.9656
-1.77578,14.1788
-1.94521,14.3086
-1.80254,14.4497
-1.85131,14.6429
-1.87889,14.8392
-1.85534,15.0524
-1.88118,15.2452
-1.69487,15.295
-1.59207,15.4654
-1.72128,15.6107
-1.55056,15.7299
-1.57557,15.9288
-1.59634,16.1332
-1.50111,16.3027
-1.54067,16.4985
-1.55048,16.7005
-1.49141,16.8947
-1.3992,17.0753
-1.40039,17.2798
-1.31766,17.4699
-1.3797,17.6663
-1.22898,17.8199
-1.37081,17.9532
-1.43091,18.1309
-1.44904,18.3294
-1.56727,18.4881
-1.39596,18.5873
-1.50212,18.7679
-1.45457,18.9749
-1.42369,19.1882
-1.35392,19.3815
-1.44064,19.5691
-1.37337,19.7541
-1.38471,19.9474
-1.45096,20.1654
-1.45642,20.3676
-1.37629,20.5568
-1.47711,20.7233
-1.36667,20.8944
-1.46384,21.0769
-1.49564,21.2645
-1.30022,21.3335
-1.2952,21.5324
-1.3213,21.7376
-1.35173,21.9283
-1.21294,22.0797
-1.1389,22.2631
-1.00958,22.4209
-1.10427,22.6019
-1.17881,22.7918
-1.1446,23.0021
-1.15983,23.2064
-1.23316,23.393
-1.11153,23.5489
-0.929491,23.6372
-0.980647,23.8283
-0.815414,23.9856
-0.914831,24.1567
-0.856406,24.3531
-0.952435,24.5326
-0.896058,24.7371
-0.873622,24.9642
-0.816044,25.1667
-0.796977,25.3723
-0.59401,25.4658
-0.435987,25.5867
-0.379714,25.7819
-0.277037,25.9446
-0.226682,26.1488
-0.0599925,26.2969
-0.0883281,26.5054
-0.0271982,26.7022
-0.0957166,26.8953
-0.105196,27.1143
-0.177958,27.309
-0.142413,27.5086
-0.159002,27.6959
-0.250506,27.8646
-0.114295,28.0284
-0.167969,28.2068
-0.270782,28.395
-0.213564,28.5981
-0.261159,28.8049
-0.264932,29.0328
-0.100463,29.1522
-0.136732,29.3428
-0.287039,29.4994
-0.3952,29.6854
-0.241111,29.7837
-0.141028,29.967
-0.236964,30.1437
-0.083134,30.2711
0.0674236,30.4043
-0.0130634,30.5964
0.124992,30.7465
0.0920545,30.942
0.036104,31.1486
0.00807286,31.3428
-0.161629,31.451
-0.100938,31.6521
-0.0622584,31.8469
-0.237019,31.9211
-0.177524,32.0961
-0.190599,32.2933
-0.360443,32.407
-0.189474,32.5303
-0.193396,32.7405
-0.173512,32.9432
-0.0379994,33.0871
-0.0406407,33.2835
-0.1274,33.4622
0.069725,33.5361
-0.0360735,33.7043
0.0777882,33.8628
-0.081662,34.0172
-0.0668993,34.2131
-0.120671,34.4015
-0.226025,34.5778
-0.275436,34.7781
-0.12883,34.9303
-0.150867,35.1219
-0.087453,0.478833
-0.124391,0.68785
-0.172881,0.891709
-0.239288,1.06959
-0.358436,1.23812
-0.370795,1.43371
-0.397235,1.62821
-0.359986,1.82403
-0.553546,1.88444
-0.415252,2.03194
-0.339573,2.23647
-0.313866,2.44491
-0.233611,2.62807
-0.292825,2.83313
-0.289399,3.03438
-0.364161,3.21423
-0.278426,3.39208
-0.237707,3.58449
-0.216226,3.78199
-0.327469,3.96921
-0.374297,4.1605
-0.26886,4.35571
-0.22061,4.55124
-0.213817,4.76068
-0.172138,4.94428
-0.233874,5.1327
-0.123536,5.30498
-0.24855,5.47664
-0.146587,5.65942
-0.154105,5.88262
-0.197494,6.08167
-0.0742583,6.24401
-0.0134434,6.43621
0.15296,6.54845
0.141153,6.75031
0.0678921,6.92293
0.142799,7.11582
0.13262,7.34544
0.049235,7.52448
-0.118313,7.649
-0.10148,7.85411
0.0308641,8.00358
-0.0498722,8.19931
-0.0252908,8.40309
-0.0676324,8.61656
-0.0267438,8.82073
-0.229973,8.85479
-0.213303,9.05786
-0.289837,9.24338
-0.241034,9.46297
-0.122196,9.62786
-0.0982555,9.84308
-0.27424,9.94919
-0.182679,10.144
-0.223298,10.3336
-0.0606152,10.4748
-0.0393669,10.672
-0.173728,10.8295
-0.119436,11.0344
-0.0261828,11.2173
-0.0894735,11.3975
-0.249073,11.5166
-0.245608,11.7156
-0.239679,11.9201
-0.284709,12.114
-0.144951,12.2471
-0.145568,12.4491
-0.149217,12.6442
-0.254173,12.8283
-0.189528,13.0305
-0.121698,13.2148
-0.311296,13.251
-0.258855,13.4287
-0.204809,13.6351
-0.304781,13.8048
-0.465213,13.9453
-0.520287,14.1443
-0.422093,14.3062
-0.343221,14.4784
-0.262619,14.6786
-0.278573,14.8899
-0.26572,15.0826
-0.238331,15.2919
-0.341288,15.4794
-0.383947,15.667
-0.382166,15.8701
-0.391455,16.067
-0.546203,16.2114
-0.445137,16.3855
-0.368869,16.5669
-0.467193,16.7603
-0.507241,16.9586
-0.389627,17.1205
-0.409143,17.3343
-0.451616,17.5465
-0.491722,17.7449
-0.290158,17.7146
-0.205181,17.9038
-0.217541,18.0943
-0.0620328,18.2177
-0.0359928,18.4387
0.0538502,18.6094
0.175313,18.7699
0.136235,18.9688
0.179908,19.1653
0.120608,19.3497
0.0690692,19.5361
-0.0403216,19.6973
-0.0947203,19.8803
-0.109436,20.0844
-0.126068,20.2936
-0.0768218,20.496
0.0309782,20.6598
0.252956,20.6392
0.222539,20.8339
0.271283,21.0362
0.285225,21.2392
0.247127,21.4421
0.200997,21.6296
0.216333,21.8353
0.0696216,21.9789
0.0719896,22.1818
-0.0757545,22.297
-0.0825481,22.5094
-0.129503,22.703
-0.151578,22.9028
-0.262712,23.0701
-0.148965,23.244
-0.299023,23.3888
-0.224754,23.6017
-0.164288,23.7903
-0.156407,23.9884
-0.0572479,24.1562
0.158578,24.2308
0.038167,24.4081
0.223018,24.5114
0.083714,24.6664
0.0376932,24.8761
0.110022,25.0767
0.19171,25.2612
0.198336,25.4614
0.251879,25.6443
0.234056,25.8455
0.343766,26.0149
0.358053,26.2198
0.21176,26.365
0.288165,26.5574
0.348848,26.755
0.455571,26.9182
0.446008,27.1259
0.285415,27.272
0.256312,27.4828
0.166724,27.6714
0.149126,27.8813
0.15989,28.0859
0.275009,28.2481
0.438814,28.3731
0.313614,28.5494
0.279343,28.7472
0.405142,28.9139
0.520623,29.099
0.508011,29.3161
0.468616,29.5188
0.483357,29.7151
0.592078,29.8719
0.660135,30.0615
0.621061,30.2789
0.445007,30.377
0.553218,30.5655
0.440015,30.7412
0.39186,30.9213
0.382196,31.1303
0.516813,31.2828
0.478734,31.4984
0.339428,31.645
0.334894,31.8424
0.238523,32.0252
0.2923,32.2287
0.248571,32.4238
0.363469,32.5755
0.290684,32.7579
0.254852,32.9712
0.401927,33.1254
0.537508,33.285
0.403524,33.4535
0.387217,33.6522
0.416758,33.8629
0.44072,34.0622
0.51196,34.2589
0.501782,34.4615
0.536372,34.6623
0.483491,34.8604
0.60758,35.0287
0.695629,35.1994
0.760179,35.3855
0.741808,35.5795
0.75838,35.7798
0.758413,35.986
0.849556,36.1651
0.89317,36.3652
0.788069,0.464254
0.720076,0.650581
0.579859,0.786141
0.559539,0.986975
0.515219,1.1811
0.439534,1.36562
0.402429,1.56727
0.211573,1.63074
0.205418,1.84419
0.329377,2.02332
0.384107,2.21453
0.518283,2.37679
0.500568,2.59264
0.532295,2.79068
0.477846,2.98586
0.594348,3.15042
0.713731,3.329
0.615867,3.50404
0.663744,3.71635
0.734543,3.90969
0.762536,4.12052
0.757736,4.30908
0.793254,4.51573
0.788962,4.71856
0.900311,4.87858
0.87411,5.0779
0.853239,5.2913
0.894578,5.50192
0.95537,5.68527
0.880037,5.87133
0.863634,6.06913
0.844225,6.28124
0.865688,6.47471
0.919139,6.67239
0.961708,6.8826
0.866086,7.06105
0.895594,7.27646
0.77769,7.43969
0.731435,7.63167
0.593376,7.78544
0.508115,7.96292
0.402256,8.12591
0.406004,8.3351
0.439231,8.53065
0.518365,8.71922
0.562453,8.91352
0.452148,9.08506
0.362276,9.28078
0.447671,9.46427
0.375347,9.64786
0.363641,9.86154
0.380359,10.069
0.382565,10.2713
0.528279,10.4018
0.673965,10.5401
0.80024,10.696
0.933567,10.8629
0.738857,10.9339
0.783354,11.1187
0.940818,11.257
0.891376,11.4525
0.917698,11.6551
0.895804,11.8456
0.952571,12.0387
0.886298,12.2302
0.889923,12.4258
0.711416,12.5489
0.548224,12.6655
0.396569,12.8217
0.444034,13.0326
0.466389,13.2403
0.510777,13.4369
0.518004,13.6373
0.642394,13.7815
0.611391,13.9749
0.573716,14.1763
0.699025,14.3219
0.816565,14.4831
0.805261,14.6836
0.892609,14.8623
1.01899,15.0127
0.977853,15.2085
0.876483,15.3719
0.809478,15.5552
0.800647,15.7603
0.724012,15.9482
0.763375,16.1422
0.790289,16.3336
0.865334,16.5061
0.983318,16.6692
0.864629,16.8414
0.926655,17.0266
0.812036,17.1832
0.726515,17.3664
0.841217,17.5511
0.876434,17.7578
0.80147,17.9503
0.939321,18.122
0.786468,18.2471
0.894145,18.4348
0.75354,18.567
0.68617,18.7582
0.625872,18.9424
0.670242,19.1476
0.675383,19.3336
0.739448,19.526
0.880011,19.6822
0.834736,19.8858
1.00786,19.9861
0.984861,20.1797
0.933188,20.3917
0.7813,20.5036
0.847375,20.7029
0.868362,20.9166
0.93329,21.1126
0.937288,21.3141
0.882797,21.5192
0.931649,21.7064
0.896015,21.8948
0.779929,22.0651
0.867784,22.2572
0.677427,22.3241
0.740613,22.5242
0.77476,22.7338
0.706859,22.9173
0.663141,23.1121
0.669752,23.3032
0.666416,23.5103
0.758811,23.7047
0.892104,23.8691
0.941783,24.0592
0.945292,24.2624
0.789821,24.3793
0.875963,24.5691
0.682586,24.6064
0.669422,24.8019
0.705649,25.0061
0.792413,25.1875
0.882832,25.3616
0.73649,25.5102
0.821704,25.7024
0.737738,25.8935
0.696,26.0697
0.583322,26.2054
0.666399,26.3966
0.814318,26.5487
0.806904,26.7504
0.812981,26.9573
0.783581,27.1587
0.948123,27.2647
0.891565,27.4492
0.720959,27.5802
0.829696,27.7708
0.914426,27.9549
0.714531,27.9783
0.823673,28.1324
0.84403,28.3354
0.836396,28.5312
0.94261,28.6994
0.927508,28.8914
0.886478,29.0722
0.778327,29.244
0.930183,29.3829
1.02137,29.5818
0.985581,29.7691
0.928867,29.9656
1.08504,30.1081
1.04739,30.309
1.02038,30.5037
0.964975,30.6985
1.04406,30.8874
1.19656,31.0212
1.27642,31.2145
1.40595,31.3934
1.2929,31.5728
1.30593,31.7694
1.35265,31.9713
1.26503,32.1492
1.23511,32.3507
1.33566,32.5325
1.40083,32.7191
1.42638,32.9224
1.29745,33.085
1.38773,33.2533
1.30752,33.4361
1.37093,33.61
1.246,33.7534
1.3351,33.9275
1.42697,34.1067
1.33003,34.2888
1.31079,34.4933
1.20443,34.6621
1.31449,34.8328
1.30723,35.039
1.36281,35.241
1.45606,35.4104
1.51624,35.5942
1.46541,35.7891
1.50638,35.9761
1.41126,36.1462
2.01483,0.0410179
1.92203,0.212149
1.83835,0.399298
1.86981,0.608603
1.90307,0.802245
1.95533,0.996836
1.75118,1.05948
1.77223,1.26898
1.8319,1.4713
1.89351,1.67109
1.85989,1.88167
1.93474,2.0625
2.02924,2.24802
1.84004,2.36244
1.75757,2.53747
1.90695,2.66337
1.89732,2.8818
1.76995,3.04644
1.56615,3.08215
1.70524,3.22513
1.65968,3.41802
1.83226,3.50159
1.96466,3.65351
2.03671,3.8589
1.96406,4.05376
1.81332,4.19148
1.76102,4.39156
1.82549,4.58085
1.82033,4.79285
1.88332,4.99674
1.9289,5.18985
2.01974,5.38009
1.83582,5.47441
1.92508,5.66192
1.97493,5.87355
1.8743,6.05783
1.66246,6.10309
1.78558,6.25603
1.69172,6.44147
1.6914,6.62953
1.72318,6.83043
1.82483,7.0307
1.73378,7.19722
1.76508,7.39806
1.8476,7.58757
1.74177,7.74875
1.77946,7.94854
1.6999,8.13648
1.61102,8.33455
1.52554,8.51172
1.39797,8.67682
1.39758,8.88296
1.26777,9.06061
1.19204,9.26835
1.27802,9.47564
1.22547,9.6662
1.13593,9.85849
1.17826,10.062
1.19504,10.2734
1.31026,10.4351
1.43484,10.6046
1.46401,10.8195
1.4703,11.0197
1.28111,11.0522
1.30115,11.2439
1.40314,11.4242
1.4728,11.613
1.44038,11.8153
1.34316,12.0028
1.26074,12.1877
1.13354,12.347
1.18297,12.5514
1.3062,12.6906
1.3763,12.8752
1.42576,13.0689
1.33232,13.245
1.17724,13.3816
0.987002,13.4686
0.984296,13.6713
1.1672,13.7823
1.327,13.9242
1.35221,14.1176
1.22297,14.283
1.36507,14.4263
1.55906,14.4785
1.58003,14.6879
1.74044,14.807
1.64979,14.9985
1.71319,15.1932
1.71347,15.4036
1.79687,15.5965
1.79292,15.7978
1.80026,16.0384
1.90773,16.2292
1.94558,16.416
1.84074,16.5791
1.71748,16.7458
1.77958,16.9175
1.77921,17.1193
1.67131,17.2971
1.6045,17.4914
1.49801,17.6562
1.53651,17.8762
1.66466,18.0376
1.54249,18.2038
1.70167,18.3417
1.79693,18.5391
1.75784,18.7392
1.68232,18.9272
1.61083,19.1172
1.7358,19.28
1.64504,19.474
1.65451,19.6711
1.64279,19.8909
1.75901,20.0741
1.87219,20.2402
2.03631,20.3289
2.21139,20.4484
2.02102,20.5682
1.92881,20.7502
1.96969,20.9424
1.82786,21.109
1.88842,21.2888
1.88631,21.4807
1.72079,21.5497
1.83651,21.7054
1.75009,21.8866
1.87009,22.07
1.78442,22.2579
1.86175,22.4545
1.86788,22.6545
1.70439,22.7853
1.57785,22.953
1.44518,23.1053
1.35141,23.3216
1.30603,23.5144
1.20846,23.6869
1.27825,23.8854
1.2831,24.0831
1.38066,24.2533
1.46546,24.4472
1.47819,24.6432
1.40659,24.819
1.3157,25.0079
1.17111,25.1469
1.32164,25.277
1.30364,25.4794
1.21809,25.6753
1.16936,25.896
1.24159,26.0865
1.42152,26.1993
1.50205,26.3709
1.50946,26.5683
1.58219,26.7582
1.76208,26.831
1.68933,27.0399
1.76457,27.2314
1.77199,27.4317
1.84408,27.6285
2.04058,27.7119
1.92738,27.8991
2.06276,28.0481
1.96488,28.2371
1.99476,28.4407
2.09471,28.6177
1.88527,28.7028
1.78121,28.8647
1.84201,29.0605
1.83927,29.2665
1.70087,29.4232
1.7072,29.6409
1.63458,29.8315
1.6652,30.0348
1.72981,30.2302
1.79971,30.4396
1.69856,30.6221
1.5938,30.7855
1.65592,30.9804
1.58902,31.171
1.76026,31.2794
1.67997,31.4886
1.79,31.6675
1.78305,31.8679
1.66905,32.0234
1.6744,32.2395
1.7779,32.4262
1.88408,32.6071
1.79765,32.7861
1.798,32.9731
1.81663,33.1779
1.85489,33.3668
1.84382,33.5688
1.74724,33.755
1.77778,33.9486
1.91127,34.0931
2.04347,34.2415
2.20583,34.3585
2.31499,34.5289
2.31681,34.7201
2.1813,34.8763
3.61756,0.461548
3.58272,0.665944
3.42544,0.786875
3.44241,0.988427
3.4628,1.19401
3.56925,1.3703
3.63237,1.55521
3.70467,1.75816
3.82218,1.93217
3.68971,2.07697
3.78764,2.26745
3.83307,2.48246
3.79574,2.68972
3.73416,2.88989
3.84493,3.06592
3.99879,3.19126
3.91486,3.37558
3.74437,3.48146
3.81272,3.65692
3.8775,3.84371
3.84104,4.04214
3.72967,4.19429
3.75182,4.37713
3.79152,4.56372
3.73287,4.75437
3.60474,4.92784
3.64904,5.10774
3.61076,5.29037
3.48546,5.44506
3.46622,5.67017
3.54253,5.84817
3.44556,6.02377
3.49201,6.23404
3.50303,6.43937
3.53185,6.64791
3.46535,6.84252
3.50673,7.05007
3.40095,7.22783
3.526,7.37651
3.40508,7.55331
3.32964,7.7397
3.15997,7.87188
3.21904,8.06983
3.36225,8.2045
3.31222,8.40527
3.40728,8.59487
3.40947,8.81186
3.2445,8.93832
3.3411,9.13156
3.49142,9.27049
3.49089,9.48034
3.58931,9.65103
3.45413,9.82345
3.63216,9.90294
3.70711,10.0822
3.74115,10.284
3.85497,10.4499
3.93263,10.6557
3.90143,10.8757
4.01769,11.0561
3.97683,11.2581
4.1329,11.3931
3.99986,11.5462
3.92971,11.7202
3.84762,11.9006
3.78026,12.097
3.66979,12.2644
3.73754,12.4501
3.7679,12.661
3.64279,12.8284
3.66353,13.0447
3.59085,13.2448
3.64651,13.4373
3.79599,13.5831
3.76379,13.7968
3.76273,14.0057
3.67069,14.1989
3.8224,14.3565
3.65932,14.5064
3.78084,14.6702
3.77782,14.8824
3.801,15.0912
3.88808,15.2756
3.96638,15.4473
4.01066,15.6452
3.93665,15.8391
3.83919,15.9995
3.79337,16.1965
3.64296,16.3145
3.69778,16.5201
3.78772,16.7214
3.92927,16.8599
4.06104,17.027
3.92462,17.1893
3.90782,17.4042
3.78432,17.5645
3.72652,17.7569
3.71425,17.9503
3.63647,18.1508
3.51138,18.3161
3.39814,18.4748
3.45833,18.6563
3.5111,18.8604
3.64943,19.0153
3.62104,19.2074
3.73289,19.3717
3.59416,19.5111
3.69099,19.6879
3.57971,19.8606
3.56157,20.0543
3.68387,20.2174
3.57334,20.3829
3.68065,20.5803
3.49347,20.6475
3.55123,20.8561
3.66657,21.0192
3.722,21.2318
3.78117,21.4187
3.96797,21.5096
4.10073,21.6564
4.08513,21.8443
4.10059,22.0455
3.89633,22.1252
3.87376,22.3375
3.73312,22.4887
3.76,22.6929
3.75603,22.881
3.71554,23.0779
3.8431,23.2477
3.67225,23.3527
3.77845,23.5108
3.60488,23.6205
3.59143,23.8375
3.58959,24.034
3.68704,24.2136
3.53759,24.334
3.66417,24.5016
3.63671,24.7039
3.76517,24.874
3.7367,25.0883
3.59999,25.2389
3.72205,25.4192
3.7709,25.6113
3.81878,25.7946
3.8607,25.9766
3.67867,26.0975
3.48798,26.1667
3.4988,26.3704
3.6029,26.5409
3.72266,26.6964
3.59132,26.8678
3.58254,27.0766
3.56274,27.2766
3.43529,27.4451
3.44882,27.6447
3.60292,27.7792
3.63171,27.9833
3.67637,28.1847
3.77447,28.3758
3.65278,28.5419
3.73072,28.7276
3.73092,28.9248
3.74081,29.1201
3.61603,29.261
3.71594,29.4473
3.70465,29.6463
3.83711,29.7936
3.78788,29.9928
3.75556,30.2038
3.79872,30.4029
3.71673,30.5817
3.72909,30.7797
3.6838,30.9921
3.88118,31.0305
3.94063,31.2257
3.86027,31.4168
3.81212,31.6184
3.83659,31.8182
3.8137,32.0246
3.91723,32.2046
3.92649,32.4178
3.95824,32.6133
3.85524,32.7844
3.81465,32.9861
3.92095,33.1658
3.74807,33.268
3.8057,33.4726
3.84543,33.6831
3.94894,33.8471
3.84699,34.0193
3.93092,34.1938
3.83544,34.3572
3.77599,34.551
3.77995,34.7624
3.80413,34.9706
3.92338,35.1408
3.92372,35.3496
3.99794,35.5478
4.12668,35.696
4.09693,35.8982
