parameters (x,y,w,h,rx,ry):-5,0,10.000000,40.000000,100,100
34,38,48,35,28,38,44,45,62,60,55,39,33,31,47,50,64,65,75,64,57,41,50,43,54,59,61,61,61,71,52,35,30,37,45,50,44,64,61,69,55,32,29,25,27,51,41,60,54,45,51,37,30,32,33,46,46,46,76,58,64,53,37,33,45,51,57,62,70,66,72,61,45,40,44,59,65,62,65,68,46,57,48,42,48,64,73,70,66,38,38,48,42,36,32,32,52,47,41,46
90,82,55,75,74,90,105,121,157,142,111,105,76,80,85,111,139,167,168,160,109,94,87,90,121,131,174,181,157,132,115,66,55,70,99,102,133,152,130,124,115,85,60,37,76,103,103,116,161,125,95,91,68,58,70,83,88,137,167,142,137,117,86,80,83,103,117,151,173,180,141,122,79,72,97,111,148,176,130,133,134,109,86,77,106,142,154,169,147,104,109,78,72,75,85,84,118,135,115,102
84,71,57,55,76,94,110,125,136,158,124,93,78,66,106,112,140,170,170,155,116,95,79,73,110,124,203,168,163,121,119,61,52,71,88,93,153,164,147,131,112,79,49,51,60,97,98,146,165,151,96,87,63,61,45,71,128,137,162,154,157,107,96,73,83,79,117,151,196,180,144,106,76,69,92,131,149,175,156,136,113,96,93,84,111,127,154,164,169,117,87,70,65,76,71,102,115,135,122,116
84,63,50,48,65,95,99,107,163,151,131,94,66,56,75,112,141,148,181,197,121,81,59,79,110,152,195,184,156,131,106,62,44,56,102,107,145,157,177,133,116,55,55,41,71,93,104,152,181,139,98,90,53,46,53,63,114,145,151,160,140,127,87,70,69,100,117,148,192,178,164,93,73,50,81,123,145,184,170,133,109,92,85,83,104,130,161,172,155,120,97,62,59,68,66,108,110,154,140,116
97,64,59,44,58,80,101,112,174,154,133,87,76,63,66,95,159,186,182,176,128,80,76,71,105,153,188,209,156,119,81,70,56,60,73,109,132,186,182,138,100,77,37,37,49,72,133,152,180,160,122,63,42,41,57,68,102,172,164,153,155,100,92,54,82,86,103,160,205,189,146,94,85,60,65,102,162,184,203,160,111,81,78,83,106,145,148,181,151,144,90,77,41,55,86,94,136,143,146,133
92,65,48,43,55,75,101,150,153,146,136,99,79,58,62,98,134,187,191,158,127,99,80,77,86,142,182,198,194,131,80,64,53,54,58,105,146,183,175,149,105,73,44,33,35,60,126,168,220,132,107,74,62,33,36,74,110,167,157,140,162,127,67,59,67,75,133,163,203,181,151,78,72,63,55,121,153,178,195,149,111,94,73,91,102,136,152,173,186,136,97,55,46,62,79,85,130,152,163,112
101,52,42,38,62,72,100,123,178,154,126,101,66,62,68,105,134,163,193,175,132,100,81,67,99,133,180,175,199,147,90,67,46,49,66,103,140,198,174,163,96,77,45,22,26,58,130,175,183,163,121,90,53,29,35,68,111,140,161,159,171,126,69,65,64,75,124,185,219,183,156,91,62,55,69,102,162,201,173,159,107,86,87,84,98,138,171,171,166,123,95,59,49,71,88,107,120,143,163,104
102,53,49,36,53,73,112,125,177,145,134,107,87,64,57,68,143,185,200,156,131,115,65,80,85,126,173,191,185,151,102,65,53,49,66,94,132,210,188,166,112,55,27,28,35,58,121,169,201,167,118,75,50,29,41,56,99,135,181,196,169,129,98,58,53,76,106,168,206,193,144,94,59,69,59,90,144,193,193,162,106,90,50,78,123,141,202,176,155,117,86,62,44,83,66,112,126,143,135,118
90,56,29,39,43,84,115,124,148,159,135,139,81,55,60,88,122,173,170,172,157,103,70,66,96,119,144,222,187,143,109,68,50,36,77,109,121,168,206,159,114,54,40,29,45,53,101,152,190,200,131,70,38,39,36,51,78,126,166,187,195,142,86,57,52,70,122,162,204,194,163,105,47,50,76,98,155,185,196,177,128,83,59,94,99,133,186,181,183,120,63,64,50,48,89,122,144,148,159,111
74,57,48,33,50,73,109,134,155,155,163,134,73,56,57,82,129,154,199,189,122,112,66,64,79,129,163,197,191,156,101,63,46,37,63,103,142,173,195,173,121,63,41,29,31,64,94,175,196,180,146,78,31,41,40,53,75,121,167,192,177,120,96,59,54,69,110,150,194,195,175,112,67,64,52,90,148,187,196,175,125,85,82,77,102,128,178,188,183,88,100,47,46,46,87,103,136,143,165,121
95,46,34,38,53,77,97,153,142,174,148,115,87,56,63,73,137,179,190,182,146,99,69,47,82,109,158,194,209,178,93,66,47,37,67,99,134,189,181,184,127,66,32,21,23,46,112,161,198,228,122,83,46,28,33,50,76,124,195,191,181,123,82,43,51,77,102,163,191,238,148,105,70,61,79,84,142,187,200,167,123,82,81,59,90,138,185,207,181,108,76,45,42,48,77,117,150,163,146,118
84,54,30,39,48,62,106,118,160,172,160,119,91,69,46,64,118,190,178,184,143,96,64,58,80,99,169,199,187,158,133,55,39,45,81,94,122,187,184,192,126,64,27,22,25,57,112,153,205,207,139,80,44,25,29,47,81,140,181,205,169,132,64,53,62,76,105,157,226,191,155,96,63,43,75,104,163,197,181,174,124,83,55,63,86,101,198,207,174,121,80,41,36,45,76,118,153,157,136,132
93,45,39,39,41,58,91,133,159,162,182,113,79,74,59,82,114,163,197,199,132,107,62,65,72,127,158,199,188,149,124,61,50,52,53,103,141,186,200,185,105,76,27,23,40,44,98,167,192,181,165,76,41,24,26,42,114,149,176,181,170,104,76,58,47,78,109,176,219,207,151,85,66,52,64,89,145,210,184,165,132,91,47,71,93,135,179,233,170,96,76,46,52,47,63,127,144,156,167,115
93,72,34,31,42,79,75,122,156,173,178,119,78,61,57,91,114,170,192,192,154,101,66,47,78,127,172,224,181,137,106,60,46,56,66,107,127,207,159,153,120,70,33,31,34,54,85,144,197,191,161,96,50,33,18,43,92,153,209,188,141,111,79,49,33,60,117,174,220,226,154,98,54,50,70,100,143,199,187,167,129,95,67,66,99,124,187,190,200,115,72,42,31,39,60,108,158,169,170,125
87,70,40,28,39,65,91,135,137,150,173,130,91,65,57,73,128,168,203,190,140,88,62,50,63,128,172,193,187,165,104,67,43,41,73,103,147,199,193,140,96,78,41,25,30,60,112,159,175,218,137,99,54,23,27,56,89,143,197,173,181,119,70,55,44,50,102,181,202,240,141,86,61,45,62,99,146,204,187,171,124,81,65,82,98,139,169,178,168,152,84,47,30,38,70,109,143,160,183,124
102,62,40,38,27,55,96,129,140,185,166,137,90,44,58,68,132,191,196,158,155,101,61,46,76,123,169,198,192,168,97,66,58,49,65,105,132,195,180,158,105,84,28,20,37,55,103,159,209,186,139,103,49,25,27,47,85,125,186,202,143,142,80,46,38,47,119,186,214,205,140,89,59,43,63,87,151,185,196,164,145,93,60,74,90,124,173,194,186,121,89,40,27,34,65,100,158,178,179,118
85,57,35,38,43,44,102,118,162,178,162,115,76,76,45,53,134,174,196,178,135,103,77,60,62,110,184,192,188,178,97,62,49,45,55,99,139,186,212,174,108,78,39,14,25,62,100,157,231,190,155,85,49,28,26,50,78,127,197,189,157,144,83,49,38,70,123,195,218,185,148,87,53,37,55,93,151,203,202,158,135,96,66,71,84,130,172,201,185,121,73,42,35,39,67,92,128,183,170,159
84,55,32,29,38,50,91,133,174,176,158,127,75,53,52,68,131,190,181,184,160,78,69,55,69,117,165,199,191,169,120,65,37,43,63,97,149,194,215,146,104,74,33,15,31,47,95,178,190,213,160,94,39,39,29,36,77,130,205,174,162,144,75,52,52,74,129,174,235,215,128,76,48,35,54,100,141,177,230,181,125,86,63,67,92,144,163,210,169,134,84,37,35,45,50,94,172,192,177,138
88,65,30,33,29,51,96,148,160,182,158,110,75,54,47,70,119,196,187,193,153,95,54,36,81,132,151,194,195,161,102,69,29,44,67,109,155,192,193,150,100,62,30,30,21,45,121,155,211,191,152,90,45,23,18,41,83,129,195,203,169,122,85,54,50,70,120,176,225,200,144,84,46,27,53,92,150,185,224,178,124,76,68,74,92,144,167,169,163,140,85,37,27,41,67,105,155,184,169,136
104,55,34,29,33,47,105,122,166,201,160,114,66,64,48,77,110,178,199,183,168,84,56,44,79,123,161,211,193,151,104,71,37,37,69,116,145,217,181,121,105,67,29,27,29,53,110,158,187,206,172,94,46,22,15,44,85,144,161,189,183,136,92,59,46,76,125,164,209,228,154,85,51,26,40,87,127,205,227,183,121,69,58,69,86,155,175,171,169,125,78,39,31,38,61,96,133,200,156,179
99,43,29,30,47,46,86,128,186,191,159,127,73,44,47,91,110,185,200,182,149,93,60,50,66,104,158,219,207,167,106,52,40,32,58,113,150,195,206,161,108,53,43,20,26,54,91,172,183,216,172,77,37,22,23,40,89,110,190,203,171,143,78,55,45,81,105,173,220,205,166,81,36,30,66,80,134,212,208,189,118,78,40,82,92,127,194,196,174,125,80,38,43,45,47,106,152,187,175,151
86,58,33,32,41,42,78,133,180,184,166,119,74,57,52,75,130,149,188,214,137,104,59,44,63,86,183,207,227,170,83,58,39,32,55,91,160,202,221,164,102,59,39,22,24,51,123,157,209,207,165,87,42,23,24,55,75,115,164,211,172,153,94,48,49,64,125,166,214,215,138,99,46,36,63,88,132,197,203,166,128,89,56,53,102,147,154,188,193,137,63,52,34,56,54,94,165,200,147,154
91,48,47,32,40,51,89,142,163,164,156,114,83,56,67,69,124,151,194,207,147,101,57,46,67,104,165,205,230,179,93,56,27,27,52,104,146,194,214,167,107,64,34,28,24,57,82,198,192,210,151,95,39,31,23,46,68,114,194,204,160,145,82,60,43,59,116,182,195,203,156,99,50,44,52,90,139,214,201,182,121,78,57,51,84,132,205,190,174,131,87,46,41,40,67,101,148,194,190,133
72,54,32,35,51,55,86,111,164,158,161,115,81,49,57,80,116,165,223,189,116,108,65,57,63,108,165,231,185,161,103,60,37,25,38,110,142,179,223,183,114,62,22,27,32,54,127,166,185,193,154,82,59,27,27,42,79,129,188,226,176,127,73,59,60,56,103,161,219,202,164,93,57,36,51,95,143,203,204,170,113,83,65,63,103,143,182,204,163,130,74,54,35,50,54,98,146,199,206,140
94,36,32,35,46,51,86,108,147,163,165,137,74,75,61,85,124,186,176,192,140,109,62,66,50,94,176,228,208,160,86,69,35,29,44,83,149,203,201,185,107,65,24,21,37,57,99,177,202,195,160,69,59,23,34,52,82,119,188,192,182,123,83,62,40,61,95,157,211,212,183,102,47,37,56,80,162,205,191,161,127,75,63,77,73,146,196,179,157,130,69,53,27,37,69,98,163,219,192,143
87,47,22,26,42,59,81,123,169,160,155,122,83,67,74,84,104,168,205,170,155,104,68,43,60,92,170,227,207,157,95,57,29,28,73,89,153,201,202,185,93,64,28,21,28,56,106,169,202,198,137,87,62,37,33,47,101,147,174,177,166,112,95,73,52,53,91,159,228,187,175,87,52,38,59,79,135,202,194,166,119,84,72,72,86,151,193,200,179,100,77,54,40,52,64,98,154,200,211,134
97,52,31,20,32,54,76,138,165,149,158,120,95,69,51,82,130,171,204,176,141,103,79,47,47,106,154,212,208,179,103,46,25,45,56,107,149,199,200,161,109,53,27,22,27,67,97,171,217,192,128,86,56,29,32,39,83,154,182,181,149,113,93,66,42,56,107,175,220,211,154,107,46,36,45,73,139,201,210,179,130,85,62,72,86,164,179,203,163,94,77,49,36,52,60,125,145,182,189,153
89,64,31,17,28,55,67,139,177,182,158,126,79,61,64,72,118,176,200,182,142,107,64,47,56,94,183,202,206,165,105,49,34,42,57,119,148,193,203,177,107,46,37,17,21,66,107,173,215,188,124,98,60,38,32,48,92,145,171,201,153,145,82,54,45,67,106,177,204,208,150,111,54,40,43,70,118,205,217,163,123,81,70,64,83,136,190,181,160,138,82,65,37,45,60,105,175,209,154,146
91,65,35,18,32,40,73,138,169,208,159,111,78,58,66,87,123,165,201,197,150,88,55,41,61,101,158,233,187,178,97,43,39,31,73,92,168,200,213,155,96,47,21,22,24,53,122,168,208,208,132,68,53,36,30,57,90,124,191,179,179,140,80,40,44,77,109,163,214,228,153,104,65,30,41,66,151,198,218,168,129,83,58,66,90,134,175,206,164,134,92,57,36,38,81,96,144,175,174,152
87,52,28,24,25,49,74,131,178,183,156,121,75,70,50,88,139,143,230,184,133,104,59,50,76,105,179,205,213,171,85,56,30,46,64,105,160,208,221,156,99,50,15,24,29,46,116,169,228,186,146,87,35,40,43,52,87,114,164,212,170,143,82,51,46,65,126,190,176,211,156,104,46,35,45,78,130,197,196,178,137,74,60,61,91,131,171,202,179,144,88,57,36,27,67,109,183,183,171,157
93,44,38,19,32,45,70,126,169,178,149,123,74,69,67,75,118,191,201,184,113,125,69,48,58,111,155,229,213,151,87,53,27,40,61,110,164,190,208,152,97,36,29,20,31,71,83,141,225,198,145,91,62,27,27,47,89,111,162,189,190,123,89,63,47,53,116,194,218,204,158,101,56,33,44,81,134,171,195,213,120,80,68,56,79,119,155,231,189,137,89,58,38,37,77,103,174,189,191,130
90,41,32,32,22,48,74,124,165,187,170,111,86,69,61,98,130,185,196,172,144,100,69,50,75,103,161,213,219,150,102,59,28,34,51,114,208,179,190,149,95,61,28,23,26,61,99,166,194,191,146,97,62,41,27,56,64,120,157,217,190,140,67,55,50,69,125,161,199,200,167,99,59,36,55,89,141,175,210,193,140,86,41,53,70,124,200,195,194,148,86,49,49,39,56,116,185,191,174,132
76,52,25,21,27,44,80,128,168,184,152,122,79,71,48,86,128,196,197,187,119,102,58,53,61,109,152,226,212,158,92,68,26,25,59,122,156,219,177,138,106,65,28,20,25,53,95,165,196,209,161,74,63,37,28,46,77,138,174,186,177,146,84,45,54,65,134,183,169,207,157,103,57,40,47,93,145,181,202,172,134,77,56,44,72,124,179,205,189,146,85,51,44,47,76,108,148,188,194,146
91,39,31,21,22,42,72,136,166,196,154,144,77,61,54,84,121,182,195,206,120,81,63,51,46,117,147,221,228,172,105,55,42,22,49,103,148,206,201,167,91,64,28,26,12,55,107,184,196,166,168,97,55,34,27,47,69,116,201,196,178,140,91,53,50,79,118,157,190,186,170,101,67,41,47,78,154,178,215,175,123,86,53,52,64,123,177,206,182,139,97,51,44,50,72,100,150,207,181,144
84,52,29,19,26,49,94,128,157,177,169,105,78,77,51,71,135,166,195,178,149,91,60,44,58,108,184,203,194,154,113,65,38,39,67,86,162,175,202,169,104,70,39,19,16,41,105,175,213,185,156,91,54,33,28,46,68,126,187,206,181,150,86,56,55,64,116,177,188,189,146,104,68,47,53,81,158,176,203,195,115,86,45,58,80,126,190,187,184,170,85,40,39,43,77,103,142,186,194,140
89,46,46,22,34,46,76,114,161,177,175,125,86,70,52,76,137,174,201,183,130,89,57,56,60,122,162,228,204,159,103,53,32,35,72,107,127,177,202,179,107,71,29,17,30,48,109,165,195,223,152,94,42,27,30,38,67,138,185,206,185,136,74,61,51,64,117,186,207,200,132,96,52,60,51,80,127,189,211,157,136,77,56,69,61,155,161,191,196,179,68,45,38,57,68,103,143,192,189,129
74,65,39,26,29,46,88,109,155,193,172,120,104,51,42,95,129,178,203,185,151,96,54,46,55,108,179,202,217,154,112,56,27,30,70,107,115,194,190,166,125,67,18,20,28,46,80,170,226,195,193,84,39,23,33,36,77,134,173,195,209,127,91,43,35,59,127,174,214,177,139,103,59,48,57,73,132,183,202,214,119,85,49,51,83,114,205,188,200,146,78,47,40,53,89,96,163,153,187,130
95,68,28,27,39,42,83,128,172,180,174,123,87,54,56,84,127,175,170,194,149,98,54,58,69,105,151,208,220,170,89,49,31,28,74,124,132,182,200,167,129,57,26,14,25,46,85,182,221,211,160,98,39,31,31,33,94,136,177,198,180,133,82,49,33,55,117,181,197,218,162,87,56,51,53,90,117,179,200,213,134,71,59,47,77,128,185,232,164,140,83,36,41,54,57,126,149,188,144,140
103,62,32,33,31,36,76,126,160,177,191,121,80,46,61,94,116,171,188,176,141,110,74,51,59,123,174,221,179,162,96,78,35,34,61,104,141,181,201,162,129,73,15,20,20,47,102,145,217,202,164,97,49,30,32,38,81,124,162,180,192,134,90,52,43,55,95,187,225,185,167,87,63,53,51,80,130,164,232,188,139,68,41,48,104,127,184,207,201,133,72,45,40,48,67,126,160,154,163,142
89,55,34,36,27,50,77,117,177,203,161,120,94,49,76,74,96,164,181,188,156,111,66,60,61,110,192,210,186,152,112,58,50,52,66,91,133,176,199,157,130,63,26,19,21,54,98,189,200,201,150,112,38,25,28,37,88,141,184,193,175,129,81,48,52,54,95,172,240,207,143,88,65,42,50,89,134,166,201,204,129,91,62,61,83,135,169,210,188,106,72,47,40,49,67,127,151,146,189,137
86,58,36,24,34,39,83,129,165,186,162,131,93,57,50,94,125,151,196,191,147,111,73,59,64,95,156,214,197,155,101,62,58,49,56,95,143,193,200,171,90,53,46,13,33,44,106,162,206,213,162,86,37,18,23,36,85,143,199,190,175,133,72,45,43,68,111,167,247,197,165,97,43,38,62,77,135,177,170,199,158,101,65,64,88,133,182,216,171,130,84,50,33,36,69,107,137,212,164,128
81,65,38,27,24,44,86,128,151,159,164,145,93,54,67,84,105,140,190,227,155,107,52,61,47,109,152,237,198,168,76,63,50,57,74,98,136,190,223,169,101,61,31,21,27,59,115,153,203,219,156,103,44,18,29,38,89,135,196,193,181,114,80,44,44,78,95,150,224,232,148,82,59,43,58,84,143,173,172,190,149,98,72,62,91,139,187,216,170,114,83,57,27,40,43,96,169,195,166,146
107,56,35,27,29,43,74,139,137,208,153,116,80,70,58,66,107,153,223,199,141,114,69,37,58,99,191,184,226,167,93,60,39,59,76,105,152,171,185,172,109,58,38,22,31,62,111,164,199,184,161,121,43,32,24,40,87,133,196,208,157,104,82,56,55,70,117,177,212,205,156,75,56,44,59,80,125,173,203,192,127,94,69,68,87,148,199,216,163,110,87,41,33,41,61,91,140,204,184,121
94,62,41,32,23,49,68,132,161,192,151,102,107,60,54,68,103,166,217,206,146,111,76,52,64,100,162,185,238,149,98,59,52,44,79,92,151,202,179,148,108,55,32,19,30,52,93,164,202,216,158,86,50,26,25,46,72,153,199,195,164,99,83,58,45,60,121,173,212,218,149,88,44,39,44,78,136,194,208,176,137,84,58,51,89,161,192,214,161,124,69,46,33,44,55,96,136,184,183,149
106,71,41,26,33,50,90,118,155,190,147,115,93,62,57,66,120,146,182,213,172,121,73,52,59,92,172,214,205,157,105,61,40,44,74,112,138,183,200,183,104,47,27,21,25,45,85,143,229,220,157,116,43,22,26,51,89,123,177,204,172,116,85,52,43,68,112,161,216,229,151,95,63,31,50,83,153,194,216,163,134,98,49,55,99,133,193,195,169,137,67,42,32,29,52,96,145,186,186,129
97,65,38,18,31,42,72,113,175,173,168,133,80,61,56,70,104,156,202,184,146,131,67,57,59,129,191,208,180,148,96,65,43,46,65,110,143,183,190,182,107,47,28,18,23,52,87,150,217,204,180,104,54,26,26,42,74,141,151,217,172,142,87,46,39,80,101,164,228,210,141,96,47,40,55,71,147,190,203,180,137,85,59,47,92,132,174,201,186,137,75,52,28,38,46,93,133,203,198,154
103,68,34,22,31,50,74,118,164,188,154,132,82,59,59,65,121,139,197,191,172,109,70,54,76,112,191,205,192,151,100,55,43,43,64,99,161,200,216,148,104,58,18,16,20,46,101,157,218,204,158,113,37,36,19,46,68,138,182,180,181,138,95,53,50,70,126,152,195,202,164,99,60,36,43,80,141,195,214,182,143,79,63,51,80,118,186,198,202,133,82,30,36,28,63,92,143,181,184,155
108,77,31,25,24,51,77,108,175,204,175,119,76,59,53,62,109,139,208,192,169,105,53,71,67,118,171,189,209,145,108,59,39,40,65,101,138,188,236,150,97,52,23,20,26,43,102,154,197,222,165,116,46,30,31,44,54,142,179,182,181,132,97,55,40,64,112,176,213,213,161,95,52,36,42,87,123,206,212,201,134,84,43,58,85,126,189,205,164,144,72,55,37,42,55,98,139,176,151,153
114,70,38,24,23,44,59,130,176,185,184,137,72,57,44,56,100,162,210,192,164,109,60,50,58,124,185,200,205,168,94,51,49,38,59,108,164,210,194,163,104,46,26,20,25,50,103,138,208,232,163,104,36,35,30,35,77,124,179,211,169,139,90,41,37,69,102,169,239,195,161,96,49,35,49,83,137,190,215,188,125,87,55,56,89,136,194,183,188,126,79,50,42,41,65,103,121,191,160,151
101,59,41,26,30,47,64,109,174,183,162,129,90,64,42,77,104,139,215,186,164,96,80,52,68,114,156,209,200,174,88,48,54,25,56,95,149,227,229,158,103,58,26,20,17,56,70,168,214,212,156,99,44,33,39,35,80,108,182,188,194,146,79,52,47,53,99,181,228,202,162,92,52,36,62,97,145,190,193,179,144,79,49,53,86,144,193,180,164,120,90,46,38,50,49,84,135,189,187,151
91,65,32,30,23,58,77,113,167,180,168,134,90,54,57,72,93,189,184,207,163,109,56,48,79,115,180,213,184,160,99,55,46,28,54,95,165,190,219,188,111,38,24,21,23,42,84,180,201,228,161,96,39,36,31,41,91,114,176,199,193,132,88,59,36,51,87,173,236,216,161,77,61,42,52,95,163,191,206,165,132,74,52,65,90,146,190,180,167,137,77,48,38,47,59,86,138,163,185,162
82,69,30,24,28,52,94,117,158,181,177,122,88,61,59,62,115,172,197,200,147,101,63,41,65,125,198,179,201,165,104,50,37,33,54,93,135,226,211,173,130,41,16,11,30,51,100,161,219,194,172,105,37,18,21,46,101,137,178,189,182,134,87,64,40,72,103,171,206,204,163,90,53,38,59,93,153,193,197,156,142,61,53,63,94,137,191,193,172,125,96,47,48,47,58,100,128,174,202,152
111,51,34,23,29,55,74,122,163,187,157,137,86,57,57,79,115,181,188,168,161,110,67,51,68,102,180,206,175,156,132,69,38,30,56,85,148,202,229,160,131,39,27,12,19,48,102,154,210,226,167,103,45,25,33,46,96,159,163,194,166,115,83,45,54,58,120,169,216,206,166,97,66,51,52,79,142,187,229,162,112,77,57,65,100,149,178,188,175,120,77,49,38,41,67,82,126,166,185,167
110,64,28,28,28,56,75,121,160,167,171,145,82,61,51,78,123,157,188,188,152,105,62,47,54,102,193,203,204,152,103,70,43,34,68,92,139,197,214,176,106,53,21,16,32,50,118,151,193,219,155,109,55,28,26,40,90,138,174,188,183,119,74,61,55,70,103,185,216,217,144,100,55,36,46,77,139,197,208,181,122,73,53,64,106,151,190,190,179,129,76,33,35,40,60,105,128,173,183,150
102,59,32,24,29,66,82,112,160,165,179,130,92,56,57,75,129,154,177,200,164,112,54,42,64,100,182,228,202,153,96,61,43,30,53,101,155,209,221,151,112,57,14,9,28,42,130,171,181,202,156,107,63,29,37,50,65,136,175,187,181,137,79,57,44,85,108,159,230,213,126,85,62,43,43,80,148,170,221,166,138,87,52,63,96,142,184,212,169,128,78,43,43,37,53,101,125,173,185,166
93,48,39,30,24,42,95,100,164,185,155,124,86,59,59,77,117,156,190,195,151,125,67,40,64,103,181,227,193,158,100,68,36,19,59,93,157,180,202,190,138,40,16,21,23,55,106,170,204,191,154,96,53,35,33,50,59,127,191,208,177,130,92,65,35,50,109,192,201,189,171,90,56,39,45,91,126,179,209,177,141,71,73,52,87,144,185,197,187,134,64,51,33,55,61,91,134,173,186,150
85,57,29,29,24,53,73,123,158,192,169,111,90,54,61,77,107,153,205,192,145,117,66,53,75,120,190,201,186,157,113,68,31,33,58,85,153,207,199,184,125,51,19,29,22,57,95,159,211,201,146,95,49,37,31,50,75,115,172,218,183,140,86,54,47,71,102,161,226,204,140,105,51,40,39,79,126,211,212,186,118,86,50,59,94,154,197,201,182,109,80,43,28,44,65,108,123,178,180,161
88,55,35,28,35,40,75,123,163,193,170,113,85,55,68,77,110,156,192,199,154,114,66,50,72,124,180,216,177,139,102,71,34,25,48,93,155,208,214,181,101,64,23,15,26,38,106,171,207,204,147,85,47,33,30,49,67,147,181,211,178,132,68,53,31,66,99,174,225,199,143,120,49,39,51,61,153,186,219,181,116,72,58,64,92,127,194,188,188,133,67,58,32,38,65,87,142,183,185,141
96,46,35,27,31,52,99,107,149,187,156,108,83,70,54,80,117,171,219,180,143,96,70,50,61,114,186,215,217,134,92,72,36,34,53,102,152,213,228,166,113,61,28,15,29,49,90,174,226,210,138,86,49,28,35,37,90,125,187,207,150,121,87,54,37,65,101,153,232,222,161,92,61,32,40,81,151,182,199,187,138,76,61,64,89,127,175,205,181,143,96,44,29,44,45,101,142,151,195,159
85,41,43,35,33,51,77,106,148,174,175,125,94,70,54,79,125,167,204,177,154,107,65,51,72,114,157,200,196,163,93,69,38,39,62,80,134,209,224,187,121,61,19,11,23,36,95,165,241,213,149,74,53,23,33,58,86,130,179,187,174,121,86,66,46,59,103,163,237,210,150,84,64,28,42,78,133,180,187,195,123,90,68,67,80,130,135,217,199,152,97,48,40,25,65,86,134,180,184,164
107,60,41,28,37,36,78,116,153,167,160,114,99,55,60,80,134,167,179,201,143,105,92,54,75,101,159,201,204,165,113,58,41,46,70,91,135,192,212,182,127,62,18,10,25,36,100,165,229,215,156,91,41,25,35,48,101,134,152,193,160,120,99,64,43,78,107,164,229,215,137,97,58,45,57,75,119,168,207,181,134,80,76,63,97,140,165,202,190,156,90,53,33,28,56,94,143,176,191,147
88,60,40,30,29,39,75,115,162,161,168,114,81,61,62,70,121,149,180,189,157,124,75,56,58,105,139,186,212,191,112,67,29,51,68,86,133,200,219,190,99,57,23,12,27,41,86,167,238,219,160,87,45,27,28,59,77,131,153,195,166,138,73,56,52,60,119,177,235,195,154,96,63,42,45,82,109,184,186,195,122,90,68,62,88,125,189,218,206,152,60,44,33,46,59,99,135,189,182,149
109,57,33,21,22,51,84,103,151,191,180,129,86,49,43,75,124,146,188,194,157,121,74,60,60,99,144,216,199,187,113,48,60,43,67,97,145,177,196,181,133,56,27,16,25,56,110,143,227,224,165,78,42,29,24,42,93,137,151,184,190,126,91,49,42,64,123,167,210,201,155,94,60,49,58,72,108,178,202,198,162,77,58,69,80,129,205,195,196,137,73,37,33,41,60,81,126,191,185,156
79,65,43,26,23,43,65,127,147,187,180,125,95,33,49,73,117,159,196,205,143,118,75,51,59,94,154,216,194,169,129,58,49,37,65,110,166,181,182,194,108,61,23,13,20,54,120,151,204,231,160,77,42,25,23,37,88,124,154,181,203,147,90,48,48,76,108,161,217,187,168,95,59,57,48,67,139,173,199,196,136,92,63,61,80,128,194,216,208,138,71,32,31,38,53,83,120,215,188,158
95,48,43,32,21,33,58,130,166,173,174,130,91,59,61,68,96,152,212,175,157,109,84,42,64,96,161,206,216,162,108,68,54,44,60,100,142,189,200,176,109,48,31,8,18,49,113,156,227,212,149,90,41,21,29,39,81,125,163,192,204,138,94,51,34,69,121,161,204,202,159,109,53,45,38,84,126,166,209,181,144,95,56,45,79,120,190,233,206,136,74,41,31,37,63,76,143,184,199,162
92,61,40,17,22,39,61,99,173,177,165,135,105,62,66,72,115,132,195,202,169,114,68,50,69,98,169,222,195,143,113,78,45,54,59,116,149,185,231,153,111,58,15,8,26,42,106,163,219,233,139,94,35,24,27,35,67,121,165,209,180,147,82,48,47,69,105,180,208,208,138,94,61,49,46,101,124,172,185,199,132,96,53,54,70,127,181,225,224,132,83,34,31,32,59,102,134,175,210,139
113,47,31,15,22,48,65,110,142,167,158,148,94,65,63,74,103,132,191,211,153,127,68,54,63,106,155,194,206,151,116,74,43,40,77,116,159,210,190,169,95,57,21,14,26,49,103,177,199,210,155,78,42,30,28,35,64,135,168,176,212,136,76,55,42,54,100,175,241,197,158,99,54,36,60,89,141,186,191,183,123,92,64,54,59,111,214,215,196,140,73,39,43,34,59,100,144,197,186,155
87,65,31,24,25,36,69,97,147,180,176,132,90,71,68,81,110,149,171,197,144,122,75,46,68,85,152,224,211,170,105,61,45,53,66,104,149,180,193,181,112,54,21,11,31,52,105,177,199,197,145,85,58,36,28,39,70,112,174,191,181,139,100,54,42,67,111,178,229,213,159,105,52,43,47,72,136,180,217,178,134,90,71,42,79,115,189,218,196,150,75,47,38,41,59,88,168,194,198,135
81,58,36,29,32,38,68,110,135,158,178,141,83,82,71,79,124,155,189,181,168,119,91,52,70,92,161,210,205,147,107,76,60,37,63,104,144,201,195,170,127,59,27,16,35,44,86,176,214,210,141,91,52,27,30,35,68,139,173,201,166,158,99,60,46,44,111,187,217,196,166,107,64,37,43,72,119,175,215,200,128,92,66,53,79,129,180,187,199,151,81,65,31,51,56,100,164,173,180,156
95,42,37,25,28,36,59,116,146,170,149,149,109,72,58,63,105,189,191,177,172,97,79,75,55,105,151,208,212,169,105,59,49,57,53,103,137,190,183,175,124,80,23,13,33,51,88,167,214,218,142,71,39,31,32,38,73,128,184,168,189,160,90,65,38,46,105,201,212,222,132,92,63,54,39,77,124,181,197,198,146,81,51,53,93,119,159,200,165,149,110,58,24,34,63,111,151,189,173,156
115,57,37,20,18,45,70,130,155,164,145,142,79,74,78,61,114,178,196,182,152,116,81,72,75,89,143,223,199,156,111,80,41,51,62,99,138,194,218,164,109,65,27,22,28,68,93,150,209,233,140,86,40,21,38,39,77,142,181,191,170,132,93,57,40,39,110,170,232,212,157,95,54,39,45,77,132,183,191,170,140,102,58,64,89,113,160,187,172,155,113,59,24,28,54,126,163,164,174,138
89,67,35,23,18,32,85,111,148,185,145,127,92,56,76,84,122,163,202,169,157,138,78,57,83,108,145,203,197,180,132,63,42,36,59,90,139,197,208,188,110,59,35,16,38,57,89,159,214,217,151,85,42,26,28,37,77,126,197,184,184,120,100,61,34,62,102,187,207,210,159,113,54,37,49,98,126,176,193,186,141,92,66,65,75,145,156,197,167,149,101,57,33,23,61,117,143,200,173,147
87,77,39,23,31,32,53,135,149,169,158,131,70,84,60,93,126,142,188,180,172,117,92,60,60,111,159,184,204,187,106,71,42,39,45,77,134,207,216,175,128,58,36,21,31,49,106,136,211,205,147,79,45,37,35,44,68,130,167,191,177,126,80,67,44,70,95,179,214,200,161,113,46,40,53,89,132,188,205,191,134,85,64,52,72,119,179,212,164,140,86,59,38,39,56,100,150,182,192,128
116,52,54,28,26,37,70,113,124,162,159,127,91,77,73,97,109,137,175,194,172,133,77,73,55,99,171,185,213,189,123,70,40,33,55,107,142,178,222,186,110,69,30,26,21,66,82,154,193,244,133,84,52,34,39,41,68,145,187,187,164,134,90,44,44,65,106,161,215,210,170,109,67,43,47,82,134,171,214,185,131,92,62,48,81,132,172,209,202,136,79,42,38,39,55,79,147,185,177,142
92,59,30,36,41,32,71,107,140,168,154,117,95,71,70,85,104,165,179,197,146,133,86,78,67,83,154,209,203,187,124,73,35,40,53,84,141,165,226,193,135,64,27,25,19,53,103,144,214,188,149,97,48,57,39,40,82,117,177,190,183,139,80,36,39,65,89,155,216,225,165,93,76,48,44,86,147,152,193,194,158,91,49,71,67,142,180,209,205,146,78,43,33,22,45,100,161,181,194,132
91,57,41,41,27,42,71,110,145,167,164,117,86,77,69,81,118,156,187,179,162,129,68,86,79,85,144,200,217,175,137,64,47,28,46,90,124,178,229,189,137,53,24,19,19,42,114,152,209,189,145,75,68,48,37,53,65,116,165,196,207,117,67,54,47,51,88,158,210,207,188,109,68,30,47,91,127,185,186,192,172,81,64,65,66,128,169,194,210,145,94,43,17,42,56,95,151,164,191,144
91,58,42,30,46,34,65,116,137,162,174,88,91,69,68,78,108,135,215,177,145,127,93,78,86,107,143,207,193,208,114,55,50,35,41,78,143,193,204,198,131,64,22,14,34,43,102,159,220,168,142,97,50,44,39,46,64,123,174,198,179,123,89,57,51,48,107,138,210,239,179,113,52,38,53,80,124,160,210,208,163,83,65,73,76,125,163,186,195,156,77,47,33,33,55,81,137,187,185,156
120,61,42,35,31,42,69,106,143,162,142,124,95,66,59,86,105,141,201,204,156,141,72,76,76,104,168,180,218,175,126,64,46,46,48,83,119,196,242,178,130,54,30,22,19,53,117,171,200,171,142,81,56,36,47,47,77,110,177,207,153,125,101,58,45,65,95,144,181,231,188,118,57,39,51,80,120,176,198,180,137,99,73,65,98,126,187,175,175,135,95,48,33,42,45,94,131,146,191,148
119,67,49,35,32,50,46,101,128,177,170,125,77,69,67,78,101,148,185,189,155,127,89,71,72,111,153,166,199,222,123,68,62,33,44,93,133,180,211,198,134,58,38,14,33,45,117,163,190,175,142,95,53,43,32,40,91,133,149,207,152,114,78,73,65,50,92,158,209,225,163,97,71,48,49,88,123,182,186,177,148,109,76,60,86,153,151,175,173,144,106,50,40,42,50,74,121,177,164,163
96,77,46,39,28,42,72,64,144,154,175,120,102,69,61,86,101,152,177,175,174,106,92,73,81,109,142,182,202,175,135,84,58,44,55,76,122,182,228,209,126,67,35,16,24,53,105,156,203,186,159,78,47,37,46,44,76,109,150,156,189,135,94,88,58,60,90,128,230,218,192,117,69,58,40,75,138,169,195,195,137,86,69,82,76,131,151,219,164,147,95,56,39,56,47,74,114,191,181,154
82,81,57,39,46,30,72,81,122,134,165,140,94,79,75,80,117,159,174,161,179,96,84,81,92,120,149,184,202,159,151,72,57,54,52,69,131,185,223,210,122,64,36,24,25,47,81,169,208,189,159,72,48,38,33,53,76,93,151,164,157,167,109,67,59,58,106,143,194,209,174,107,86,44,57,69,120,169,202,215,142,101,51,57,85,128,165,204,179,140,84,62,52,45,50,71,133,178,176,154
101,76,58,41,35,40,54,90,128,144,143,143,87,79,71,74,121,155,167,188,154,108,82,71,93,129,142,176,194,174,138,104,60,46,60,94,125,184,226,178,141,79,28,28,28,33,98,157,208,177,167,83,45,38,33,36,71,115,147,162,180,153,106,65,57,67,120,152,203,198,170,118,73,54,61,71,110,176,204,212,149,83,63,62,75,137,169,197,179,151,83,62,48,50,46,74,112,177,175,160
113,81,63,37,42,58,58,80,128,144,143,123,101,58,74,86,109,147,184,176,178,109,83,99,86,115,139,168,230,184,111,90,65,52,60,83,141,220,193,176,125,68,29,17,37,37,108,158,196,191,126,97,56,24,30,32,72,106,150,182,169,157,96,65,56,87,109,154,197,204,159,108,71,60,72,60,126,163,180,190,160,100,78,42,97,121,167,185,183,139,97,67,40,33,61,93,129,152,162,143
105,90,64,42,36,42,65,109,132,135,140,127,82,93,59,57,132,152,178,181,157,107,85,90,80,111,162,170,208,182,147,86,62,57,67,104,113,185,221,187,118,81,28,24,28,42,113,165,194,172,148,88,42,33,34,40,60,100,154,185,166,128,107,65,75,77,112,154,182,230,159,95,72,61,86,59,95,182,191,162,165,110,75,51,98,141,161,193,171,153,104,53,39,40,74,87,124,143,157,131
109,82,68,50,46,39,64,87,114,150,151,119,94,72,80,58,140,133,179,178,155,114,99,79,80,131,140,209,193,168,137,93,58,70,56,111,137,181,189,198,140,77,28,15,19,44,106,155,179,198,162,92,47,33,28,35,57,96,140,209,185,124,94,72,63,87,105,157,175,227,146,117,61,59,80,71,113,156,178,200,159,108,58,64,83,127,201,202,158,125,87,55,42,42,72,95,112,151,154,138
87,90,66,42,46,60,61,81,117,136,162,113,108,72,64,90,121,141,168,177,153,97,97,99,108,113,154,200,184,149,161,89,70,65,74,90,136,199,205,147,132,73,32,28,25,36,103,165,184,181,147,113,48,32,37,35,79,104,133,170,174,138,88,68,62,72,109,164,188,196,166,101,71,76,64,88,96,164,194,189,131,122,84,61,101,124,181,191,163,145,89,62,35,48,57,105,114,139,177,136
116,59,75,44,47,56,55,61,123,145,148,108,116,86,78,90,116,140,165,166,140,138,101,91,97,116,136,173,190,162,147,107,68,73,56,100,152,198,196,173,132,55,57,20,28,46,94,135,169,187,146,100,62,53,31,42,76,118,147,155,181,133,94,70,61,78,106,145,195,220,142,98,71,60,83,83,126,149,174,184,165,124,88,56,102,139,150,176,166,157,97,58,46,51,75,77,114,156,153,126
94,85,54,55,48,47,65,78,104,130,133,110,109,93,77,82,129,151,139,162,146,117,100,98,99,121,136,176,163,168,135,99,73,65,74,98,134,163,197,159,129,65,44,35,34,46,74,113,173,168,146,103,67,48,44,52,86,112,117,142,138,170,96,66,63,72,98,131,185,204,156,98,87,75,69,85,105,148,166,183,165,127,69,79,97,133,128,183,158,133,100,81,65,50,73,75,94,138,154,125
95,78,46,50,53,55,60,82,103,88,117,122,79,85,68,80,115,138,149,141,128,123,88,87,72,110,138,140,170,157,136,106,65,59,68,120,123,138,158,168,122,78,47,30,36,42,71,91,133,162,138,82,68,45,49,61,63,93,119,132,152,113,79,60,65,74,83,99,167,163,171,99,96,59,70,71,100,142,146,147,152,112,86,77,92,103,120,152,124,116,106,81,56,55,62,59,81,128,117,116
70,63,41,36,35,51,53,63,62,100,68,93,68,52,55,73,92,112,103,110,102,68,62,58,71,80,111,119,130,129,127,97,69,54,65,76,91,105,133,111,89,54,37,39,21,33,50,86,87,123,99,69,43,48,38,52,43,67,85,135,118,75,65,41,51,46,76,88,123,131,136,69,66,57,56,67,75,105,130,117,104,98,70,61,68,77,109,117,92,96,60,53,43,30,33,63,69,88,85,86
41,33,17,11,12,29,35,36,35,42,56,42,38,31,42,43,51,52,65,67,68,47,33,39,46,58,75,99,64,79,65,44,40,45,39,54,46,69,49,64,57,44,23,11,17,22,30,44,58,73,63,31,20,27,25,34,37,34,42,68,70,38,38,31,24,33,49,54,69,73,66,58,38,23,39,40,44,58,56,63,43,48,48,42,37,53,54,63,55,54,36,37,28,32,20,39,38,40,41,53
13,14,6,5,3,15,17,14,9,11,26,15,13,13,14,13,16,18,14,30,33,21,19,13,22,23,35,36,23,29,21,20,14,10,23,22,23,17,15,22,21,14,9,2,5,6,9,22,35,21,28,13,5,8,8,17,17,19,22,21,23,19,23,10,8,17,23,30,28,20,21,14,12,17,12,4,17,21,22,30,19,20,15,18,13,16,26,25,15,11,17,10,9,9,11,9,14,15,11,15
4,2,4,3,0,0,2,3,1,3,4,5,0,3,1,4,5,7,2,7,5,3,3,5,3,7,7,8,4,7,12,4,5,2,6,4,6,6,4,3,3,1,2,0,1,2,5,1,6,3,3,4,4,2,1,3,3,5,3,9,7,3,4,4,1,3,5,10,7,10,1,3,1,3,1,0,1,0,4,2,5,2,2,2,3,8,9,6,1,1,4,0,1,0,2,2,1,3,3,2
0,0,0,0,0,0,0,0,0,1,0,1,0,0,0,1,0,0,0,0,2,0,1,0,0,0,2,1,0,0,0,3,1,1,1,0,2,0,1,0,0,0,0,1,0,0,0,0,1,0,1,1,0,2,0,0,0,0,0,0,0,1,0,0,0,0,3,3,4,0,1,0,0,0,0,0,0,0,0,0,0,0,0,0,1,0,2,1,1,0,0,0,0,0,0,0,0,0,0,2
0,0,0,0,0,0,0,0,0,0,0,0,0,0,0,0,0,0,0,0,0,0,0,0,0,0,0,0,0,0,0,1,0,0,0,1,0,0,0,0,0,0,0,0,0,0,0,0,0,0,0,0,0,0,0,0,0,0,0,0,0,0,0,0,0,0,1,0,0,0,0,0,0,0,0,0,0,0,0,0,0,0,0,0,0,0,0,0,0,0,0,0,0,0,0,0,0,0,1,0
0,0,0,0,0,0,0,0,0,0,0,0,0,0,0,0,0,0,0,0,0,0,0,0,0,0,0,0,0,0,0,0,0,0,0,0,0,0,0,0,0,0,0,0,0,0,0,0,0,0,0,0,0,0,0,0,0,0,0,0,0,0,0,0,0,0,0,0,0,0,0,0,0,0,0,0,0,0,0,0,0,0,0,0,0,0,0,0,0,0,0,0,0,0,0,0,0,0,0,0
0,0,0,0,0,0,0,0,0,0,0,0,0,0,0,0,0,0,0,0,0,0,0,0,0,0,0,0,0,0,0,0,0,0,0,0,0,0,0,0,0,0,0,0,0,0,0,0,0,0,0,0,0,0,0,0,0,0,0,0,0,0,0,0,0,0,0,0,0,0,0,0,0,0,0,0,0,0,0,0,0,0,0,0,0,0,0,0,0,0,0,0,0,0,0,0,0,0,0,0
0,0,0,0,0,0,0,0,0,0,0,0,0,0,0,0,0,0,0,0,0,0,0,0,0,0,0,0,0,0,0,0,0,0,0,0,0,0,0,0,0,0,0,0,0,0,0,0,0,0,0,0,0,0,0,0,0,0,0,0,0,0,0,0,0,0,0,0,0,0,0,0,0,0,0,0,0,0,0,0,0,0,0,0,0,0,0,0,0,0,0,0,0,0,0,0,0,0,0,0
0,0,0,0,0,0,0,0,0,0,0,0,0,0,0,0,0,0,0,0,0,0,0,0,0,0,0,0,0,0,0,0,0,0,0,0,0,0,0,0,0,0,0,0,0,0,0,0,0,0,0,0,0,0,0,0,0,0,0,0,0,0,0,0,0,0,0,0,0,0,0,0,0,0,0,0,0,0,0,0,0,0,0,0,0,0,0,0,0,0,0,0,0,0,0,0,0,0,0,0
0,0,0,0,0,0,0,0,0,0,0,0,0,0,0,0,0,0,0,0,0,0,0,0,0,0,0,0,0,0,0,0,0,0,0,0,0,0,0,0,0,0,0,0,0,0,0,0,0,0,0,0,0,0,0,0,0,0,0,0,0,0,0,0,0,0,0,0,0,0,0,0,0,0,0,0,0,0,0,0,0,0,0,0,0,0,0,0,0,0,0,0,0,0,0,0,0,0,0,0
