parameters (x,y,w,h,rx,ry):-5,0,10.000000,40.000000,100,100
75,69,44,52,62,59,70,66,70,74,65,57,61,75,80,76,72,73,83,82,55,72,75,60,57,77,88,79,60,71,49,51,69,63,62,76,87,72,67,57,46,37,51,41,45,67,66,44,50,46,39,24,18,12,9,16,21,18,13,17,19,16,21,26,32,30,27,26,33,34,29,37,17,17,17,16,19,23,17,26,16,29,26,29,52,46,64,76,49,54,63,59,71,76,51,86,61,74,86,80
127,149,134,124,135,136,162,155,183,153,162,143,125,144,185,157,179,168,169,159,140,130,152,156,135,163,169,178,178,125,116,115,112,138,129,167,145,173,126,146,108,76,116,95,117,119,124,123,136,114,94,49,42,34,31,20,30,40,37,30,31,27,25,56,64,73,70,61,79,83,89,69,48,36,35,43,44,42,35,47,46,55,61,85,93,104,136,158,165,148,154,133,179,146,131,148,154,162,172,191
164,125,133,136,149,140,132,167,163,175,147,137,124,159,137,155,169,193,183,179,155,137,142,127,140,163,175,174,170,176,117,99,119,140,122,143,158,168,172,134,106,80,98,92,118,122,128,150,125,139,94,60,41,36,33,18,22,33,37,50,30,27,34,38,56,68,75,71,77,75,95,65,50,28,39,43,50,55,33,39,43,53,52,69,83,111,142,142,165,164,137,149,157,132,143,142,153,158,190,186
142,149,139,118,142,144,162,169,160,176,158,141,131,121,167,151,173,202,204,159,129,132,141,125,134,154,175,175,173,159,138,93,115,130,140,139,165,205,164,117,113,97,71,96,106,123,118,147,147,140,111,73,48,41,31,28,21,26,25,35,42,41,38,36,43,85,65,58,81,85,88,76,53,34,45,29,45,48,47,28,45,45,48,46,82,102,132,169,145,145,172,136,134,148,132,146,159,176,164,186
154,154,123,143,150,141,139,174,136,183,162,149,132,128,148,170,170,190,172,171,164,137,135,133,129,158,159,161,201,182,129,97,113,118,129,179,139,189,184,152,103,90,91,79,96,103,123,145,169,164,101,66,52,47,36,24,21,24,26,35,38,41,40,34,55,56,65,73,85,93,85,66,62,34,38,33,45,44,36,36,39,33,38,53,77,101,126,169,148,149,162,154,140,148,128,117,151,201,181,182
158,150,114,149,144,129,161,131,160,169,155,140,159,142,135,171,175,187,185,190,146,143,133,133,124,144,141,211,200,150,152,102,97,110,120,140,158,201,203,151,118,93,85,90,75,96,133,152,191,161,90,77,59,39,43,26,22,22,24,34,31,42,33,39,44,60,74,66,97,80,88,75,47,43,31,37,44,48,43,33,32,41,36,41,53,83,144,163,154,149,155,149,150,148,132,134,144,163,183,193
167,133,135,129,144,157,134,156,172,194,140,149,118,160,128,169,172,178,183,168,165,135,119,130,140,146,157,196,196,162,121,107,109,130,114,120,163,181,186,165,137,93,96,85,85,80,130,167,178,175,124,74,39,51,45,33,20,20,24,21,38,38,25,41,49,55,47,81,91,90,93,82,59,38,25,38,43,44,36,33,41,32,43,42,44,73,129,142,174,172,133,146,136,146,131,142,165,159,180,204
171,150,134,107,143,128,158,149,174,184,167,149,137,110,160,174,174,200,170,172,151,151,125,125,139,154,153,207,209,160,114,118,99,131,133,117,160,171,177,144,159,96,104,81,89,104,110,166,183,179,129,89,59,32,42,31,30,22,24,25,24,31,34,40,36,60,43,76,82,93,95,77,68,41,26,33,46,44,31,39,44,34,37,35,52,65,106,162,168,165,134,145,154,131,138,134,143,172,211,175
169,115,119,120,148,133,118,163,168,185,174,144,155,123,150,184,181,173,191,158,157,141,124,130,132,160,165,185,190,181,139,113,122,131,142,160,141,179,157,151,134,105,106,84,93,85,106,178,195,163,132,105,58,29,36,36,36,35,33,21,24,16,35,42,54,53,55,47,92,88,98,81,62,42,37,35,42,32,28,33,47,33,32,37,51,74,113,163,165,150,139,129,130,140,128,134,137,182,194,209
150,132,133,114,130,119,154,143,175,185,160,155,143,138,110,180,203,192,195,167,160,139,133,127,131,130,177,202,196,191,108,100,108,136,131,160,164,166,163,179,128,102,109,99,77,97,114,167,197,179,145,85,62,37,44,30,27,32,29,20,25,27,28,30,55,63,52,58,85,95,85,89,48,32,43,37,36,38,28,40,40,33,34,49,45,67,115,152,149,170,143,137,121,123,131,149,122,167,208,210
158,126,116,133,106,128,138,171,168,155,177,150,143,136,133,158,190,224,208,172,138,130,125,120,142,145,165,203,198,156,127,115,94,115,157,165,160,173,182,162,129,115,105,85,78,98,132,172,214,161,130,89,64,39,36,43,27,27,31,23,26,19,32,23,55,51,48,69,82,109,95,73,51,48,29,35,34,36,56,31,35,26,27,36,51,66,112,151,153,167,173,164,119,101,128,138,149,162,204,183
176,116,118,132,110,139,136,136,175,159,158,138,141,137,131,153,186,228,207,186,156,125,129,116,139,156,166,186,200,173,121,88,127,126,131,150,163,170,173,158,142,110,110,77,95,103,137,158,190,192,141,88,68,54,45,36,36,23,24,31,28,26,27,26,50,48,58,67,79,107,108,58,60,44,31,37,38,47,41,45,28,29,16,29,43,84,100,148,135,166,154,148,135,114,104,128,138,183,192,183
149,143,112,136,138,106,144,149,167,164,158,141,142,146,117,169,208,219,199,174,169,134,118,126,129,139,162,191,208,168,121,133,111,119,144,143,161,186,169,152,139,138,100,90,92,93,139,183,185,185,119,101,54,60,47,47,36,23,27,23,26,27,28,34,36,52,53,49,82,89,106,81,61,46,43,35,38,35,33,44,30,37,23,19,33,70,91,141,158,161,175,142,117,121,107,128,136,172,205,171
146,130,119,148,117,118,126,140,198,164,171,141,125,119,126,155,184,204,217,191,141,152,121,137,129,127,156,212,212,178,130,113,106,140,128,175,152,183,183,146,132,131,107,92,99,103,117,152,195,187,138,90,78,68,44,51,26,37,23,23,22,20,25,37,49,42,50,65,93,86,101,89,40,45,33,55,44,39,29,40,35,30,33,18,35,51,90,138,163,174,176,131,114,123,118,114,135,176,194,185
178,121,119,127,140,117,121,149,172,206,167,126,131,111,115,138,191,208,228,212,129,124,124,147,146,158,140,188,191,203,136,107,132,122,140,130,166,179,172,171,141,104,105,104,109,98,120,158,183,200,131,86,76,83,47,45,38,28,36,27,23,29,24,35,46,43,48,55,89,93,93,89,65,40,35,46,49,34,48,39,38,23,25,31,21,58,100,121,141,163,183,161,114,104,112,107,162,160,175,175
143,146,129,123,131,130,135,126,171,188,164,145,106,144,131,147,170,221,229,187,133,150,124,142,146,166,167,173,194,208,129,123,98,133,138,152,156,165,185,158,109,127,97,115,110,116,119,143,196,195,135,91,73,78,61,53,36,43,29,33,38,21,33,26,30,54,43,66,76,88,85,89,60,44,39,44,47,44,36,37,32,26,21,25,30,54,78,106,161,158,192,151,113,115,82,115,154,171,180,173
175,137,131,103,145,125,136,136,173,166,155,148,137,134,148,141,171,203,217,196,149,158,124,141,151,131,163,181,194,189,138,112,101,130,136,142,156,207,193,159,140,100,98,116,98,103,132,146,191,183,146,96,83,81,69,43,30,39,44,29,34,35,33,23,38,41,52,47,75,110,96,63,73,45,39,53,46,50,34,35,37,31,23,20,21,53,75,137,149,167,147,156,133,96,113,104,144,173,167,178
148,141,117,98,129,147,136,129,176,167,162,153,131,122,182,143,164,174,191,204,167,143,140,153,143,120,172,200,191,167,150,114,111,113,143,140,177,183,180,176,138,108,110,92,111,102,131,165,200,174,143,96,75,91,83,48,50,31,49,31,45,22,29,33,38,43,49,53,65,98,97,83,56,62,54,39,45,42,37,40,34,29,23,20,36,50,70,124,141,127,170,149,136,125,95,114,137,180,176,180
143,123,123,112,117,109,144,167,176,169,161,126,117,137,131,188,178,191,176,187,165,162,124,150,143,145,152,220,211,162,131,113,100,125,124,154,167,177,197,171,138,105,94,87,84,135,126,171,180,181,121,109,75,76,67,67,52,43,41,35,45,32,16,23,44,47,53,52,63,82,100,71,50,58,55,58,47,42,44,27,31,36,27,23,23,64,76,121,146,144,158,140,149,120,104,94,144,176,181,190
132,136,133,112,113,125,142,154,161,177,165,138,132,122,125,160,199,203,200,181,151,159,144,138,131,143,165,194,233,156,130,106,94,126,114,148,174,205,177,172,142,103,90,98,91,102,145,164,203,193,125,97,75,78,72,72,54,43,50,40,40,38,32,21,44,39,42,45,72,88,95,64,57,54,51,52,49,55,35,36,24,36,19,22,32,46,68,115,157,149,150,126,145,109,101,97,132,193,191,163
139,121,122,101,135,108,136,152,167,200,159,106,121,145,133,142,192,200,188,202,156,163,133,135,155,143,199,204,187,165,144,114,98,126,105,133,182,198,199,160,116,120,90,98,93,83,122,159,229,181,149,91,67,67,75,60,53,68,53,35,42,46,40,37,35,37,45,48,64,77,88,86,77,37,55,47,49,55,53,35,31,30,27,22,29,46,74,125,129,156,141,138,120,102,117,115,159,170,201,167
147,114,112,115,116,133,103,155,179,182,143,116,123,123,123,145,205,205,195,167,147,151,159,144,149,161,164,207,206,155,119,119,118,127,115,130,139,213,219,172,138,104,111,82,98,88,122,171,225,194,132,92,72,71,75,43,45,56,41,51,53,39,38,48,38,40,41,49,64,70,114,62,58,59,41,53,56,45,37,48,33,35,22,31,25,42,79,97,142,145,143,125,122,121,116,116,133,160,201,179
179,125,109,90,123,139,127,139,177,172,174,119,111,118,119,152,177,214,211,176,168,135,141,158,130,146,172,190,223,173,111,109,121,136,135,139,151,198,199,184,133,122,106,97,80,97,131,167,198,189,139,90,80,85,61,50,37,55,46,47,59,54,39,37,39,35,55,46,49,96,80,74,63,47,48,66,36,51,41,51,46,32,23,30,25,40,80,104,131,133,143,132,119,132,107,123,143,160,185,157
159,127,110,120,115,132,132,127,155,193,168,129,107,116,127,163,155,208,211,170,152,143,140,138,167,129,161,203,197,170,130,113,111,123,132,145,141,168,204,189,129,127,77,108,109,112,127,156,200,196,133,90,90,80,76,56,47,44,51,51,49,45,54,34,45,42,41,67,61,79,78,81,60,36,44,49,50,56,48,41,39,38,25,29,39,35,63,104,135,134,114,128,136,118,122,130,153,160,168,183
157,138,105,129,117,131,122,116,170,190,172,124,122,96,138,149,183,198,239,182,143,131,128,179,134,163,141,216,185,180,132,118,118,136,118,142,171,172,186,200,135,100,92,98,116,110,122,158,195,164,152,97,97,76,59,44,49,44,48,61,60,43,44,45,52,44,50,60,79,69,78,76,65,51,33,44,49,52,53,42,40,41,26,30,34,62,55,111,117,136,110,141,124,124,116,137,138,152,196,158
154,119,114,143,117,100,126,140,180,178,163,129,111,126,134,125,162,212,212,196,159,127,145,148,132,130,185,210,188,195,129,113,111,121,132,152,158,203,175,169,149,95,101,97,108,110,142,162,195,170,145,117,90,55,64,60,45,50,54,52,49,41,50,46,41,53,48,61,56,69,83,68,52,47,53,47,45,54,40,52,40,43,28,22,35,55,88,98,116,133,146,116,118,118,101,128,148,169,193,178
149,124,109,136,109,104,143,166,160,144,184,137,118,128,119,141,171,203,205,178,168,116,130,144,140,140,193,176,187,171,142,112,135,137,118,140,160,180,196,201,135,118,116,89,92,109,125,188,199,192,130,92,83,65,66,62,45,48,48,53,44,63,36,53,37,47,58,55,80,81,67,60,62,50,49,48,44,46,38,54,43,32,25,28,37,54,60,100,128,127,131,115,121,108,86,134,143,177,180,185
139,148,120,109,122,105,149,147,177,166,153,155,118,128,101,141,157,216,208,178,166,140,142,145,132,171,171,187,201,161,131,124,119,145,141,127,166,202,195,168,156,104,111,98,96,113,124,176,222,196,139,80,77,79,65,62,53,42,42,45,48,43,52,48,48,44,51,61,64,81,74,75,55,52,51,56,42,51,43,42,33,34,33,40,39,36,69,106,116,125,151,111,137,94,108,105,148,167,204,176
170,126,113,113,108,109,132,166,144,165,170,149,130,132,107,140,166,216,204,159,140,143,144,135,151,144,169,193,239,163,129,113,143,125,139,140,139,186,199,190,142,124,98,101,103,108,108,175,196,204,154,101,64,69,69,56,57,54,51,41,53,50,48,52,45,60,51,57,73,83,82,47,58,49,47,66,56,55,31,45,37,29,18,43,48,50,65,88,124,132,123,134,116,121,85,101,137,158,198,175
136,136,127,116,116,93,122,161,172,171,128,146,146,124,124,133,164,193,212,183,145,140,123,136,154,168,155,196,208,205,117,127,118,132,145,144,144,193,206,171,157,82,108,104,98,128,120,153,191,228,144,89,89,61,64,42,55,69,40,65,47,39,39,55,48,58,39,78,64,79,81,76,41,46,54,54,76,55,32,38,48,34,29,23,33,42,74,100,125,118,125,119,107,117,101,92,123,181,198,170
158,123,126,129,107,105,103,151,177,165,147,148,135,119,114,166,152,199,191,175,144,151,135,155,150,166,179,158,218,184,147,115,120,138,137,119,163,187,191,160,172,96,108,102,107,122,121,169,219,173,127,89,76,78,66,58,52,45,59,55,55,42,49,45,50,54,49,67,73,69,75,68,54,41,53,66,63,48,35,30,35,47,48,32,39,35,56,99,119,127,131,145,111,112,96,95,121,179,172,183
161,126,120,117,97,108,117,147,163,171,188,139,126,126,118,128,175,223,200,171,140,150,134,151,162,139,163,178,195,205,141,113,127,124,117,138,157,194,201,168,153,119,115,105,110,100,119,192,210,159,134,96,78,63,63,57,59,54,62,51,50,40,40,49,52,60,51,63,73,77,69,67,46,54,62,51,57,51,36,35,33,33,37,32,49,45,59,89,115,135,134,133,111,107,112,107,106,156,188,190
138,140,120,112,96,102,115,140,173,165,182,152,133,112,118,142,172,197,230,169,163,126,151,143,133,160,170,204,188,192,141,124,118,122,135,146,162,180,217,183,154,116,110,101,105,116,117,175,217,173,143,105,80,56,57,77,44,54,51,73,44,41,38,48,50,50,58,64,72,74,97,70,48,52,46,64,68,48,43,31,30,39,31,31,47,47,68,83,115,115,134,130,119,112,108,95,124,159,173,194
156,128,117,127,92,105,125,149,172,173,150,138,135,117,116,150,160,215,220,159,147,141,127,146,145,126,188,189,185,182,124,122,126,107,144,122,165,210,216,163,159,108,99,112,127,91,135,175,212,184,119,108,63,79,59,58,45,62,33,52,59,41,58,46,45,51,54,59,54,88,73,69,57,39,61,65,48,56,44,45,31,36,41,32,32,38,83,73,107,109,139,127,114,108,111,106,130,167,169,170
145,145,116,109,118,104,120,154,155,194,168,142,140,101,119,140,148,216,202,172,160,129,140,148,147,153,167,201,186,202,124,102,116,125,149,126,179,200,209,199,138,113,98,97,126,119,145,167,194,202,135,112,73,67,59,60,59,34,48,41,51,56,51,53,56,52,62,58,64,77,88,61,50,48,54,53,62,60,46,39,34,35,32,53,35,50,59,86,97,131,112,135,123,120,96,106,115,179,163,175
168,123,106,115,105,123,136,152,152,173,175,154,124,128,121,130,157,197,205,197,151,139,141,137,156,133,187,195,211,173,144,102,92,136,138,156,164,200,193,191,150,121,85,95,111,133,134,169,193,198,160,114,76,45,65,62,51,50,44,49,55,50,49,43,55,55,46,65,75,75,72,71,59,41,53,40,48,50,62,36,45,32,37,38,47,63,69,85,88,117,134,111,143,90,93,114,119,165,166,185
147,111,124,113,109,124,125,142,154,171,156,156,131,128,114,163,142,189,179,180,173,128,137,154,155,149,172,205,203,184,120,99,98,131,119,173,169,182,207,186,163,115,95,88,105,130,148,168,194,181,145,113,94,60,60,50,39,56,50,49,45,45,50,46,58,68,53,56,76,78,60,52,47,64,55,62,67,39,34,47,37,33,36,34,58,65,67,82,110,95,113,138,128,111,97,118,124,151,193,171
140,123,110,107,118,114,136,138,139,164,160,128,139,127,136,163,176,181,188,152,161,150,133,131,149,141,157,199,224,178,132,123,111,112,135,145,175,197,198,202,144,126,98,92,111,118,138,157,210,207,127,102,107,79,59,49,45,45,56,49,43,43,53,55,51,62,52,69,74,81,59,64,45,57,52,66,59,43,36,41,39,39,33,37,44,58,74,95,92,114,91,141,128,119,109,96,145,157,172,181
160,132,107,132,109,142,121,155,150,158,153,150,137,125,118,150,193,189,190,172,147,138,152,145,149,130,178,191,226,170,126,130,99,125,147,160,159,194,182,192,151,131,106,91,112,117,117,158,199,205,144,110,97,94,61,46,44,48,52,54,39,48,50,47,47,53,52,60,85,75,70,71,52,41,65,55,63,49,37,45,33,29,38,31,36,59,68,100,120,107,111,103,120,124,100,100,140,153,193,147
152,131,97,100,124,145,133,136,163,150,175,126,148,97,114,135,183,194,200,174,135,154,142,155,139,135,160,183,211,199,156,100,111,105,142,157,197,173,216,183,168,126,107,97,114,112,111,172,215,171,152,111,92,77,71,60,49,42,44,45,55,38,40,47,51,57,51,68,69,77,82,59,59,48,44,43,60,63,48,46,30,37,37,36,41,41,87,100,100,104,141,111,98,110,124,104,136,171,163,163
155,116,109,112,135,125,134,154,140,177,130,140,115,127,103,153,193,186,210,199,142,129,134,136,135,129,174,187,202,186,136,123,109,111,148,137,176,211,219,173,149,132,114,115,105,100,138,160,187,202,136,123,81,74,72,60,48,53,42,41,56,45,56,43,51,38,63,73,63,76,72,82,44,58,52,41,40,50,51,41,37,43,31,43,50,50,62,87,95,118,151,124,99,112,93,114,126,165,171,167
134,123,104,106,124,124,173,138,150,146,134,150,122,135,127,143,173,180,196,169,160,134,167,130,146,118,162,199,209,185,132,110,126,127,147,143,175,199,225,172,150,114,127,108,108,103,122,172,201,181,145,114,96,74,58,46,55,38,46,58,65,46,41,44,58,45,45,66,72,74,89,69,52,64,40,47,43,43,45,39,35,40,39,48,41,62,62,74,94,127,132,118,124,116,89,101,117,170,178,189
130,115,88,114,117,138,125,168,152,153,163,137,120,130,147,134,160,195,189,176,145,148,129,160,138,156,144,195,192,188,145,115,126,130,146,148,181,202,204,171,146,122,112,124,125,86,123,175,201,214,142,100,91,93,72,37,50,46,45,47,40,59,45,47,43,51,55,59,65,60,81,68,55,78,53,51,42,43,37,42,40,42,33,35,55,47,80,79,99,109,129,139,122,110,99,92,131,143,183,208
134,124,101,107,127,113,128,157,161,160,163,134,114,136,151,132,176,181,199,156,160,130,155,139,160,127,169,171,216,171,145,139,113,143,127,140,161,216,212,184,140,112,113,111,120,108,106,152,215,214,134,92,94,93,78,67,47,43,34,39,46,65,48,51,43,53,46,44,71,67,83,67,46,54,61,56,37,55,55,41,29,33,42,30,36,59,74,82,85,94,134,119,139,112,111,107,122,172,182,170
156,125,100,89,122,104,113,167,176,167,168,135,123,106,126,163,164,175,236,190,151,100,136,133,164,147,156,184,203,160,150,121,128,113,131,154,158,203,208,201,143,110,107,126,121,114,127,171,209,193,154,103,75,81,89,64,48,54,51,53,41,51,39,41,49,53,43,42,70,87,72,63,72,52,44,46,52,39,39,58,41,39,28,38,48,57,76,85,96,125,109,128,124,115,123,94,102,166,167,173
144,138,108,90,108,101,125,139,160,174,164,153,152,128,115,142,178,220,218,182,150,108,125,145,170,172,161,164,167,160,149,140,104,115,144,147,171,189,231,180,170,117,101,134,113,120,115,160,198,219,148,87,93,78,85,75,57,45,63,54,42,43,50,47,37,50,54,48,70,67,66,67,69,58,50,42,43,39,43,43,34,39,36,33,47,60,81,99,111,114,96,117,125,105,108,105,119,157,186,169
158,122,103,103,100,98,121,142,163,161,177,141,114,146,125,119,159,202,230,203,147,133,126,127,148,159,177,191,173,170,141,120,102,120,150,149,162,186,215,199,145,134,100,120,124,103,119,152,233,204,162,87,89,68,74,68,55,52,43,61,40,43,39,50,46,44,53,39,69,74,81,76,45,58,54,43,35,46,46,39,46,36,31,39,39,65,91,88,89,119,127,128,105,99,101,102,140,132,194,178
161,133,97,96,92,108,116,137,171,184,151,142,125,143,124,134,152,178,226,191,170,137,124,135,144,174,152,206,175,198,132,109,112,132,142,156,157,175,200,166,159,132,120,130,121,127,115,151,207,233,162,108,80,69,71,77,51,54,45,43,44,48,51,37,45,54,55,53,56,74,81,78,55,51,52,41,50,36,38,43,37,35,37,35,39,60,84,102,98,120,104,114,115,107,101,106,104,169,191,171
141,114,120,99,98,94,125,141,174,160,152,135,141,141,105,162,159,166,217,218,165,143,134,130,133,165,160,187,203,175,156,115,111,119,142,154,162,190,218,173,120,118,123,123,122,104,115,151,192,218,198,103,84,79,72,77,58,51,49,57,41,41,46,45,45,56,49,52,68,77,85,50,55,46,50,50,55,49,40,43,34,28,41,28,44,50,89,91,97,133,122,131,91,96,101,107,128,162,206,166
175,115,114,101,103,105,113,146,149,171,163,133,129,134,124,165,174,191,200,173,144,131,144,139,144,170,154,180,208,181,133,114,131,134,143,139,181,195,209,178,146,112,112,130,117,103,129,152,213,201,165,139,89,73,66,76,59,52,49,49,48,53,38,35,50,68,72,39,54,82,72,65,41,48,45,66,51,49,48,37,34,36,19,44,36,57,68,115,106,116,121,116,99,88,90,105,124,161,198,175
146,132,111,123,103,101,104,160,152,155,153,126,128,114,123,173,190,193,217,172,119,130,143,136,151,155,177,197,206,170,114,119,134,144,126,147,173,203,172,179,161,120,102,107,125,112,128,145,219,219,151,109,94,85,84,56,66,65,61,46,44,46,44,35,43,54,59,66,62,75,69,55,48,48,46,46,65,54,42,36,36,28,30,34,36,37,75,108,116,118,121,106,105,89,76,111,139,161,201,186
143,108,110,129,83,102,120,140,190,166,156,142,100,114,153,148,177,196,206,189,124,143,117,133,145,144,169,190,191,171,149,106,124,143,155,137,197,202,194,164,142,114,125,95,114,102,139,170,203,198,151,119,104,84,67,68,70,57,59,62,40,39,41,45,44,41,45,55,79,94,64,70,42,51,37,47,54,57,47,46,49,26,33,31,38,45,69,100,112,125,118,116,113,83,88,98,136,153,211,181
150,101,104,112,124,114,140,156,157,162,153,145,112,115,134,156,163,228,202,165,154,122,152,126,152,160,177,192,192,152,153,128,127,123,136,159,181,219,208,156,135,123,110,98,116,101,115,188,193,209,140,108,84,110,84,72,65,51,62,49,53,46,42,42,60,40,60,38,78,79,62,65,52,42,49,49,36,52,31,38,54,48,28,31,38,48,80,83,115,119,123,138,97,96,82,101,108,172,207,171
134,107,94,103,107,126,130,171,190,169,146,116,117,125,118,152,178,194,212,180,143,128,141,120,127,184,178,176,196,156,149,124,130,127,125,156,201,208,190,182,151,124,107,103,102,126,133,158,193,205,163,105,94,76,93,77,47,69,53,50,47,56,50,50,48,60,40,57,60,69,61,66,55,56,40,39,48,45,51,28,35,34,40,33,50,48,58,101,124,116,111,114,104,86,85,91,114,178,187,205
158,125,93,106,108,104,139,135,183,162,145,137,116,106,127,150,188,189,190,168,145,122,156,147,138,173,176,172,194,178,138,126,128,122,144,166,187,195,207,169,164,120,103,111,116,120,129,176,216,187,160,109,88,69,83,58,59,67,61,59,56,51,41,45,55,50,51,64,60,77,72,55,45,48,53,46,41,48,46,44,35,35,41,37,35,58,63,92,109,125,129,93,99,91,79,85,117,162,177,210
173,139,99,90,118,111,123,134,156,193,136,130,135,108,134,117,202,202,208,173,137,112,137,166,146,158,166,176,180,194,124,141,127,139,129,170,155,187,204,202,130,132,110,123,110,133,116,179,220,185,152,100,107,81,64,62,69,54,65,59,54,41,48,47,52,48,69,58,67,70,62,66,42,43,43,46,60,52,31,48,38,23,35,42,41,56,80,93,100,99,127,126,116,101,94,78,115,135,175,195
181,122,117,94,117,109,126,138,168,160,162,132,116,115,126,146,173,201,216,169,131,124,118,177,140,143,173,176,202,166,143,129,112,145,153,166,148,194,206,180,161,119,102,117,136,118,120,184,218,208,144,115,74,83,60,64,64,59,66,57,50,41,41,57,50,57,57,55,56,74,72,63,41,40,43,43,47,49,46,26,36,37,35,31,38,63,82,86,100,105,93,127,127,128,85,81,87,142,185,192
167,128,110,107,123,105,118,137,159,171,156,139,120,136,114,146,186,199,233,181,145,130,143,135,143,138,174,207,198,169,146,112,114,129,137,172,169,199,196,203,142,123,124,113,120,106,149,180,217,178,138,94,91,88,64,58,65,63,62,58,60,46,41,56,54,50,54,56,63,71,72,52,45,40,35,52,56,57,42,35,31,34,32,33,38,50,70,109,90,100,125,140,101,95,111,102,94,146,196,162
181,136,113,108,90,92,101,151,145,170,162,127,117,114,126,148,156,209,231,191,154,142,128,148,123,126,182,195,196,163,132,133,113,128,141,167,175,182,186,184,155,119,110,116,112,134,155,179,201,199,141,115,93,74,74,53,59,65,74,59,47,67,47,45,51,56,54,56,61,74,65,49,66,42,34,42,62,56,63,32,37,26,33,30,27,49,67,97,81,120,134,105,117,109,90,104,126,142,185,162
141,140,114,130,110,76,107,140,161,175,151,140,140,131,123,156,165,197,201,183,138,134,157,161,132,131,159,184,214,172,129,135,129,149,132,146,190,198,196,192,148,116,123,115,100,131,159,181,212,193,147,100,104,85,83,62,62,65,75,47,51,50,53,60,68,44,58,55,72,65,64,48,47,35,37,26,47,61,60,53,41,32,26,25,24,54,63,101,101,109,116,113,121,100,81,108,133,145,166,170
143,145,101,121,117,108,109,135,150,174,154,148,132,131,133,142,188,203,229,175,139,117,141,143,140,136,173,170,192,172,131,119,155,129,141,139,172,221,207,178,158,141,99,110,122,123,143,188,206,199,143,113,79,75,70,66,71,58,72,61,58,49,46,64,54,57,57,55,68,78,85,52,28,25,40,35,30,41,54,43,49,43,30,33,32,39,78,80,104,114,128,106,117,92,92,103,115,166,160,153
139,109,126,127,101,104,122,124,153,170,164,144,129,125,120,139,172,222,208,175,158,118,136,142,137,139,148,175,202,175,126,132,145,140,151,153,155,222,191,180,147,127,118,117,128,104,141,204,222,195,141,99,80,76,72,64,74,64,70,59,69,51,43,46,66,61,55,75,63,85,72,60,34,29,36,31,38,40,48,50,43,40,31,40,29,49,64,90,100,98,95,104,128,115,102,105,124,146,178,153
139,121,127,122,110,97,111,144,142,176,185,144,143,137,127,148,182,217,197,162,160,135,129,126,130,156,172,194,197,149,140,118,141,142,153,131,185,204,198,178,151,141,113,126,111,125,138,211,201,226,146,95,87,73,60,68,62,60,74,69,68,47,43,50,63,78,64,74,60,81,68,46,29,37,34,35,32,31,44,44,41,45,40,33,40,50,79,86,97,97,105,91,122,109,106,112,121,148,174,144
120,134,118,121,118,94,120,143,169,149,179,126,129,125,114,137,182,199,221,191,146,136,105,119,127,163,157,204,212,159,137,120,132,128,127,160,173,181,206,183,146,151,120,124,107,119,136,183,255,194,170,91,77,85,63,50,57,63,57,76,66,49,45,62,46,62,78,69,72,79,68,53,35,27,25,35,44,32,35,39,31,37,28,43,46,49,67,77,97,104,101,101,111,109,96,111,124,161,172,134
139,104,109,141,117,122,120,131,148,167,157,167,116,109,115,143,195,196,207,199,157,135,114,125,133,148,174,207,192,173,136,114,124,128,157,139,186,205,177,183,146,156,120,113,124,108,142,183,271,210,149,114,84,74,68,51,52,58,52,82,64,56,48,66,60,48,61,79,87,97,67,48,37,26,31,39,32,23,37,34,37,34,31,33,31,51,81,100,94,86,86,97,97,118,112,109,124,151,173,137
115,99,114,128,129,124,115,132,169,167,152,133,118,129,124,151,172,202,226,193,147,133,125,117,144,148,177,222,181,172,146,105,115,129,156,151,196,189,217,168,148,134,119,115,125,125,135,172,204,208,161,126,90,82,60,67,64,63,60,59,49,56,62,50,68,61,56,66,83,98,73,49,57,23,29,34,30,39,29,28,32,31,25,33,33,50,82,99,106,100,109,91,94,107,94,98,125,156,187,176
139,117,84,113,116,135,116,137,143,174,174,122,126,111,137,133,169,210,230,180,144,143,128,125,122,162,175,191,201,175,136,118,115,129,165,160,177,212,208,175,147,119,134,109,120,131,151,176,226,208,152,132,79,66,83,64,62,67,70,53,49,48,50,54,81,69,55,89,72,102,76,72,40,24,37,35,21,32,33,27,24,38,25,35,24,47,66,85,128,104,96,101,93,92,93,97,117,147,189,157
166,106,110,108,108,113,133,151,151,158,169,150,121,133,125,136,150,243,205,181,159,109,141,130,141,132,151,207,198,163,142,110,117,134,167,143,178,199,209,166,144,133,115,125,127,134,155,166,226,193,166,112,99,86,65,58,55,66,61,69,59,47,42,75,52,88,72,83,90,71,89,68,43,40,24,29,29,27,33,24,30,20,26,26,30,49,65,75,99,114,110,102,85,96,87,104,114,166,170,158
151,117,100,113,106,110,137,130,149,158,148,163,141,132,129,116,169,213,238,204,141,134,125,149,129,119,144,195,217,189,134,117,133,127,134,149,172,204,213,195,156,110,139,131,144,113,151,173,212,197,152,127,96,80,97,56,60,47,52,65,56,58,60,67,51,59,70,88,104,97,77,56,52,36,34,23,22,26,32,34,22,30,25,29,28,30,58,74,100,114,107,127,98,108,96,80,106,159,179,161
141,112,104,95,102,96,125,130,157,164,168,141,133,146,135,135,151,211,205,197,156,132,149,135,131,123,129,200,214,175,156,122,134,128,121,151,180,198,205,200,154,110,122,125,126,137,149,163,215,222,149,124,96,90,96,77,52,42,43,54,66,59,60,67,59,54,66,83,82,106,87,76,58,42,39,29,33,21,23,18,27,25,30,25,33,51,44,60,92,93,112,126,109,125,84,90,110,169,182,151
115,115,104,102,98,102,106,155,153,159,144,133,143,156,138,127,156,203,228,172,163,136,141,138,158,125,150,187,199,171,154,116,114,128,146,149,155,194,226,181,183,123,101,128,115,140,136,192,196,214,150,122,92,98,87,79,59,50,48,61,52,58,47,69,60,61,71,71,91,85,111,80,47,52,33,37,31,24,29,17,22,21,24,29,22,38,45,66,88,99,109,105,127,111,98,99,112,140,177,179
133,129,108,95,101,107,103,140,155,168,128,150,131,126,161,133,158,199,226,162,156,160,122,133,152,178,151,158,184,206,152,105,115,138,149,156,158,207,204,201,139,126,109,122,124,122,151,179,214,201,162,124,94,109,66,71,55,68,57,58,50,43,67,43,67,74,54,65,86,122,93,68,69,45,43,30,35,24,31,19,18,18,22,27,28,44,34,61,100,111,93,96,120,110,104,75,136,133,171,175
151,123,102,109,102,89,101,143,165,182,142,116,120,137,126,162,147,211,193,162,168,129,153,152,138,149,170,193,184,176,136,106,105,139,189,159,172,168,201,199,183,129,97,125,125,146,137,168,223,227,154,130,99,97,76,92,52,69,51,64,63,43,48,59,86,69,58,65,103,105,100,82,48,44,27,34,42,28,26,26,20,14,16,18,30,37,62,64,91,97,100,107,101,104,94,79,117,161,162,158
152,116,105,96,88,112,101,147,172,167,157,142,116,107,124,151,169,202,215,143,157,140,139,150,139,153,158,178,195,192,143,125,115,125,148,167,166,188,183,200,185,141,133,90,115,125,151,177,183,224,173,132,88,98,105,86,50,68,51,69,51,57,45,52,66,75,69,68,100,109,90,87,64,43,44,37,25,31,18,26,23,16,14,15,16,31,78,59,62,102,113,107,105,100,90,88,112,140,174,174
140,102,98,88,95,97,113,152,175,179,144,126,120,119,132,148,169,203,207,165,144,136,137,147,153,160,153,182,190,162,150,128,128,138,141,143,195,184,177,215,170,167,145,108,113,122,145,188,207,210,163,108,89,106,110,98,59,50,71,68,56,53,61,56,53,57,70,97,80,100,123,90,63,45,45,30,32,28,25,16,30,28,8,13,16,41,64,78,71,84,98,111,90,93,107,79,114,151,190,169
135,125,103,83,79,81,105,166,168,169,158,129,108,126,121,133,196,185,199,169,149,129,131,149,140,151,155,192,206,183,146,128,124,126,153,146,186,172,213,211,161,144,115,143,134,133,138,165,213,186,184,120,91,88,97,94,82,53,58,67,68,44,53,53,61,59,73,81,104,114,99,93,51,47,44,46,31,28,22,13,22,16,28,17,16,24,47,78,95,72,88,104,97,101,91,96,112,151,188,178
162,108,89,88,85,79,100,135,173,168,168,125,118,124,138,143,170,200,210,160,132,146,150,139,135,130,169,189,224,178,158,117,112,123,136,160,166,180,200,214,165,136,122,129,131,139,160,135,210,206,156,110,100,93,96,83,98,63,69,67,72,48,40,63,63,63,74,82,108,117,106,92,61,47,27,36,30,35,23,27,22,22,14,11,15,36,40,61,100,80,87,108,88,105,95,80,98,156,173,181
152,118,100,88,80,79,109,124,190,184,154,120,130,117,145,132,162,191,190,179,162,122,130,159,140,170,137,173,193,185,140,154,122,118,152,153,182,195,204,165,174,129,131,125,115,149,150,177,190,229,154,120,93,101,86,110,76,73,67,62,72,50,53,66,62,58,70,71,129,111,107,93,68,36,41,33,35,30,28,25,16,23,12,16,19,27,44,51,75,87,84,102,89,89,98,81,106,144,180,174
148,112,91,99,93,92,111,142,147,172,143,145,121,119,131,152,158,168,200,168,144,141,153,145,154,166,141,160,202,186,158,141,113,124,138,161,185,192,203,205,148,144,131,114,129,130,129,160,235,212,165,146,98,84,78,91,89,67,89,78,56,55,49,55,61,69,67,72,97,138,124,97,70,46,47,31,31,34,31,23,19,20,16,19,22,17,38,54,86,85,82,82,96,85,92,97,100,151,196,155
137,114,96,85,98,108,113,132,147,162,171,134,109,139,114,140,171,203,202,176,140,133,147,128,166,153,170,170,187,181,143,153,126,132,152,132,177,197,204,189,156,155,136,111,123,139,165,169,216,219,139,149,105,88,78,94,80,77,86,94,61,45,56,57,68,69,73,79,79,128,125,93,80,58,40,42,33,38,20,28,28,13,12,15,15,30,39,49,73,81,77,70,89,82,101,90,119,145,156,161
126,109,83,97,87,101,111,129,121,174,169,147,106,120,117,143,166,188,197,172,154,128,155,145,141,154,159,169,195,176,144,134,142,142,157,139,162,212,203,169,159,121,139,131,140,143,164,182,217,180,160,127,104,93,100,75,90,70,94,68,78,53,66,49,56,58,75,76,110,91,129,102,87,73,46,53,43,23,25,27,21,17,20,15,19,26,38,54,59,74,84,80,81,73,78,109,136,134,161,178
130,122,94,85,92,98,118,111,143,168,129,157,126,115,118,121,158,190,209,178,157,141,152,122,154,171,157,163,196,173,144,130,131,165,130,146,142,220,220,172,151,113,126,157,129,124,156,198,206,206,163,114,111,108,91,78,83,93,86,85,67,61,61,45,59,73,65,72,122,109,120,100,72,79,59,56,49,32,20,17,21,17,19,15,14,29,40,45,67,64,77,73,88,72,68,94,132,171,148,162
126,117,102,91,101,102,111,128,130,165,152,145,115,117,136,128,163,186,174,168,153,143,139,136,145,152,174,188,177,175,130,168,140,169,144,151,168,214,212,188,135,114,133,144,140,136,133,174,220,199,155,131,109,102,106,94,88,72,100,72,83,72,50,52,54,51,71,73,84,129,126,98,78,60,56,62,55,43,21,19,17,21,17,15,22,27,31,50,61,66,81,82,83,80,70,104,113,149,166,157
122,144,102,78,96,110,107,113,141,151,139,132,121,119,132,128,161,178,193,187,130,141,142,141,125,146,169,194,217,154,143,113,124,156,165,151,177,194,203,200,157,139,100,144,135,133,147,184,219,205,147,127,122,102,98,77,76,88,101,77,79,68,60,60,58,62,68,65,105,98,119,109,91,61,59,65,55,50,24,21,30,11,17,20,21,24,24,25,64,73,86,72,78,73,90,83,105,156,158,161
128,114,104,116,85,77,120,127,146,145,136,120,121,123,121,153,159,176,164,194,147,150,137,147,133,132,151,217,200,172,142,117,125,161,173,153,174,197,221,201,142,139,114,135,121,129,154,176,215,214,173,106,124,141,109,93,73,71,74,94,93,68,49,84,62,71,58,60,97,120,112,104,80,70,64,58,59,38,45,27,18,15,17,19,27,24,26,28,39,61,90,84,68,93,55,86,83,130,169,169
152,117,105,98,102,88,104,137,161,147,148,105,105,126,137,125,159,194,206,165,161,131,137,143,154,137,144,212,196,170,132,122,131,154,170,175,165,175,205,214,160,131,140,120,128,130,138,177,224,221,153,125,107,114,125,106,91,62,76,72,71,67,70,56,70,73,82,67,82,106,127,104,77,59,66,80,53,47,42,36,25,19,14,19,17,24,29,31,38,62,89,72,76,67,74,78,72,134,147,162
120,117,105,114,90,100,100,114,125,153,151,126,109,94,139,132,150,181,186,186,154,128,134,133,124,174,158,198,184,194,148,109,112,139,153,180,165,201,189,204,162,133,139,128,150,132,124,169,218,232,169,150,109,122,115,103,78,85,80,77,68,62,59,71,75,67,75,66,98,97,97,102,107,61,58,71,63,41,60,35,28,19,11,15,13,21,30,49,37,51,62,81,81,67,62,72,118,114,140,151
127,106,90,95,75,93,93,111,128,150,155,115,116,109,111,120,155,191,204,188,148,131,128,120,144,135,169,176,209,180,146,126,102,123,134,168,184,199,211,152,155,150,129,123,138,141,137,178,189,222,168,135,132,143,115,89,83,93,73,73,58,59,74,53,52,63,69,57,85,104,94,91,82,81,65,67,62,49,45,36,30,24,19,7,10,15,26,29,45,51,65,63,55,64,70,65,81,122,133,123
110,95,63,64,66,79,79,93,124,128,119,92,100,102,87,121,145,166,174,170,153,134,113,118,100,116,152,177,187,158,155,119,110,135,134,141,173,178,202,158,130,132,119,91,112,122,156,160,183,211,151,146,118,103,102,92,81,80,81,69,43,33,45,53,51,50,54,59,64,84,72,73,56,76,54,55,49,43,35,26,27,17,17,7,12,15,21,24,29,30,45,41,42,45,59,56,60,69,102,109
62,53,47,38,46,49,42,53,77,77,85,79,68,77,80,90,101,143,137,128,104,106,102,80,95,98,110,126,155,125,114,104,108,76,125,115,141,142,157,136,117,112,85,81,88,88,91,130,148,166,145,104,100,78,64,72,55,61,39,52,39,27,28,30,28,33,33,37,41,40,57,40,45,27,36,29,21,24,25,16,7,10,12,9,7,5,9,7,19,18,22,15,12,27,33,31,38,47,63,78
31,14,18,21,17,29,16,28,35,43,31,38,40,41,29,60,58,80,88,81,75,62,67,43,56,56,61,94,68,80,72,66,53,71,69,77,69,85,97,73,81,46,39,54,50,61,47,73,79,109,85,60,67,41,34,35,33,36,19,17,23,19,9,18,10,10,17,14,14,23,28,24,11,14,15,18,11,10,10,4,3,1,8,4,1,1,4,3,4,7,11,8,10,12,6,11,14,25,26,22
4,2,6,7,8,7,5,4,4,17,14,13,13,15,12,12,17,30,46,33,25,28,27,29,17,25,20,29,25,25,27,19,15,28,20,23,31,33,41,32,29,26,15,19,16,16,21,19,32,42,35,27,17,19,14,5,6,4,11,3,4,8,3,1,1,2,3,5,6,12,7,9,5,3,3,2,5,5,2,1,0,1,0,0,0,0,0,0,0,1,2,3,1,2,4,1,3,7,3,3
0,0,1,1,1,2,2,0,1,2,1,4,2,2,1,4,1,3,6,8,10,11,8,4,7,2,4,3,2,3,2,6,7,1,6,5,5,10,6,8,5,1,5,3,5,6,4,4,10,7,6,4,2,2,2,1,0,0,0,1,0,1,1,0,0,1,0,0,1,1,2,0,1,0,0,0,0,1,0,0,0,0,0,0,0,0,0,0,0,0,0,0,0,0,0,0,0,0,2,0
0,0,0,0,0,0,0,0,0,0,0,0,1,0,0,0,0,0,0,1,0,1,1,0,1,0,0,1,1,0,1,0,0,1,0,0,1,0,0,0,1,0,0,1,0,0,1,2,0,1,1,0,0,2,0,0,0,0,0,0,0,0,0,0,0,0,0,0,0,0,0,0,0,0,0,0,0,0,0,0,0,0,0,0,0,0,0,0,0,0,0,0,0,0,0,0,0,0,0,0
0,0,0,0,0,0,0,0,0,0,0,0,0,0,0,0,0,0,0,0,0,0,0,1,0,0,0,0,0,0,0,0,0,0,0,0,0,0,0,0,0,0,0,0,0,0,0,0,0,0,0,0,0,1,0,0,0,0,0,0,0,0,0,0,0,0,0,0,0,0,0,0,0,0,0,0,0,0,0,0,0,0,0,0,0,0,0,0,0,0,0,0,0,0,0,0,0,0,0,0
0,0,0,0,0,0,0,0,0,0,0,0,0,0,0,0,0,0,0,0,0,0,0,0,0,0,0,0,0,0,0,0,0,0,0,0,0,0,0,0,0,0,0,0,0,0,0,0,0,0,0,0,0,0,0,0,0,0,0,0,0,0,0,0,0,0,0,0,0,0,0,0,0,0,0,0,0,0,0,0,0,0,0,0,0,0,0,0,0,0,0,0,0,0,0,0,0,0,0,0
0,0,0,0,0,0,0,0,0,0,0,0,0,0,0,0,0,0,0,0,0,0,0,0,0,0,0,0,0,0,0,0,0,0,0,0,0,0,0,0,0,0,0,0,0,0,0,0,0,0,0,0,0,0,0,0,0,0,0,0,0,0,0,0,0,0,0,0,0,0,0,0,0,0,0,0,0,0,0,0,0,0,0,0,0,0,0,0,0,0,0,0,0,0,0,0,0,0,0,0
0,0,0,0,0,0,0,0,0,0,0,0,0,0,0,0,0,0,0,0,0,0,0,0,0,0,0,0,0,0,0,0,0,0,0,0,0,0,0,0,0,0,0,0,0,0,0,0,0,0,0,0,0,0,0,0,0,0,0,0,0,0,0,0,0,0,0,0,0,0,0,0,0,0,0,0,0,0,0,0,0,0,0,0,0,0,0,0,0,0,0,0,0,0,0,0,0,0,0,0
0,0,0,0,0,0,0,0,0,0,0,0,0,0,0,0,0,0,0,0,0,0,0,0,0,0,0,0,0,0,0,0,0,0,0,0,0,0,0,0,0,0,0,0,0,0,0,0,0,0,0,0,0,0,0,0,0,0,0,0,0,0,0,0,0,0,0,0,0,0,0,0,0,0,0,0,0,0,0,0,0,0,0,0,0,0,0,0,0,0,0,0,0,0,0,0,0,0,0,0
0,0,0,0,0,0,0,0,0,0,0,0,0,0,0,0,0,0,0,0,0,0,0,0,0,0,0,0,0,0,0,0,0,0,0,0,0,0,0,0,0,0,0,0,0,0,0,0,0,0,0,0,0,0,0,0,0,0,0,0,0,0,0,0,0,0,0,0,0,0,0,0,0,0,0,0,0,0,0,0,0,0,0,0,0,0,0,0,0,0,0,0,0,0,0,0,0,0,0,0
