parameters (x,y,w,h,rx,ry):-5,0,10.000000,40.000000,100,100
222,47,63,71,51,40,33,37,34,31,28,28,44,53,53,69,53,34,37,33,20,34,54,53,61,45,76,58,45,29,33,33,48,49,59,66,76,71,56,38,36,42,37,39,41,53,60,71,50,55,39,36,21,38,39,50,78,72,70,50,50,47,28,31,26,40,45,61,58,64,58,52,55,39,28,34,41,59,48,41,73,52,45,38,28,27,25,22,49,55,62,56,45,45,36,26,21,40,32,284
501,106,140,146,140,99,82,92,59,59,62,68,101,106,148,147,113,97,50,74,56,76,86,138,163,144,143,114,111,70,76,68,85,119,118,148,152,155,126,84,73,87,87,93,126,125,148,134,126,106,106,66,62,59,75,95,143,154,152,128,114,99,68,64,70,80,97,145,153,144,130,131,112,75,70,64,96,92,136,100,126,112,119,92,71,56,49,63,86,101,142,140,117,103,86,51,37,54,85,669
468,99,130,149,135,108,91,77,59,61,64,64,102,118,127,151,129,123,77,45,39,55,77,135,151,194,162,114,91,85,70,76,64,89,125,146,186,142,127,101,74,75,84,89,113,137,149,159,128,124,84,64,59,58,73,95,132,181,168,147,115,87,79,53,62,82,96,137,159,155,142,126,109,91,56,71,80,105,110,120,125,115,114,93,72,43,42,51,83,125,134,141,130,106,74,49,41,45,69,686
469,91,150,146,154,122,87,69,51,57,59,77,93,128,130,156,141,100,80,43,44,51,62,115,145,172,171,150,117,83,65,76,72,72,112,146,170,169,119,94,69,68,71,92,131,120,141,172,141,122,91,70,57,62,69,82,121,156,195,152,131,83,74,56,74,62,93,123,164,177,136,116,116,86,52,69,52,108,105,122,159,137,126,81,59,49,38,51,76,89,136,159,155,109,70,58,30,40,71,715
417,111,152,159,160,117,90,61,57,39,69,87,94,114,160,160,151,80,67,51,45,34,61,101,142,184,172,151,134,87,54,54,69,90,125,160,170,167,145,100,68,60,72,86,107,117,129,153,166,125,108,63,45,50,61,93,115,142,195,174,141,76,72,46,62,94,96,128,145,168,161,148,105,61,55,56,76,72,105,146,160,130,123,94,68,49,42,48,72,101,134,168,155,102,75,42,41,47,66,712
410,118,143,183,148,119,90,64,35,43,53,85,108,135,143,148,155,109,68,39,28,39,61,97,143,200,170,173,119,74,66,41,72,91,127,138,187,184,127,94,59,64,75,85,103,110,146,164,154,122,88,69,48,55,67,99,118,151,210,167,130,99,63,53,49,65,84,129,136,210,170,153,96,54,53,61,75,81,106,135,148,154,123,88,74,48,30,43,74,90,133,173,153,107,82,39,38,52,49,713
412,102,171,164,152,150,88,50,40,38,51,63,124,122,155,147,125,119,72,48,24,28,62,107,152,194,164,155,129,84,70,38,56,79,125,179,203,156,127,92,58,56,74,76,92,154,156,152,182,127,63,64,48,51,60,75,135,152,198,191,142,91,62,47,53,63,76,117,181,179,166,128,91,75,46,53,71,100,106,144,147,179,121,83,63,58,34,41,55,122,132,161,156,118,86,52,31,38,39,719
427,112,135,181,170,137,90,47,50,40,43,49,109,129,176,153,125,101,87,45,31,31,59,93,155,205,188,170,109,84,48,48,44,97,114,172,205,155,134,99,49,59,65,70,98,134,160,163,159,136,89,52,61,52,57,74,110,153,174,188,147,112,60,51,44,52,71,122,166,173,201,144,89,67,55,50,45,103,134,145,161,135,136,101,65,34,43,43,51,103,138,145,161,126,83,48,33,41,38,735
404,118,145,171,166,142,94,64,44,33,43,57,91,137,173,170,142,101,82,36,22,39,53,82,155,199,196,175,121,63,39,59,47,55,125,165,188,212,118,107,53,41,46,63,115,126,170,161,159,120,98,69,55,40,55,82,126,156,197,190,135,99,69,49,38,53,81,109,152,209,180,145,107,65,50,43,62,90,112,147,165,155,133,107,57,34,43,53,55,99,128,161,158,124,91,54,38,24,43,724
396,106,160,190,155,132,83,58,41,41,34,54,84,153,161,179,150,103,58,39,23,32,53,85,146,209,228,156,102,83,40,33,50,58,124,162,215,172,157,95,65,48,44,70,99,138,158,171,142,128,116,66,48,50,52,77,123,169,186,176,135,93,74,48,42,44,62,121,165,200,191,150,94,60,51,56,58,78,128,141,171,150,114,101,62,36,26,50,63,92,149,170,149,115,81,54,43,27,36,729
394,124,162,175,172,127,86,58,56,25,52,52,80,121,185,200,130,116,62,42,27,39,58,78,146,209,210,147,130,70,38,33,38,65,126,150,197,202,155,104,57,51,46,61,92,131,160,165,170,133,95,79,56,53,54,78,106,160,195,187,134,104,63,59,39,53,49,110,160,213,176,161,95,59,46,50,66,81,114,142,178,178,113,88,58,33,36,44,59,94,136,167,157,118,77,58,41,33,26,755
380,116,153,187,187,114,90,55,37,36,40,55,103,132,166,178,159,98,78,34,32,31,41,96,154,199,208,159,123,68,31,31,43,73,120,153,191,207,165,96,57,43,39,61,105,110,146,187,179,130,109,82,55,50,39,80,128,153,166,184,161,107,63,62,47,56,82,125,143,187,209,158,93,59,30,40,66,84,136,147,165,154,120,99,65,39,33,38,62,79,139,167,162,114,104,52,40,27,37,737
383,125,155,164,187,145,76,56,39,39,39,55,81,159,168,158,161,101,69,45,23,26,58,87,174,193,191,177,115,72,39,38,35,56,118,170,185,179,169,93,72,44,41,56,83,122,128,173,161,137,109,83,61,44,54,80,105,168,183,181,155,107,69,52,47,51,87,125,150,195,189,148,90,69,54,38,63,92,133,165,151,140,123,87,67,43,37,53,68,96,127,153,138,127,81,58,30,42,36,743
393,107,151,154,194,147,91,57,37,25,40,69,97,146,165,158,150,114,63,45,31,30,44,97,139,219,195,151,106,71,38,36,36,63,109,182,211,195,134,100,71,32,46,53,98,122,153,168,187,123,112,75,62,48,44,52,107,151,200,190,149,110,71,69,34,42,79,103,172,197,177,147,106,63,50,50,71,95,121,157,168,142,123,92,69,47,34,37,71,85,146,167,149,126,92,49,26,27,35,761
356,123,147,168,184,143,95,55,37,33,40,59,108,134,151,162,155,124,67,63,23,27,56,92,153,215,186,150,107,60,37,33,34,58,114,181,210,184,149,107,54,47,40,59,89,135,155,170,153,148,116,62,48,41,53,67,114,125,187,194,153,116,66,49,45,43,73,107,157,200,202,142,95,72,55,53,75,93,96,150,184,141,122,83,76,45,37,29,66,95,145,173,154,126,72,55,27,28,29,789
342,108,143,189,165,166,73,73,42,28,44,55,106,122,172,166,130,119,91,46,20,29,50,98,141,193,232,151,92,64,47,34,45,58,94,156,212,202,166,92,63,49,31,51,84,106,146,193,162,140,106,58,59,38,54,75,117,143,168,184,166,106,71,48,37,49,59,111,165,195,203,164,91,50,43,58,67,90,118,152,159,166,125,78,64,42,43,39,59,107,139,134,149,122,89,60,35,25,26,794
356,118,141,184,182,150,101,67,38,31,39,55,105,132,155,145,149,120,101,56,25,30,44,97,139,203,223,153,115,55,41,37,42,54,111,149,193,196,158,109,71,43,41,63,91,125,151,169,162,153,101,77,43,47,49,78,113,148,188,196,138,110,77,53,32,38,78,137,161,192,178,157,85,53,63,57,73,76,122,150,188,153,138,84,45,44,40,40,62,94,135,152,151,127,75,61,40,29,34,783
377,102,157,196,170,131,106,74,41,28,36,57,101,125,176,156,151,115,80,62,23,26,38,92,153,202,222,152,100,65,48,45,34,60,98,191,165,198,145,106,88,42,37,48,86,110,158,187,145,159,101,54,49,55,60,68,107,161,180,179,162,120,60,41,35,41,77,123,173,201,186,151,97,60,55,62,73,79,97,161,158,173,119,101,45,47,27,36,50,95,136,155,149,131,99,51,29,24,24,782
373,98,151,168,205,151,98,69,40,32,37,82,74,123,143,162,141,123,87,58,30,18,53,79,137,211,215,161,103,74,45,36,42,72,99,155,188,205,141,120,79,53,31,46,87,117,166,185,169,157,98,53,39,54,65,70,109,128,192,188,163,115,61,41,41,37,61,123,159,220,218,142,78,57,50,54,81,85,118,148,185,143,125,99,53,38,29,39,54,89,126,179,146,139,88,56,29,29,31,767
373,108,151,174,186,162,102,63,37,30,44,59,86,133,162,166,136,108,81,68,28,26,47,86,136,200,195,158,110,79,39,37,53,69,97,158,190,195,149,109,67,48,39,51,79,124,160,183,174,137,109,68,52,48,51,61,102,159,180,181,167,94,76,55,34,37,46,106,190,214,194,150,93,53,41,43,70,97,132,151,180,152,124,102,55,38,32,31,77,86,140,161,164,129,92,49,26,27,33,761
386,99,134,180,180,151,102,66,42,36,37,51,91,109,162,176,157,105,78,52,37,22,43,83,152,201,180,167,114,81,54,30,47,74,100,176,196,168,154,102,71,51,41,44,82,106,161,197,185,127,110,76,57,33,39,67,99,152,187,201,162,112,63,41,42,42,43,114,174,219,197,147,97,52,27,49,47,97,131,180,152,150,122,96,61,45,37,47,69,123,115,143,149,140,91,51,21,30,32,766
389,106,135,182,181,140,111,71,42,34,33,58,74,123,154,196,150,120,87,49,35,21,34,78,158,191,193,161,120,71,62,35,40,66,113,161,194,198,146,111,73,52,43,45,66,120,162,196,169,159,99,80,41,34,41,59,99,165,212,182,151,108,71,39,30,33,78,110,160,212,203,146,90,55,41,52,71,94,122,165,160,149,108,97,71,41,35,36,52,96,143,153,159,132,89,50,38,29,29,766
357,123,140,175,179,136,117,82,44,23,37,58,82,114,180,176,168,114,90,45,33,27,52,78,141,171,188,174,127,71,51,35,43,71,97,161,199,196,152,106,78,50,44,48,61,120,171,173,178,154,103,63,50,35,47,71,114,156,196,188,149,121,63,25,29,30,67,116,159,210,192,167,102,54,36,43,68,101,116,172,161,167,107,81,80,53,30,37,53,96,125,186,159,141,102,44,33,26,24,769
369,95,137,190,186,156,114,62,40,40,34,53,83,143,155,171,150,123,74,47,28,21,40,85,129,206,193,160,102,91,48,44,38,79,90,161,182,182,170,106,85,47,40,46,57,120,156,171,183,161,108,67,35,27,56,77,98,148,208,197,171,106,50,44,30,28,61,110,157,230,210,150,94,59,37,41,66,90,117,165,162,162,115,80,65,53,32,39,50,91,147,150,172,136,82,52,22,30,36,787
358,105,131,198,168,145,107,74,52,31,32,58,96,131,173,168,135,118,89,46,29,16,50,82,143,210,184,165,117,80,57,32,50,68,93,154,187,206,141,111,82,55,40,46,85,107,151,174,186,139,116,64,41,40,46,76,97,147,190,194,151,118,76,44,32,32,63,107,153,190,200,172,108,61,30,43,65,93,139,181,161,144,127,101,65,40,32,34,50,98,148,166,159,141,88,52,22,33,34,792
351,88,149,174,171,157,98,67,43,38,30,66,91,140,156,157,151,139,83,43,26,18,34,90,147,188,184,149,130,73,55,26,41,75,100,160,186,171,153,115,67,58,50,48,81,124,150,170,184,165,86,71,47,49,46,66,99,154,197,162,196,111,74,33,32,37,54,120,154,185,207,168,98,62,31,37,56,97,126,163,176,170,110,87,69,43,23,34,54,103,149,167,174,124,97,55,29,27,36,789
346,92,130,176,191,153,104,68,32,32,46,60,109,139,174,153,142,115,100,35,30,24,38,79,143,204,179,160,131,76,52,30,32,67,90,138,216,200,148,108,81,50,54,49,63,118,162,170,183,156,115,59,40,47,51,58,91,158,197,202,164,112,75,39,33,41,69,104,152,193,209,161,108,49,45,30,56,97,157,164,181,149,130,80,60,49,24,29,52,98,158,163,173,114,96,52,34,29,29,801
363,83,136,166,194,165,123,61,35,43,35,66,92,132,170,172,141,118,78,41,36,19,39,103,129,190,185,171,132,68,39,42,45,55,103,141,193,208,141,126,73,48,55,35,68,104,157,183,169,151,104,76,58,30,45,71,96,148,191,181,163,106,66,42,35,50,62,117,154,197,212,143,82,53,53,44,47,81,137,171,161,160,126,95,61,34,29,45,66,86,165,160,164,124,92,54,40,28,39,795
354,94,130,190,177,158,105,70,37,25,35,65,95,148,165,162,168,106,70,40,30,32,46,90,137,151,197,158,123,83,48,41,45,65,95,154,197,180,165,115,74,51,39,54,63,92,154,193,185,159,94,70,47,45,38,65,128,155,179,170,143,122,81,39,35,42,60,118,174,208,195,136,91,60,42,45,50,67,113,184,186,151,143,96,60,36,30,44,54,96,125,160,197,135,97,54,30,27,42,781
358,80,141,198,181,156,98,65,29,23,51,54,84,138,182,155,165,112,75,44,38,40,51,83,122,195,192,160,107,72,59,31,34,72,102,162,193,200,161,114,90,48,35,56,79,102,126,191,191,170,97,62,46,33,61,69,114,138,174,182,185,101,74,53,32,28,54,103,182,198,204,134,109,68,49,46,50,77,125,170,157,174,130,88,56,36,38,43,60,88,123,166,189,150,81,51,30,27,35,813
361,91,156,180,183,142,100,54,37,27,40,56,85,139,176,162,150,124,82,60,27,37,43,78,129,203,197,164,121,82,55,32,28,58,94,154,191,208,178,115,72,59,37,59,62,93,148,209,185,161,111,50,40,23,51,67,107,136,212,187,136,109,73,44,27,28,49,123,171,185,198,168,107,68,38,46,51,82,111,144,187,161,129,103,62,30,42,44,63,90,116,173,179,123,100,59,34,31,36,803
374,107,151,158,166,167,110,62,44,23,27,53,99,120,180,185,166,113,73,46,38,27,47,87,108,176,214,197,101,56,54,31,29,44,108,139,199,189,174,100,85,47,51,52,51,112,158,193,198,153,97,45,42,35,37,60,93,168,174,199,186,103,64,53,16,44,66,136,147,194,177,163,107,63,36,46,49,79,106,158,175,188,124,104,66,33,35,38,62,81,143,168,171,148,84,55,49,29,33,768
368,96,160,184,189,154,99,55,38,26,26,55,71,125,150,187,181,120,82,53,24,29,52,63,137,179,228,191,123,62,32,29,21,64,93,130,192,212,164,127,76,57,43,44,75,98,166,190,220,135,87,58,34,33,45,57,91,152,176,187,171,120,62,41,31,30,54,111,164,186,191,168,107,58,39,42,57,92,111,142,161,195,142,76,70,41,29,38,58,62,147,180,178,139,90,75,33,33,31,781
350,101,140,217,206,125,112,48,39,21,34,47,66,124,169,181,186,119,80,46,28,37,35,78,147,179,210,200,126,77,40,21,34,47,92,149,181,216,157,115,79,49,39,47,74,122,136,190,218,138,114,66,28,29,44,61,124,138,183,209,191,94,47,29,30,50,48,113,165,185,204,169,112,46,42,35,56,75,120,164,190,162,123,96,66,35,31,45,45,78,131,176,182,153,102,51,38,35,22,777
353,107,136,193,203,144,101,71,32,24,30,41,68,121,153,212,179,108,71,53,37,23,52,93,139,178,189,193,126,71,42,24,19,53,91,147,184,203,171,92,72,48,51,54,82,107,131,196,161,174,124,71,41,32,36,66,94,182,199,199,166,103,42,28,32,35,47,101,179,214,177,167,109,47,35,46,37,77,121,198,169,182,120,87,58,38,30,37,62,73,118,157,198,146,104,56,46,31,26,785
354,98,144,197,174,173,96,70,34,21,22,39,70,142,164,192,176,123,82,46,33,26,60,94,139,203,188,164,142,68,33,24,28,60,95,140,185,196,165,101,70,49,52,48,67,119,145,181,194,159,112,67,49,34,35,43,112,148,219,177,168,87,63,37,30,34,51,108,162,219,206,158,99,46,48,45,36,68,123,167,201,160,126,86,55,29,46,33,51,81,138,170,167,154,103,59,38,32,28,778
347,99,135,195,189,174,119,72,30,21,23,36,74,123,174,190,167,140,97,38,30,27,52,91,135,201,193,188,120,76,32,27,28,60,96,124,196,196,155,120,72,55,34,48,71,107,154,169,187,164,105,74,51,35,38,54,99,167,200,213,156,102,65,27,24,48,44,94,165,206,210,144,94,67,46,33,52,70,117,183,188,183,133,85,55,36,33,38,59,76,131,155,178,139,107,69,38,34,31,796
378,97,136,187,181,166,125,70,43,17,21,32,81,132,147,162,184,151,94,33,33,31,55,73,127,193,233,169,113,76,43,28,34,44,96,133,199,179,170,118,73,56,26,64,94,99,140,176,190,146,118,77,46,36,46,63,110,159,185,221,165,83,76,31,27,33,52,99,156,190,211,163,102,63,40,46,47,73,117,154,201,175,117,96,56,39,37,38,47,88,125,162,187,155,107,58,46,20,42,766
412,74,138,169,201,164,112,60,32,28,32,31,97,125,154,160,184,129,90,34,28,36,57,77,141,181,208,182,112,68,39,25,30,42,105,151,176,162,181,133,67,50,45,51,81,122,143,166,183,161,106,78,51,35,55,48,98,168,200,224,151,90,60,33,21,24,63,87,151,216,204,170,115,52,37,28,59,78,138,153,183,174,115,98,58,29,38,28,61,108,129,167,161,144,111,59,33,37,34,765
405,90,133,163,190,177,117,80,26,19,28,48,75,123,155,177,160,130,81,46,31,39,45,73,149,180,218,162,126,74,33,24,31,54,100,152,184,195,149,114,64,59,31,58,85,136,138,168,173,153,104,79,52,39,41,56,82,142,209,220,142,108,53,42,21,28,56,80,146,189,213,173,121,53,30,31,56,100,116,159,160,191,143,82,44,55,25,29,61,114,150,169,143,168,87,61,32,40,39,758
416,90,121,172,197,183,107,55,27,19,23,47,80,112,164,175,176,132,91,60,17,27,57,79,148,194,210,166,120,80,43,30,30,57,104,151,200,183,135,115,78,39,48,54,87,120,148,162,175,154,108,62,62,29,43,67,94,159,194,186,183,92,53,46,31,34,52,98,146,174,225,179,107,74,25,25,50,78,127,152,198,175,141,78,43,34,27,41,64,98,165,163,184,144,87,65,42,29,18,770
410,86,162,159,189,173,95,70,37,21,34,49,75,116,140,179,172,132,81,55,34,46,48,92,135,184,224,163,121,67,50,39,38,52,85,142,235,168,157,113,76,48,34,59,83,106,144,183,171,152,111,57,51,33,50,63,98,155,191,198,161,95,54,42,31,32,60,99,144,176,206,184,126,61,32,31,37,97,110,152,192,175,138,91,42,32,26,40,66,97,154,175,173,174,79,61,25,20,28,781
401,91,164,169,179,166,108,70,32,19,36,52,73,101,157,191,174,130,94,47,32,35,47,80,162,174,213,166,129,77,39,19,36,73,97,156,191,183,167,107,70,43,39,53,70,111,141,176,187,156,104,52,54,34,49,61,106,156,197,198,180,97,64,29,28,26,54,98,185,203,211,148,100,68,41,15,48,84,118,143,165,188,137,96,53,38,20,31,71,93,142,170,179,150,118,53,37,27,18,777
404,78,134,193,207,156,113,65,24,17,38,54,74,100,149,189,168,137,86,37,39,28,46,99,152,186,188,172,103,87,48,28,33,51,95,128,218,196,171,91,70,58,37,52,73,93,139,182,203,159,107,61,41,43,47,72,116,147,166,187,151,108,69,37,24,20,52,102,162,211,210,161,101,58,38,23,55,85,110,184,166,169,147,86,68,38,23,36,63,88,139,193,190,139,98,69,39,27,31,735
401,82,140,170,192,173,117,62,25,14,34,54,66,124,145,168,166,149,73,44,29,27,42,82,146,191,194,192,127,77,43,31,34,46,90,123,205,218,154,117,85,49,35,59,58,98,147,184,176,164,113,71,47,43,54,75,97,158,177,190,162,102,68,50,13,35,47,99,161,226,212,164,103,48,33,39,43,79,117,147,177,176,131,104,59,34,19,31,55,104,158,187,202,137,83,59,33,34,29,767
383,83,143,195,197,169,110,70,27,20,22,53,82,131,145,153,175,145,83,49,29,28,37,82,121,194,198,194,138,80,39,38,30,44,96,150,183,187,184,120,84,61,32,40,66,92,146,181,190,158,123,66,51,44,49,70,109,193,171,161,153,93,62,33,30,34,56,93,169,230,206,161,94,64,38,30,45,80,122,161,167,173,150,87,49,38,20,33,64,96,138,195,175,155,101,48,40,34,30,768
374,91,159,188,197,160,122,52,19,35,29,40,61,117,175,161,159,134,90,49,37,26,46,82,121,190,208,211,140,82,26,33,39,54,109,147,161,210,175,118,72,50,34,46,77,101,142,176,191,160,109,60,38,43,51,78,120,156,197,164,152,82,68,40,30,30,54,109,168,202,192,154,115,65,35,28,50,81,119,146,173,200,147,99,47,27,24,24,59,104,144,183,183,156,92,62,39,37,30,761
369,84,162,178,196,151,134,55,33,33,28,40,77,111,141,171,166,114,102,63,42,23,27,73,148,189,230,166,133,63,55,28,38,56,115,140,172,210,170,127,70,34,32,49,64,95,157,195,217,137,99,73,37,31,45,65,126,148,191,195,137,99,59,34,28,38,57,116,159,207,188,173,82,63,49,23,56,78,133,164,182,183,140,94,49,19,20,31,47,76,160,186,199,144,100,60,37,24,34,788
376,74,149,181,201,175,95,57,31,42,36,49,68,116,144,167,172,128,81,54,40,29,39,94,115,197,210,189,97,75,56,44,39,59,107,146,167,213,179,108,76,32,34,47,76,113,143,197,172,153,114,63,30,27,38,80,123,160,200,182,141,99,62,32,32,40,62,115,159,185,215,140,98,58,42,39,48,82,116,169,177,177,146,96,49,23,25,30,53,92,157,181,190,147,111,51,40,22,28,767
359,83,142,209,178,184,102,58,36,27,42,50,60,96,159,168,183,129,92,62,36,25,36,81,115,208,192,182,105,67,45,52,37,78,106,131,194,199,178,110,63,45,37,47,68,110,157,189,173,162,116,71,38,25,36,65,103,147,218,193,153,89,67,40,36,39,61,106,160,194,195,167,96,48,52,27,41,82,96,165,197,170,142,94,55,26,25,30,46,96,150,182,187,141,90,73,41,25,32,762
388,99,149,181,179,149,110,88,46,21,32,43,70,100,139,180,183,146,88,57,29,33,44,75,133,189,210,175,102,86,57,39,37,62,108,146,202,191,164,105,53,49,35,46,80,107,139,165,189,167,113,70,36,27,29,75,93,152,190,185,156,116,64,40,29,38,60,101,162,222,180,168,104,62,36,30,50,49,102,184,184,180,141,95,46,28,24,40,65,97,125,215,175,147,90,74,50,23,31,742
401,104,140,167,171,151,119,73,60,29,32,29,71,104,148,177,190,156,83,43,23,37,46,84,128,199,204,149,128,71,60,42,33,60,103,152,205,205,145,110,70,45,29,49,88,90,161,176,198,168,99,58,28,35,38,50,112,133,162,214,160,115,79,31,34,39,54,105,162,230,192,147,100,71,47,31,35,70,108,147,214,188,156,77,50,27,13,33,62,93,138,198,196,143,110,63,37,17,37,758
388,103,136,170,162,146,126,84,51,37,27,47,62,115,170,179,179,140,69,45,23,25,55,93,119,204,184,178,101,76,53,34,43,62,114,158,193,212,150,92,73,51,40,46,72,120,160,181,205,147,116,53,30,37,33,63,117,155,193,158,170,99,89,36,30,28,61,102,180,195,209,146,82,68,35,34,50,82,110,163,178,193,144,84,46,28,19,24,59,95,158,170,197,182,95,58,27,21,27,775
373,86,126,177,174,153,106,68,52,38,24,56,81,123,160,177,164,120,86,56,27,41,35,87,126,163,212,168,124,79,50,35,43,59,94,164,199,193,159,80,70,56,40,36,67,81,160,209,197,162,110,50,51,29,50,73,110,147,157,185,163,130,66,33,29,35,52,111,150,212,217,141,101,57,36,45,50,86,93,153,188,180,144,91,55,24,28,32,50,100,153,198,184,158,113,50,25,27,21,767
356,77,132,166,196,142,102,75,49,36,40,54,87,137,151,168,152,134,95,66,36,24,32,98,127,182,209,173,117,90,51,32,35,73,97,174,187,198,146,97,72,70,32,50,49,97,153,199,216,149,102,67,46,30,44,71,103,154,182,172,177,121,75,27,31,31,47,115,158,211,194,158,101,66,38,30,48,81,107,165,195,188,138,90,50,28,20,33,51,95,178,191,198,135,88,56,36,17,35,782
385,76,136,159,170,151,99,88,47,47,39,48,85,114,151,177,160,113,96,66,38,26,32,74,129,186,217,185,110,78,54,32,31,66,99,170,180,203,149,94,76,49,42,47,63,106,157,185,203,154,111,66,50,32,27,67,115,160,175,200,165,96,69,31,23,40,50,93,156,226,202,148,93,63,31,27,45,80,119,147,188,201,142,101,55,38,16,30,58,79,166,216,192,146,81,48,40,25,25,750
391,77,123,150,193,144,97,72,48,31,41,58,85,122,146,160,165,140,84,56,40,28,38,74,126,196,196,175,136,71,40,29,34,62,111,169,187,188,161,109,70,49,36,42,70,103,146,168,198,167,101,83,48,26,39,50,106,179,170,184,146,131,70,31,24,41,59,114,161,206,188,149,97,51,41,30,40,65,107,174,186,205,161,106,49,28,20,23,52,99,153,199,196,149,86,57,35,43,32,766
395,79,129,169,173,169,115,60,34,26,25,57,94,117,161,167,175,127,92,61,30,34,37,52,122,194,228,189,112,81,46,29,27,48,117,167,183,207,154,117,66,56,36,44,66,107,153,182,176,167,119,79,41,29,44,50,101,154,184,218,157,109,58,31,31,37,57,118,153,187,189,146,109,60,28,29,44,65,117,152,205,175,147,97,57,37,24,22,47,91,159,210,190,141,110,52,30,30,39,748
389,83,141,150,195,130,108,66,39,31,35,56,90,106,135,195,160,142,85,60,39,49,32,54,130,223,228,167,126,80,45,31,34,41,95,149,217,185,171,106,68,47,44,45,76,112,156,167,167,166,115,79,48,39,30,52,98,141,206,203,166,110,66,36,19,35,62,108,157,205,196,142,104,57,29,36,40,66,137,143,183,188,138,113,56,31,23,25,35,91,176,192,202,151,89,50,45,23,23,777
357,75,137,194,172,149,109,59,40,29,35,57,89,117,147,156,176,127,88,45,39,35,41,79,147,176,209,177,128,66,42,41,41,54,89,149,197,200,146,122,79,57,40,39,67,138,152,174,170,155,116,64,50,32,47,60,89,152,204,209,172,113,68,29,19,20,50,120,159,206,191,150,100,51,39,33,53,66,115,160,180,183,155,103,53,32,18,28,39,102,161,201,190,165,84,68,33,20,23,785
355,105,117,165,178,153,106,56,37,24,33,48,84,128,166,164,153,132,97,43,34,41,45,82,126,174,215,172,122,82,46,36,43,51,96,167,179,187,151,134,87,59,46,52,80,122,150,171,180,140,114,72,47,31,46,66,96,147,186,203,181,119,80,31,12,25,54,115,173,198,181,151,109,69,39,39,44,65,106,152,191,187,138,105,59,39,17,24,47,87,151,219,196,152,95,50,33,16,24,790
367,92,121,161,178,148,103,74,40,44,36,38,85,133,143,161,171,124,100,54,38,30,35,90,131,185,200,185,143,71,47,41,39,58,95,149,184,188,151,116,81,59,51,59,74,98,166,201,207,117,104,56,52,42,29,60,85,163,197,184,162,133,61,28,19,22,50,102,178,176,195,159,111,64,43,27,55,60,110,171,207,167,125,94,67,33,19,36,72,87,161,187,170,150,86,52,40,19,22,780
355,87,140,159,157,146,101,86,46,37,29,54,89,123,140,170,176,151,94,46,12,33,49,78,142,176,207,173,137,88,53,47,49,58,92,156,169,191,169,108,79,70,42,44,84,104,159,177,188,157,78,74,47,45,51,56,90,136,187,211,173,107,69,36,26,22,47,91,148,205,208,171,102,58,45,22,47,72,111,169,199,191,144,97,51,33,21,27,56,110,161,188,182,155,105,51,30,19,24,799
321,82,138,154,164,164,118,68,42,30,39,49,75,126,164,181,158,149,89,45,27,31,35,82,140,145,219,165,133,95,56,44,55,63,94,153,180,208,166,105,87,60,43,50,73,113,130,187,185,138,99,77,55,41,39,53,99,143,190,193,174,117,66,33,27,22,41,103,167,208,197,178,109,60,34,34,35,73,106,186,185,193,149,84,52,38,20,36,54,98,142,189,206,146,82,52,34,26,20,814
320,80,124,181,144,169,122,70,31,43,31,38,85,135,141,171,204,113,71,60,33,26,33,81,137,167,212,167,134,88,47,36,50,54,96,148,190,183,159,122,102,56,46,64,74,108,148,182,163,159,103,65,46,37,37,56,106,127,182,207,166,127,88,42,24,30,40,105,151,200,211,167,108,64,36,33,33,71,142,176,189,184,133,84,48,32,25,23,60,86,131,184,204,135,97,53,35,26,26,811
307,76,112,184,192,139,107,56,42,28,33,55,80,113,159,183,184,119,93,46,35,26,45,89,145,152,197,165,137,75,68,26,41,65,99,154,192,202,143,137,79,56,62,60,68,113,157,181,168,156,105,71,46,29,35,50,97,139,179,182,189,125,92,48,28,26,50,103,141,196,199,179,117,74,29,34,39,62,121,189,190,187,138,89,59,23,24,26,57,89,115,191,200,159,106,52,44,21,34,832
342,76,110,193,171,137,121,76,45,34,35,40,92,103,157,175,169,137,104,53,38,33,58,94,132,162,172,140,141,89,58,40,32,53,94,170,204,173,155,102,85,64,51,52,91,92,150,178,183,139,119,69,56,32,34,59,86,161,166,187,166,127,72,40,30,34,48,114,151,184,212,152,106,65,40,25,42,87,130,164,185,179,161,92,49,29,18,27,52,82,135,180,194,154,104,55,46,18,34,784
364,87,120,157,184,150,126,65,41,30,36,43,100,111,154,152,169,137,91,57,42,33,47,85,139,176,182,152,122,86,72,31,44,45,94,157,202,179,167,113,71,50,58,62,71,121,147,164,179,142,126,76,54,27,37,66,96,141,168,219,169,112,83,49,26,30,61,94,146,200,208,170,103,70,32,29,38,74,137,145,189,201,147,86,61,14,20,30,58,85,142,167,188,151,111,51,41,25,32,797
349,80,118,178,171,165,94,71,38,26,34,53,90,104,169,143,172,120,91,62,35,43,48,87,124,157,205,154,119,93,71,28,49,47,93,145,192,176,160,134,89,57,41,54,67,100,150,191,191,162,125,82,42,27,33,55,96,128,177,209,196,113,75,39,36,35,54,83,162,195,206,163,119,51,33,24,42,55,117,185,191,201,158,93,56,20,16,21,59,95,138,188,176,135,102,65,45,32,30,784
369,79,117,175,167,145,107,64,43,27,37,53,76,110,181,158,157,119,80,65,41,44,56,75,114,191,196,162,135,95,64,40,38,73,103,133,173,185,167,128,80,69,43,55,66,87,158,175,199,149,124,75,59,36,36,55,74,139,188,199,191,121,65,54,30,30,56,107,161,190,197,153,118,64,37,28,37,60,109,153,185,227,149,90,61,28,16,19,41,88,148,183,207,125,100,81,40,18,27,768
351,87,128,155,184,141,109,65,46,31,30,38,104,121,161,167,153,109,96,68,37,41,52,70,123,180,178,158,122,98,75,38,43,67,89,130,164,187,171,147,83,43,43,59,73,105,133,194,163,159,114,72,53,36,38,61,96,140,214,192,152,136,64,42,32,24,50,94,155,207,183,152,115,65,26,29,42,70,99,161,198,208,134,110,62,29,20,19,35,77,128,211,200,151,98,80,37,25,33,766
370,77,132,177,169,149,99,78,44,35,31,38,84,135,139,175,142,150,89,66,41,38,42,73,151,171,167,152,143,99,63,52,47,58,101,140,173,190,155,130,91,48,53,44,78,109,157,187,175,138,136,92,52,35,36,61,72,166,217,180,182,115,62,44,30,31,42,102,157,206,196,167,103,74,28,16,26,79,103,159,199,203,126,96,69,29,20,24,34,65,126,186,196,155,126,72,43,17,41,751
364,79,135,182,169,151,98,74,40,39,34,44,70,132,161,163,139,129,92,61,41,43,36,86,123,164,189,167,117,102,71,48,36,60,107,140,182,200,181,114,78,50,47,59,76,102,157,184,191,143,107,93,60,43,34,62,86,147,186,200,177,124,62,46,26,25,45,103,173,212,203,136,109,59,24,28,31,79,113,138,210,179,153,87,61,38,14,31,40,78,131,169,187,167,95,95,47,29,33,759
359,88,123,184,174,156,101,76,39,28,36,46,70,119,186,176,147,121,84,64,48,34,51,69,129,162,185,151,132,96,73,53,48,59,90,157,204,189,144,109,75,63,36,53,80,98,138,186,178,146,119,94,57,42,44,65,111,165,183,172,175,120,67,41,25,28,46,114,170,228,191,145,84,63,28,38,43,65,88,145,195,199,156,117,47,43,33,14,53,58,134,173,190,144,124,63,45,40,49,729
372,82,111,172,180,147,114,69,45,20,37,48,77,112,181,160,149,116,84,76,38,39,41,69,138,164,163,174,133,92,71,43,47,65,108,164,177,191,144,121,77,61,48,47,73,100,156,175,163,152,153,95,42,45,46,71,107,170,185,169,160,119,63,50,37,25,58,117,161,208,196,150,98,65,36,37,49,50,90,139,186,193,177,106,59,29,32,36,41,75,124,152,190,156,116,72,49,36,42,733
384,89,134,151,162,153,125,61,38,33,33,43,77,134,160,172,161,114,86,68,34,46,58,78,125,161,171,153,124,86,77,51,51,72,120,138,189,191,148,95,81,55,51,51,74,88,152,189,192,143,145,79,57,34,41,68,106,165,181,200,131,121,71,43,35,40,69,83,172,208,190,160,94,52,47,32,36,60,96,136,182,183,157,88,58,57,31,41,45,75,137,166,171,160,96,77,33,38,43,752
407,80,122,144,167,158,126,69,37,30,34,51,71,130,177,164,150,123,74,51,39,51,46,78,112,159,190,187,138,79,60,60,43,83,97,154,206,188,139,90,84,56,47,47,73,117,149,181,151,180,128,71,67,38,45,62,103,163,188,199,135,118,60,53,34,37,65,108,167,210,193,137,95,73,42,36,30,63,103,149,159,188,166,90,69,43,39,30,43,70,135,165,200,151,92,66,47,42,35,713
425,81,127,150,157,149,114,65,50,39,37,49,76,125,173,164,150,133,80,46,36,39,43,78,120,170,192,168,122,89,62,48,44,77,99,166,181,189,160,96,89,61,37,53,90,105,137,144,178,171,147,88,52,47,44,65,93,156,191,186,149,123,73,59,33,45,61,100,140,206,210,151,111,63,42,27,38,66,93,160,195,177,148,94,71,55,30,31,45,73,132,163,195,141,107,67,53,46,37,705
431,79,111,160,179,131,113,55,52,41,45,42,77,127,161,160,169,124,79,48,37,38,48,78,95,153,194,176,133,111,75,54,59,65,101,135,188,189,144,116,85,63,53,51,86,114,125,138,181,167,126,99,57,51,43,68,102,164,184,189,147,125,67,37,43,31,64,109,150,178,211,166,112,61,46,35,40,69,107,137,158,178,146,115,79,41,36,31,42,66,124,158,170,148,121,79,49,40,30,717
406,84,132,163,167,123,111,74,53,48,38,61,93,110,146,172,172,110,93,44,43,41,47,64,92,155,177,165,145,110,58,62,62,68,106,133,193,170,166,133,79,68,43,57,91,102,121,144,179,163,124,98,62,43,51,60,112,160,178,179,161,109,82,38,39,44,48,100,163,187,193,173,115,61,43,41,45,58,97,141,162,197,153,109,69,50,31,29,40,73,123,156,190,144,107,71,44,42,37,698
410,77,104,158,170,120,119,75,54,52,36,54,74,118,149,180,173,112,80,51,38,49,44,61,111,170,188,164,139,109,96,54,55,65,103,150,169,180,145,124,81,53,59,63,72,96,124,170,170,161,128,99,67,37,39,73,105,159,173,184,163,117,78,48,35,45,64,100,158,189,185,180,104,62,58,38,43,54,80,158,156,200,145,108,76,47,30,34,54,76,140,153,180,146,95,75,49,43,44,699
399,81,117,143,163,138,110,83,52,50,51,50,69,98,149,178,168,130,75,60,35,41,46,79,113,150,174,155,139,106,82,65,66,68,90,132,180,187,161,123,74,67,57,61,79,90,129,152,206,123,145,84,72,47,58,75,105,140,180,185,155,103,87,43,33,54,52,110,154,184,181,162,109,78,57,49,43,55,83,149,180,189,175,113,55,51,36,33,52,85,124,144,168,142,108,71,61,47,48,685
388,80,123,151,139,143,125,81,75,53,34,51,81,103,149,164,166,113,83,69,38,37,34,73,119,160,153,171,131,113,79,71,58,60,93,114,172,183,156,123,96,65,51,55,64,97,112,171,191,177,141,86,46,57,51,65,114,151,176,171,176,116,71,42,43,41,52,97,157,167,218,169,117,62,60,44,42,63,106,136,140,176,164,111,75,40,38,35,47,84,105,159,169,141,114,78,52,51,43,695
420,80,136,140,149,139,105,94,52,54,47,37,81,121,144,158,147,145,97,65,39,29,54,82,109,143,144,159,143,119,79,70,62,67,78,130,162,215,169,127,103,67,53,58,65,95,110,179,146,189,152,98,61,47,52,67,96,147,175,169,171,127,82,39,47,45,54,86,145,183,176,186,119,69,46,43,41,69,96,130,151,185,156,121,65,48,43,34,52,57,132,158,173,149,103,68,47,58,47,679
415,72,107,159,143,135,110,90,54,52,47,50,58,109,144,157,186,130,111,76,47,38,52,71,127,135,136,159,147,108,80,66,69,57,77,142,156,194,176,126,93,63,65,62,75,89,104,148,175,162,160,113,60,46,39,63,99,150,167,166,186,129,102,50,37,50,58,81,135,197,193,156,107,78,74,41,51,75,91,138,147,179,139,130,72,47,45,49,41,74,119,139,189,122,112,68,54,47,37,692
429,61,109,158,149,148,108,84,44,53,52,50,60,111,131,151,158,142,106,62,55,37,49,93,116,126,145,156,133,88,83,71,54,68,79,138,168,189,168,118,88,76,68,42,75,95,100,145,173,171,154,126,65,54,50,56,89,136,176,193,165,125,101,61,51,43,55,87,139,161,192,159,124,80,55,57,58,59,97,125,152,181,145,128,76,54,47,31,41,78,119,155,167,151,90,81,54,49,44,678
436,71,111,122,144,133,112,87,75,59,45,48,66,109,126,126,167,140,116,76,54,43,71,78,106,147,152,153,121,85,92,70,51,68,89,129,169,170,173,128,99,86,67,52,60,95,105,149,164,161,154,107,91,64,52,58,89,137,176,186,158,144,86,65,43,55,49,96,132,174,181,147,119,97,66,59,53,61,89,115,161,139,170,126,80,62,46,41,47,68,120,141,152,138,114,85,68,43,55,665
415,79,94,113,114,135,125,103,53,55,43,63,68,95,117,141,145,131,98,91,59,52,51,64,109,147,163,130,116,98,83,86,80,75,87,131,140,163,173,125,102,81,51,54,54,108,109,133,148,158,129,107,94,81,53,70,86,125,146,165,168,123,92,69,54,43,59,98,121,156,177,153,110,90,83,57,52,58,86,111,138,149,156,146,84,80,44,43,47,64,98,129,161,142,108,81,65,58,44,609
423,65,78,111,117,119,91,90,64,49,59,49,74,74,111,123,118,99,88,83,56,43,49,70,105,113,137,113,112,101,94,67,69,70,85,108,148,132,134,121,87,59,66,61,66,83,90,117,121,139,117,113,83,73,67,67,86,117,136,136,127,134,103,58,49,40,53,87,116,146,134,143,101,93,69,54,52,64,64,107,126,151,145,109,74,62,32,43,45,63,94,97,142,132,102,75,74,53,41,502
321,48,72,79,89,89,67,65,47,42,37,48,53,57,76,102,84,62,78,59,42,28,39,36,87,119,81,87,86,80,70,59,37,50,74,84,98,91,99,92,77,46,52,46,49,63,70,88,98,79,86,69,71,59,66,59,82,84,94,90,111,103,75,53,32,41,44,66,95,98,117,97,110,74,57,38,32,44,47,63,99,88,108,71,59,46,39,42,34,46,70,91,107,102,75,54,51,43,36,376
170,20,37,41,48,42,49,37,29,22,19,22,30,42,41,35,51,45,46,31,21,17,15,25,46,55,61,60,39,48,44,26,23,28,33,55,55,44,54,50,31,41,21,21,15,40,47,41,59,40,41,46,44,36,36,41,37,47,57,56,63,46,36,38,18,23,24,44,55,55,57,60,55,45,40,17,16,20,25,35,60,44,54,38,45,18,20,19,17,22,51,51,57,54,48,41,20,26,21,227
60,10,9,13,14,10,9,13,8,11,1,9,7,13,8,13,14,12,11,9,6,8,7,7,14,24,19,22,14,19,9,14,9,11,19,19,20,15,19,18,9,9,11,5,10,12,17,11,15,15,17,20,11,13,19,13,17,13,17,18,16,17,14,13,10,7,10,8,12,28,16,17,23,13,15,9,4,13,11,14,25,16,19,10,12,5,3,7,4,5,14,19,20,11,18,18,10,11,5,85
13,1,1,2,2,1,1,3,2,0,1,0,1,2,1,2,1,3,1,2,1,1,1,3,1,2,2,5,4,5,3,0,1,0,1,5,3,2,1,4,5,1,2,1,1,2,4,2,2,2,2,5,5,1,1,2,2,2,2,3,1,1,1,3,1,0,0,3,3,3,4,1,7,6,2,1,4,0,3,3,5,7,3,2,0,1,0,0,2,1,2,4,5,1,2,5,1,1,1,15
0,2,0,0,1,0,0,0,0,0,0,0,0,0,0,0,0,0,0,0,0,0,0,0,0,1,0,0,0,1,0,0,0,0,0,0,2,1,0,1,0,0,0,0,0,1,0,0,0,0,0,1,0,1,0,0,0,0,0,0,0,0,1,0,0,0,0,0,0,0,0,0,0,0,0,0,0,0,2,2,0,1,0,0,0,0,0,0,0,0,2,1,0,0,0,0,0,0,0,0
0,0,0,0,0,0,0,0,0,0,0,0,0,0,0,0,0,0,0,0,0,0,0,0,0,0,0,0,0,0,0,0,0,0,0,0,0,0,0,0,0,0,0,0,0,0,0,0,0,0,0,0,0,0,0,0,0,0,0,0,0,0,0,0,0,0,0,0,0,0,0,0,0,0,0,0,0,0,0,0,0,0,0,0,0,0,0,0,0,0,0,0,0,0,0,0,0,0,0,0
0,0,0,0,0,0,0,0,0,0,0,0,0,0,0,0,0,0,0,0,0,0,0,0,0,0,0,0,0,0,0,0,0,0,0,0,0,0,0,0,0,0,0,0,0,0,0,0,0,0,0,0,0,0,0,0,0,0,0,0,0,0,0,0,0,0,0,0,0,0,0,0,0,0,0,0,0,0,0,0,0,0,0,0,0,0,0,0,0,0,0,0,0,0,0,0,0,0,0,0
0,0,0,0,0,0,0,0,0,0,0,0,0,0,0,0,0,0,0,0,0,0,0,0,0,0,0,0,0,0,0,0,0,0,0,0,0,0,0,0,0,0,0,0,0,0,0,0,0,0,0,0,0,0,0,0,0,0,0,0,0,0,0,0,0,0,0,0,0,0,0,0,0,0,0,0,0,0,0,0,0,0,0,0,0,0,0,0,0,0,0,0,0,0,0,0,0,0,0,0
0,0,0,0,0,0,0,0,0,0,0,0,0,0,0,0,0,0,0,0,0,0,0,0,0,0,0,0,0,0,0,0,0,0,0,0,0,0,0,0,0,0,0,0,0,0,0,0,0,0,0,0,0,0,0,0,0,0,0,0,0,0,0,0,0,0,0,0,0,0,0,0,0,0,0,0,0,0,0,0,0,0,0,0,0,0,0,0,0,0,0,0,0,0,0,0,0,0,0,0
0,0,0,0,0,0,0,0,0,0,0,0,0,0,0,0,0,0,0,0,0,0,0,0,0,0,0,0,0,0,0,0,0,0,0,0,0,0,0,0,0,0,0,0,0,0,0,0,0,0,0,0,0,0,0,0,0,0,0,0,0,0,0,0,0,0,0,0,0,0,0,0,0,0,0,0,0,0,0,0,0,0,0,0,0,0,0,0,0,0,0,0,0,0,0,0,0,0,0,0
0,0,0,0,0,0,0,0,0,0,0,0,0,0,0,0,0,0,0,0,0,0,0,0,0,0,0,0,0,0,0,0,0,0,0,0,0,0,0,0,0,0,0,0,0,0,0,0,0,0,0,0,0,0,0,0,0,0,0,0,0,0,0,0,0,0,0,0,0,0,0,0,0,0,0,0,0,0,0,0,0,0,0,0,0,0,0,0,0,0,0,0,0,0,0,0,0,0,0,0
