-4.22985,0.26498
-4.11974,0.41639
-4.13581,0.614174
-4.15695,0.822607
-4.19962,1.03346
-4.32021,1.21038
-4.28207,1.41927
-4.26324,1.61957
-4.26226,1.82514
-4.38024,1.97571
-4.41994,2.1717
-4.3572,2.34818
-4.45658,2.52898
-4.33918,2.71135
-4.39554,2.89703
-4.33308,3.09958
-4.3624,3.29484
-4.24905,3.45135
-4.11489,3.59029
-4.2381,3.74999
-4.31211,3.9388
-4.25755,4.14577
-4.32991,4.35108
-4.40984,4.5298
-4.46342,4.73275
-4.61185,4.86381
-4.62885,5.05552
-4.72502,5.22999
-4.81553,5.4167
-4.84519,5.63195
-4.88208,5.82577
-4.91072,6.03194
-4.97491,6.23598
-4.92173,6.42801
-4.75426,6.51601
-4.78076,6.70344
-4.74592,6.91516
-4.70172,7.10297
-4.50526,7.15526
-4.41508,7.35037
-4.40853,7.55713
-4.47858,7.75546
-4.45434,7.96089
-4.46189,8.17043
-4.41643,8.36366
-4.56827,8.51153
-4.49933,8.71163
-4.43672,8.90475
-4.47475,9.12689
-4.57493,9.28918
-4.63101,9.50615
-4.65972,9.7119
-4.77,9.89317
-4.59432,10.0028
-4.54902,10.1947
-4.52866,10.397
-4.38115,10.5398
-4.37122,10.7572
-4.4687,10.9264
-4.32641,11.0833
-4.34665,11.2954
-4.16578,11.4037
-4.32779,11.5414
-4.33519,11.7498
-4.29506,11.9476
-4.25318,12.1525
-4.4002,12.2914
-4.53448,12.4337
-4.58492,12.6245
-4.46405,12.7746
-4.54136,12.9557
-4.60689,13.1433
-4.55759,13.3308
-4.52021,13.5207
-4.60849,13.704
-4.5659,13.8937
-4.50802,14.0851
-4.49126,14.2928
-4.57567,14.4755
-4.68411,14.6408
-4.62951,14.8307
-4.50414,14.9916
-4.5726,15.1769
-4.58374,15.3806
-4.56684,15.5757
-4.63749,15.7681
-4.59317,15.9629
-4.44053,16.1272
-4.35993,16.3136
-4.4899,16.4789
-4.53768,16.6668
-4.64891,16.8244
-4.7039,17.0236
-4.52357,17.1391
-4.62554,17.3067
-4.63593,17.5142
-4.57301,17.7151
-4.52683,17.9315
-4.52763,18.1318
-4.48286,18.3542
-4.36612,18.5196
-4.45463,18.695
-4.39462,18.8834
-4.22729,19.0446
-4.31115,19.2242
-4.48268,19.2912
-4.64146,19.4178
-4.70277,19.6072
-4.68311,19.793
-4.64773,19.9928
-4.50841,20.1179
-4.67222,20.2389
-4.66758,20.4419
-4.48732,20.5401
-4.53855,20.7342
-4.43173,20.9276
-4.41363,21.1252
-4.33471,21.2992
-4.23346,21.4819
-4.17681,21.6706
-4.14723,21.8788
-4.11507,22.0866
-4.03757,22.2683
-4.13393,22.4554
-3.95318,22.5604
-3.88883,22.7569
-3.81085,22.9424
-3.90621,23.1272
-3.97122,23.3228
-4.1117,23.4745
-4.2642,23.6125
-4.32042,23.8013
-4.21415,23.9547
-4.09396,24.1248
-4.12982,24.3219
-4.2662,24.4881
-4.4644,24.5061
-4.5032,24.7004
-4.62396,24.8616
-4.58829,25.0829
-4.54696,25.2855
-4.49997,25.4814
-4.64622,25.6263
-4.75577,25.8055
-4.72207,26.0013
-4.6431,26.1783
-4.666,26.3752
-4.69474,26.5727
-4.70689,26.7749
-4.75075,26.9814
-4.80132,27.1849
-4.7577,27.3977
-4.81017,27.5885
-4.80866,27.7912
-4.81769,28.0069
-4.9363,28.1769
-5.01366,28.3544
-4.98751,28.566
-5.06146,28.7559
-4.95969,28.9379
-5.01232,29.1182
-4.89199,29.2732
-4.9095,29.4782
-4.79821,29.6553
-4.68841,29.8182
-4.6563,30.0166
-4.67651,30.2249
-4.59238,30.427
-4.55662,30.6365
-4.6617,30.7942
-4.53254,30.9588
-4.42417,31.1265
-4.43029,31.3331
-4.43533,31.5343
-4.52202,31.7249
-4.31882,31.7399
-4.26648,31.9296
-4.22693,32.1367
-4.27659,32.3347
-4.19179,32.5128
-4.27577,32.6995
-4.08262,32.7619
-4.04221,32.9483
-4.1511,33.1339
-4.24072,33.3118
-4.23975,33.5213
-4.24632,33.7246
-4.34455,33.9065
-4.46347,34.071
-4.47593,34.2661
-4.66232,34.3808
-4.61964,34.5796
-4.67741,34.7797
-4.77536,34.953
-4.80664,35.1514
-4.8027,35.3638
-4.7486,35.5499
-4.69676,35.7361
-4.57464,35.899
-4.69574,36.0551
-3.4518,0.0268197
-3.44714,0.232941
-3.42929,0.433254
-3.56757,0.624554
-3.70809,0.786622
-3.59287,0.951806
-3.65509,1.1589
-3.62871,1.3569
-3.76508,1.51822
-3.8495,1.71509
-3.85234,1.91324
-3.77641,2.08942
-3.69931,2.27276
-3.66846,2.46974
-3.69012,2.67027
-3.62454,2.85917
-3.51777,3.02486
-3.35037,3.10119
-3.22412,3.27532
-3.20913,3.46825
-3.25429,3.66139
-3.36756,3.8094
-3.35121,4.00329
-3.38303,4.2045
-3.4633,4.38935
-3.41133,4.58736
-3.23404,4.70679
-3.24694,4.90624
-3.25015,5.10257
-3.36341,5.25876
-3.33447,5.47399
-3.49224,5.58617
-3.61136,5.75479
-3.54351,5.94405
-3.45783,6.12437
-3.42202,6.31547
-3.52495,6.49106
-3.40737,6.6561
-3.42016,6.85784
-3.37282,7.0597
-3.27512,7.24436
-3.18116,7.42511
-3.23992,7.61568
-3.15145,7.80238
-3.19414,8.00798
-3.0822,8.19183
-3.0045,8.37851
-3.04587,8.57344
-2.95019,8.74629
-3.02691,8.92953
-2.94134,9.13155
-2.83877,9.31715
-2.89777,9.50733
-2.87675,9.69704
-3.07315,9.69656
-3.0752,9.90205
-3.07387,10.1112
-3.13894,10.2943
-3.05283,10.4755
-3.03692,10.6906
-2.90912,10.8463
-2.83227,11.0377
-2.82105,11.2429
-2.90041,11.4567
-2.88201,11.6643
-2.89226,11.8465
-2.81375,12.0437
-2.97414,12.1427
-3.01504,12.3331
-3.06744,12.5345
-3.22193,12.682
-3.18549,12.8818
-3.38439,12.951
-3.3986,13.1575
-3.51965,13.307
-3.64613,13.4599
-3.7416,13.6327
-3.7693,13.8418
-3.65354,13.9998
-3.5144,14.1647
-3.42368,14.3346
-3.37732,14.5329
-3.43878,14.7312
-3.50823,14.9442
-3.66261,15.1014
-3.50394,15.2219
-3.60679,15.3983
-3.73299,15.5433
-3.60662,15.7115
-3.59259,15.9081
-3.64851,16.0976
-3.67744,16.2961
-3.57262,16.4642
-3.59098,16.6489
-3.61674,16.8517
-3.70546,17.023
-3.66369,17.2221
-3.63142,17.4241
-3.50902,17.5718
-3.63185,17.7433
-3.44837,17.8526
-3.3152,18.0157
-3.49107,18.1248
-3.55319,18.3158
-3.40369,18.4661
-3.4052,18.6781
-3.22463,18.7618
-3.2208,18.9691
-3.22089,19.1826
-3.22012,19.401
-3.24902,19.5914
-3.24239,19.7864
-3.31207,19.9865
-3.31109,20.1836
-3.1578,20.2998
-3.10507,20.4979
-3.01018,20.6742
-3.02948,20.8612
-2.88857,20.9981
-2.77483,21.1628
-2.81999,21.3567
-2.88432,21.5476
-2.99069,21.7267
-3.12767,21.8806
-3.28449,22.015
-3.21469,22.2109
-3.20662,22.4113
-3.17426,22.605
-3.16678,22.812
-3.08222,22.9923
-3.08787,23.2018
-3.2666,23.2942
-3.24475,23.4857
-3.13853,23.6675
-3.24524,23.8507
-3.32893,24.0508
-3.21714,24.2325
-3.07337,24.3573
-3.03113,24.5575
-3.08268,24.7515
-3.11328,24.9545
-3.11901,25.1633
-3.147,25.3498
-3.09023,25.5509
-3.11029,25.7589
-3.03677,25.9546
-2.94184,26.1212
-3.09807,26.2483
-3.09054,26.4545
-3.05352,26.6557
-3.05564,26.8595
-3.23368,26.9437
-3.14963,27.1274
-3.20439,27.3261
-3.21641,27.5298
-3.16201,27.7299
-3.12375,27.9348
-3.10692,28.1474
-3.23297,28.2976
-3.40691,28.4192
-3.46972,28.6237
-3.43692,28.8247
-3.57469,28.9648
-3.54662,29.1573
-3.42183,29.3169
-3.3186,29.4888
-3.15161,29.6033
-3.24745,29.7773
-3.41261,29.878
-3.38534,30.0849
-3.52702,30.2582
-3.63495,30.4221
-3.65621,30.6221
-3.62593,30.8218
-3.67901,31.001
-3.57029,31.1702
-3.4708,31.3486
-3.4157,31.5468
-3.52819,31.7277
-3.38171,31.8506
-3.20923,31.9392
-3.09739,32.0945
-3.06957,32.3055
-3.18004,32.4677
-3.20595,32.6669
-3.14402,32.8487
-3.06285,33.0353
-3.0941,33.2296
-3.1743,33.4245
-3.21025,33.6225
-3.06557,33.7725
-3.03772,33.9662
-3.14956,34.1301
-3.04124,34.2825
-3.13713,34.4749
-2.94317,34.5243
-3.06222,34.695
-3.01011,34.875
-2.95563,35.0747
-3.05483,35.2467
-2.76035,0.428945
-2.69616,0.615954
-2.73952,0.818866
-2.80958,1.00873
-2.85465,1.2106
-2.96561,1.3756
-2.91822,1.55571
-2.9353,1.76239
-2.89426,1.97587
-2.85779,2.17776
-2.86408,2.38931
-2.96926,2.56583
-3.10328,2.70707
-3.12911,2.90937
-2.9404,2.98242
-2.83829,3.15019
-2.73538,3.33492
-2.83444,3.5234
-2.90107,3.71688
-2.86864,3.91777
-2.85658,4.12415
-2.79708,4.33925
-2.74584,4.5366
-2.8769,4.71354
-2.9252,4.90534
-2.93581,5.10364
-2.86014,5.29275
-2.82438,5.484
-2.83435,5.67464
-2.79949,5.88393
-2.67557,6.04901
-2.47979,6.09741
-2.38606,6.29057
-2.34419,6.50955
-2.30349,6.72246
-2.30839,6.92666
-2.20319,7.10263
-2.15361,7.29733
-2.2267,7.50253
-2.18717,7.7048
-2.13321,7.915
-2.17534,8.10717
-2.13353,8.31481
-2.06879,8.49416
-2.09797,8.69945
-2.09325,8.89037
-2.12428,9.09424
-2.02282,9.25953
-2.07204,9.45521
-2.04391,9.65813
-2.22227,9.7282
-2.12846,9.91208
-2.27818,10.0408
-2.18867,10.2257
-2.13376,10.419
-2.09219,10.6062
-2.0161,10.7968
-2.05338,10.99
-2.05482,11.1912
-2.20013,11.3291
-2.33863,11.4668
-2.39402,11.6715
-2.27628,11.8362
-2.3431,12.0389
-2.25454,12.2284
-2.13358,12.3905
-2.09447,12.5878
-2.09732,12.798
-2.13082,13.0054
-2.08834,13.2116
-2.10001,13.4078
-2.11468,13.597
-2.22453,13.7631
-2.36696,13.8911
-2.28728,14.0722
-2.37264,14.2595
-2.25949,14.4257
-2.22675,14.6157
-2.21026,14.8261
-2.15805,15.0235
-2.23718,15.2282
-2.33228,15.4135
-2.42578,15.5863
-2.39002,15.795
-2.26788,15.9344
-2.18836,16.1269
-2.15776,16.3247
-2.25049,16.4963
-2.35211,16.6963
-2.47327,16.8549
-2.61365,16.9874
-2.63353,17.1935
-2.77016,17.3627
-2.83984,17.5527
-2.6821,17.6896
-2.72047,17.8893
-2.65137,18.0741
-2.77294,18.2336
-2.82118,18.4333
-2.70178,18.603
-2.6632,18.7956
-2.6494,18.9939
-2.67465,19.2042
-2.81987,19.3531
-2.69683,19.5367
-2.8224,19.6895
-2.76726,19.8906
-2.63559,20.0389
-2.72411,20.219
-2.66735,20.425
-2.61638,20.6184
-2.44054,20.7203
-2.45967,20.9204
-2.30582,21.0335
-2.13895,21.1269
-2.10065,21.3305
-2.0801,21.5447
-2.2398,21.6546
-2.31235,21.8633
-2.25831,22.0498
-2.3884,22.2135
-2.50781,22.3593
-2.51985,22.5684
-2.61032,22.7374
-2.6507,22.9285
-2.72856,23.1159
-2.75776,23.3142
-2.83774,23.5141
-2.70569,23.657
-2.76581,23.8667
-2.7012,24.0635
-2.82486,24.2218
-2.73553,24.4041
-2.71927,24.6002
-2.61114,24.7893
-2.63677,24.9959
-2.68664,25.2138
-2.67009,25.4083
-2.48652,25.524
-2.59862,25.6871
-2.48005,25.8469
-2.39861,26.0438
-2.45808,26.2626
-2.56448,26.4504
-2.56643,26.6402
-2.6936,26.7866
-2.68472,26.9851
-2.84861,27.0943
-2.85937,27.2945
-2.91083,27.4987
-2.78225,27.6848
-2.67899,27.8516
-2.52691,28.0021
-2.49581,28.2071
-2.38827,28.3956
-2.38593,28.6099
-2.40752,28.811
-2.31557,28.9725
-2.45263,29.1468
-2.59328,29.2982
-2.45918,29.4469
-2.54907,29.6629
-2.53936,29.8701
-2.36352,30.0112
-2.42108,30.2045
-2.48264,30.404
-2.30762,30.503
-2.17606,30.6479
-2.23989,30.8377
-2.17012,31.0309
-2.18505,31.2299
-2.05952,31.3685
-2.1071,31.565
-2.19174,31.7501
-2.24707,31.9319
-2.11316,32.0704
-2.09499,32.2684
-2.12819,32.4742
-2.10142,32.6745
-2.07219,32.8726
-2.06941,33.0709
-1.88789,33.1678
-2.05406,33.2975
-2.04224,33.5201
-2.11482,33.7325
-2.16828,33.9235
-2.30158,34.0645
-2.14535,34.1872
-2.12037,34.4105
-2.26303,34.5613
-2.20936,34.7571
-2.13712,34.9488
-1.98934,35.1159
-2.14287,35.2641
-2.13923,35.4602
-2.30874,35.5728
-2.24213,35.7587
-2.3194,35.9593
-2.46511,36.1153
-2.46959,36.3315
-1.4156,0.525429
-1.26186,0.659503
-1.34618,0.852484
-1.45469,1.03394
-1.57938,1.19201
-1.38313,1.22315
-1.35204,1.43252
-1.42562,1.62308
-1.37487,1.83747
-1.29274,2.01401
-1.18936,2.19288
-1.12338,2.39032
-1.2807,2.53157
-1.25479,2.73861
-1.1592,2.92589
-1.047,3.10436
-0.962964,3.29487
-1.12603,3.42099
-1.23181,3.60135
-1.26402,3.79609
-1.32813,3.98625
-1.43576,4.1599
-1.24547,4.20801
-1.3249,4.38243
-1.22581,4.57276
-1.09328,4.72321
-0.921678,4.8335
-0.823839,5.02172
-0.694844,5.17906
-0.860549,5.30248
-1.03036,5.40681
-1.1118,5.58999
-1.12932,5.78197
-1.28544,5.92486
-1.29413,6.13137
-1.39157,6.30176
-1.25923,6.45535
-1.11947,6.6094
-1.2113,6.78707
-1.26407,6.99076
-1.18828,7.17527
-1.18507,7.38354
-1.10624,7.5643
-1.05635,7.75082
-1.07107,7.9554
-1.19645,8.10864
-1.34596,8.23131
-1.29552,8.41874
-1.43392,8.56555
-1.43964,8.7647
-1.54032,8.93408
-1.64556,9.10794
-1.52661,9.27943
-1.38486,9.43167
-1.54448,9.54905
-1.48104,9.74038
-1.46432,9.94975
-1.54841,10.1152
-1.53104,10.3174
-1.47838,10.5058
-1.33189,10.6586
-1.25361,10.8464
-1.22149,11.0518
-1.24715,11.2553
-1.14843,11.4422
-1.1,11.6457
-1.19352,11.8395
-1.11129,12.0136
-1.16003,12.2241
-1.20642,12.402
-1.08659,12.5598
-1.05201,12.7494
-1.09341,12.9554
-1.17858,13.1593
-1.21101,13.3515
-1.16757,13.5497
-1.23811,13.748
-1.18628,13.9552
-1.21742,14.1602
-1.19302,14.3594
-1.05516,14.5015
-0.999906,14.7007
-0.908138,14.8704
-1.02879,15.007
-0.993051,15.1984
-0.938876,15.4023
-0.824641,15.5871
-0.880033,15.7913
-1.0138,15.9563
-1.13644,16.1253
-1.07962,16.3171
-1.15158,16.4955
-1.21928,16.6896
-1.21398,16.9012
-1.3961,16.9628
-1.42484,17.1587
-1.24624,17.262
-1.38975,17.3993
-1.25258,17.5638
-1.10081,17.6995
-0.960042,17.8438
-1.15649,17.9133
-1.20041,18.1021
-1.00806,18.1744
-1.09405,18.351
-1.30242,18.3909
-1.32602,18.6106
-1.22275,18.7841
-1.26294,18.9838
-1.13196,19.1502
-1.08189,19.35
-1.21958,19.5057
-1.33793,19.6681
-1.43054,19.8478
-1.4468,20.0415
-1.42799,20.2503
-1.42841,20.4393
-1.33661,20.6286
-1.40465,20.8087
-1.46907,20.9971
-1.41653,21.1957
-1.47251,21.3909
-1.57435,21.5801
-1.61127,21.7861
-1.72195,21.9726
-1.70007,22.1881
-1.64174,22.3842
-1.62432,22.584
-1.55754,22.7603
-1.58973,22.9479
-1.45845,23.1255
-1.53069,23.317
-1.49339,23.5039
-1.45535,23.7152
-1.37348,23.908
-1.3438,24.1115
-1.30465,24.3204
-1.38509,24.5013
-1.44932,24.6999
-1.5151,24.894
-1.49807,25.0873
-1.56852,25.2871
-1.63098,25.4633
-1.59222,25.6619
-1.62413,25.8548
-1.52025,26.0234
-1.44882,26.2167
-1.52056,26.4169
-1.5393,26.6327
-1.44181,26.7899
-1.49571,26.9964
-1.50278,27.2091
-1.6743,27.3018
-1.62331,27.4927
-1.52867,27.6668
-1.44852,27.8471
-1.37086,28.0365
-1.35719,28.2238
-1.30456,28.4095
-1.24532,28.5993
-1.18923,28.7942
-1.2396,29.0097
-1.09406,29.1498
-1.11766,29.3578
-1.26546,29.4949
-1.249,29.6914
-1.23272,29.8966
-1.28122,30.0897
-1.2742,30.2861
-1.24544,30.48
-1.29184,30.6827
-1.17574,30.8437
-1.278,31.0117
-1.34314,31.2256
-1.44671,31.3863
-1.5785,31.5545
-1.46025,31.7322
-1.30116,31.8743
-1.36926,32.0778
-1.39373,32.2768
-1.36199,32.4849
-1.36707,32.6924
-1.23816,32.8415
-1.16241,33.033
-1.06491,33.2095
-1.10313,33.4174
-1.12631,33.6183
-1.1199,33.8173
-1.08953,34.0287
-0.959381,34.1854
-0.941802,34.3962
-0.896491,34.6117
-1.0057,34.7792
-1.02182,34.98
-1.12187,35.1507
-1.1727,35.3461
-1.28246,35.5424
-1.44271,35.6736
-1.48554,35.8714
-1.43993,36.0768
-0.0493162,0.230497
0.0306458,0.431359
0.0650155,0.623631
0.0397959,0.82871
-0.138474,0.950829
-0.0674428,1.13431
-0.0948568,1.32771
-0.0628172,1.53254
-0.100882,1.72255
-0.220258,1.87584
-0.195826,2.07099
-0.230219,2.27995
-0.298552,2.46798
-0.177245,2.63175
-0.0665688,2.81787
-0.0492328,3.02063
-0.0627053,3.2496
0.0859219,3.39589
-0.0356165,3.57713
-0.0319305,3.78147
-0.17824,3.93917
-0.0449885,4.10487
0.0648134,4.27231
0.106492,4.46793
-0.0974084,4.50287
-0.17223,4.68217
-0.180668,4.88336
-0.0646622,5.05556
-0.202913,5.22536
-0.353489,5.35733
-0.26448,5.54805
-0.186799,5.72308
-0.0628366,5.8851
0.0470279,6.06078
0.0593815,6.25362
0.114544,6.44493
-0.0837121,6.50425
-0.0393086,6.69835
0.00187903,6.92438
0.116762,7.09953
0.0276051,7.29074
0.0436165,7.49039
-0.0359259,7.68033
-0.117095,7.87602
0.00904738,8.0599
-0.023047,8.25971
-0.180276,8.39704
-0.173121,8.5973
-0.154289,8.80225
-0.249725,8.96837
-0.280925,9.18265
-0.215403,9.37596
-0.239569,9.57372
-0.398497,9.6861
-0.319106,9.87059
-0.358419,10.062
-0.362875,10.2606
-0.327739,10.4546
-0.348213,10.6421
-0.23834,10.8091
-0.146472,11
-0.148272,11.1954
-0.118252,11.3945
-0.162922,11.6066
-0.127025,11.8102
-0.229863,11.9939
-0.364546,12.1379
-0.443678,12.3022
-0.56326,12.4844
-0.438306,12.6422
-0.342763,12.8114
-0.291045,13.0161
-0.222119,13.1963
-0.128028,13.3925
-0.0762024,13.5861
-0.0480694,13.8003
-0.106561,14.0033
-0.172393,14.2213
0.0143132,14.2921
0.0344112,14.4844
0.157667,14.6482
-0.0359985,14.7153
0.00820641,14.9327
-0.0327246,15.139
-0.142678,15.3259
-0.228734,15.5055
-0.269317,15.7129
-0.394364,15.8717
-0.318854,16.0595
-0.279842,16.2741
-0.272221,16.4756
-0.250935,16.6708
-0.274161,16.8664
-0.283719,17.0865
-0.268363,17.3007
-0.241893,17.5005
-0.10627,17.6676
-0.2142,17.8231
-0.146459,18.0221
-0.227069,18.2068
-0.186304,18.4205
-0.197784,18.6222
-0.314131,18.7768
-0.519513,18.7811
-0.438463,18.9519
-0.41089,19.154
-0.274395,19.3084
-0.37523,19.4915
-0.283482,19.694
-0.345867,19.9
-0.382898,20.1006
-0.319866,20.2966
-0.221903,20.4754
-0.132007,20.6729
-0.106088,20.8666
-0.174882,21.0629
-0.240334,21.2466
-0.424962,21.3209
-0.499656,21.5098
-0.443667,21.6915
-0.44175,21.8824
-0.231421,21.9339
-0.317174,22.1203
-0.314793,22.3086
-0.421098,22.4781
-0.530583,22.6754
-0.544072,22.887
-0.46074,23.0766
-0.427775,23.2826
-0.300501,23.4438
-0.283121,23.6509
-0.261977,23.8374
-0.229937,24.0494
-0.0842371,24.2138
-0.139453,24.4192
-0.128034,24.6197
-0.0365717,24.7991
-0.0527725,25.0261
-0.0216392,25.2371
-0.0578347,25.4162
0.0779377,25.5649
0.0206598,25.7539
-0.0664006,25.9424
-0.207663,26.0845
-0.100029,26.2478
-0.261413,26.3698
-0.219003,26.5562
-0.313835,26.7304
-0.275243,26.9356
-0.196255,27.121
-0.233733,27.3177
-0.217,27.5173
-0.304177,27.7061
-0.29451,27.9102
-0.271298,28.114
-0.229632,28.3062
-0.076076,28.4485
-0.143991,28.6483
-0.246104,28.8081
-0.268581,29.0159
-0.323127,29.2057
-0.248851,29.389
-0.298289,29.5922
-0.195609,29.7789
-0.27423,29.9734
-0.081038,30.0524
-0.00297742,30.2373
-0.0695683,30.437
-0.146538,30.6335
-0.185997,30.8417
-0.336561,31.0055
-0.467795,31.1671
-0.447293,31.3596
-0.283557,31.4817
-0.3327,31.6669
-0.335087,31.872
-0.312502,32.0745
-0.39421,32.2698
-0.39555,32.4507
-0.432419,32.6451
-0.425927,32.8562
-0.458178,33.0554
-0.448129,33.2656
-0.512363,33.4398
-0.555625,33.6418
-0.472323,33.8156
-0.439062,34.0162
-0.29296,34.1613
-0.267067,34.3535
-0.472322,34.4372
-0.601511,34.5724
-0.5703,34.7762
-0.417896,34.917
-0.301012,35.0835
-0.334318,35.2921
-0.312338,35.5161
-0.280971,35.6977
-0.169521,35.8657
-0.126957,36.0695
-0.0170689,36.2331
1.41204,0.241625
1.30893,0.407175
1.15095,0.541862
1.16208,0.747646
1.07378,0.927209
1.15257,1.13033
1.14439,1.34571
1.03563,1.53574
1.12353,1.72629
1.07495,1.93357
1.13536,2.11698
1.07625,2.31175
1.10186,2.5264
0.974313,2.66909
0.967824,2.86152
1.16079,2.9124
1.21629,3.11003
1.15507,3.31229
1.08825,3.51606
1.1085,3.71865
0.995673,3.87189
1.04495,4.06098
0.951962,4.22722
0.757296,4.30749
0.742367,4.5134
0.697531,4.71296
0.840422,4.84632
0.796833,5.03894
0.654394,5.1891
0.578334,5.37693
0.764877,5.46833
0.8556,5.64559
0.83761,5.86391
1.01424,5.95778
1.0002,6.15699
0.964383,6.35483
0.860118,6.53605
0.927356,6.73451
0.830522,6.91288
0.640035,7.00815
0.682563,7.20886
0.844596,7.35035
0.840486,7.5644
0.664892,7.66695
0.512407,7.77613
0.671067,7.90595
0.634711,8.10982
0.58514,8.31079
0.599076,8.51847
0.800323,8.51018
0.735136,8.71712
0.556675,8.82137
0.581205,9.01248
0.590302,9.20393
0.539454,9.39144
0.582745,9.58975
0.630657,9.78474
0.534237,9.95061
0.633318,10.1247
0.667561,10.3237
0.629164,10.5106
0.672091,10.7075
0.811852,10.8582
0.856167,11.0388
0.765451,11.2332
0.764181,11.4413
0.864709,11.6069
0.785808,11.8035
0.783719,11.9915
0.897004,12.1448
0.863659,12.3541
0.993122,12.4981
1.10521,12.6749
0.880619,12.6725
0.893392,12.8881
0.987285,13.0842
0.970051,13.2895
1.04868,13.4759
0.955415,13.6713
0.925697,13.8828
0.971684,14.0717
1.14399,14.1777
1.13501,14.3878
1.12694,14.5929
1.17922,14.8144
1.02589,14.9574
0.90931,15.1235
1.07277,15.2299
1.01374,15.4133
1.0141,15.6266
1.01391,15.8205
1.01393,16.026
1.07896,16.2171
1.14662,16.4071
1.05559,16.5981
1.08022,16.8054
1.16293,17.0021
1.20297,17.1996
1.17821,17.3994
1.06307,17.5625
1.11145,17.7534
1.03377,17.9465
0.965169,18.1523
0.794464,18.2653
0.666142,18.4122
0.550371,18.5897
0.560071,18.8054
0.622649,19.0004
0.663279,19.2072
0.664662,19.4103
0.832273,19.5301
0.980556,19.691
0.970766,19.893
1.04551,20.0919
1.12598,20.2978
1.11538,20.5059
0.94432,20.6268
1.08732,20.7871
1.21085,20.9492
1.3331,21.1202
1.22115,21.2803
1.14529,21.4788
1.15396,21.6931
1.15298,21.8951
1.20461,22.094
1.14364,22.2965
1.04408,22.4663
0.966515,22.6451
0.873301,22.8252
0.771461,23.0018
0.731103,23.2012
0.812032,23.4038
1.00497,23.4754
1.05755,23.667
1.00912,23.8578
0.885773,24.0036
0.895096,24.209
1.01949,24.3729
0.883671,24.519
0.851793,24.7173
0.803446,24.9263
0.812593,25.1323
0.911961,25.302
0.7039,25.3147
0.564897,25.4773
0.4695,25.6661
0.598565,25.8426
0.662014,26.0368
0.676653,26.2305
0.75399,26.4294
0.795196,26.6408
0.981331,26.7154
1.02101,26.8932
1.0064,27.1152
0.965652,27.3149
1.00039,27.5071
1.10152,27.6811
1.00659,27.855
1.02749,28.0519
0.880645,28.187
0.833261,28.3832
0.985816,28.5302
0.819117,28.6449
0.892776,28.8484
0.909327,29.0341
1.11228,28.984
1.06175,29.183
0.96813,29.3603
0.774152,29.3607
0.74533,29.5781
0.76455,29.7734
0.725276,29.983
0.688964,30.1836
0.48638,30.2415
0.308649,30.3587
0.473692,30.4928
0.479736,30.698
0.489847,30.9133
0.571174,31.0929
0.434531,31.2427
0.488356,31.443
0.663522,31.5527
0.615813,31.7476
0.602069,31.9594
0.67663,32.1687
0.803758,32.326
0.662197,32.4857
0.713377,32.6824
0.810633,32.8512
0.780213,33.0432
0.67357,33.22
0.848014,33.3516
0.900701,33.5339
0.875401,33.7296
0.806012,33.9179
0.949504,34.0616
0.81778,34.2151
0.899588,34.3939
0.768011,34.5436
0.905684,34.6867
1.51683,0.479496
1.63489,0.642722
1.66395,0.846646
1.77748,1.01346
1.72981,1.21758
1.79026,1.41615
1.79525,1.6391
1.81816,1.84594
1.84333,2.06665
1.76333,2.26336
1.79028,2.46183
1.81866,2.65382
1.71342,2.83069
1.65785,3.01942
1.52616,3.18326
1.53063,3.38351
1.4593,3.58215
1.44713,3.77916
1.51912,3.94927
1.49,4.14
1.4101,4.32471
1.54149,4.45867
1.50187,4.66454
1.6796,4.77082
1.58317,4.93944
1.49327,5.12559
1.61215,5.31392
1.61425,5.51647
1.66919,5.71885
1.68129,5.92839
1.60177,6.12142
1.60857,6.31392
1.66509,6.50878
1.74809,6.68127
1.92819,6.76828
1.76773,6.89201
1.90181,7.05104
1.97423,7.24884
1.98806,7.45357
1.98355,7.63869
2.07452,7.82218
1.93768,7.99607
2.11315,8.09422
2.14441,8.30278
2.06014,8.47805
2.07935,8.68212
2.05231,8.88231
2.11168,9.07557
2.0424,9.27187
1.9909,9.47301
2.10533,9.64647
1.92643,9.73843
2.0567,9.91398
1.97266,10.0962
2.02928,10.2814
1.91398,10.4462
1.89088,10.6481
1.82536,10.8641
1.79213,11.0661
1.7284,11.2623
1.69848,11.4696
1.69909,11.6796
1.77438,11.8792
1.85601,12.0538
1.82603,12.2663
1.82161,12.4537
1.73254,12.6343
1.74073,12.8233
1.72068,13.0177
1.81566,13.1831
1.83848,13.3853
1.8392,13.5951
1.86449,13.7787
1.69411,13.8818
1.72799,14.0977
1.86783,14.2522
1.91223,14.4479
1.97282,14.6405
1.87674,14.8292
1.9109,15.0398
1.89461,15.2373
1.93115,15.435
2.02641,15.6013
2.09725,15.7882
2.12881,15.9827
2.19204,16.1566
2.26421,16.3501
2.3665,16.5369
2.4037,16.7328
2.56499,16.8361
2.56132,17.0479
2.68747,17.2123
2.6001,17.3866
2.4787,17.5465
2.44803,17.7337
2.47378,17.9373
2.3828,18.1232
2.31764,18.3039
2.33402,18.5103
2.27256,18.6983
2.42065,18.8449
2.28093,18.9998
2.30225,19.1891
2.32863,19.3954
2.27853,19.5971
2.14284,19.7477
2.11895,19.9449
2.12022,20.1668
2.2086,20.349
2.25381,20.5559
2.19566,20.7531
2.1408,20.9637
2.18172,21.1631
2.17821,21.3603
2.0916,21.5475
2.00692,21.7307
2.04436,21.9191
1.96851,22.1113
2.1004,22.2786
2.11915,22.4852
2.07188,22.6827
2.13227,22.8701
1.99397,23.047
2.13781,23.2089
2.297,23.328
2.3582,23.523
2.27296,23.7191
2.1943,23.9148
2.22892,24.1109
2.23495,24.306
2.07583,24.4437
2.06654,24.6572
1.92455,24.8244
2.00179,25.0094
2.01467,25.2078
2.03777,25.402
1.95893,25.5746
2.11848,25.7105
2.04757,25.8913
2.02004,26.0893
2.01769,26.3033
1.9529,26.5003
2.05458,26.677
2.0246,26.8846
2.0236,27.0796
2.09862,27.2529
2.11767,27.4611
2.17389,27.6609
2.01689,27.7652
1.86363,27.9164
1.8159,28.1024
1.80024,28.302
1.8569,28.501
1.82052,28.6961
1.67299,28.8402
1.76116,29.0264
1.96965,29.0276
1.92689,29.2276
1.98698,29.4112
1.89107,29.571
1.80484,29.7589
1.76441,29.9641
1.81124,30.1642
1.75173,30.353
1.74827,30.5634
1.77702,30.759
1.84533,30.9565
1.88258,31.143
1.84102,31.3382
1.8163,31.5265
1.66862,31.6473
1.81089,31.8074
2.01931,31.8185
2.15835,31.9805
2.01689,32.1189
2.01371,32.3311
2.0735,32.5339
2.08131,32.7453
1.9781,32.9072
2.09286,33.0981
2.04775,33.2998
1.97903,33.492
1.95384,33.7011
1.92493,33.899
1.89236,34.1156
1.86839,34.3297
1.77586,34.5183
1.72496,34.7151
1.89502,34.7983
1.82299,34.9842
1.88802,35.1795
1.91321,35.3669
2.08528,35.4845
2.0028,35.683
1.96864,35.8903
2.00956,36.0789
2.12498,36.2659
2.11474,36.4827
2.00016,36.642
2.04055,36.8328
2.81327,0.550103
2.72934,0.727205
2.66946,0.930165
2.66534,1.12279
2.58778,1.31482
2.74596,1.45681
2.75466,1.64973
2.58493,1.75531
2.59021,1.96148
2.55323,2.16217
2.52745,2.36535
2.5144,2.56099
2.50374,2.75798
2.62337,2.9102
2.55063,3.10901
2.43123,3.27088
2.40857,3.46689
2.39299,3.66001
2.43173,3.86199
2.29122,4.01263
2.28028,4.21173
2.27138,4.40835
2.36909,4.59207
2.51775,4.72976
2.63972,4.89438
2.63511,5.10332
2.73844,5.26583
2.77339,5.45892
2.83791,5.64926
2.96423,5.79934
2.91462,5.98513
3.04147,6.16772
3.14285,6.33382
3.05166,6.51238
3.17239,6.65906
3.04636,6.81885
3.03775,7.01224
2.94322,7.18519
3.02062,7.37523
3.0273,7.57364
3.06759,7.77153
3.00743,7.97126
2.88657,8.1409
2.9611,8.32384
3.12105,8.45689
3.08682,8.6532
3.19191,8.82766
3.0597,8.98358
3.06424,9.17723
3.23513,9.2914
3.05416,9.36419
3.03808,9.56732
3.20458,9.69429
3.11598,9.87678
3.02333,10.0554
3.10363,10.2281
2.97834,10.3933
2.97302,10.6067
3.06052,10.8155
3.20021,10.9429
3.22075,11.1315
3.31193,11.3062
3.19722,11.4845
3.2815,11.6708
3.30237,11.867
3.30817,12.0698
3.32572,12.2551
3.22973,12.4283
3.40236,12.5562
3.34858,12.7733
3.37266,12.9818
3.1903,12.8989
3.05872,13.0471
3.17377,13.2135
3.25703,13.3941
3.27653,13.6108
3.32737,13.809
3.16618,13.9305
3.06977,14.118
3.06598,14.3215
2.99677,14.5015
3.02665,14.7076
3.10276,14.9073
3.15115,15.1074
3.29898,15.2524
3.26913,15.4587
3.22126,15.6644
3.30004,15.8553
3.22074,16.0451
3.21847,16.2392
3.2341,16.4389
3.10259,16.5972
3.15874,16.8005
2.95515,16.7925
3.03389,16.9876
2.90864,17.1612
2.9794,17.3421
2.82776,17.49
2.81018,17.7002
2.82043,17.9028
2.7677,18.099
2.84269,18.2865
2.80525,18.4765
2.92959,18.6357
3.01689,18.8219
3.15573,18.9585
3.27528,19.1265
3.22865,19.3105
3.18835,19.5116
3.20699,19.7148
3.1717,19.9045
3.21761,20.1014
3.1815,20.3069
3.25403,20.5013
3.33033,20.6705
3.24459,20.8546
3.16489,21.0731
3.09451,21.2685
3.11042,21.4595
3.17768,21.6315
3.27422,21.8231
3.41865,21.9626
3.45169,22.1597
3.58963,22.2948
3.47708,22.4459
3.45654,22.6645
3.49478,22.8688
3.3812,23.0379
3.41835,23.2311
3.27914,23.371
3.41886,23.5223
3.3565,23.7084
3.42444,23.8949
3.5359,24.0759
3.58718,24.2795
3.53028,24.4759
3.39163,24.6271
3.3386,24.8142
3.22907,24.973
3.20799,25.1603
3.13666,25.3569
3.22543,25.5368
3.17625,25.7321
3.23601,25.9316
3.3919,26.0514
3.29221,26.2287
3.26829,26.4219
3.07046,26.4861
3.10079,26.7006
3.05651,26.8914
3.11921,27.071
3.14073,27.265
3.30669,27.4026
3.34583,27.5944
3.41972,27.7716
3.35089,27.9636
3.3924,28.1711
3.47225,28.3558
3.41678,28.538
3.43621,28.7342
3.54321,28.884
3.62668,29.0884
3.5037,29.2391
3.49044,29.4369
3.60415,29.6006
3.54916,29.8004
3.43821,29.9916
3.60153,30.1005
3.55649,30.2755
3.386,30.3865
3.37007,30.595
3.47983,30.7593
3.46785,30.9704
3.52449,31.1649
3.49582,31.3832
3.5627,31.5675
3.67312,31.7301
3.78558,31.9095
3.76114,32.1057
3.69686,32.2989
3.77191,32.5032
3.89579,32.6677
3.81428,32.8694
3.84159,33.0696
3.76041,33.2718
3.68549,33.4659
3.68881,33.6567
3.77684,33.8361
3.57649,33.8681
3.60498,34.0613
3.59624,34.2704
3.72867,34.4491
3.70723,34.6606
3.75997,34.8455
3.72209,35.0584
3.56446,35.1588
3.58586,35.3661
3.69763,35.5391
3.76634,35.7291
3.85387,35.9183
4.4077,0.347934
4.37906,0.539806
4.3054,0.716013
4.33351,0.927524
4.31885,1.15563
4.2826,1.36601
4.27386,1.57175
4.2715,1.77536
4.31807,1.96923
4.42197,2.15288
4.37114,2.35521
4.27129,2.54025
4.24083,2.73559
4.10385,2.88476
4.12093,3.09636
4.16956,3.29355
4.24291,3.48754
4.1966,3.68376
4.10615,3.85991
3.99862,4.0262
3.98858,4.22838
4.06001,4.4234
4.13948,4.60314
4.13385,4.80052
4.10467,4.99305
4.14885,5.20509
4.13362,5.40031
4.16005,5.61729
4.01319,5.74003
3.96824,5.93622
3.96439,6.1418
3.81433,6.27349
3.78051,6.47195
3.84496,6.67642
4.02009,6.77778
4.09376,6.96812
3.9324,7.0957
3.83447,7.28842
3.88573,7.49847
3.88547,7.70774
4.00727,7.85642
3.96194,8.05104
4.11204,8.19568
3.91475,8.26105
3.98733,8.45179
3.98545,8.67716
4.09113,8.85849
4.18443,9.03255
4.33316,9.16665
4.2683,9.36591
4.21496,9.55156
4.22991,9.74364
4.11216,9.90095
3.9866,10.0569
4.01864,10.2729
4.00156,10.4836
3.92899,10.676
3.91529,10.8755
3.88791,11.0735
3.91161,11.2638
4.01141,11.4281
4.12265,11.5989
4.14041,11.7946
4.06605,11.9762
4.04955,12.1773
4.18628,12.3339
4.18499,12.5358
4.17388,12.7247
4.13922,12.9192
4.10207,13.1265
4.03164,13.3066
4.14988,13.4729
4.20178,13.6737
4.25445,13.8757
4.20674,14.0759
3.9978,14.0474
4.08296,14.2506
4.11182,14.4557
4.05532,14.6511
4.0152,14.8508
3.97327,15.0612
3.94041,15.2512
4.06883,15.4126
4.08904,15.6114
3.99344,15.7844
3.92978,15.9761
3.88181,16.1624
3.79166,16.3392
3.92384,16.5014
4.05147,16.6922
4.14433,16.8838
4.08675,17.0737
4.11413,17.2797
4.03627,17.4573
3.90744,17.6288
4.09405,17.7069
4.01807,17.8987
3.94818,18.0989
3.87186,18.2833
3.89316,18.4842
4.08823,18.5449
4.098,18.7481
4.17415,18.9541
4.15359,19.1558
4.3019,19.2939
4.20023,19.4718
4.22254,19.69
4.18566,19.8898
4.20009,20.0862
4.19303,20.2975
4.09764,20.474
4.20918,20.6581
4.09289,20.8377
4.01819,21.034
4.15135,21.1908
4.02899,21.3512
4.05038,21.5608
4.07648,21.7577
3.88632,21.8437
4.00624,21.9928
4.08047,22.1798
4.11988,22.3784
4.05683,22.5741
4.11878,22.7584
4.1045,22.9657
4.04987,23.1784
4.12365,23.3627
4.23049,23.5389
4.19279,23.7426
4.23406,23.9424
4.19881,24.1483
4.09267,24.3283
4.1296,24.5215
4.21537,24.7111
4.29858,24.8905
4.36099,25.0899
4.31157,25.279
4.25924,25.4887
4.39019,25.6325
4.43715,25.8378
4.31213,25.9903
4.39235,26.175
4.48857,26.3635
4.51078,26.5812
4.52834,26.7677
4.49742,26.9768
4.36438,27.1346
4.46779,27.3244
4.32826,27.4789
4.24918,27.6586
4.11014,27.7895
4.03297,27.9753
4.0595,28.174
3.98638,28.3643
4.13265,28.512
4.03386,28.7061
4.11013,28.8967
4.14717,29.0952
4.28606,29.247
4.40983,29.3984
4.37819,29.5938
4.2102,29.7092
4.09373,29.875
4.26538,29.9655
4.32302,30.1403
4.31458,30.3436
4.30084,30.5625
4.43828,30.7282
4.37383,30.9118
4.35661,31.1108
4.24066,31.2884
4.29767,31.4837
4.44451,31.6295
4.62711,31.7132
4.54071,31.9111
4.56503,32.1251
4.51742,32.3344
4.58643,32.5479
4.61524,32.7734
4.54517,32.9516
4.68719,33.0783
4.64418,33.2711
4.77996,33.4205
4.90111,33.5967
4.81055,33.7676
4.7006,33.9369
4.83011,34.1038
4.9358,34.2808
4.84021,34.4514
4.84925,34.6498
4.96631,34.8304
4.95714,35.0303
5.09121,35.1574
5.21098,35.3326
5.21538,35.5398
5.16968,35.7299
5.16082,35.9397
5.0721,36.1148
5.09453,36.3138
5.25671,36.4348
5.3681,0.204606
-5.47956,0.352619
-5.4891,0.559873
-5.48409,0.753114
-5.45813,0.96178
-5.41,1.15022
-5.34396,1.33577
-5.38033,1.54295
-5.32615,1.73712
-5.31756,1.94548
-5.38853,2.13638
-5.3707,2.34959
-5.35156,2.55529
-5.33266,2.76758
-5.39956,2.9785
-5.42006,3.18432
5.39836,3.25335
5.44454,3.46865
5.30707,3.61601
5.1832,3.78303
5.11268,3.96137
5.15243,4.15073
5.16013,4.34311
5.36168,4.40504
-5.49198,4.56054
5.43821,4.75379
-5.44843,4.93781
-5.34603,5.10163
-5.3621,5.29775
-5.39433,5.50936
-5.26686,5.65549
-5.42722,5.78116
-5.25192,5.87319
-5.29277,6.07123
-5.20148,6.24619
-5.37158,6.36844
-5.46951,6.5557
5.41992,6.70993
5.37075,6.90538
5.30918,7.0954
5.47281,7.21703
5.36893,7.38705
5.32065,7.5953
5.20144,7.77236
5.13618,7.95894
5.27832,8.07722
5.18088,8.26942
5.17027,8.48167
5.14551,8.70086
5.09771,8.9015
5.2307,9.07644
5.19344,9.26344
5.30457,9.44822
5.30611,9.66039
5.12491,9.76553
5.04574,9.9512
5.07242,10.1524
5.03868,10.3555
5.23642,10.4232
5.25735,10.6358
5.25074,10.8312
5.33442,11.0238
5.46344,11.1734
5.41359,11.3859
5.48463,11.5727
5.42619,11.7725
5.31248,11.9599
5.46657,12.0797
-5.49445,12.2931
5.37339,12.4428
5.3738,12.652
-5.47906,12.7917
-5.42994,12.9836
-5.46453,13.1858
5.46737,13.3844
-5.47283,13.5635
5.46812,13.7599
-5.44262,13.9338
5.47345,14.1272
5.47323,14.337
-5.48575,14.5468
5.4834,14.7598
-5.36348,14.8999
-5.38344,15.1089
5.46396,15.2438
-5.36287,15.3199
-5.33349,15.5365
5.46635,15.5902
-5.41493,15.7522
5.47631,15.9213
5.4128,16.0945
5.29821,16.2595
5.34104,16.4669
5.16955,16.5931
5.17317,16.8006
5.29167,16.9627
5.37586,17.14
5.34953,17.3452
5.3115,17.5399
5.28005,17.7311
5.33853,17.9195
5.4666,18.0858
5.44333,18.286
5.27841,18.4109
5.19851,18.6093
5.21001,18.8083
5.12235,18.9993
5.23227,19.1858
5.33914,19.3596
-5.4986,19.5041
5.41628,19.6923
5.41767,19.878
-5.42412,19.9965
5.39746,20.0938
5.4437,20.2879
-5.48249,20.4875
5.42709,20.6666
5.46594,20.8509
-5.38283,20.9874
-5.43929,21.1806
5.49849,21.3772
5.40252,21.5506
5.41352,21.7423
5.22188,21.8053
5.24487,22.0065
5.34225,22.2028
5.49271,22.3268
5.40783,22.526
5.37771,22.7436
5.38246,22.9599
5.40668,23.1665
5.39301,23.3672
5.42472,23.5686
-5.49605,23.758
-5.38502,23.9451
-5.32005,24.1321
-5.21813,24.2953
-5.21745,24.5201
-5.05859,24.6636
-5.1673,24.8379
-5.10986,25.0349
-5.16491,25.2337
-5.07216,25.4244
-5.01993,25.6271
-5.07654,25.8361
-5.1764,26.0164
-5.20361,26.2289
-5.36314,26.3652
5.49867,26.4975
-5.4963,26.712
5.39709,26.8932
5.3223,27.0882
5.38434,27.2675
5.43279,27.4583
5.36658,27.64
5.24341,27.7781
5.27474,27.9782
5.35375,28.1669
5.32693,28.3611
5.48104,28.4869
5.36185,28.6476
5.45585,28.8265
5.42568,29.0281
5.4712,29.2304
-5.47482,29.4285
-5.3407,29.5673
-5.48664,29.6937
-5.43411,29.909
5.39055,30.0035
5.33556,30.2016
5.30141,30.4007
5.26813,30.6025
5.18797,30.7851
5.23538,30.9892
5.24425,31.1871
5.14327,31.3521
5.21924,31.5445
5.17902,31.7531
5.3355,31.8755
5.27843,32.072
5.41512,32.2106
5.46517,32.4186
5.34622,32.6057
5.33868,32.8178
5.4199,33.0092
5.38263,33.2156
5.33744,33.4175
5.42628,33.5915
5.28709,33.74
5.33076,33.949
5.43635,34.1024
-5.4665,34.2821
5.48693,34.4699
-5.48142,34.6825
5.33937,34.7326
5.43562,34.9217
5.48175,35.1285
-5.3919,35.309
-5.47052,35.4905
5.49956,35.6975
