parameters (x,y,w,h,rx,ry):-5,0,10.000000,40.000000,100,100
262,66,44,64,47,39,28,39,28,35,30,44,52,49,67,60,51,41,25,31,21,38,41,48,52,53,55,62,52,37,28,24,43,44,50,61,68,66,52,35,23,27,30,37,36,47,56,55,42,57,38,52,27,28,45,38,51,56,67,54,60,50,52,35,25,36,43,59,58,54,51,52,42,30,28,30,33,56,44,53,68,70,54,39,35,40,34,25,43,46,51,54,55,70,57,38,29,32,53,338
514,112,128,142,130,106,77,61,60,57,89,89,107,109,136,125,117,89,70,59,58,70,83,85,107,142,138,121,108,69,69,63,80,105,111,154,153,161,118,83,55,47,47,69,102,116,130,110,130,115,116,82,54,58,78,85,89,133,150,127,132,135,84,65,79,82,78,118,123,160,134,108,84,72,67,66,80,95,106,132,161,153,123,80,75,72,74,56,85,101,100,145,138,133,107,102,74,70,86,769
502,125,138,143,126,114,96,59,54,74,66,86,109,136,130,128,125,93,63,58,53,58,60,106,127,128,148,142,98,70,65,53,77,96,124,165,173,157,114,83,54,44,47,54,86,114,137,125,134,151,94,75,49,47,70,73,96,133,150,157,156,110,100,59,60,69,91,114,139,149,136,123,82,67,66,60,69,75,106,158,195,126,128,103,75,65,53,64,79,103,111,160,168,138,108,85,81,59,84,784
470,128,158,140,144,120,96,69,47,68,64,62,98,141,129,152,139,97,59,57,34,53,73,86,138,145,166,134,113,69,53,41,60,107,130,165,202,160,123,81,54,50,40,54,72,115,114,163,150,119,113,66,62,40,64,62,94,146,163,168,139,119,102,63,60,60,89,106,130,157,158,124,103,60,63,57,68,73,121,132,173,162,138,93,73,57,54,56,94,84,138,159,137,154,131,85,53,52,74,793
455,104,167,159,151,110,98,79,54,48,59,71,96,128,150,157,141,93,60,33,34,48,65,81,134,168,180,126,114,78,51,46,49,73,127,167,190,160,134,77,44,53,40,48,74,111,142,169,172,104,90,68,54,44,67,67,98,143,159,160,151,124,94,57,56,55,72,108,136,161,182,124,89,70,61,46,65,80,115,162,190,156,141,90,49,51,53,63,79,111,122,149,164,156,133,68,60,47,52,851
436,111,144,162,170,106,99,73,46,46,56,70,93,118,160,165,154,95,49,53,25,49,65,84,154,162,177,145,107,77,49,43,53,61,107,182,185,174,132,97,56,43,33,55,57,123,127,156,164,133,108,51,61,32,61,68,91,152,163,179,141,102,101,55,42,51,76,105,130,163,157,153,98,70,54,45,60,77,118,163,181,175,155,88,64,37,45,60,69,114,130,160,173,151,127,89,57,37,51,830
438,99,158,178,164,136,87,63,39,48,50,66,98,130,161,189,149,83,46,37,27,41,65,101,159,165,176,140,96,61,47,41,60,68,114,154,201,193,134,90,54,36,40,40,67,99,151,149,163,131,110,68,47,47,47,68,104,120,190,194,142,125,70,51,58,47,76,83,136,169,166,159,96,67,43,53,63,65,103,130,190,188,139,90,82,40,50,56,69,98,152,188,155,148,105,85,61,43,52,837
446,108,137,191,170,129,88,68,40,36,50,80,104,148,151,174,140,95,51,29,26,38,56,104,138,180,178,170,92,57,49,45,51,58,103,126,214,190,160,93,48,37,37,36,68,83,144,172,174,135,96,60,38,45,35,70,101,139,173,193,189,94,69,44,54,51,50,97,139,160,180,141,95,71,54,44,48,66,102,140,191,191,148,106,72,42,54,48,62,88,165,184,174,159,101,85,51,43,55,819
435,106,152,177,178,124,76,58,53,37,51,58,96,145,177,166,149,93,55,29,32,27,47,106,144,177,180,158,112,54,43,43,42,59,114,138,185,200,147,88,55,41,32,48,53,85,132,178,169,145,125,67,41,30,36,42,108,138,186,198,175,106,69,43,45,49,59,111,129,166,167,156,112,71,49,34,48,66,85,134,205,199,167,116,55,50,47,64,57,99,167,166,179,167,102,66,44,53,49,804
452,94,173,174,157,133,91,68,51,37,28,66,88,136,170,179,159,95,64,40,22,34,64,97,137,182,197,152,108,64,39,27,36,66,103,149,212,183,145,90,57,33,32,47,58,103,124,152,149,170,123,68,44,23,36,65,90,128,179,217,148,131,73,53,38,49,76,73,143,144,192,159,117,76,41,25,51,61,102,149,183,191,146,115,61,34,43,53,69,106,145,205,180,144,86,72,46,46,48,832
431,103,138,172,171,124,124,61,37,37,33,52,72,150,190,179,160,91,73,24,19,41,47,103,157,182,182,171,114,61,39,32,38,60,91,148,224,166,165,82,60,39,32,25,62,101,116,170,182,165,136,75,45,31,22,65,88,135,168,206,160,128,72,42,38,50,69,100,118,159,171,179,116,73,36,41,37,56,88,161,214,180,156,116,66,39,36,52,75,89,174,195,201,154,78,66,43,40,53,839
401,97,121,162,164,172,97,52,54,31,31,52,62,119,181,206,144,125,69,30,25,30,49,89,144,185,196,166,106,62,48,36,40,49,93,168,189,188,173,99,57,37,17,36,50,79,133,167,213,161,92,69,50,29,40,75,89,131,193,201,176,98,64,57,35,40,65,89,113,149,190,179,131,84,40,39,41,60,92,144,199,194,148,113,63,33,36,47,73,104,142,223,184,146,109,63,39,35,48,872
379,97,121,186,171,150,113,74,45,34,35,40,85,134,164,210,167,122,52,44,26,31,53,84,136,187,200,169,86,69,51,28,33,58,94,156,201,187,160,119,66,23,28,33,50,90,143,150,192,162,121,78,39,21,46,55,75,132,204,203,153,99,79,42,48,39,65,96,123,163,163,173,122,81,50,31,42,66,100,154,185,192,161,110,77,33,29,42,67,116,133,204,210,154,104,50,40,38,47,879
368,105,118,160,198,144,113,62,38,26,29,62,78,133,153,198,179,106,74,27,24,28,56,95,151,184,185,151,117,89,34,22,34,76,87,154,207,171,165,118,52,41,21,48,40,81,140,167,177,177,118,71,45,32,37,47,98,158,168,188,159,105,52,49,40,56,60,83,126,171,186,169,122,69,47,28,35,67,123,151,189,178,156,118,49,47,29,41,71,106,148,187,212,164,108,54,28,32,36,894
349,99,145,177,197,150,101,65,31,31,27,66,91,114,184,179,159,119,65,24,32,35,58,82,142,172,190,151,130,84,24,25,38,61,105,165,201,192,146,106,59,42,23,30,56,73,126,159,204,177,117,77,50,34,40,59,91,147,175,213,146,115,61,43,37,43,67,84,122,167,189,167,121,84,35,25,29,55,107,136,190,206,177,97,71,39,25,40,63,108,137,203,191,173,98,65,32,28,46,884
366,92,122,182,191,167,114,63,35,26,44,59,95,128,151,168,165,129,68,27,22,28,49,87,134,201,195,147,118,68,43,20,30,53,113,164,204,196,136,97,62,33,25,30,48,95,131,157,192,166,118,81,54,34,38,52,87,140,203,189,160,130,60,39,40,50,54,77,124,177,181,161,119,80,39,27,35,69,80,155,188,206,169,117,63,28,33,36,69,81,142,202,234,152,94,70,45,33,45,860
373,81,127,169,199,158,126,62,33,24,41,59,90,150,158,161,144,115,72,34,32,20,47,93,131,201,177,173,109,78,31,31,34,61,107,177,199,183,147,101,45,31,29,35,40,79,126,177,177,149,137,84,53,30,47,61,77,142,166,217,155,125,62,47,34,39,61,90,131,169,172,167,144,85,40,24,30,42,80,156,228,210,166,107,57,36,25,39,65,82,137,205,196,177,93,71,41,39,48,862
377,104,131,168,170,156,111,59,37,37,40,66,108,138,158,162,165,104,77,38,26,30,51,90,150,177,205,145,104,78,41,29,35,54,100,174,174,191,167,103,66,28,17,27,52,81,125,159,175,162,135,93,58,40,39,51,91,137,187,183,159,127,70,50,41,33,53,98,132,194,175,155,129,71,35,35,35,45,93,152,216,199,165,119,58,34,30,40,52,88,152,184,195,157,123,73,37,26,43,853
352,116,139,181,183,141,101,65,34,27,50,63,99,145,163,173,158,104,62,41,23,24,52,79,157,178,207,146,104,68,59,33,30,48,116,136,219,221,153,97,53,22,16,21,40,87,127,176,192,160,117,83,52,31,33,49,97,137,183,210,183,101,71,42,48,26,55,79,156,191,180,146,120,66,52,29,34,54,92,154,186,193,181,119,66,34,24,34,63,76,125,185,216,167,121,69,40,29,47,879
346,102,158,189,174,140,104,72,40,28,40,56,84,141,177,180,153,118,59,40,15,23,43,86,137,194,204,183,90,68,48,21,30,58,86,147,207,201,175,117,40,21,18,18,37,70,129,188,181,185,123,86,41,18,27,50,90,141,192,214,160,114,61,46,33,32,56,85,145,182,194,163,102,95,48,36,35,52,94,159,185,194,177,110,71,49,23,30,60,85,131,186,207,169,123,79,35,34,46,867
336,128,164,151,164,172,110,56,37,26,41,54,106,131,169,200,171,96,56,32,17,26,46,80,150,207,194,151,132,69,30,20,32,63,100,167,193,235,152,90,56,20,20,28,44,75,118,176,200,169,124,64,48,27,37,49,111,144,188,189,179,106,81,39,26,25,52,98,132,167,200,174,114,74,40,28,44,50,99,151,175,207,165,108,72,29,32,33,63,67,127,187,219,164,119,84,37,22,42,876
340,123,161,162,158,162,111,53,38,38,40,56,91,136,168,192,162,109,58,31,23,33,42,99,154,194,186,155,112,59,41,29,24,53,111,175,213,196,133,115,58,31,16,21,33,91,122,174,187,171,150,81,58,32,31,52,94,155,187,208,148,133,83,43,27,21,60,81,134,201,177,175,101,64,53,45,33,64,97,144,198,197,169,86,62,43,28,34,52,85,116,202,210,154,126,73,37,26,33,878
377,98,151,191,175,146,114,54,35,30,34,56,100,160,168,176,162,121,58,31,23,27,41,118,154,204,189,138,99,68,43,28,29,60,97,167,201,218,166,91,43,26,20,20,46,67,114,174,172,175,148,100,34,39,30,53,95,156,195,174,161,109,97,46,34,40,55,83,118,181,192,203,115,65,45,30,35,62,80,153,208,197,149,100,66,45,28,46,54,92,148,158,209,188,116,60,36,32,39,839
378,100,149,201,174,143,96,56,46,26,33,57,102,150,175,180,162,107,63,31,23,23,54,92,149,186,181,168,104,69,48,27,29,62,111,175,192,181,169,100,38,32,22,25,42,75,108,165,193,180,147,89,47,36,34,51,68,168,192,190,152,106,79,52,39,37,43,99,118,166,192,189,117,70,53,32,25,52,110,155,192,191,178,96,62,35,31,29,44,89,139,190,190,176,128,63,29,35,40,837
381,110,153,185,173,143,88,64,40,25,28,53,104,164,193,166,141,116,65,36,20,32,48,69,157,187,172,171,115,67,58,33,33,71,96,143,198,209,158,94,53,31,14,21,34,61,117,207,199,167,116,82,45,31,28,47,78,151,201,203,167,111,81,49,30,43,57,79,119,184,194,167,132,73,50,28,41,47,83,153,212,198,159,106,55,40,27,33,54,98,155,197,214,146,123,62,33,33,30,855
370,104,147,193,191,153,93,53,38,22,36,42,89,143,202,192,139,117,65,36,25,22,41,89,141,190,166,160,131,81,34,38,36,49,127,125,220,207,167,105,65,19,13,17,33,66,119,192,196,164,135,81,46,32,34,48,94,134,185,197,176,107,87,57,23,33,55,89,138,173,204,148,114,76,51,41,32,41,100,164,172,214,159,111,60,35,26,33,54,106,148,194,204,169,108,77,43,21,25,843
365,128,151,184,197,146,98,56,28,30,28,53,104,133,170,223,152,108,63,36,30,24,37,72,160,193,196,168,114,85,36,38,38,55,100,119,220,220,170,97,53,23,15,19,46,66,126,164,200,172,150,81,41,33,35,43,87,145,204,168,173,115,88,56,28,39,46,99,163,179,189,147,105,79,42,23,33,55,117,137,204,186,165,120,65,27,27,32,71,109,157,173,203,163,104,57,54,33,32,850
375,122,161,168,177,167,110,46,32,35,32,55,99,133,199,174,174,107,47,39,28,29,46,86,129,174,197,169,121,66,35,35,35,47,94,131,200,202,193,98,60,36,20,30,36,71,120,155,191,173,143,100,42,28,29,49,84,146,195,200,153,121,95,44,26,25,51,115,156,194,177,157,125,66,34,26,28,61,99,127,203,210,175,116,56,35,26,32,75,84,147,183,201,167,96,50,48,27,30,857
375,104,173,181,181,151,110,56,27,16,43,59,93,154,185,187,177,100,52,34,27,39,59,77,122,176,187,183,135,78,32,19,25,56,96,143,195,201,171,112,61,38,21,16,45,90,100,163,164,179,163,79,52,26,30,49,72,139,170,190,181,150,87,34,16,30,57,110,157,167,200,164,114,73,38,24,31,63,95,144,172,218,164,117,62,44,19,33,56,98,139,182,189,187,99,64,37,22,45,827
361,125,158,173,184,163,88,60,29,34,34,61,92,132,184,201,169,121,63,34,26,18,45,83,126,174,176,195,145,70,45,19,23,51,85,168,217,195,175,97,64,39,24,21,41,67,118,161,178,185,142,96,64,38,36,51,78,122,192,186,176,133,89,48,32,19,68,100,157,175,180,169,110,82,36,31,32,63,84,149,199,220,158,116,52,40,25,38,52,92,138,175,198,176,100,72,42,22,22,852
396,107,150,159,184,157,105,68,37,30,40,57,96,136,188,181,149,116,68,32,22,27,34,70,131,182,192,188,131,85,42,23,22,59,107,166,212,200,141,101,62,29,20,26,38,70,115,176,185,173,130,105,50,38,30,42,88,122,192,176,168,126,82,45,36,44,57,106,154,173,170,170,128,58,29,13,38,55,91,147,209,210,147,114,58,41,25,36,44,89,149,181,180,169,127,86,40,23,37,813
370,102,160,165,195,142,125,71,42,28,46,51,90,129,188,207,140,111,57,38,19,30,43,85,119,165,192,181,129,94,41,24,26,55,100,172,193,198,157,97,70,31,19,21,46,60,112,185,181,178,133,104,55,30,25,43,82,136,190,204,146,116,87,46,31,34,66,108,151,185,178,184,89,63,41,30,23,50,97,144,198,203,160,118,66,33,26,38,51,93,128,168,192,173,137,71,43,32,26,818
358,100,153,200,172,165,126,55,32,23,43,54,99,159,163,187,164,114,55,30,25,29,49,103,112,167,190,166,137,80,40,23,25,56,103,147,190,231,158,84,74,20,17,33,34,63,87,167,206,208,143,99,38,42,28,50,67,128,203,170,169,105,91,50,39,36,58,99,141,200,177,157,124,72,42,29,32,52,92,166,187,208,185,105,58,28,27,45,57,80,123,175,197,203,131,58,37,26,37,830
378,101,155,187,181,153,113,85,29,29,28,48,98,155,183,178,162,132,57,22,22,34,44,78,133,173,203,187,122,63,45,33,30,38,102,144,211,197,182,102,62,34,14,16,46,82,121,170,197,193,109,94,63,39,28,65,65,150,183,168,176,107,73,39,34,34,63,90,159,182,171,165,117,68,45,22,36,57,90,149,184,198,203,119,56,27,32,45,53,80,126,189,214,187,110,72,47,24,33,851
376,95,168,163,180,175,113,68,33,29,36,46,96,153,190,153,192,104,63,34,22,19,52,79,157,167,204,168,113,75,33,27,19,49,86,157,215,196,189,107,47,30,15,20,45,85,115,157,188,164,137,91,64,39,37,60,80,125,174,178,168,100,90,48,35,34,55,82,163,179,185,172,121,75,37,22,34,64,72,141,191,219,171,113,62,41,27,38,55,82,149,191,205,154,126,66,34,22,28,819
382,98,149,193,190,166,99,64,41,21,39,46,97,140,180,193,176,123,63,29,27,21,55,94,146,178,204,149,124,63,42,18,24,58,81,159,223,213,176,114,41,30,18,20,44,92,116,174,163,176,141,79,56,26,47,45,86,111,186,177,156,134,92,43,20,38,55,87,130,200,198,166,148,65,40,32,30,57,85,137,220,190,164,103,68,38,28,41,54,97,162,167,164,181,137,60,30,24,30,819
364,106,140,178,175,167,122,64,40,23,27,69,96,145,167,200,182,116,51,33,21,31,54,70,125,210,197,164,124,58,39,18,32,56,94,151,200,219,139,109,47,46,27,30,41,79,145,151,183,176,149,76,53,36,30,61,76,119,163,188,169,137,60,52,28,25,60,87,147,173,217,165,121,68,37,33,27,51,68,168,210,197,163,116,57,30,21,43,62,106,143,168,204,162,129,71,27,21,27,851
393,96,128,205,184,171,103,73,28,27,34,53,92,157,181,190,175,113,59,30,24,20,56,89,127,204,206,162,117,51,47,25,33,63,93,150,172,223,160,94,64,33,29,24,57,66,125,157,200,165,119,89,49,48,36,50,88,118,152,185,159,137,89,59,29,31,41,77,159,181,195,160,122,77,47,18,36,42,76,148,213,212,177,99,68,27,23,44,52,99,153,170,203,155,122,63,32,18,34,846
391,98,131,189,191,172,87,76,32,23,32,42,83,158,172,201,162,125,58,37,27,31,49,105,144,188,190,161,112,61,34,24,31,63,90,139,199,202,175,105,48,38,32,34,43,77,122,174,181,169,117,87,45,34,36,49,79,111,171,193,159,142,86,46,34,28,46,70,145,190,198,165,127,63,45,32,29,40,75,145,214,199,179,124,59,30,25,41,61,107,131,161,206,176,107,71,25,17,31,823
359,95,139,166,194,175,109,75,31,22,31,55,91,126,163,215,164,121,64,41,27,30,44,100,128,193,198,168,118,73,31,17,30,68,94,150,195,195,168,98,72,35,34,24,43,81,123,169,202,169,110,70,56,27,38,41,71,128,188,194,180,126,75,59,35,25,51,71,158,198,180,169,102,71,47,42,28,47,80,133,203,225,194,116,66,35,24,43,58,112,134,197,200,164,109,53,33,12,22,865
353,91,138,188,203,138,124,71,34,19,27,42,101,147,187,183,182,112,81,38,25,33,56,84,139,185,208,159,121,68,32,21,22,62,88,142,224,194,173,100,62,30,25,27,49,81,153,166,203,156,120,66,44,38,36,42,77,134,184,206,175,106,81,54,31,30,53,94,121,191,191,146,139,72,36,28,33,43,77,165,188,198,174,130,67,35,30,39,42,100,153,192,213,149,101,60,30,20,34,877
344,99,149,219,175,163,109,57,39,18,31,43,75,139,197,202,141,147,63,37,29,28,45,83,140,171,184,188,129,71,29,25,35,43,93,155,207,199,170,100,73,30,26,34,60,92,139,176,193,177,107,70,45,34,30,38,83,150,191,199,163,123,86,34,31,38,48,88,133,180,176,175,115,70,41,33,33,44,76,164,199,200,180,106,65,41,23,36,46,91,165,206,206,166,95,56,31,22,26,853
346,85,148,215,198,150,100,70,33,22,24,40,75,144,180,200,191,112,74,40,26,27,46,95,135,189,204,165,122,67,37,18,28,51,97,161,195,214,173,98,57,27,20,32,56,96,110,172,199,161,102,84,42,30,32,35,86,154,185,180,172,123,89,43,32,28,47,90,149,187,201,173,111,74,26,29,43,48,80,149,213,200,169,101,57,42,30,32,51,94,159,198,213,164,116,50,27,18,24,856
357,82,143,184,212,187,104,48,44,21,33,47,90,128,191,191,190,122,66,32,22,22,48,73,144,193,182,169,123,88,42,14,22,66,91,153,190,198,175,92,68,39,19,21,63,95,130,174,182,177,133,62,49,34,27,26,88,145,192,181,165,147,66,49,28,24,52,74,138,186,200,183,96,68,39,26,30,49,76,149,200,230,175,108,70,37,18,36,60,91,140,192,227,173,104,59,24,25,18,827
350,106,111,181,187,187,124,66,37,26,32,56,83,114,203,219,164,119,62,28,19,21,38,90,153,169,197,170,125,81,41,32,29,58,97,120,203,196,189,114,67,23,28,26,64,84,135,173,192,161,110,74,52,23,28,44,90,142,171,191,157,132,80,49,34,33,61,73,128,188,215,169,120,71,38,23,28,49,74,159,207,206,180,103,66,35,24,26,49,91,121,205,218,181,103,50,29,25,22,853
353,104,119,168,204,169,115,67,34,27,23,48,92,142,209,192,172,115,66,31,28,28,40,86,140,173,193,187,130,69,41,29,34,42,97,150,184,241,159,109,55,37,22,33,58,78,130,178,189,160,105,72,47,29,33,51,80,159,171,199,164,113,87,48,36,30,51,81,141,186,204,172,132,83,35,22,22,48,109,164,168,203,165,116,73,43,20,36,43,90,138,197,210,171,100,62,40,28,29,854
354,113,126,181,205,140,104,65,41,16,27,73,79,156,160,222,164,121,58,40,18,37,48,82,129,186,204,163,113,77,38,27,36,47,88,163,194,220,159,99,70,45,28,28,49,73,137,181,182,174,119,59,56,38,30,49,83,140,182,189,148,127,77,49,32,29,52,82,132,178,197,161,137,82,36,19,36,57,101,143,196,173,188,126,63,34,24,25,51,81,119,196,232,177,96,71,39,25,37,834
383,102,145,192,181,127,110,56,37,20,27,64,106,143,169,196,169,129,71,39,22,27,50,105,123,181,194,168,108,72,48,26,22,54,91,177,200,195,154,115,61,37,20,24,50,88,142,171,192,157,109,83,58,29,20,51,90,138,184,202,155,133,54,45,26,42,52,76,120,195,181,182,130,77,39,25,38,61,104,149,181,170,166,124,48,37,24,28,64,91,119,176,217,164,112,67,46,25,27,835
377,115,158,190,168,138,113,66,33,19,30,72,86,142,170,188,172,142,62,30,26,23,57,101,140,182,188,151,116,58,48,36,32,47,101,156,212,205,177,98,69,31,21,33,57,87,129,159,186,149,111,100,42,35,23,50,83,155,178,182,167,113,71,51,37,32,59,71,121,197,173,181,136,91,49,20,32,72,110,153,195,182,155,106,68,41,22,28,40,92,137,182,207,177,117,72,34,27,27,855
386,98,146,179,177,179,92,51,39,23,37,58,90,125,187,193,155,124,73,31,26,33,57,98,128,187,202,148,114,58,41,40,38,39,107,177,205,191,161,114,55,27,20,31,44,95,129,189,167,170,111,93,61,30,25,42,108,135,167,188,165,120,93,41,27,27,55,77,149,183,152,174,135,93,47,31,34,72,103,161,188,183,164,96,57,34,24,32,47,73,131,192,205,183,110,72,30,30,48,808
394,108,161,176,186,175,94,57,21,30,38,57,124,123,161,189,174,134,71,29,23,34,41,91,140,189,182,160,121,59,41,30,30,57,107,180,205,208,149,86,55,32,25,32,41,88,118,160,186,185,130,88,49,27,17,47,82,142,168,206,182,130,79,41,28,19,52,105,132,185,168,162,129,83,41,29,39,54,91,142,199,224,159,89,60,32,24,17,35,94,125,204,208,171,110,72,42,16,41,815
391,102,151,193,199,175,95,49,32,26,37,65,86,140,187,178,160,127,73,27,22,36,42,91,131,193,184,155,115,82,34,40,30,46,98,162,223,210,156,99,37,30,24,26,37,76,120,157,198,171,137,80,39,24,21,48,88,131,156,225,152,143,71,38,25,31,48,98,143,170,178,177,114,77,58,33,33,79,94,144,211,202,153,92,58,29,23,19,36,85,143,198,190,180,118,60,50,23,35,845
390,100,131,174,204,145,109,54,28,34,36,56,98,129,200,179,171,128,58,29,21,23,56,91,142,198,176,155,126,78,37,22,34,53,112,159,204,201,169,95,56,28,13,27,51,71,132,175,185,174,146,92,52,36,31,42,68,132,187,219,153,137,85,42,29,31,41,101,159,173,171,140,130,77,55,36,43,68,95,150,214,197,152,110,50,35,12,24,43,73,151,200,209,183,118,63,37,31,36,830
378,104,147,176,200,165,100,58,43,22,37,51,88,146,195,195,172,105,81,30,22,32,57,87,159,180,180,144,111,82,32,31,34,66,104,132,194,205,176,107,65,24,24,19,37,77,117,156,203,168,147,84,52,42,35,46,85,123,176,210,161,119,75,53,34,36,45,106,123,170,188,173,113,76,46,41,41,55,102,153,216,203,146,101,66,36,28,22,35,101,141,181,192,168,116,79,38,21,36,841
351,119,133,163,200,167,110,69,38,21,27,56,106,150,180,194,178,116,49,38,25,25,40,106,138,185,175,169,114,70,38,31,36,49,112,142,208,179,168,127,58,37,16,25,52,79,123,164,194,171,125,80,51,40,38,48,96,123,179,189,195,112,77,40,33,27,66,86,128,180,186,164,133,65,51,29,43,60,102,159,180,190,155,107,72,30,29,30,33,93,161,185,185,169,132,65,30,37,39,840
370,105,137,193,182,158,109,50,52,25,36,50,104,142,180,202,156,116,56,31,19,30,47,83,153,180,218,175,99,65,48,19,22,75,107,164,175,213,153,90,64,31,19,25,56,72,125,189,175,150,126,80,48,42,38,55,78,137,157,223,176,118,71,48,34,38,66,91,133,150,197,158,134,80,47,38,36,86,88,141,173,205,160,131,68,38,23,21,45,88,149,192,175,184,111,49,39,33,44,846
368,94,168,176,198,154,117,60,24,22,49,49,90,137,203,185,154,137,52,26,27,25,41,72,164,169,200,183,118,55,38,21,31,59,99,174,200,210,137,104,69,33,8,28,45,77,118,185,183,144,139,93,65,37,35,54,81,116,189,205,160,121,80,50,35,38,62,88,123,155,181,149,124,93,51,40,47,55,90,127,181,183,193,123,67,46,11,32,54,111,146,196,174,177,109,60,46,26,24,808
396,107,144,184,181,177,120,59,37,26,34,44,105,133,191,192,169,111,43,32,28,35,38,73,149,182,210,174,119,67,29,18,32,62,93,171,209,206,146,115,60,31,13,22,37,74,144,171,178,167,124,101,62,29,29,49,80,134,185,195,147,140,86,46,34,44,63,91,123,170,179,150,119,81,60,45,40,61,78,139,194,205,158,142,60,37,26,35,46,96,163,190,175,174,116,60,42,27,29,810
349,99,136,179,222,141,115,62,33,26,25,57,113,142,190,179,180,130,54,23,21,23,46,75,132,207,192,186,105,80,31,27,23,53,125,164,194,201,167,108,47,25,17,10,33,85,123,167,203,168,143,85,61,38,35,40,83,138,174,190,168,114,72,42,37,48,50,76,146,171,162,163,122,89,51,31,36,58,90,125,189,208,176,137,58,39,24,27,48,104,148,196,190,175,114,58,28,27,47,845
368,101,152,191,182,164,97,79,39,27,22,55,111,150,179,179,179,125,63,30,20,23,49,72,143,211,203,168,113,71,37,26,30,56,120,147,191,229,148,116,51,30,15,11,32,84,102,162,207,183,140,93,57,38,28,59,87,129,165,178,173,124,70,55,42,43,43,76,122,162,174,181,132,84,46,25,38,43,77,154,198,212,177,111,73,26,30,22,39,96,155,190,194,183,99,62,27,24,40,848
394,92,143,180,185,149,125,76,32,30,28,65,112,160,178,181,171,100,69,27,15,27,48,80,136,222,182,156,114,80,33,22,33,56,105,153,203,194,156,114,55,21,17,20,38,72,130,157,216,160,159,71,42,35,30,53,90,139,182,169,181,126,91,44,40,27,39,79,142,179,181,176,137,71,47,23,29,47,77,142,200,221,176,104,63,49,19,34,55,94,150,190,189,179,107,57,39,25,26,828
393,90,134,189,178,167,140,69,26,36,42,58,99,144,197,215,138,98,58,39,24,17,40,87,134,209,186,177,117,65,46,20,33,60,83,155,194,225,182,90,55,21,16,18,41,84,122,189,197,176,115,71,51,29,43,39,83,146,178,190,169,142,69,60,28,31,43,92,128,181,190,200,114,75,43,22,26,54,88,129,194,220,178,111,59,43,23,24,63,89,134,216,183,154,126,57,37,22,27,834
373,102,139,211,209,161,106,68,27,33,42,47,96,165,177,178,150,115,73,27,24,26,54,77,131,187,207,165,126,74,45,22,32,56,106,139,217,212,176,109,41,32,14,18,38,65,134,174,196,157,123,71,62,38,34,38,71,139,196,183,170,129,81,52,45,24,49,78,129,171,196,171,125,72,47,36,34,38,91,125,198,198,183,127,71,41,24,30,54,85,163,187,196,170,109,57,32,18,25,836
357,88,143,206,201,168,104,57,32,32,40,55,83,157,209,176,149,123,70,28,24,25,41,81,143,183,205,158,120,77,50,21,29,50,101,159,190,206,185,108,59,25,19,20,34,86,125,189,179,151,139,76,57,34,31,42,71,138,200,197,172,122,86,52,36,31,46,69,136,186,197,168,119,63,48,31,35,50,77,124,187,198,194,120,68,36,24,30,54,101,136,200,201,168,109,59,28,19,16,828
353,96,138,191,216,148,122,66,41,27,33,59,80,154,183,213,156,110,56,29,25,32,45,87,144,176,202,171,114,79,43,28,23,60,85,157,217,207,183,108,47,27,18,18,56,62,117,193,169,174,140,72,48,39,35,41,85,147,193,170,176,125,89,47,28,32,49,94,116,183,191,185,118,81,54,21,20,59,75,125,200,217,160,132,81,34,20,20,43,119,156,196,181,156,83,62,43,17,26,858
347,77,153,178,196,150,124,65,49,33,36,42,87,140,211,195,153,90,67,27,32,33,58,79,132,187,188,155,118,80,44,26,26,42,93,160,210,234,169,90,49,33,20,20,50,66,105,183,209,174,118,87,41,46,37,46,91,113,169,184,174,149,90,47,31,35,49,81,124,170,186,181,125,90,39,31,26,45,76,139,189,200,192,118,69,37,21,27,49,95,161,189,215,161,115,63,22,23,24,838
352,92,131,180,200,166,127,66,48,37,34,55,76,147,212,187,163,106,57,33,27,34,68,89,142,161,169,176,120,79,47,19,25,52,86,169,197,215,168,106,69,25,14,18,34,74,121,166,197,172,135,86,54,44,32,45,80,129,163,186,174,144,97,49,30,26,54,82,131,173,189,156,141,87,44,31,24,45,77,141,204,210,172,125,66,30,38,35,47,94,149,188,208,160,100,65,19,24,29,822
343,99,138,181,189,165,114,84,43,30,32,44,82,151,198,228,154,93,52,39,23,26,54,105,128,168,179,166,123,79,48,28,28,46,110,168,182,212,182,98,54,27,15,20,43,79,121,150,186,175,128,85,59,39,23,44,97,135,166,211,184,108,85,53,37,37,51,70,145,159,193,160,120,98,60,29,23,44,88,141,219,192,163,118,72,41,42,34,62,77,157,188,192,188,115,51,26,29,29,835
349,106,140,198,178,161,107,78,37,33,31,54,97,146,190,206,167,102,54,34,24,30,46,94,130,165,190,167,142,78,44,26,20,63,100,167,182,204,177,120,52,20,19,19,50,80,93,159,198,168,125,81,58,36,31,50,81,134,200,191,176,104,83,54,31,44,53,85,118,161,196,160,132,78,59,31,27,38,90,159,193,212,153,119,48,48,30,40,64,80,145,170,187,159,106,76,48,15,32,862
377,92,159,162,197,139,116,60,50,31,28,53,92,135,205,193,178,106,61,27,17,33,56,92,120,171,202,176,123,67,41,31,27,54,96,174,212,182,156,111,71,29,25,25,43,64,111,166,190,170,122,92,51,44,28,44,85,133,194,215,157,120,72,54,38,51,54,76,113,170,180,184,126,94,47,29,38,49,79,175,194,174,162,111,75,41,30,34,58,64,149,180,172,161,122,76,51,24,26,823
355,97,161,193,194,158,116,52,46,21,25,57,79,155,202,209,163,113,64,27,27,39,54,78,128,174,184,176,133,73,41,29,28,54,90,150,225,203,153,110,68,31,15,33,35,79,116,154,187,157,125,69,66,52,38,31,78,163,169,198,181,134,50,48,27,37,48,59,129,172,205,167,129,91,49,34,28,51,88,163,194,169,162,123,76,34,32,40,55,88,131,175,181,150,124,69,55,32,27,834
351,94,147,169,197,166,124,69,46,25,28,49,94,147,190,199,145,134,59,52,20,28,50,85,136,184,191,165,132,75,47,35,26,51,107,158,227,168,153,97,83,36,18,22,48,70,115,166,176,158,126,100,59,45,30,39,86,149,172,197,185,139,64,35,32,35,49,79,115,175,176,178,108,98,48,42,39,47,96,127,201,193,155,131,74,34,40,40,63,77,125,173,177,181,119,74,45,26,30,816
378,102,141,163,201,180,121,78,43,21,27,59,89,137,178,197,162,116,72,33,23,29,40,86,127,169,203,180,130,72,50,30,27,57,90,152,181,185,164,120,63,38,18,33,44,68,110,159,173,170,130,106,60,41,37,29,75,136,151,224,174,145,75,47,23,38,46,80,119,185,191,158,131,80,59,47,40,40,82,141,183,207,178,114,76,47,26,34,65,86,125,191,182,164,110,78,37,25,37,838
371,103,128,172,205,173,118,68,40,31,20,35,85,138,193,199,167,119,63,33,25,35,40,79,145,212,161,200,122,68,36,27,40,47,87,156,173,193,171,117,76,34,25,26,41,86,105,162,183,176,103,105,71,43,27,37,81,120,176,193,178,122,81,62,42,33,46,77,136,164,192,164,105,104,45,45,35,48,81,136,201,194,183,126,69,42,41,35,57,94,132,156,164,168,140,72,37,26,32,829
391,104,147,178,168,162,137,71,42,25,39,48,89,140,187,207,165,123,66,32,23,25,42,96,143,189,186,151,113,87,47,25,33,53,93,134,187,205,143,118,70,46,24,37,47,79,118,166,168,161,126,84,69,50,26,43,69,108,177,189,203,132,85,53,37,32,42,79,126,166,197,162,129,86,50,39,26,44,80,133,191,206,177,114,77,50,32,37,65,88,149,166,179,167,123,72,33,11,31,846
381,96,139,162,168,169,135,77,42,31,31,54,75,160,183,198,161,111,88,36,17,30,51,87,124,175,207,173,104,68,57,24,29,45,91,162,182,185,174,133,73,34,23,24,43,80,119,158,173,152,141,91,66,31,33,46,64,112,183,174,183,133,88,47,42,41,47,65,150,164,184,188,132,82,47,24,27,42,90,137,163,202,186,108,79,51,28,37,48,97,125,192,181,159,118,72,39,27,30,828
373,98,130,170,185,159,130,84,46,30,37,35,73,146,175,185,172,119,85,42,21,33,39,72,127,180,209,164,112,80,44,22,32,50,112,152,173,193,176,135,71,32,23,27,49,71,135,126,195,192,124,109,62,28,25,40,78,123,178,183,194,119,90,57,39,39,62,79,120,149,213,180,130,79,48,24,36,51,76,133,180,195,197,125,71,45,47,45,61,84,127,168,159,173,130,78,29,22,35,808
399,93,121,190,177,158,128,81,55,40,33,47,76,148,176,192,148,128,85,62,24,24,41,74,136,173,200,166,107,91,39,34,21,52,98,147,173,181,187,129,88,36,25,26,41,67,108,136,198,163,146,97,66,32,29,49,80,109,176,186,205,113,81,57,41,48,54,78,109,181,183,164,137,76,67,29,21,43,74,158,196,202,165,135,61,45,42,53,62,92,140,145,158,165,146,73,32,30,35,814
371,84,122,174,206,156,120,74,52,26,35,51,90,127,176,185,175,115,95,44,27,34,34,85,135,183,188,156,121,74,43,30,48,52,82,138,179,186,180,116,71,37,29,33,45,77,92,155,177,158,133,110,61,46,37,51,63,114,174,180,179,152,89,57,40,52,50,72,110,173,170,156,145,84,60,40,34,39,82,154,199,208,178,110,75,41,48,50,55,98,134,155,154,170,122,81,41,28,28,838
391,94,120,178,178,148,135,86,45,38,33,57,81,116,158,221,145,143,73,46,39,32,58,78,144,154,165,192,102,80,39,45,35,73,80,124,178,191,174,126,71,50,30,32,54,74,106,153,169,162,120,86,74,47,38,42,74,106,183,183,180,138,75,51,40,43,56,76,133,140,183,167,154,87,63,46,37,44,98,133,174,198,165,134,83,41,37,40,49,84,135,169,190,164,109,64,55,35,37,839
376,91,147,143,185,161,127,76,46,32,38,48,88,129,157,178,172,133,82,50,44,33,36,83,122,191,180,161,109,75,48,34,38,67,100,135,156,187,172,122,67,50,33,39,48,77,107,155,157,165,128,99,63,46,41,55,68,109,168,190,162,158,91,48,39,55,56,70,128,163,163,158,146,97,52,35,58,50,78,108,187,193,187,106,84,44,37,38,56,77,132,174,205,164,108,63,49,33,35,818
385,92,148,157,164,168,123,68,39,35,42,48,75,133,158,198,175,112,74,54,52,40,44,62,131,192,193,162,116,74,36,40,38,65,100,125,188,189,187,100,65,55,44,21,42,78,126,159,148,154,137,84,72,39,43,56,74,121,177,180,162,127,87,49,49,50,57,72,111,173,176,156,132,103,45,54,48,80,86,129,148,192,191,120,69,48,23,46,64,77,118,169,198,162,120,77,54,35,35,841
383,91,121,172,182,163,109,82,47,38,45,61,65,134,155,202,169,135,68,49,49,31,57,67,115,206,180,168,119,71,37,40,51,74,85,110,179,216,189,107,67,53,40,28,52,86,112,136,159,150,133,109,62,43,46,54,82,106,168,186,186,115,84,52,47,47,50,70,102,162,183,163,128,82,60,54,59,84,90,100,154,186,176,126,75,55,41,37,54,67,134,148,185,170,112,78,68,28,51,823
407,86,95,151,196,179,126,88,46,35,45,53,82,125,159,186,165,138,82,47,44,39,34,70,108,185,196,160,107,82,46,27,61,61,88,128,164,179,178,135,70,45,40,35,61,77,101,142,159,162,122,85,53,59,56,38,91,121,166,173,193,118,90,50,55,40,52,81,137,156,168,157,128,84,68,39,63,83,85,102,138,181,171,135,96,63,51,45,52,63,108,175,179,149,120,81,59,45,41,862
420,83,127,164,169,157,127,88,57,46,54,39,72,128,159,187,161,112,80,60,45,37,43,84,108,157,201,159,128,75,45,52,50,55,87,124,180,176,171,143,92,47,30,39,54,66,99,144,160,150,125,93,56,52,69,55,88,123,147,190,159,115,88,71,42,52,53,83,137,137,175,158,124,94,53,56,59,70,97,107,142,178,172,146,93,66,44,36,55,77,119,145,184,156,93,86,64,49,41,835
443,96,124,150,178,134,128,83,69,50,36,72,82,125,164,163,150,123,86,48,47,35,57,73,116,148,196,167,108,84,72,39,53,63,95,124,179,172,164,120,88,55,51,45,53,71,99,153,164,136,115,97,71,68,52,61,86,130,147,188,138,121,101,62,42,49,51,77,135,164,140,149,133,98,55,47,55,77,93,114,146,167,160,132,88,66,63,46,53,78,121,148,163,163,105,82,57,45,35,828
438,86,116,156,151,158,122,97,66,42,60,58,77,118,146,180,129,137,91,65,40,49,51,81,114,156,156,155,109,86,79,47,53,66,100,132,173,156,136,137,85,69,48,42,56,75,101,165,150,129,111,77,74,65,58,73,89,122,153,170,156,122,92,62,46,57,57,80,117,142,164,153,138,85,55,46,55,79,94,115,139,186,167,107,105,73,68,52,51,80,129,147,146,141,117,95,68,37,44,781
452,92,108,143,150,169,113,81,65,54,49,56,87,108,141,146,138,122,95,65,53,44,47,73,124,137,163,156,123,91,54,51,55,79,82,108,149,182,162,119,83,50,54,43,65,54,126,128,146,124,110,95,80,53,66,68,81,120,132,164,166,126,88,48,62,46,56,76,124,132,162,151,98,106,71,53,45,67,90,131,159,149,159,129,100,67,56,51,54,84,128,121,149,145,122,81,58,59,46,753
413,91,93,121,143,113,104,85,56,52,47,59,80,81,119,150,109,112,98,57,50,49,55,64,98,123,146,145,112,91,64,44,51,68,79,113,118,160,139,108,95,49,51,49,50,52,86,112,119,112,112,85,63,62,53,55,74,102,136,142,140,104,78,60,50,59,47,82,96,119,135,110,111,84,63,46,45,63,80,112,161,163,125,110,75,67,58,54,52,63,94,114,131,133,111,84,72,38,56,710
302,72,83,94,87,94,79,63,49,35,32,40,53,83,88,97,95,74,67,52,27,36,46,59,74,66,113,93,71,82,44,47,36,40,72,73,104,121,108,98,48,49,40,42,51,40,63,70,92,92,98,60,52,39,44,42,42,63,103,118,73,97,54,51,44,44,32,51,94,94,113,86,79,71,71,42,46,34,57,106,103,118,113,94,63,37,55,37,47,55,65,80,87,95,91,71,51,55,36,556
185,53,41,54,49,51,54,36,25,29,22,16,33,45,47,48,46,54,38,23,26,19,20,28,33,50,49,59,48,45,29,23,25,30,43,46,56,64,55,47,37,40,27,27,26,16,29,39,50,48,59,41,28,23,24,26,28,36,37,61,38,35,36,33,36,19,24,33,50,58,53,50,57,39,39,40,21,27,43,52,69,71,70,39,43,37,17,28,23,35,38,35,50,39,55,38,28,26,25,286
64,15,17,22,26,20,14,9,8,11,11,9,7,17,10,21,11,18,13,16,9,5,7,9,22,12,24,25,16,10,10,13,13,10,16,19,22,28,21,20,8,15,7,10,11,8,11,13,19,16,10,8,5,5,8,11,15,20,12,13,16,8,19,18,11,8,14,13,13,30,21,21,20,17,14,5,14,3,17,20,26,20,34,17,15,18,7,12,9,14,16,18,16,18,21,21,10,6,10,103
13,4,6,4,4,5,2,3,1,0,2,5,2,2,3,4,4,3,0,0,1,1,4,2,4,3,4,5,3,3,1,0,4,1,3,7,7,6,2,2,0,1,2,1,1,1,1,3,3,3,3,4,3,2,1,1,3,9,3,3,5,1,4,4,5,6,3,6,1,6,5,5,5,3,6,3,0,4,2,5,0,7,3,6,4,5,4,3,1,1,3,2,1,4,5,4,3,3,1,13
0,0,0,1,0,0,0,0,2,1,0,0,0,0,0,0,0,0,0,0,0,0,1,0,0,1,0,0,0,0,0,0,0,0,1,1,0,0,1,0,0,0,0,0,0,0,0,0,0,1,1,0,0,0,0,0,0,0,1,0,0,0,0,1,0,1,1,0,1,0,1,0,1,0,0,0,2,0,0,1,0,0,0,0,0,0,0,3,0,0,0,0,0,1,0,0,0,0,0,3
0,0,0,0,0,0,0,0,0,0,0,0,0,0,0,0,0,0,0,0,0,0,0,0,0,0,0,0,0,0,0,0,0,0,0,0,0,0,0,0,0,0,0,0,0,0,0,0,0,0,0,1,0,0,0,0,0,0,0,0,0,0,0,0,0,0,0,0,0,0,0,0,0,0,0,0,0,0,0,0,0,0,0,0,0,0,0,0,0,0,0,0,0,0,0,0,0,0,0,0
0,0,0,0,0,0,0,0,0,0,0,0,0,0,0,0,0,0,0,0,0,0,0,0,0,0,0,0,0,0,0,0,0,0,0,0,0,0,0,0,0,0,0,0,0,0,0,0,0,0,0,0,0,0,0,0,0,0,0,0,0,0,0,0,0,0,0,0,0,0,0,0,0,0,0,0,0,0,0,0,0,0,0,0,0,0,0,0,0,0,0,0,0,0,0,0,0,0,0,0
0,0,0,0,0,0,0,0,0,0,0,0,0,0,0,0,0,0,0,0,0,0,0,0,0,0,0,0,0,0,0,0,0,0,0,0,0,0,0,0,0,0,0,0,0,0,0,0,0,0,0,0,0,0,0,0,0,0,0,0,0,0,0,0,0,0,0,0,0,0,0,0,0,0,0,0,0,0,0,0,0,0,0,0,0,0,0,0,0,0,0,0,0,0,0,0,0,0,0,0
0,0,0,0,0,0,0,0,0,0,0,0,0,0,0,0,0,0,0,0,0,0,0,0,0,0,0,0,0,0,0,0,0,0,0,0,0,0,0,0,0,0,0,0,0,0,0,0,0,0,0,0,0,0,0,0,0,0,0,0,0,0,0,0,0,0,0,0,0,0,0,0,0,0,0,0,0,0,0,0,0,0,0,0,0,0,0,0,0,0,0,0,0,0,0,0,0,0,0,0
0,0,0,0,0,0,0,0,0,0,0,0,0,0,0,0,0,0,0,0,0,0,0,0,0,0,0,0,0,0,0,0,0,0,0,0,0,0,0,0,0,0,0,0,0,0,0,0,0,0,0,0,0,0,0,0,0,0,0,0,0,0,0,0,0,0,0,0,0,0,0,0,0,0,0,0,0,0,0,0,0,0,0,0,0,0,0,0,0,0,0,0,0,0,0,0,0,0,0,0
0,0,0,0,0,0,0,0,0,0,0,0,0,0,0,0,0,0,0,0,0,0,0,0,0,0,0,0,0,0,0,0,0,0,0,0,0,0,0,0,0,0,0,0,0,0,0,0,0,0,0,0,0,0,0,0,0,0,0,0,0,0,0,0,0,0,0,0,0,0,0,0,0,0,0,0,0,0,0,0,0,0,0,0,0,0,0,0,0,0,0,0,0,0,0,0,0,0,0,0
