parameters (x,y,w,h,rx,ry):-5,0,10.000000,40.000000,100,100
34,36,24,22,38,46,62,50,62,59,66,58,64,46,50,61,76,91,91,98,66,86,58,63,64,61,90,86,86,74,66,48,66,67,63,88,87,84,84,81,79,66,72,65,68,67,68,68,52,62,47,54,45,67,60,79,66,75,55,43,32,16,11,14,7,8,14,15,10,7,6,6,19,12,20,25,37,31,36,44,50,25,24,23,34,35,50,57,40,38,33,26,29,25,44,39,57,63,59,34
71,58,53,59,87,103,148,131,151,156,121,131,106,120,126,144,172,182,220,187,163,152,143,139,133,144,191,179,194,176,153,141,133,145,132,159,185,200,222,210,151,155,142,135,153,134,141,146,106,113,90,105,97,114,126,154,173,145,132,109,62,56,31,30,20,22,29,28,23,14,12,16,22,29,41,54,70,66,83,109,90,70,75,49,56,77,108,128,122,101,85,69,61,73,98,120,152,143,132,101
73,42,43,55,63,95,133,158,153,155,139,117,126,115,117,126,170,211,209,194,156,148,117,139,117,170,177,194,183,176,153,171,131,125,135,152,158,183,230,224,154,153,127,130,155,153,144,134,130,99,96,92,94,111,142,153,162,168,144,124,76,54,27,23,23,24,28,22,29,17,8,9,20,27,40,41,64,82,113,98,73,82,66,57,55,79,94,126,134,105,64,63,55,76,98,123,124,152,167,114
73,52,40,51,55,79,114,165,161,162,153,110,119,113,101,128,172,207,181,201,192,144,117,125,136,171,171,186,196,160,166,130,144,134,125,144,166,193,206,218,202,149,131,161,139,148,157,150,145,106,85,95,90,110,124,166,149,183,158,124,73,50,30,21,23,21,28,34,23,12,11,15,12,12,20,52,80,85,97,105,95,64,61,44,54,63,85,134,143,119,81,52,56,68,93,107,138,159,175,112
75,54,42,32,35,81,106,160,186,161,151,117,99,110,109,133,170,178,209,230,174,149,127,108,143,185,165,193,203,163,158,138,157,138,117,146,160,202,202,196,204,174,149,121,144,138,149,140,135,128,105,116,84,98,115,150,171,195,154,124,75,46,34,23,27,26,24,40,19,18,10,9,6,12,26,33,72,80,112,86,96,78,49,62,43,62,95,132,158,117,114,49,45,53,81,103,137,175,182,118
80,45,53,47,48,62,104,154,169,163,154,130,97,103,112,136,134,194,206,217,189,142,118,123,117,149,174,229,185,186,162,131,135,150,109,151,179,196,197,196,212,161,149,134,152,145,159,141,144,129,96,113,78,104,107,148,180,188,184,148,93,50,29,22,19,22,26,41,32,12,11,11,5,11,23,38,55,90,104,106,80,76,53,39,53,80,88,125,136,139,92,67,43,55,77,89,157,181,164,133
77,62,36,53,49,51,92,145,181,174,138,112,110,111,92,123,138,182,218,233,181,161,128,120,132,154,181,192,179,169,138,166,134,125,136,135,179,222,208,179,184,181,130,131,152,169,141,144,138,131,122,94,80,113,114,164,181,173,175,152,107,64,31,19,17,32,29,39,26,19,14,9,6,5,19,40,58,74,98,90,86,68,59,40,62,60,76,106,156,155,97,60,55,48,71,103,139,192,182,120
85,55,42,35,42,50,90,131,176,191,126,118,107,102,96,118,142,190,212,204,199,155,126,128,134,140,164,199,215,151,148,144,143,119,126,152,174,206,239,201,165,155,131,140,142,181,162,152,136,134,122,97,105,107,112,151,189,157,167,153,101,51,27,27,23,25,31,41,25,16,7,9,6,8,11,28,53,85,85,125,73,59,44,59,45,71,81,131,127,133,107,63,47,41,84,103,130,177,186,127
90,67,48,25,33,61,77,126,159,187,178,129,98,97,96,95,142,189,239,198,206,154,119,116,119,158,177,206,195,158,160,154,143,121,125,150,148,212,223,232,152,143,149,138,130,164,155,165,131,138,136,92,121,97,119,169,167,193,163,127,94,83,43,26,27,19,27,29,39,17,10,13,7,12,14,19,47,81,99,95,85,46,58,33,47,67,93,135,157,126,96,52,48,46,80,99,129,176,183,133
102,61,31,30,38,72,74,106,154,182,158,132,117,105,100,114,145,162,202,239,200,144,114,116,104,154,177,165,207,165,193,163,137,133,128,155,161,194,226,226,200,145,143,132,138,144,158,166,147,144,114,102,97,115,120,148,168,182,178,160,118,68,42,21,19,25,34,22,32,19,13,10,10,8,20,22,32,65,105,118,75,59,41,49,51,69,103,127,145,132,84,67,46,54,71,100,139,166,174,152
113,51,41,31,43,53,71,116,157,188,168,119,129,95,97,129,152,169,217,227,178,136,119,128,127,146,164,197,200,186,170,157,140,140,130,148,155,179,220,225,185,137,149,124,132,150,163,156,137,146,116,106,114,122,130,144,155,186,195,151,119,80,41,19,17,20,32,38,25,22,12,11,7,11,18,23,44,47,105,103,81,55,51,39,50,73,88,139,133,129,105,75,38,56,54,89,132,184,169,146
95,60,38,34,41,59,86,116,143,169,155,114,110,101,121,100,140,171,237,220,211,115,100,111,144,162,156,192,202,172,177,154,135,137,134,133,144,188,253,205,205,134,122,147,139,153,162,157,147,122,125,116,113,118,119,136,176,205,181,172,121,78,38,40,24,19,31,30,35,16,17,11,9,11,16,19,45,57,98,104,78,47,39,45,55,84,91,123,148,145,96,73,54,45,62,97,127,154,190,155
91,53,41,27,35,47,85,121,144,152,147,131,118,106,97,93,124,197,207,228,191,151,122,112,126,123,161,204,197,176,172,150,163,141,131,125,167,183,228,210,172,155,134,135,124,150,172,159,135,142,108,100,127,101,117,156,141,203,199,169,124,100,46,33,23,27,28,28,30,20,13,15,7,5,12,25,33,71,71,113,91,41,43,48,50,81,85,114,131,128,110,66,53,59,69,95,111,180,197,160
114,51,41,33,30,42,85,124,168,147,147,128,118,96,87,100,135,201,221,219,179,172,119,108,118,131,168,191,215,168,165,156,143,164,129,139,152,197,209,214,160,154,127,156,146,153,153,169,164,141,116,111,118,114,120,133,159,197,202,157,133,78,47,38,30,28,34,26,34,25,13,18,7,2,7,15,44,59,81,86,78,64,48,48,54,61,97,107,157,131,103,71,51,53,61,94,130,151,186,160
112,61,50,34,32,45,68,137,170,158,125,125,114,87,86,110,127,163,227,211,199,161,125,112,122,134,180,181,211,178,168,122,148,144,134,157,149,190,220,226,184,137,143,143,139,149,164,168,142,134,124,108,115,112,112,127,145,203,201,153,144,89,45,40,33,30,39,41,31,25,16,11,11,9,8,18,39,57,81,70,89,59,39,49,49,63,90,120,130,125,103,87,57,55,56,86,128,148,182,173
115,91,39,39,39,39,87,108,151,184,145,113,109,87,104,95,120,162,213,248,194,158,123,120,100,150,162,184,184,192,163,148,141,138,157,146,150,184,243,219,163,176,136,134,126,156,166,158,152,152,135,117,113,109,119,141,136,205,194,179,129,100,53,43,37,31,34,36,39,24,19,9,5,9,16,20,32,42,67,102,67,65,54,48,51,60,91,112,138,130,110,61,65,50,67,85,119,172,179,128
102,73,38,44,40,59,81,106,155,154,127,114,121,74,93,119,99,166,220,236,197,165,126,125,104,151,156,184,205,166,143,166,130,145,140,143,166,186,235,210,173,156,144,142,152,142,155,152,134,143,154,102,104,114,130,133,168,198,179,176,126,88,54,49,39,34,31,36,42,22,16,11,16,9,8,13,34,68,69,86,61,64,56,51,48,52,98,116,151,134,81,70,53,46,65,77,118,191,187,139
107,53,35,42,38,60,84,115,139,161,149,123,93,70,88,108,140,178,215,242,189,148,99,123,125,136,162,221,195,169,157,132,138,143,151,137,151,194,213,229,192,166,134,146,148,139,140,159,160,139,117,121,97,130,119,144,164,183,205,161,130,100,55,40,31,48,33,32,34,30,22,4,10,10,10,11,25,61,74,76,75,52,55,39,52,61,88,106,129,141,96,62,66,41,60,69,126,181,203,155
105,64,27,32,34,64,87,127,151,142,134,122,110,81,76,81,137,190,202,239,189,157,132,104,134,137,176,198,178,146,185,140,146,145,131,138,153,182,216,236,182,165,141,139,160,159,163,145,128,137,134,140,108,100,124,157,170,181,176,185,138,84,65,54,55,38,40,29,36,38,16,11,7,11,6,18,24,50,72,77,70,54,52,51,43,65,89,123,127,118,109,75,62,45,43,78,128,182,189,176
98,63,33,25,34,54,87,120,150,150,132,112,109,90,87,97,114,188,217,221,188,140,136,132,119,146,192,159,160,184,162,164,157,125,145,133,163,185,211,218,177,169,142,160,169,147,175,139,125,133,151,116,119,141,121,132,167,189,217,172,132,87,62,34,49,46,49,46,35,31,17,11,12,5,12,21,36,43,76,80,71,57,48,38,36,60,89,109,122,118,110,71,61,59,58,81,125,174,178,188
97,60,47,39,30,53,80,113,140,163,130,125,104,83,101,88,130,174,236,219,172,161,131,114,117,152,169,183,175,167,155,122,156,139,138,135,177,191,206,232,177,167,133,140,142,155,161,152,121,146,148,128,113,133,123,157,171,195,190,169,124,86,67,36,41,41,61,53,34,33,15,12,12,7,8,15,33,38,84,68,63,52,58,43,32,58,91,108,128,126,103,55,67,74,64,85,122,175,192,154
108,69,48,29,33,45,93,94,136,163,134,124,103,80,91,117,111,177,224,230,200,160,112,108,110,156,178,182,189,176,143,146,155,135,123,147,148,208,235,206,167,166,156,146,147,160,163,150,150,147,133,107,113,123,137,141,181,183,186,193,117,93,78,52,36,49,56,58,36,40,20,6,9,6,8,14,27,39,55,89,67,50,45,37,41,56,81,112,150,126,86,65,62,47,68,92,104,179,186,156
104,58,48,36,34,39,72,105,136,143,150,133,109,80,99,95,140,181,210,221,202,142,128,105,112,141,179,197,185,165,140,157,148,144,121,108,152,188,255,235,177,160,139,157,154,153,152,154,164,140,131,111,116,131,136,137,156,205,189,189,126,95,56,45,35,54,52,56,52,40,12,9,9,10,7,15,26,46,63,75,67,50,46,39,36,45,68,120,151,129,96,59,56,65,54,93,125,166,184,154
95,65,37,39,25,44,70,93,148,149,150,136,109,101,105,97,125,175,211,212,162,162,118,108,134,145,180,189,180,193,156,149,143,153,123,112,157,211,221,230,191,135,148,161,169,137,147,161,155,144,134,115,112,130,150,148,132,209,193,180,129,87,65,42,46,58,76,65,45,32,20,11,12,6,5,16,30,43,62,63,67,61,47,23,33,43,79,113,149,126,107,67,68,48,55,82,142,163,187,148
107,81,46,37,31,40,73,96,112,154,129,139,115,112,96,116,110,150,219,219,208,137,106,125,124,131,176,193,196,172,159,145,135,129,142,138,149,197,245,224,196,139,140,153,138,164,154,145,143,134,139,126,113,135,148,150,159,192,195,183,123,88,58,47,36,52,65,69,63,32,22,12,13,6,11,11,24,43,52,70,69,53,51,34,28,42,81,120,129,127,108,74,54,45,65,88,126,186,166,129
98,62,55,39,34,44,64,100,158,150,129,129,104,87,111,94,110,178,231,219,178,131,119,117,123,162,174,186,190,176,152,136,151,127,134,132,139,213,232,232,212,128,121,136,163,180,160,144,162,147,132,119,109,150,161,159,136,173,182,195,138,94,65,45,50,47,74,68,61,32,20,13,9,11,9,17,22,40,57,71,64,50,37,38,30,35,68,118,150,140,91,62,58,53,61,94,116,173,182,139
95,57,44,42,40,50,81,97,165,140,146,97,101,100,99,78,128,175,202,254,177,135,124,116,126,141,178,194,183,166,161,152,125,141,146,153,162,207,236,204,195,121,134,127,160,197,178,155,146,148,118,112,112,112,146,161,159,199,175,159,142,131,77,45,38,55,61,66,67,38,29,12,12,11,18,15,21,40,41,62,75,49,41,48,28,57,70,114,130,137,101,44,51,43,70,84,125,181,170,145
98,55,43,38,38,50,67,102,132,160,146,87,122,85,111,92,118,174,218,208,207,140,110,104,119,152,198,179,186,174,166,127,150,128,139,135,186,187,219,242,182,150,126,130,151,177,170,181,156,151,120,105,121,131,124,157,163,187,200,179,130,109,71,49,50,52,62,62,66,47,20,17,14,11,8,29,29,33,49,68,53,52,42,37,33,53,88,103,125,114,95,64,78,45,53,79,124,179,181,133
94,47,39,45,40,52,55,102,147,152,136,103,88,91,93,105,130,178,203,226,211,120,110,111,145,136,154,210,205,171,172,146,139,137,134,137,130,202,220,226,203,133,130,145,153,178,153,184,150,141,117,112,118,122,134,156,156,198,198,175,144,93,69,64,57,49,63,94,75,34,23,12,13,10,11,20,26,55,48,55,68,42,51,34,40,48,89,118,130,117,80,56,58,56,62,68,142,177,185,143
100,60,42,40,49,53,58,89,141,159,146,107,88,96,84,82,117,185,241,235,183,130,114,107,117,137,180,194,196,160,177,166,136,132,104,137,149,175,222,232,209,141,125,152,153,140,190,144,135,161,137,131,106,123,144,152,169,202,197,191,128,95,67,58,54,49,64,80,73,41,25,19,13,17,13,10,20,45,52,60,73,45,42,38,39,63,70,107,124,126,84,49,46,55,63,78,133,167,191,155
107,55,44,44,39,54,73,94,133,152,131,127,98,93,90,88,131,152,231,248,195,149,95,93,125,153,182,198,185,158,152,158,146,143,127,132,155,200,214,229,183,168,136,148,148,161,171,139,142,145,126,158,134,107,105,165,171,191,207,179,142,89,72,47,54,54,70,85,54,46,23,16,15,14,13,11,24,42,50,60,63,46,40,39,42,47,71,105,141,126,79,54,51,45,67,104,102,158,176,165
107,53,38,32,47,46,76,109,147,156,141,98,97,102,87,97,126,156,222,238,210,136,107,80,109,152,173,185,187,175,160,148,140,134,123,138,177,204,193,210,198,163,139,138,154,175,175,154,124,143,130,144,131,130,127,154,176,186,204,143,141,106,83,47,52,75,72,79,72,40,28,15,12,19,14,19,18,43,54,52,52,48,42,39,41,46,70,122,131,116,78,51,47,53,54,98,125,163,180,137
112,60,30,39,43,50,75,97,128,184,129,108,78,109,96,78,124,170,232,206,197,150,101,99,105,169,192,170,182,167,163,150,133,124,138,156,182,189,208,226,208,145,139,139,189,153,163,160,146,119,127,138,147,127,144,135,176,204,218,162,157,71,69,52,70,64,68,91,65,44,21,18,21,20,13,15,25,35,57,58,51,54,35,41,34,55,80,104,138,129,70,49,46,52,59,101,129,142,169,157
95,64,39,26,32,49,78,96,152,149,128,101,108,96,81,85,114,165,216,229,191,126,129,89,102,134,200,214,186,168,156,135,140,117,140,142,190,186,229,209,195,135,146,141,154,158,171,145,141,137,135,142,119,133,127,149,172,195,219,175,137,89,70,56,49,73,93,74,81,43,22,16,21,15,14,19,28,36,47,47,46,47,40,42,47,53,84,105,135,101,84,56,49,50,55,80,136,161,159,166
88,60,47,33,44,47,73,113,129,156,122,125,102,93,77,82,123,169,197,234,200,159,104,82,127,137,182,199,190,175,175,141,134,110,164,150,179,179,202,212,185,168,138,117,138,180,179,169,134,137,136,105,125,133,139,136,178,186,210,189,149,109,72,50,57,69,69,94,80,45,31,16,11,9,15,26,19,47,64,42,39,42,31,43,46,62,65,102,119,109,98,53,44,51,61,85,136,153,193,149
83,56,43,36,40,49,72,103,132,140,158,102,101,83,79,112,127,158,213,216,187,157,118,75,122,152,156,191,223,166,160,141,117,124,148,158,170,198,208,213,190,164,140,131,143,149,180,159,171,123,126,127,122,136,142,133,163,208,210,182,154,103,64,43,73,55,99,89,78,53,36,32,16,14,13,19,19,42,51,61,44,42,25,39,47,50,81,108,128,112,69,53,45,46,56,109,141,163,188,155
131,51,38,36,33,53,69,113,135,146,139,105,101,91,85,102,123,184,191,189,228,145,139,86,113,161,170,190,188,197,159,143,139,129,129,148,173,209,197,209,201,174,133,134,158,156,158,176,159,135,98,133,129,141,133,158,162,193,194,184,157,86,73,54,55,68,90,79,80,50,35,27,23,17,20,13,29,40,53,61,52,28,27,32,50,46,87,120,126,109,85,50,33,42,62,110,121,156,142,155
118,65,31,33,37,45,73,113,151,157,126,104,87,104,80,96,116,164,211,213,193,152,117,95,113,158,171,182,187,170,162,147,136,140,131,144,183,168,232,228,206,150,145,137,146,148,179,172,141,137,128,114,133,139,154,153,147,193,216,190,120,92,72,58,49,75,90,91,86,51,35,24,25,23,11,23,25,32,52,61,44,29,23,41,43,54,68,114,129,128,83,52,32,40,61,76,135,169,165,133
110,49,48,29,33,48,56,117,162,152,110,105,100,71,96,82,145,176,212,208,173,160,108,115,114,127,173,191,230,153,167,132,135,157,131,161,158,180,199,230,203,161,152,112,139,169,190,146,154,124,150,123,133,121,124,165,157,196,182,192,144,96,73,56,54,73,78,97,87,59,29,21,23,19,22,22,33,31,48,59,43,38,26,43,42,58,73,93,136,123,80,49,38,46,61,86,135,166,140,167
96,60,43,33,47,37,61,101,151,137,140,124,97,72,75,98,130,160,220,208,189,142,103,94,105,136,192,211,205,165,136,149,128,157,157,132,162,172,242,207,203,191,130,136,148,163,168,139,159,143,150,126,123,125,113,151,181,197,172,184,157,105,63,59,72,82,97,99,86,53,32,14,17,13,19,21,32,34,51,60,57,34,26,36,36,57,92,102,114,123,84,59,43,46,64,88,102,176,155,163
103,47,34,34,39,31,70,106,147,144,136,121,78,88,58,91,135,174,210,236,205,130,107,88,102,151,165,210,201,187,159,132,127,133,141,153,163,200,216,229,184,149,142,130,162,180,151,163,144,138,139,126,118,129,138,147,175,162,216,181,148,90,74,56,60,83,75,119,90,45,38,21,11,13,17,21,24,45,67,40,42,38,29,29,43,53,84,116,120,113,78,55,39,39,53,84,132,170,172,146
86,64,40,29,37,35,65,103,144,143,128,126,101,75,83,72,125,157,220,232,186,129,103,95,96,144,175,215,206,172,158,134,149,132,126,152,165,191,219,227,185,171,152,130,163,170,195,153,145,118,138,123,115,133,127,146,166,201,187,192,135,97,77,77,50,68,95,108,78,54,47,20,18,17,13,14,27,40,54,58,44,43,28,23,40,61,74,105,137,105,102,59,34,48,42,80,138,172,172,146
88,64,44,33,40,41,80,98,128,142,145,119,94,84,82,82,107,174,205,209,218,142,93,84,122,158,165,185,197,177,149,158,139,140,126,145,186,185,207,212,192,161,149,120,179,168,168,175,132,134,130,122,126,137,138,144,152,176,192,185,162,90,71,57,64,66,93,122,87,60,40,30,20,19,16,14,25,35,44,61,37,45,39,33,32,51,82,114,131,125,74,51,50,47,46,72,130,168,195,110
93,54,48,30,31,50,64,89,134,116,140,150,104,73,76,98,122,167,186,234,218,136,91,101,125,159,169,208,209,152,140,139,146,152,148,128,183,199,225,188,200,164,139,150,160,155,170,170,132,143,128,131,133,128,130,161,179,175,192,189,131,111,64,64,64,74,97,81,88,67,47,29,22,26,14,19,27,30,62,44,34,26,54,32,34,43,92,119,124,123,79,53,37,45,59,75,128,155,177,150
91,63,43,39,37,52,55,80,126,126,130,144,124,78,67,79,124,159,202,223,206,144,106,86,114,142,192,220,192,146,150,135,141,147,140,139,183,178,205,226,189,173,149,134,149,177,166,161,140,153,124,126,114,129,136,171,161,194,176,176,135,111,65,58,67,80,107,86,79,70,40,25,18,22,28,21,32,35,44,61,41,31,33,34,38,48,86,106,125,123,101,41,53,48,50,71,125,143,170,157
85,72,37,41,37,45,67,95,115,131,130,99,125,102,81,86,106,148,221,234,205,141,117,89,104,143,167,208,210,197,147,111,129,133,135,152,186,185,209,222,199,186,137,145,137,154,167,154,158,137,132,138,126,135,141,149,170,213,182,166,138,84,80,60,65,94,104,92,84,62,43,19,14,21,16,22,28,62,51,49,44,31,31,38,34,45,63,108,113,141,97,66,52,53,51,69,104,122,180,160
80,53,47,42,39,45,61,90,118,129,113,124,95,112,92,68,118,184,219,218,189,134,113,103,98,123,166,211,198,180,144,144,125,126,137,143,199,196,212,201,207,181,138,151,138,162,164,144,162,149,141,113,142,120,146,149,203,210,194,149,123,87,72,68,63,67,121,102,100,57,46,18,14,15,15,19,22,50,48,63,45,51,27,32,28,44,62,95,134,130,101,62,49,51,59,74,99,151,170,151
101,49,35,45,31,37,56,93,109,138,117,139,96,100,102,95,119,167,248,214,187,140,115,111,111,123,173,193,183,179,139,144,118,146,126,132,186,218,219,208,197,156,168,148,141,145,174,162,163,144,120,125,123,131,142,175,168,201,184,149,134,104,77,53,67,69,100,106,100,59,48,43,25,15,11,21,21,46,50,58,55,38,31,33,33,43,67,119,117,123,93,66,42,55,59,95,114,128,155,168
97,56,53,46,43,36,48,71,105,136,140,103,112,110,86,102,131,154,217,224,190,141,118,114,114,138,161,198,174,166,170,143,140,135,138,140,159,198,212,230,210,135,144,155,141,169,182,163,165,141,133,133,115,140,152,153,192,200,204,156,138,91,71,54,57,86,83,123,106,67,39,33,19,17,17,16,26,39,43,57,54,53,25,39,29,47,65,119,119,98,98,57,42,58,59,75,118,133,180,139
94,71,43,41,41,46,55,72,112,127,123,94,111,100,94,106,125,144,208,235,198,143,99,117,106,125,185,174,204,157,161,154,155,148,131,123,164,180,214,227,182,156,161,150,159,152,159,168,135,165,150,137,137,133,129,173,175,205,183,168,133,95,65,51,72,92,100,99,93,62,47,29,19,18,21,16,18,36,47,57,37,44,36,34,29,53,60,106,127,123,87,67,60,37,61,68,129,137,178,125
93,58,60,39,45,49,52,83,107,129,112,97,96,93,93,129,117,157,201,206,221,148,123,108,114,109,181,151,196,193,170,151,152,143,131,139,154,185,200,208,200,163,147,146,151,159,162,146,176,149,141,139,131,126,151,146,192,207,213,156,126,100,81,56,64,89,97,108,86,73,41,42,26,21,17,25,24,37,50,40,47,46,44,25,28,51,76,126,106,98,96,65,45,47,55,84,96,155,155,137
97,68,46,42,53,63,58,77,100,124,98,100,102,87,104,106,110,182,213,232,199,167,94,124,108,130,158,177,215,195,168,148,142,126,128,127,150,193,217,218,187,154,160,130,158,155,161,161,173,141,135,136,146,120,138,171,199,180,196,168,138,108,65,55,72,79,98,105,98,76,40,28,24,21,16,16,32,41,39,44,43,46,34,38,39,54,78,87,115,104,78,65,46,50,50,77,98,148,159,127
93,68,41,40,47,55,69,77,108,131,100,122,104,73,88,113,124,153,208,229,199,161,100,114,105,114,174,191,226,166,140,164,155,112,140,146,171,183,218,225,173,163,147,158,148,170,165,156,150,148,148,147,116,148,119,155,191,194,210,180,148,98,89,59,61,82,95,123,84,62,43,30,22,20,24,30,28,36,55,45,44,46,33,29,45,52,80,86,129,96,84,58,49,44,52,71,124,132,147,131
96,60,46,34,37,50,54,97,109,119,102,106,96,105,77,91,117,178,228,215,182,161,119,104,121,119,165,201,203,145,142,166,166,142,123,143,167,194,196,230,199,147,119,138,152,172,173,153,153,140,128,151,144,113,133,146,154,202,210,184,163,112,73,65,69,91,104,100,93,68,41,30,29,18,18,30,32,56,46,41,51,35,27,26,46,58,74,90,127,117,75,71,49,40,56,67,105,137,144,139
93,62,42,40,45,38,74,87,118,108,102,114,86,99,83,108,112,188,205,212,183,154,112,99,107,145,182,186,213,176,146,141,134,167,135,130,152,181,221,234,181,171,131,139,132,163,193,193,150,129,136,137,129,126,136,139,164,197,203,217,143,112,75,73,56,74,112,119,99,61,47,24,19,22,30,30,30,46,56,50,44,37,29,28,39,62,71,96,102,103,94,70,46,59,51,87,94,147,155,133
92,60,54,34,52,41,64,85,110,104,105,136,95,91,80,86,149,164,212,192,216,140,113,89,120,135,164,198,223,200,147,122,124,161,144,129,147,167,224,218,195,181,141,130,153,157,182,197,150,135,132,150,119,137,132,136,165,191,218,172,164,100,74,68,82,63,95,106,103,82,50,33,27,19,22,31,31,51,50,56,44,35,30,32,31,48,71,100,105,103,93,60,47,52,54,72,97,162,150,118
105,65,45,48,40,49,69,85,97,120,120,100,98,102,74,101,126,182,204,226,175,153,110,94,90,140,191,167,214,204,142,153,131,148,133,117,160,174,244,227,199,148,124,159,161,164,163,165,148,141,151,127,126,152,145,154,151,178,222,207,130,114,81,65,54,80,85,127,99,60,44,27,26,25,16,34,33,39,61,60,34,31,35,41,39,48,67,94,110,109,73,69,43,56,50,74,102,133,169,113
94,62,49,34,49,58,71,81,102,113,115,98,86,101,96,113,138,164,234,229,191,137,107,79,113,134,170,204,193,160,160,145,131,129,141,123,153,193,224,238,181,123,147,145,159,173,169,153,162,151,140,120,118,136,166,160,148,182,223,180,134,99,71,65,63,84,96,125,83,85,52,26,32,24,18,27,36,38,49,62,46,33,29,37,31,52,80,86,96,103,86,64,57,53,49,71,102,148,141,112
80,60,48,38,41,63,73,100,104,104,111,97,88,99,89,93,134,175,209,226,177,142,109,100,98,134,201,202,202,174,148,128,145,161,121,121,151,187,224,238,199,154,127,155,177,165,169,168,139,145,139,117,123,136,173,161,160,185,204,197,149,97,67,59,59,73,111,112,110,86,36,34,25,23,23,33,28,40,52,57,52,51,30,34,30,46,65,104,105,90,97,62,50,54,68,70,114,138,151,122
84,51,34,36,53,52,78,92,112,124,116,82,86,96,83,95,123,163,212,236,205,138,95,87,109,137,189,197,184,188,163,146,132,135,119,130,146,202,225,233,183,148,128,145,165,183,186,147,155,134,132,150,116,151,146,163,185,180,211,186,133,111,77,56,54,76,109,121,97,86,43,34,24,14,28,33,35,36,52,53,48,55,25,30,32,38,58,97,101,108,88,69,62,44,62,72,112,135,165,102
70,70,35,42,45,63,70,105,85,117,108,98,88,67,89,95,132,182,199,209,202,154,100,83,108,135,180,230,174,184,161,155,134,124,141,125,180,177,220,220,179,152,133,134,190,177,172,159,144,145,126,128,141,139,142,157,173,211,206,170,147,97,78,59,66,84,97,122,105,74,40,26,33,18,26,30,33,48,50,49,54,40,37,31,31,34,66,86,100,103,84,62,52,41,60,90,121,135,133,107
89,53,28,47,37,60,85,87,96,124,116,101,95,77,72,86,145,155,200,219,181,155,114,98,112,126,188,178,221,180,173,150,137,113,121,146,163,211,214,217,199,135,144,147,152,178,176,165,157,150,130,136,134,129,144,184,153,188,232,200,135,109,59,73,68,98,98,120,115,66,41,27,18,29,23,40,33,50,59,61,49,43,39,29,37,29,54,88,93,109,86,57,56,44,73,85,117,152,143,87
81,47,34,29,38,67,92,98,108,105,109,87,95,70,76,101,124,164,223,208,201,137,104,114,147,132,167,174,192,188,179,134,137,131,130,134,156,194,234,207,182,160,154,164,160,160,176,162,154,163,119,153,133,130,159,172,157,198,195,215,137,92,75,58,72,94,89,106,109,70,52,24,18,21,22,34,40,40,63,88,38,37,34,38,36,45,58,68,112,95,95,55,53,51,48,97,95,140,152,107
80,53,36,23,42,48,84,98,119,110,88,105,88,54,68,99,120,177,222,228,191,140,119,104,124,140,166,192,187,207,159,146,129,113,149,154,169,177,225,211,184,152,131,159,168,144,184,169,156,149,149,120,134,131,166,164,177,179,215,197,150,124,79,59,59,70,115,117,118,54,40,30,26,25,19,32,29,51,58,72,59,44,34,35,36,37,56,67,107,111,71,62,59,50,70,87,116,130,133,123
69,57,33,30,34,42,73,121,118,121,106,93,71,81,70,98,121,189,192,225,174,143,135,118,102,128,186,181,217,185,161,134,116,138,122,142,191,197,223,223,173,144,144,167,146,148,178,163,160,162,124,123,141,153,139,170,160,172,228,195,156,125,84,64,65,80,109,124,104,63,43,32,25,22,26,29,52,44,49,58,61,61,42,32,27,45,43,75,101,104,87,65,47,59,52,65,131,133,141,121
93,52,38,30,28,38,69,93,137,122,97,96,74,62,68,103,129,187,209,210,167,146,129,106,131,132,163,176,200,182,152,136,149,130,134,137,177,194,203,237,199,165,143,132,169,169,170,117,164,142,154,132,120,151,142,150,168,166,200,230,156,112,86,62,63,93,95,119,106,69,41,30,22,30,17,37,42,50,65,68,69,43,44,30,33,37,53,66,101,99,79,69,50,43,45,78,108,124,149,127
86,57,48,40,25,50,72,86,121,134,109,102,77,62,77,102,124,171,222,216,187,129,108,107,104,138,185,172,177,206,147,143,163,147,143,120,157,210,219,212,201,157,148,135,162,177,159,141,139,164,163,122,129,139,161,166,157,163,209,203,158,124,91,67,53,88,136,108,87,74,52,36,21,22,23,23,38,61,66,73,61,52,26,39,32,37,60,84,81,89,91,55,51,48,53,70,99,153,141,103
81,59,35,25,37,51,63,80,121,128,130,107,80,70,66,89,124,162,208,228,192,115,105,110,115,137,156,210,192,175,150,144,137,150,153,141,150,217,214,222,189,146,146,157,188,161,153,130,159,156,139,151,128,158,147,156,177,212,176,181,173,121,86,66,78,78,112,104,97,70,51,30,26,33,22,23,45,68,76,73,54,37,39,28,40,32,51,93,95,79,71,56,49,35,56,77,115,147,131,113
82,48,32,26,28,52,71,94,114,135,116,98,101,56,78,85,108,166,217,221,193,142,97,99,105,137,169,173,207,173,156,132,134,164,159,141,165,185,229,199,197,153,130,164,167,162,148,153,157,165,143,136,133,160,145,170,171,197,189,189,139,135,88,60,66,96,97,124,98,61,53,26,34,27,17,38,36,66,77,82,68,41,39,33,34,45,57,93,98,79,71,58,35,35,53,84,98,145,143,124
93,54,31,24,25,36,65,105,121,137,108,97,82,81,66,87,129,177,217,217,169,134,125,73,109,125,175,197,189,179,166,124,121,131,178,167,157,190,212,207,189,161,148,153,163,154,158,145,152,170,143,140,139,151,148,171,173,188,193,186,132,121,93,72,66,97,116,116,100,68,40,26,31,20,21,31,45,52,94,86,53,57,42,27,29,40,53,88,114,96,64,52,33,37,57,65,93,141,151,121
96,54,34,32,21,26,60,106,139,115,115,113,65,71,79,78,119,158,233,210,180,130,92,94,106,125,183,198,195,182,150,144,138,130,123,182,171,204,196,237,201,164,135,161,162,162,162,156,127,165,151,158,149,126,166,152,161,194,194,180,157,123,87,61,80,96,122,106,98,74,44,43,18,23,31,29,36,56,87,74,70,63,44,34,27,33,51,91,110,89,64,48,39,43,49,58,95,138,138,126
78,54,38,27,25,38,64,104,116,105,99,110,76,81,78,86,114,155,219,217,176,154,106,92,113,125,168,217,185,188,158,149,132,131,131,149,182,175,210,236,214,147,142,139,164,164,157,161,158,168,148,160,159,132,150,169,148,186,216,174,144,118,102,67,67,103,128,112,93,91,45,29,27,18,32,21,43,42,78,75,67,71,49,41,29,33,58,70,107,98,62,46,43,35,51,64,100,126,145,129
77,35,33,29,34,34,55,97,123,120,117,111,82,85,75,88,110,177,218,197,193,128,100,95,107,147,168,177,185,170,155,164,142,135,129,143,185,205,205,216,191,166,151,136,150,151,154,167,158,141,144,153,144,155,141,156,192,193,193,199,167,114,79,75,73,92,117,110,112,84,41,41,16,27,24,26,52,51,66,73,72,65,59,49,33,36,59,78,102,76,76,52,38,41,52,69,99,140,148,123
82,49,25,22,24,41,66,99,98,133,114,104,76,84,80,71,125,149,204,227,181,113,110,78,111,143,168,186,188,167,146,169,156,125,146,152,165,200,211,246,201,151,124,141,154,146,178,186,168,138,117,145,165,145,156,144,155,202,209,198,150,108,71,80,90,103,125,122,96,79,54,33,19,25,25,36,43,45,48,71,84,71,59,40,39,42,53,98,92,83,75,35,33,38,53,66,118,137,137,113
90,34,34,24,21,41,59,77,120,109,114,99,86,71,70,84,118,140,219,238,190,120,94,96,94,156,158,172,192,177,164,154,140,147,132,146,152,176,226,251,196,161,148,146,150,164,176,196,138,137,142,125,161,148,137,153,159,207,197,212,150,103,87,74,94,98,122,130,101,76,53,30,22,22,23,29,45,73,53,80,62,63,47,51,39,50,46,78,113,88,63,39,45,27,54,70,108,155,130,123
78,55,31,31,20,43,54,97,104,106,118,109,83,71,62,104,103,129,234,222,185,131,126,82,106,135,158,183,213,143,165,159,154,126,113,152,155,192,225,225,185,153,142,140,159,168,193,162,152,153,140,149,168,140,164,166,150,196,179,205,146,117,102,83,99,111,106,120,116,97,43,30,22,25,33,28,31,53,64,83,81,51,47,48,43,51,70,74,92,90,71,43,45,41,51,87,99,119,149,109
82,40,31,26,29,30,62,89,93,108,120,92,99,77,66,87,107,161,199,228,203,146,95,82,119,122,167,199,190,158,133,157,163,131,128,137,196,170,208,208,203,179,157,139,139,167,179,144,159,172,139,133,162,155,139,179,161,170,201,187,129,112,117,90,91,88,131,125,116,76,38,39,18,16,24,33,41,46,76,82,79,48,35,40,51,51,68,74,100,77,68,42,39,40,48,79,126,126,143,104
61,37,31,22,27,37,63,80,116,120,96,101,100,71,59,87,130,168,189,249,186,136,101,85,101,122,156,192,189,150,150,153,140,133,128,146,173,208,189,219,215,164,177,130,149,154,169,154,166,139,148,146,156,167,141,174,188,172,196,184,148,104,93,76,108,122,137,138,107,72,41,32,25,20,17,30,41,57,69,96,65,49,39,31,38,51,80,88,99,94,50,49,35,37,60,88,106,130,150,120
75,44,30,17,21,33,43,83,117,109,110,85,90,88,83,87,137,166,182,227,168,145,97,96,92,152,147,174,183,172,168,142,122,116,137,146,185,181,202,205,186,176,162,151,161,176,156,164,153,165,144,153,147,133,154,174,176,202,188,179,150,111,92,97,95,126,145,119,102,81,41,34,22,27,11,21,32,57,78,79,84,51,33,35,37,60,88,82,91,92,50,44,30,39,58,76,117,142,145,126
68,51,31,29,19,30,40,65,95,105,101,104,80,93,94,98,124,177,180,210,188,140,90,94,88,137,161,188,200,165,160,134,141,137,120,155,159,193,208,246,188,164,166,134,170,164,172,138,147,158,150,155,164,154,144,159,171,184,208,193,148,108,91,85,90,122,149,155,120,75,49,35,20,22,21,25,29,49,90,89,86,50,28,29,33,52,81,91,100,92,45,54,40,34,57,70,108,155,144,116
66,45,26,29,28,35,50,63,97,102,108,75,88,88,81,101,113,169,227,216,173,136,98,97,90,110,143,167,213,190,159,140,132,143,112,141,148,204,198,229,176,185,127,135,160,182,161,146,154,153,160,143,171,146,156,160,192,194,187,177,187,111,83,70,92,139,142,143,133,78,57,29,16,12,23,29,27,63,78,88,74,59,38,30,47,65,63,97,83,80,63,45,44,42,46,81,96,133,154,137
80,42,34,24,30,39,46,77,68,103,110,78,82,67,93,80,105,180,224,227,163,116,95,110,103,109,130,185,190,176,176,142,138,134,105,130,161,204,238,203,192,169,135,151,161,185,164,153,157,156,149,146,158,159,157,170,176,190,223,187,169,127,76,68,74,127,150,181,143,88,51,24,23,14,14,25,46,61,70,96,60,51,34,35,46,45,77,97,104,64,74,39,39,50,48,68,108,131,141,125
84,50,29,30,27,31,65,58,80,93,88,97,85,74,88,85,99,157,206,236,171,139,105,115,91,115,152,163,183,195,160,137,141,125,132,112,160,192,230,212,174,163,152,133,162,188,162,178,182,163,149,143,146,148,158,164,166,172,216,202,162,126,97,66,76,110,161,150,149,86,54,36,19,16,17,30,49,46,90,86,69,50,32,32,40,44,77,87,98,84,72,53,33,45,51,66,96,124,139,130
70,45,47,28,38,37,41,75,81,113,85,89,68,74,91,86,102,142,184,226,203,135,107,103,98,108,138,171,188,163,190,138,112,130,143,135,153,204,216,201,204,157,122,146,160,151,174,195,170,165,157,150,131,130,174,186,163,190,207,196,162,145,77,87,82,109,143,173,134,116,50,31,19,21,18,25,39,59,82,75,64,60,41,24,41,44,81,73,93,107,66,50,33,48,47,65,95,140,157,111
68,56,31,32,30,26,54,68,93,94,92,69,81,84,75,89,107,146,208,209,188,141,106,98,99,117,129,156,207,184,163,151,132,128,123,132,173,196,209,223,182,161,122,149,156,161,184,157,172,173,142,147,147,146,166,166,173,175,200,190,171,136,90,82,101,104,154,175,154,102,61,37,22,16,18,30,30,55,83,80,61,60,46,28,34,47,71,84,85,106,65,62,44,39,41,71,107,134,165,102
64,68,36,24,35,27,49,77,77,82,106,64,78,70,79,86,99,149,217,194,183,159,101,104,107,104,141,159,211,156,143,132,145,124,125,153,141,224,195,219,193,149,139,138,152,137,186,165,178,156,154,135,139,147,173,178,179,177,202,206,192,144,89,81,61,117,155,167,162,105,81,33,32,8,10,24,29,56,67,68,78,57,51,23,43,44,46,79,118,85,55,59,47,42,49,59,94,136,143,114
93,58,37,29,23,25,51,73,69,76,80,73,77,81,77,95,112,131,193,205,198,129,105,76,108,119,164,197,187,167,139,118,135,137,130,133,142,213,242,202,192,163,128,138,172,156,159,175,160,151,154,129,139,169,149,197,188,186,177,198,180,154,105,73,66,87,165,181,159,125,81,51,29,22,23,22,33,51,62,85,74,60,48,27,43,41,47,78,114,81,67,47,45,41,53,64,77,110,129,136
76,62,45,33,18,31,38,60,67,79,82,90,66,80,73,73,97,138,204,202,166,132,99,85,95,125,134,179,198,168,155,120,111,119,127,122,144,196,232,226,168,160,140,142,159,164,160,172,168,152,136,135,156,143,163,191,163,186,183,206,195,148,111,82,78,84,137,171,156,104,77,59,38,23,27,21,20,44,65,80,72,46,34,32,48,52,51,63,80,88,69,49,48,44,44,55,74,103,156,112
88,54,39,19,20,18,33,57,60,70,58,75,66,65,63,78,85,117,171,212,168,117,103,94,86,105,137,154,178,162,139,129,150,93,125,124,144,174,216,179,186,157,121,123,150,146,166,154,137,131,138,125,137,130,134,152,159,166,176,193,170,129,106,83,82,72,122,144,134,99,74,44,41,36,19,16,20,37,60,62,51,60,42,31,21,34,41,50,72,89,57,51,39,39,48,40,76,90,114,87
48,32,25,22,12,19,17,42,38,42,44,45,42,35,55,63,66,106,129,155,145,102,74,74,60,69,97,116,166,129,113,104,94,94,98,87,115,142,174,182,158,154,96,111,110,132,142,122,119,115,108,91,100,88,107,124,140,132,144,151,124,96,103,68,49,61,85,95,101,79,61,42,32,11,13,14,11,23,42,45,32,31,27,24,25,12,17,49,37,51,50,42,24,30,39,29,38,69,86,70
33,19,11,13,7,9,14,11,25,18,20,27,28,23,27,23,42,52,72,97,78,67,41,39,41,35,56,88,77,75,85,56,55,52,54,58,70,93,118,102,108,83,79,66,75,75,98,73,81,74,56,54,36,59,66,81,90,87,91,93,73,62,39,46,30,33,48,54,43,25,37,22,15,8,4,8,7,6,17,21,19,19,10,13,10,9,14,16,29,17,29,17,18,13,20,16,27,30,48,31
8,8,7,3,1,4,3,8,4,10,9,8,5,11,8,9,10,22,15,28,33,22,18,25,15,20,22,31,26,25,30,36,19,29,15,23,35,40,40,49,43,37,30,35,31,30,25,36,34,26,26,16,18,24,28,25,39,37,37,37,27,25,21,10,5,10,18,19,7,12,4,5,2,6,2,4,2,6,4,9,6,2,2,2,3,2,1,7,4,6,8,3,7,2,5,2,8,10,15,8
0,1,1,0,0,2,1,1,1,1,0,4,0,1,1,0,5,3,5,6,1,4,9,3,2,6,7,8,3,9,7,4,6,7,4,2,3,12,6,11,12,15,10,8,6,10,5,8,9,5,3,8,4,2,5,7,8,9,7,4,9,7,5,5,2,1,3,4,4,0,0,0,0,1,1,0,0,1,1,2,3,1,0,2,0,0,1,3,0,0,0,1,0,0,1,3,1,2,2,1
0,0,0,0,0,0,1,0,0,0,0,0,0,0,0,1,0,1,0,0,0,1,0,1,1,0,0,1,1,1,1,0,0,0,1,0,1,1,2,0,0,1,2,2,0,1,2,4,0,1,0,2,0,0,0,0,2,1,0,1,1,0,1,0,0,0,0,0,0,1,0,0,0,0,0,0,0,0,0,0,0,0,0,0,0,0,0,0,0,0,0,0,0,0,0,0,1,0,0,0
0,0,0,0,0,0,0,0,0,0,0,0,0,0,0,0,0,0,0,0,0,0,0,0,0,0,0,0,0,0,0,0,0,0,0,0,0,0,0,0,0,0,0,0,0,0,0,0,0,0,0,0,0,0,0,0,0,0,0,0,0,0,0,0,0,0,0,0,0,0,0,0,0,0,0,0,0,0,0,0,0,0,0,0,0,0,0,0,0,0,0,0,0,0,0,0,0,0,0,0
0,0,0,0,0,0,0,0,0,0,0,0,0,0,0,0,0,0,0,0,0,0,0,0,0,0,0,0,0,0,0,0,0,0,0,0,0,0,0,0,0,0,0,0,0,0,0,0,0,0,0,0,0,0,0,0,0,0,0,0,0,0,0,0,0,0,0,0,0,0,0,0,0,0,0,0,0,0,0,0,0,0,0,0,0,0,0,0,0,0,0,0,0,0,0,0,0,0,0,0
0,0,0,0,0,0,0,0,0,0,0,0,0,0,0,0,0,0,0,0,0,0,0,0,0,0,0,0,0,0,0,0,0,0,0,0,0,0,0,0,0,0,0,0,0,0,0,0,0,0,0,0,0,0,0,0,0,0,0,0,0,0,0,0,0,0,0,0,0,0,0,0,0,0,0,0,0,0,0,0,0,0,0,0,0,0,0,0,0,0,0,0,0,0,0,0,0,0,0,0
0,0,0,0,0,0,0,0,0,0,0,0,0,0,0,0,0,0,0,0,0,0,0,0,0,0,0,0,0,0,0,0,0,0,0,0,0,0,0,0,0,0,0,0,0,0,0,0,0,0,0,0,0,0,0,0,0,0,0,0,0,0,0,0,0,0,0,0,0,0,0,0,0,0,0,0,0,0,0,0,0,0,0,0,0,0,0,0,0,0,0,0,0,0,0,0,0,0,0,0
0,0,0,0,0,0,0,0,0,0,0,0,0,0,0,0,0,0,0,0,0,0,0,0,0,0,0,0,0,0,0,0,0,0,0,0,0,0,0,0,0,0,0,0,0,0,0,0,0,0,0,0,0,0,0,0,0,0,0,0,0,0,0,0,0,0,0,0,0,0,0,0,0,0,0,0,0,0,0,0,0,0,0,0,0,0,0,0,0,0,0,0,0,0,0,0,0,0,0,0
0,0,0,0,0,0,0,0,0,0,0,0,0,0,0,0,0,0,0,0,0,0,0,0,0,0,0,0,0,0,0,0,0,0,0,0,0,0,0,0,0,0,0,0,0,0,0,0,0,0,0,0,0,0,0,0,0,0,0,0,0,0,0,0,0,0,0,0,0,0,0,0,0,0,0,0,0,0,0,0,0,0,0,0,0,0,0,0,0,0,0,0,0,0,0,0,0,0,0,0
