-0.204542,0.11936
-0.36343,0.25712
-0.335291,0.458955
-0.232773,0.655603
-0.170729,0.848689
-0.263554,1.02573
-0.174724,1.19713
-0.081602,1.37386
-0.256406,1.45915
-0.425026,1.59658
-0.358844,1.78255
-0.272109,1.95496
-0.112122,2.06141
0.0165022,2.20085
-0.0672057,2.40413
-0.187497,2.56889
-0.14371,2.76938
-0.0121629,2.9347
0.0165058,3.14076
0.0225957,3.33187
0.14841,3.47553
0.0513822,3.64225
0.0712743,3.84224
-0.0166627,4.01502
-0.0280705,4.226
-0.0648782,4.4361
0.0824517,4.5627
-0.00176967,4.75763
0.101589,4.92385
0.014438,5.11303
0.154668,5.25799
0.183709,5.46008
0.247744,5.65898
0.142741,5.82255
0.166365,6.02541
0.243749,6.21697
0.202848,6.39733
0.224177,6.60271
0.213563,6.80783
0.182031,7.01772
0.0609133,7.20796
0.0354247,7.4232
-0.00542213,7.62889
0.0422989,7.8274
0.109598,8.01005
0.189142,8.19584
0.331765,8.35341
0.249719,8.54737
0.128393,8.69445
-0.00268622,8.83989
0.0191372,9.03698
0.183088,9.16504
0.157789,9.35909
0.163567,9.57882
0.282157,9.74553
0.306508,9.94079
0.171386,10.0915
0.278627,10.2624
0.242854,10.4693
0.297324,10.6702
0.272055,10.8648
0.156889,11.0245
0.248476,11.2021
0.250381,11.4018
0.354361,11.5794
0.510768,11.724
0.617127,11.9265
0.685103,12.1232
0.634684,12.3178
0.529752,12.4847
0.509685,12.6952
0.573704,12.9032
0.720554,13.0438
0.691693,13.2393
0.666669,13.4206
0.727833,13.62
0.629302,13.8047
0.476715,13.9484
0.380795,14.1189
0.360004,14.313
0.453501,14.5156
0.50151,14.7158
0.707629,14.7757
0.630067,14.9631
0.672122,15.1673
0.526259,15.3045
0.502328,15.5209
0.451416,15.7149
0.401718,15.9202
0.368366,16.1091
0.391262,16.3025
0.41618,16.5033
0.353608,16.6907
0.332066,16.8992
0.362507,17.0853
0.345918,17.2892
0.343281,17.4919
0.268413,17.6934
0.198959,17.876
0.186759,18.0912
0.196019,18.3115
0.114285,18.4921
0.247869,18.6414
0.0677649,18.7728
-0.0166781,18.9637
0.045161,19.161
0.144867,19.3568
0.153247,19.56
0.207654,19.7515
0.312817,19.9301
0.30652,20.1228
0.384335,20.3051
0.504251,20.4696
0.540677,20.6522
0.70774,20.7548
0.767115,20.9536
0.585793,21.0601
0.525831,21.246
0.67499,21.3947
0.774947,21.5743
0.695975,21.7484
0.600299,21.9315
0.726952,22.0814
0.839789,22.2402
0.983649,22.3649
1.07338,22.5598
0.957295,22.7321
0.959941,22.9265
0.931338,23.1237
0.797829,23.269
0.956281,23.4097
0.973775,23.6035
0.855618,23.7659
0.886788,23.973
0.713457,24.097
0.739786,24.3144
0.748855,24.516
0.60409,24.663
0.426605,24.7875
0.55586,24.9427
0.568437,25.1526
0.66025,25.3226
0.830734,25.4315
0.732951,25.5985
0.752661,25.7991
0.765039,25.9906
0.712861,26.1874
0.838422,26.3522
0.840096,26.551
0.790061,26.742
0.674456,26.9153
0.804549,27.0677
0.912605,27.2407
0.858164,27.4487
0.777916,27.6535
0.639826,27.8054
0.706429,27.9977
0.8199,28.1635
0.637152,28.2457
0.78284,28.3793
0.706652,28.5612
0.681642,28.7688
0.774951,28.9623
0.747446,29.1661
0.748135,29.362
0.804912,29.5726
0.890834,29.7541
0.936787,29.9573
0.876441,30.1625
0.854079,30.3829
0.984498,30.5511
0.984717,30.7565
1.08728,30.9352
1.16731,31.1255
1.15365,31.3257
1.27046,31.4939
1.35967,31.6705
1.30505,31.8657
1.20181,32.0458
1.22562,32.2583
1.23577,32.4675
1.32972,32.63
1.36347,32.8435
1.22086,32.9858
1.09087,33.1477
1.18548,33.3319
1.33882,33.4722
1.17832,33.5823
1.34042,33.705
1.19951,33.8641
1.22398,34.0725
1.21872,34.2825
1.30287,34.4555
1.33767,34.6497
1.47159,34.7933
1.43174,34.985
1.5263,35.1459
1.53175,35.3493
1.56095,35.5536
1.53207,35.7585
0.0760114,0.193295
0.11827,0.39377
0.0375117,0.575423
0.0545286,0.783152
0.202609,0.911736
0.231781,1.10766
0.170025,1.28501
0.25019,1.47997
0.314418,1.68434
0.450336,1.85481
0.378724,2.04424
0.388006,2.24784
0.537417,2.39414
0.488718,2.58305
0.526903,2.77666
0.542126,2.98004
0.556716,3.17651
0.623211,3.36338
0.626545,3.56888
0.735465,3.73731
0.600436,3.90417
0.594702,4.10325
0.432723,4.22379
0.313328,4.37583
0.466653,4.49749
0.572392,4.69218
0.617943,4.89651
0.524793,5.07046
0.520881,5.29253
0.731172,5.36157
0.766845,5.56107
0.734925,5.77691
0.616744,5.92621
0.592904,6.13547
0.697831,6.29536
0.666554,6.50834
0.56264,6.67782
0.586628,6.88006
0.506781,7.08464
0.572699,7.28479
0.579209,7.49974
0.596062,7.70046
0.680755,7.8752
0.529269,8.01452
0.591489,8.20165
0.753106,8.3361
0.76417,8.53981
0.85018,8.74641
0.788204,8.94648
0.89965,9.10864
1.02951,9.25688
1.02251,9.45632
1.03387,9.66674
0.960357,9.84398
0.928131,10.0493
0.766441,10.1521
0.795135,10.3439
0.745615,10.5439
0.799336,10.7422
0.811048,10.9456
0.955403,11.1047
0.912676,11.3042
0.933488,11.5182
1.04661,11.6853
1.20485,11.8336
1.18002,12.0335
1.00683,12.1362
1.05765,12.3304
1.17564,12.4865
1.06735,12.6683
1.11968,12.8505
1.05978,13.0545
1.0009,13.2503
1.0208,13.4365
1.06788,13.6339
1.1451,13.8283
1.09179,14.0208
1.24583,14.1588
1.25678,14.3578
1.20233,14.5463
1.15143,14.7398
1.13133,14.9477
1.09405,15.1465
0.927107,15.2573
1.03177,15.4247
1.08887,15.627
0.980974,15.8113
0.88337,15.9848
0.798203,16.1806
0.803531,16.4074
0.789567,16.6151
0.749145,16.8045
0.59098,16.9217
0.716046,17.0837
0.658588,17.2807
0.674388,17.5072
0.632224,17.7025
0.617096,17.8945
0.662538,18.0851
0.636369,18.285
0.681029,18.4839
0.785362,18.6512
0.890153,18.8158
0.956425,19.0087
0.886292,19.1869
0.767101,19.3467
0.873455,19.5345
0.874372,19.7507
1.04937,19.8464
1.05968,20.0409
0.992633,20.2305
1.0823,20.4379
1.05997,20.6287
1.17355,20.812
1.24087,20.9999
1.12418,21.1681
1.13676,21.3699
1.04944,21.5392
1.02897,21.7438
1.22185,21.8193
1.38377,21.9653
1.29924,22.1613
1.34176,22.3738
1.4813,22.5162
1.59417,22.6925
1.49223,22.8737
1.31664,22.973
1.27196,23.1531
1.36733,23.3265
1.36772,23.5206
1.33487,23.7205
1.44586,23.889
1.34308,24.069
1.34969,24.279
1.41361,24.4668
1.45583,24.6684
1.3257,24.8074
1.33216,25.0009
1.33521,25.2043
1.30571,25.4166
1.34519,25.6066
1.20677,25.758
1.06731,25.9154
1.18278,26.0947
1.12506,26.3004
1.26401,26.4496
1.40397,26.6123
1.4178,26.8244
1.2993,26.9968
1.29583,27.1855
1.34047,27.3803
1.13094,27.3958
1.16371,27.6017
1.18571,27.8006
1.18058,28.0084
1.18088,28.203
1.1722,28.4081
1.34627,28.5118
1.46037,28.6717
1.497,28.8714
1.36979,29.0183
1.23106,29.1822
1.42517,29.2551
1.40787,29.4642
1.55035,29.6059
1.62313,29.7897
1.47082,29.9392
1.51332,30.1444
1.45548,30.3522
1.58583,30.5014
1.74275,30.6354
1.91301,30.7604
1.91411,30.9741
1.72334,31.066
1.89592,31.1718
1.95135,31.365
1.82809,31.5271
1.9687,31.6767
1.83538,31.8198
1.84977,32.0189
1.72268,32.1784
1.79009,32.3714
1.86523,32.5518
1.84689,32.7593
1.67422,32.8896
1.86576,32.9611
1.94264,33.1644
2.00053,33.3705
1.99438,33.5809
1.97194,33.7692
1.93195,33.9589
1.96431,34.1562
1.8804,34.3363
2.00075,34.506
1.85849,34.6665
1.81678,34.867
2.00592,34.7882
2.08029,34.9733
2.02935,35.1604
1.92385,35.3488
1.47699,0.290358
1.34964,0.456467
1.28999,0.648118
1.32074,0.846815
1.21935,1.02294
1.1583,1.21246
1.1552,1.4123
1.01848,1.5509
1.11294,1.73653
1.14665,1.94043
1.11625,2.15272
1.22797,2.31608
1.26606,2.49876
1.32853,2.69923
1.21281,2.86211
1.21608,3.05402
1.20769,3.25292
1.25422,3.43823
1.20887,3.63772
1.2072,3.83639
1.05578,3.97444
1.05164,4.16794
1.12612,4.36281
1.17081,4.55735
1.05737,4.72355
1.0414,4.92931
1.15099,5.10995
1.21071,5.31077
1.18782,5.52083
1.31226,5.67881
1.14745,5.7882
1.07863,5.96251
1.02669,6.17267
0.888867,6.32994
0.982737,6.50364
0.921855,6.70143
0.95438,6.88751
1.15662,6.85574
1.20282,7.05844
1.21704,7.27028
1.24053,7.46393
1.29386,7.65697
1.16726,7.81177
1.08027,7.99102
1.21912,8.13829
1.39751,8.23639
1.28102,8.39288
1.30625,8.59887
1.35198,8.78741
1.53111,8.89341
1.56862,9.08229
1.6549,9.25379
1.60919,9.44679
1.76096,9.58567
1.7466,9.78775
1.8027,9.98148
1.9344,10.1205
1.73854,10.1753
1.75724,10.382
1.91034,10.5256
1.94851,10.7393
2.04862,10.9209
2.03234,11.1275
1.89001,11.2956
1.79403,11.4735
1.90008,11.6564
2.06142,11.7862
2.08976,11.9896
2.02457,12.1881
1.98919,12.3856
1.90202,12.5747
2.02244,12.7523
2.07348,12.9751
2.25369,13.1016
2.47657,13.0859
2.56046,13.2738
2.43131,13.4373
2.31785,13.6004
2.2138,13.7785
2.27053,13.9782
2.18847,14.176
2.24465,14.3718
2.26727,14.5847
2.23849,14.7843
2.29574,14.9696
2.23101,15.1555
2.17044,15.367
2.18784,15.5788
2.13725,15.7774
2.16243,15.9786
2.23139,16.1636
2.13538,16.3548
2.15509,16.5497
2.09823,16.7661
2.03138,16.954
2.11993,17.1501
2.01978,17.3152
2.06549,17.5204
2.05941,17.72
1.94096,17.8665
1.85751,18.0541
1.92122,18.2397
1.94425,18.4472
1.9667,18.6273
2.09399,18.7675
1.98659,18.9448
1.84625,19.1076
1.75271,19.2774
1.72304,19.4871
1.79733,19.6932
1.7324,19.9073
1.82839,20.079
1.9919,20.1913
1.97384,20.3904
1.91729,20.5962
1.73124,20.6805
1.71827,20.8969
1.82347,21.0553
1.7953,21.2474
1.87843,21.4281
1.91429,21.6211
2.06532,21.7467
1.98383,21.9406
1.80464,22.0149
1.87424,22.2081
1.91421,22.4122
2.08435,22.5393
2.0844,22.756
2.0351,22.955
2.01215,23.147
2.12884,23.3091
2.05772,23.4921
2.16493,23.6822
2.35534,23.75
2.47631,23.9224
2.43296,24.1276
2.26551,24.2162
2.21926,24.408
2.13789,24.592
1.95843,24.6849
1.90612,24.8726
1.94771,25.0765
1.9068,25.275
1.99264,25.452
1.85856,25.5997
1.78884,25.7821
1.94494,25.9395
2.00735,26.1482
2.12323,26.3091
2.04544,26.4974
2.09046,26.7016
2.04356,26.9088
1.86853,26.9908
1.85351,27.1938
2.04482,27.2836
2.08947,27.4948
2.11143,27.6994
1.97222,27.8419
2.10841,27.9915
2.2008,28.1691
2.2665,28.3557
2.23621,28.5577
2.24771,28.7527
2.28078,28.9638
2.3144,29.1694
2.44977,29.3134
2.50355,29.5273
2.56693,29.7258
2.67279,29.9184
2.80361,30.0883
2.76793,30.2812
2.82458,30.4875
2.79387,30.6867
2.73715,30.8795
2.62623,31.0556
2.67809,31.2499
2.80882,31.3926
2.67743,31.5593
2.7975,31.719
2.78074,31.9312
2.68543,32.1143
2.48428,32.1123
2.54729,32.2965
2.60144,32.4939
2.70614,32.6651
2.79625,32.8662
2.61897,32.9618
2.47147,33.0841
2.41431,33.2788
2.4513,33.4889
2.57462,33.6717
2.47482,33.8546
2.57944,34.0445
2.60517,34.2474
2.58577,34.4374
2.44476,34.5621
2.54472,34.7303
2.41367,34.8958
2.46523,35.0873
2.65446,35.1723
1.89369,0.505578
1.87548,0.704246
1.74632,0.844723
1.705,1.03195
1.76522,1.2328
1.7772,1.42724
1.90856,1.56554
1.95311,1.76834
1.98774,1.96956
2.00961,2.17793
1.986,2.37413
2.04841,2.56954
1.96518,2.7609
1.98396,2.96875
1.908,3.14559
1.98857,3.34808
2.05279,3.549
2.2359,3.63618
2.13439,3.80994
2.16996,4.0157
2.24917,4.21366
2.45114,4.31568
2.4553,4.51137
2.46701,4.71763
2.47765,4.91244
2.62407,5.0468
2.45552,5.1568
2.4139,5.34422
2.44317,5.54759
2.47987,5.73465
2.63575,5.84982
2.48232,5.99311
2.5479,6.17618
2.38085,6.30102
2.41103,6.49891
2.44505,6.70105
2.25653,6.7462
2.15454,6.91572
2.23099,7.09701
2.32762,7.30576
2.37249,7.50802
2.22908,7.67011
2.26872,7.84935
2.3732,8.01635
2.4343,8.21047
2.48684,8.40639
2.39774,8.58997
2.39143,8.8054
2.23677,8.92648
2.37733,9.08381
2.45154,9.27341
2.52367,9.46067
2.64965,9.63496
2.73752,9.82968
2.66632,10.0336
2.73233,10.2274
2.81512,10.4192
2.79843,10.6102
2.82077,10.8125
2.8535,11.0183
2.74369,11.197
2.88976,11.3125
2.90236,11.512
2.89959,11.7159
2.80751,11.908
2.72163,12.0938
2.70157,12.2936
2.85044,12.4242
2.89,12.6348
2.89973,12.8344
2.90756,13.0349
2.80336,13.2122
2.91286,13.3765
2.75596,13.5336
2.86778,13.7021
2.9585,13.88
3.00835,14.0732
3.00894,14.2719
3.06605,14.4651
3.04817,14.6704
3.12066,14.8589
2.92781,14.9555
2.80585,15.1148
2.61765,15.179
2.71706,15.3502
2.72805,15.5526
2.66829,15.7352
2.68429,15.958
2.58438,16.1184
2.64572,16.3142
2.53234,16.4844
2.55099,16.696
2.68443,16.8413
2.87845,16.9133
2.82361,17.1032
2.7916,17.3024
2.9318,17.4434
2.9116,17.6384
3.06982,17.7625
3.06705,17.955
2.88306,18.0296
2.87164,18.2315
2.98253,18.4046
2.85539,18.5654
3.00747,18.6951
3.05159,18.8869
2.97874,19.0736
3.14592,19.1765
3.22281,19.3755
3.14042,19.5856
3.01264,19.7444
3.0205,19.9484
3.08167,20.1455
3.05072,20.3708
2.92102,20.5263
2.86793,20.7238
2.9593,20.8943
2.98857,21.092
2.82089,21.2064
2.7877,21.4007
2.97737,21.4389
2.97103,21.6444
2.99996,21.841
3.01296,22.0485
2.87925,22.2176
2.89399,22.4439
2.89797,22.6318
2.91563,22.8294
2.97244,23.0269
2.95003,23.2387
2.75126,23.3484
2.73544,23.5586
2.90122,23.6622
2.85922,23.8612
2.92537,24.054
2.97402,24.2434
2.82494,24.3749
2.95953,24.547
2.85571,24.7211
2.90426,24.9064
2.83022,25.1
2.96964,25.2686
2.96167,25.4572
3.1415,25.5666
3.22986,25.7431
3.26621,25.9435
3.19053,26.1361
3.21595,26.3583
3.17129,26.5704
3.15101,26.762
3.11301,26.9659
2.97723,27.1164
2.97306,27.3164
2.92479,27.5064
2.9427,27.7055
2.89611,27.9007
2.79708,28.0898
2.92466,28.2242
2.87862,28.4263
2.79982,28.6083
2.76743,28.809
2.90236,28.955
2.98288,29.1428
3.18161,29.1682
3.27045,29.343
3.21499,29.525
3.1194,29.7153
3.1491,29.9164
3.2468,30.0948
3.08505,30.2256
3.12662,30.4375
3.13206,30.645
3.21454,30.8451
3.38496,30.9498
3.36841,31.1567
3.25744,31.3301
3.15655,31.5024
3.22411,31.6973
3.08155,31.8353
3.06215,32.0359
3.20828,32.2074
3.14667,32.4002
3.17582,32.5932
3.10339,32.7813
3.13314,32.9887
3.23714,33.1809
3.24198,33.3681
3.20415,33.568
3.15656,33.7699
3.1822,33.9666
3.27036,34.1516
3.13424,34.3091
3.13461,34.5162
3.07596,34.7162
3.12781,34.9028
3.11148,35.1136
2.99813,35.2774
3.16557,35.4037
3.11648,35.5928
3.21309,35.7793
3.15953,0.614076
3.07687,0.812665
3.15913,0.999859
3.19219,1.19614
3.04579,1.33416
3.09283,1.52556
3.22749,1.70626
3.11032,1.87322
2.9519,2.02707
2.98079,2.20699
2.93577,2.41686
3.05658,2.57966
3.05487,2.78531
3.13782,2.98058
2.95812,3.08221
2.87297,3.26527
2.86574,3.46003
2.88203,3.66227
2.89404,3.84909
2.88039,4.0432
2.85911,4.2433
2.78966,4.43213
2.80183,4.62628
2.88293,4.81599
2.88139,5.01433
2.97214,5.18477
3.03441,5.40277
3.05045,5.61474
2.90071,5.74429
2.95144,5.93876
2.93397,6.14363
2.85816,6.32426
2.89917,6.53234
2.81722,6.71159
2.91834,6.89228
2.92662,7.11132
3.0645,7.27373
3.14637,7.46361
3.05575,7.65966
2.88258,7.78644
2.95369,7.98092
2.93997,8.18963
2.97678,8.38741
3.11289,8.53332
3.06028,8.72987
2.98015,8.90685
2.96992,9.11455
2.95458,9.31534
3.06903,9.47276
3.18216,9.65782
3.17954,9.86307
3.25022,10.0549
3.26125,10.2476
3.24911,10.4454
3.30923,10.6316
3.19667,10.7945
3.35453,10.927
3.28618,11.1158
3.2177,11.3007
3.16621,11.5028
3.20526,11.7139
3.20869,11.9155
3.33353,12.0796
3.29631,12.2956
3.27479,12.4903
3.46162,12.6026
3.44323,12.8134
3.58466,12.9613
3.52833,13.1454
3.44248,13.335
3.57664,13.4918
3.62867,13.6909
3.64927,13.8862
3.54157,14.0503
3.60056,14.2322
3.56202,14.4207
3.56792,14.6223
3.48921,14.7892
3.4104,14.9739
3.44604,15.1847
3.36939,15.3716
3.32442,15.5603
3.33781,15.765
3.3069,15.9582
3.40769,16.1432
3.31316,16.328
3.25645,16.5148
3.38186,16.6812
3.3779,16.8732
3.48431,17.0405
3.59894,17.2077
3.47381,17.3659
3.48481,17.5696
3.49635,17.76
3.65712,17.8809
3.79956,18.0326
3.96912,18.1554
3.89479,18.3444
3.87181,18.5614
3.87363,18.7605
3.91583,18.969
3.84009,19.1661
3.9047,19.3601
3.86324,19.5592
3.87122,19.7552
3.75489,19.9266
3.80017,20.1318
3.88275,20.3156
3.92792,20.5054
3.80674,20.6593
3.82282,20.8734
3.73664,21.0667
3.78222,21.2647
3.78215,21.4613
3.86151,21.6441
3.86117,21.8472
3.84419,22.052
4.00756,22.1709
4.14801,22.3302
4.08061,22.528
4.09866,22.7534
4.15128,22.9486
4.21645,23.1511
4.26416,23.3752
4.07958,23.4939
3.95793,23.6651
3.98892,23.8591
3.97535,24.0592
3.82039,24.1754
3.96343,24.3172
4.01812,24.5269
4.00907,24.7353
3.97974,24.9302
3.84648,25.0961
3.70239,25.2374
3.84745,25.3786
3.78486,25.5769
3.77226,25.7912
3.77267,25.9976
3.68622,26.1777
3.77433,26.3702
3.7155,26.5604
3.59532,26.7476
3.74887,26.8924
3.92979,26.9941
3.87779,27.1867
3.81502,27.3753
3.8255,27.5934
3.91475,27.787
3.9545,27.9841
3.82308,28.1357
3.81648,28.3176
3.98004,28.4264
4.06386,28.6098
4.09495,28.8036
4.04423,28.9999
4.07085,29.2112
4.1399,29.3927
4.0982,29.5823
4.05819,29.7871
4.0043,29.9848
3.91372,30.1482
4.06835,30.28
3.98989,30.4659
4.1734,30.5803
3.9895,30.668
4.00045,30.88
3.87234,31.021
3.83387,31.2059
3.797,31.3845
3.81984,31.596
3.97631,31.7145
3.94807,31.9372
3.92486,32.1264
3.92336,32.3196
3.86155,32.5029
4.03441,32.6407
3.95631,32.8207
3.81477,32.9689
3.81245,33.1827
4.00482,33.2369
4.01184,33.4238
4.06097,33.6255
4.10962,33.8541
4.05335,34.0535
4.14518,34.2309
4.06287,34.4198
4.13805,34.6068
4.1402,34.8221
4.01401,34.9796
4.00416,35.1774
3.89423,35.3485
3.91066,35.5411
3.95939,35.7369
4.00571,35.929
4.06749,36.1444
4.17724,36.3156
4.05075,36.4664
4.10025,36.6659
4.04984,36.8636
-4.44002,0.683508
-4.52574,0.867316
-4.57955,1.0651
-4.64515,1.25945
-4.53751,1.4261
-4.57245,1.61722
-4.55693,1.83681
-4.68954,1.9897
-4.60321,2.1686
-4.44034,2.28175
-4.34838,2.45691
-4.20693,2.57777
-4.03366,2.69784
-3.98755,2.90244
-3.94597,3.09004
-3.81935,3.26001
-3.76003,3.45176
-3.81234,3.65062
-3.87753,3.83448
-3.98694,4.01804
-3.7934,4.10636
-3.69729,4.27783
-3.76181,4.48061
-3.81262,4.68958
-3.76942,4.90041
-3.71199,5.09731
-3.72915,5.28977
-3.73417,5.4855
-3.82547,5.67639
-3.83759,5.87985
-3.7517,6.05694
-3.70513,6.26699
-3.77009,6.43928
-3.87003,6.60129
-3.99363,6.76277
-4.11726,6.93549
-4.13092,7.14432
-4.14276,7.34494
-4.12599,7.56117
-3.96338,7.70615
-3.8593,7.87464
-3.87341,8.07588
-3.74173,8.23558
-3.68262,8.43283
-3.64373,8.63863
-3.4644,8.70851
-3.47039,8.91096
-3.64192,9.04281
-3.71423,9.22886
-3.81032,9.40161
-3.91998,9.58911
-3.88611,9.78421
-3.71632,9.90395
-3.81913,10.0721
-3.63867,10.1759
-3.558,10.3564
-3.65145,10.5427
-3.58755,10.7484
-3.72643,10.914
-3.69302,11.1152
-3.68039,11.3356
-3.59044,11.5185
-3.55877,11.716
-3.61674,11.9027
-3.74676,12.0615
-3.70315,12.2653
-3.74703,12.4654
-3.56945,12.5537
-3.58813,12.7466
-3.63006,12.9531
-3.53125,13.1351
-3.69114,13.2416
-3.82501,13.3739
-3.94156,13.5421
-3.79836,13.6993
-3.74906,13.896
-3.82252,14.085
-3.91912,14.249
-4.07579,14.3928
-4.05005,14.6037
-4.06835,14.8151
-4.12527,15.011
-4.07838,15.2215
-4.0536,15.4368
-4.07626,15.638
-4.09601,15.8384
-4.1362,16.0319
-3.93184,16.0511
-3.96269,16.2529
-3.88976,16.4474
-3.79468,16.6146
-3.89394,16.7895
-3.79331,16.9587
-3.74933,17.1594
-3.73616,17.3854
-3.56873,17.538
-3.72237,17.6638
-3.84907,17.8245
-3.81292,18.0143
-3.70312,18.1957
-3.79814,18.3721
-3.74946,18.5865
-3.69929,18.7801
-3.64536,18.9728
-3.8304,19.0352
-3.71786,19.2089
-3.74535,19.4109
-3.76576,19.623
-3.62586,19.7497
-3.78868,19.8898
-3.59614,19.9669
-3.64038,20.1657
-3.49189,20.3025
-3.56858,20.4898
-3.71855,20.6028
-3.81153,20.7845
-3.75757,20.9757
-3.67321,21.1677
-3.79878,21.3392
-3.81044,21.5523
-3.93106,21.7304
-4.07508,21.8642
-3.92406,21.9933
-3.93619,22.2051
-3.99291,22.4232
-3.93516,22.6282
-3.96606,22.824
-3.90211,23.0276
-3.97204,23.216
-3.86973,23.411
-3.75833,23.5742
-3.75437,23.7886
-3.77686,23.9881
-3.78295,24.1908
-3.85362,24.3695
-3.85904,24.5594
-3.90537,24.7713
-3.82027,24.9451
-3.89838,25.1454
-3.88504,25.3472
-3.81514,25.5173
-3.96221,25.6566
-3.9406,25.8622
-4.0829,26.0156
-3.99651,26.1983
-3.93018,26.3897
-4.05122,26.5538
-4.01073,26.7546
-3.96213,26.954
-3.74712,26.9135
-3.83513,27.0942
-3.81947,27.2886
-3.67507,27.4245
-3.74892,27.6082
-3.84095,27.7899
-3.67022,27.8803
-3.53991,28.0328
-3.72553,28.0837
-3.90101,28.1879
-3.74469,28.3164
-3.79074,28.517
-3.85903,28.7246
-3.9231,28.9308
-3.77814,29.0777
-3.68755,29.268
-3.73946,29.4597
-3.77128,29.6663
-3.89073,29.838
-3.95525,30.0152
-3.91326,30.222
-3.96605,30.4275
-3.85147,30.5941
-3.90521,30.7837
-3.90976,30.9983
-3.89539,31.1976
-3.91411,31.4015
-3.89647,31.5972
-3.86633,31.7849
-3.84523,31.9793
-3.70323,32.1196
-3.60355,32.2912
-3.56542,32.496
-3.45597,32.6538
-3.30714,32.7942
-3.23463,32.9879
-3.37361,33.1493
-3.21993,33.2943
-3.15968,33.4808
-3.14977,33.6729
-3.06914,33.8603
-3.13119,34.0684
-3.03464,34.247
-3.18292,34.4015
-3.16798,34.5951
-3.01199,34.7148
-2.98705,34.9246
-3.05383,35.1223
-3.07049,35.3277
-2.90213,35.4357
-2.83569,35.6294
-3.68895,0.435005
-3.62536,0.619185
-3.70528,0.810667
-3.75744,0.996422
-3.79963,1.2021
-3.84866,1.41009
-3.84629,1.59863
-3.77267,1.77603
-3.79042,1.9697
-3.75276,2.17279
-3.82257,2.35663
-3.88877,2.54
-3.8093,2.72772
-3.75514,2.91713
-3.57646,2.99732
-3.59516,3.21524
-3.56601,3.4081
-3.45523,3.56795
-3.28821,3.7026
-3.22357,3.90096
-3.07976,4.03742
-3.2024,4.18034
-3.15166,4.40055
-3.1435,4.604
-3.11685,4.80006
-3.06171,4.98984
-3.19887,5.14524
-3.10971,5.3407
-2.9935,5.51362
-3.09501,5.68608
-3.03304,5.87348
-2.92436,6.07065
-2.86551,6.25307
-2.99106,6.41287
-2.96097,6.6319
-2.97997,6.83688
-2.97629,7.02813
-2.79886,7.10143
-2.85454,7.29775
-2.93307,7.4844
-2.93224,7.68647
-3.00919,7.86529
-3.15202,7.9871
-3.2239,8.17609
-3.27715,8.37488
-3.27099,8.57044
-3.20382,8.76554
-3.01903,8.84942
-2.95356,9.04457
-2.98041,9.25358
-2.91927,9.43647
-3.00074,9.62506
-3.06563,9.82539
-3.07778,10.0221
-3.18306,10.1917
-3.07835,10.3794
-3.24171,10.5132
-3.38996,10.6598
-3.39241,10.8598
-3.18094,10.8785
-3.07592,11.0452
-3.08358,11.251
-2.99742,11.4343
-3.07755,11.618
-3.18191,11.7941
-3.17776,12.0016
-3.10986,12.1969
-3.03445,12.3807
-3.054,12.5941
-3.09367,12.7773
-3.14612,12.9845
-3.20659,13.1851
-3.27753,13.3641
-3.24652,13.5784
-3.16141,13.7654
-3.07311,13.9479
-3.14875,14.1346
-3.05155,14.3114
-3.03069,14.504
-3.04675,14.6948
-3.2068,14.8275
-3.29087,15.0099
-3.30518,15.233
-3.22075,15.4122
-3.0829,15.556
-3.1494,15.7441
-3.18959,15.9506
-3.20871,16.1647
-3.2232,16.3646
-3.22949,16.5757
-3.11267,16.7471
-3.12797,16.9357
-3.15614,17.1226
-3.15383,17.3396
-3.02472,17.5041
-3.0139,17.7054
-3.01179,17.8994
-3.09043,18.0908
-2.94548,18.2369
-2.98199,18.4374
-2.91549,18.6296
-2.92503,18.826
-2.96097,19.0159
-2.96112,19.2199
-2.96576,19.413
-2.91442,19.6113
-2.81332,19.8018
-2.87051,19.9817
-2.78094,20.1499
-2.78666,20.3465
-2.87307,20.5114
-2.7783,20.6921
-2.66826,20.8625
-2.72555,21.0647
-2.7316,21.2653
-2.86481,21.3991
-2.95712,21.587
-2.91406,21.7875
-2.95963,22.0057
-2.91221,22.2179
-2.93688,22.4317
-2.87489,22.6228
-2.91029,22.8168
-2.82413,22.9871
-2.78841,23.1886
-2.89255,23.3575
-2.8472,23.5516
-2.85763,23.7404
-3.05719,23.7504
-3.05093,23.951
-3.08038,24.1452
-2.94337,24.296
-2.86669,24.4847
-2.97446,24.6522
-2.93032,24.8646
-3.09592,24.9688
-3.05977,25.1621
-2.92868,25.3327
-2.84235,25.5359
-2.84314,25.7351
-2.82858,25.9436
-2.81844,26.1465
-2.64504,26.2379
-2.78088,26.3772
-2.80482,26.5787
-2.77239,26.7729
-2.7728,26.9756
-2.8391,27.1719
-2.8634,27.3786
-2.90619,27.5677
-2.9441,27.7661
-2.7833,27.9186
-2.74047,28.1287
-2.67266,28.3255
-2.47922,28.387
-2.47097,28.5897
-2.38923,28.7739
-2.30108,28.9617
-2.21948,29.1474
-2.16481,29.3476
-2.12024,29.548
-2.03027,29.7272
-1.90482,29.8918
-2.02041,30.0587
-2.03902,30.2548
-2.11736,30.4367
-2.11711,30.6371
-2.17558,30.8273
-2.17232,31.022
-2.19366,31.2266
-2.25506,31.4306
-2.17168,31.604
-2.10601,31.8023
-2.15599,32.0141
-2.05541,32.1855
-2.19507,32.3405
-2.37293,32.4267
-2.3044,32.6306
-2.14764,32.7383
-2.15335,32.9289
-2.07164,33.1164
-2.22864,33.2439
-2.14938,33.444
-2.16257,33.6315
-2.13882,33.8364
-2.05844,34.0199
-2.05646,34.2191
-2.06474,34.414
-2.03119,34.6105
-2.01701,34.797
-2.06164,34.9962
-2.04019,35.2057
-1.90468,35.3465
-1.86105,35.5469
-1.8761,35.7374
-1.74135,35.8795
-1.79871,36.0618
-1.81941,36.2833
-1.78878,36.4839
-1.65071,36.6159
-2.21977,0.3129
-2.34302,0.458323
-2.27846,0.647958
-2.1411,0.792977
-2.2781,0.944452
-2.37062,1.12806
-2.41181,1.31214
-2.37343,1.51745
-2.39665,1.73595
-2.36244,1.94906
-2.29695,2.14519
-2.16833,2.28341
-2.32606,2.41345
-2.33188,2.61153
-2.2891,2.80594
-2.34064,2.99932
-2.26881,3.18774
-2.32879,3.36579
-2.18355,3.50926
-2.2266,3.70622
-2.3562,3.87709
-2.44271,4.06614
-2.38309,4.26115
-2.34304,4.45011
-2.28954,4.63668
-2.3697,4.83526
-2.35398,5.04018
-2.23653,5.20577
-2.22365,5.42139
-2.11744,5.58383
-1.96435,5.69139
-1.91424,5.88134
-1.93931,6.09175
-1.90259,6.28657
-1.98041,6.46434
-1.88449,6.6465
-1.94295,6.85334
-1.78914,6.99084
-1.84821,7.18331
-1.99721,7.31144
-1.79956,7.39466
-1.90336,7.58009
-1.70902,7.68527
-1.74643,7.89049
-1.88645,8.0193
-1.86601,8.24364
-1.85985,8.44388
-1.77424,8.63596
-1.76621,8.83974
-1.66833,9.00829
-1.68407,9.221
-1.70683,9.41988
-1.71352,9.63893
-1.77771,9.84215
-1.86386,10.0358
-1.8282,10.2509
-1.92838,10.4285
-2.09135,10.5672
-1.96749,10.7273
-1.99993,10.9361
-2.03176,11.1424
-1.91983,11.3021
-1.98457,11.4686
-1.90722,11.6625
-1.8274,11.8425
-1.82405,12.0419
-1.99688,12.1483
-1.96312,12.3519
-1.9452,12.5543
-2.10204,12.7019
-2.02478,12.8935
-2.01251,13.101
-2.08614,13.3031
-2.07718,13.5062
-2.01386,13.698
-2.15958,13.8608
-2.02849,14.002
-1.8862,14.1538
-1.88735,14.352
-1.89047,14.5546
-1.75217,14.7188
-1.70595,14.9266
-1.71955,15.1229
-1.72887,15.326
-1.7024,15.5229
-1.62544,15.7071
-1.60042,15.9086
-1.56573,16.1118
-1.44801,16.2848
-1.55827,16.4413
-1.46742,16.6315
-1.46692,16.8347
-1.6293,16.9444
-1.6349,17.1377
-1.5364,17.3132
-1.65153,17.4672
-1.76099,17.6413
-1.78263,17.838
-1.84827,18.0271
-1.80846,18.2435
-1.66323,18.3879
-1.59152,18.5835
-1.49525,18.7618
-1.56389,18.9554
-1.48322,19.1491
-1.40568,19.3399
-1.49574,19.5177
-1.53345,19.7233
-1.3923,19.8701
-1.2733,20.0412
-1.44266,20.1683
-1.36402,20.3617
-1.26318,20.5471
-1.20208,20.7516
-1.1635,20.9464
-1.32719,21.061
-1.36098,21.2566
-1.3528,21.4636
-1.49595,21.5993
-1.50498,21.8158
-1.56324,21.9999
-1.55588,22.2128
-1.45919,22.3891
-1.45364,22.5839
-1.3402,22.7474
-1.28542,22.9606
-1.16085,23.1353
-1.16713,23.3273
-0.998819,23.4587
-1.0179,23.6729
-0.994855,23.8623
-0.919869,24.0575
-1.027,24.2411
-1.01183,24.4395
-1.0923,24.6214
-1.09965,24.8092
-0.982925,24.976
-1.13959,25.1037
-1.16327,25.311
-0.95016,25.3455
-0.9555,25.5648
-0.937886,25.7648
-0.972332,25.9537
-0.897023,26.1418
-0.810136,26.3249
-0.950428,26.4747
-1.04765,26.6421
-1.11401,26.8292
-1.13174,27.023
-1.12611,27.2323
-1.12587,27.4364
-1.0548,27.6224
-1.02598,27.8169
-1.03745,28.0158
-0.950947,28.1968
-0.846052,28.398
-0.93006,28.5686
-0.829868,28.7468
-0.729469,28.916
-0.670053,29.1149
-0.62945,29.3291
-0.684194,29.5335
-0.717799,29.7383
-0.802414,29.9132
-0.802262,30.1262
-0.842511,30.3281
-0.842959,30.5173
-0.833556,30.7277
-0.844196,30.9346
-0.839569,31.1409
-0.874977,31.3396
-0.73141,31.4925
-0.714691,31.7024
-0.830866,31.8682
-0.750568,32.0708
-0.660303,32.2527
-0.561903,32.4358
-0.450974,32.6045
-0.321952,32.7635
-0.387351,32.9392
-0.322325,33.1555
-0.205464,33.3192
-0.322338,33.4729
-0.39193,33.6485
-0.352347,33.8362
-0.229768,34.0115
-0.135281,34.198
-0.0493341,34.3846
0.0609718,34.5715
-0.0720534,34.724
-0.0303079,34.9222
-0.0837491,35.1214
-0.0766259,35.3127
0.0258654,35.5068
-0.053805,35.7033
-0.148037,35.9009
-0.0124769,36.0607
0.0042652,36.2658
0.140979,36.4053
0.265964,36.5654
-1.27246,0.443945
-1.12352,0.602189
-1.18928,0.805651
-1.24316,1.00416
-1.27906,1.20377
-1.34149,1.39608
-1.25611,1.59068
-1.16292,1.76266
-1.22119,1.96616
-1.16133,2.16635
-1.08558,2.36569
-0.953771,2.50798
-0.892625,2.68882
-0.813799,2.88972
-0.908505,3.06727
-0.770367,3.23518
-0.726082,3.41941
-0.683776,3.61112
-0.747292,3.80572
-0.859094,3.97975
-0.795607,4.16897
-0.894618,4.33135
-1.00643,4.50331
-1.03178,4.70446
-1.08759,4.8836
-1.0439,5.09059
-1.02323,5.29321
-0.879916,5.44035
-0.962118,5.6204
-0.938227,5.8223
-0.880544,6.01066
-0.92556,6.20292
-0.857024,6.40164
-0.792646,6.59884
-0.792072,6.79122
-0.817648,6.99084
-0.794218,7.18446
-0.811363,7.39985
-0.843191,7.60344
-0.836378,7.79705
-0.807161,7.99433
-0.738267,8.17691
-0.895781,8.30503
-0.720523,8.3893
-0.767602,8.59277
-0.630625,8.74165
-0.807814,8.86057
-0.704026,9.02441
-0.678113,9.23619
-0.65316,9.43774
-0.535744,9.61917
-0.590477,9.81268
-0.603259,10.0139
-0.588819,10.21
-0.452927,10.3426
-0.65772,10.3898
-0.541378,10.5523
-0.560676,10.7577
-0.635709,10.9562
-0.681753,11.1629
-0.635101,11.3716
-0.735439,11.5388
-0.884253,11.6785
-0.698242,11.7513
-0.7638,11.9444
-0.671874,12.125
-0.741917,12.3103
-0.905455,12.4293
-0.908972,12.6436
-0.835608,12.8313
-0.890631,13.0402
-0.959725,13.2374
-0.956227,13.4351
-1.09303,13.5941
-0.98164,13.77
-1.06398,13.9657
-1.10957,14.1582
-1.06262,14.3769
-0.957263,14.5358
-1.01305,14.7267
-0.957614,14.9109
-0.870991,15.0995
-0.985681,15.2649
-1.07546,15.4411
-1.03016,15.6597
-0.916618,15.8306
-0.956404,16.0288
-1.04177,16.216
-1.18098,16.3525
-1.31636,16.5083
-1.18288,16.6591
-1.1125,16.8438
-1.11552,17.044
-0.997451,17.22
-0.869667,17.3621
-0.972867,17.5473
-0.769865,17.5534
-0.825556,17.7458
-0.666758,17.8772
-0.630329,18.0724
-0.611842,18.2778
-0.697231,18.4653
-0.572155,18.6302
-0.591002,18.8343
-0.669757,19.0199
-0.76506,19.1867
-0.679265,19.372
-0.69256,19.5737
-0.769489,19.7562
-0.702935,19.9554
-0.694411,20.1475
-0.780646,20.3209
-0.825328,20.5122
-0.83797,20.7436
-0.914044,20.9359
-0.882234,21.1328
-0.898985,21.3341
-0.836735,21.5113
-0.886335,21.7007
-0.944454,21.8992
-0.896517,22.093
-0.921511,22.3089
-0.758233,22.4365
-0.59605,22.5664
-0.5314,22.7552
-0.459884,22.9544
-0.499749,23.1581
-0.546969,23.3572
-0.413677,23.5224
-0.487113,23.7262
-0.395481,23.912
-0.527531,24.095
-0.518367,24.2974
-0.575584,24.4882
-0.64739,24.6822
-0.449239,24.7733
-0.377117,24.9639
-0.221582,25.0821
-0.336657,25.2484
-0.253559,25.4368
-0.457744,25.4698
-0.437301,25.6805
-0.377508,25.8897
-0.373555,26.085
-0.298962,26.2788
-0.421016,26.4346
-0.406262,26.6294
-0.583921,26.7001
-0.431773,26.8235
-0.498167,27.019
-0.502133,27.2308
-0.375018,27.391
-0.275756,27.5675
-0.22111,27.7787
-0.167767,27.973
-0.189795,28.1765
-0.157502,28.3668
-0.186579,28.5743
-0.166555,28.7871
-0.154415,28.9751
-0.100001,29.1778
-0.132161,29.3789
-0.154249,29.599
-0.227141,29.7955
-0.221288,30.0189
-0.139989,30.2144
-0.144299,30.4215
-0.0931643,30.6265
-0.108156,30.8387
-0.177823,31.0436
-0.17465,31.2413
-0.0223723,31.3797
-0.204047,31.4638
-0.119226,31.6456
-0.138777,31.8459
-0.0916155,32.0388
-0.0718663,32.2339
0.00209884,32.4118
0.024695,32.6167
0.0703528,32.8137
0.104133,33.0058
0.218843,33.1708
0.0732493,33.298
0.0342045,33.4897
0.174011,33.635
0.173888,33.856
0.229945,34.0457
0.273379,34.2537
0.294684,34.4478
0.262744,34.6456
0.174617,34.822
0.150133,35.0253
0.226886,35.2028
0.234743,35.4134
0.412511,35.5172
0.311838,35.7063
0.381958,35.8992
0.497493,36.0571
0.586349,36.2351
0.690048,36.4228
-0.795417,0.198867
-0.826111,0.412394
-0.702022,0.587355
-0.565246,0.743361
-0.526042,0.944281
-0.630499,1.11961
-0.778725,1.23132
-0.791961,1.43831
-0.707512,1.61802
-0.637185,1.79954
-0.629427,2.00929
-0.6131,2.19421
-0.511717,2.35634
-0.39026,2.51176
-0.438053,2.71139
-0.33287,2.88983
-0.385015,3.08971
-0.463514,3.27581
-0.398664,3.47127
-0.382183,3.66872
-0.306294,3.84213
-0.413976,4.00921
-0.220837,4.08387
-0.297816,4.27343
-0.345174,4.45268
-0.309277,4.66196
-0.424456,4.83463
-0.423474,5.05261
-0.336961,5.24241
-0.42826,5.44308
-0.31915,5.62491
-0.411958,5.8022
-0.504438,5.99875
-0.469769,6.20046
-0.395014,6.40292
-0.273172,6.55844
-0.399467,6.71928
-0.295791,6.89735
-0.356138,7.09439
-0.475307,7.26894
-0.54692,7.44656
-0.654014,7.61426
-0.509519,7.75104
-0.53237,7.97237
-0.442184,8.1624
-0.324568,8.31301
-0.310915,8.51045
-0.332176,8.71427
-0.449327,8.8751
-0.411727,9.07896
-0.21586,9.07833
-0.153705,9.26082
-0.251792,9.43125
-0.116235,9.59466
-0.257,9.72615
-0.211221,9.94143
-0.118066,10.1271
-0.0758737,10.323
-0.105155,10.5321
-0.0668742,10.7634
-0.140005,10.9535
-0.211551,11.1351
-0.143609,11.322
-0.334339,11.4168
-0.433862,11.6051
-0.418521,11.8122
-0.303431,11.979
-0.359759,12.1811
-0.386215,12.3829
-0.405328,12.5732
-0.395545,12.7859
-0.562275,12.9079
-0.45147,13.0713
-0.395423,13.2718
-0.386316,13.4917
-0.297171,13.6723
-0.137716,13.8322
-0.137053,14.0475
-0.214382,14.233
-0.243782,14.4392
-0.0579361,14.5255
-0.0873289,14.7291
-0.14036,14.907
-0.288927,15.0623
-0.117578,15.1972
-0.185541,15.39
-0.098397,15.5601
-0.250867,15.7066
-0.273923,15.9086
-0.129889,16.0802
-0.221535,16.2634
-0.064237,16.4022
-0.151281,16.5793
-0.170019,16.7836
-0.0156825,16.9283
-0.0495703,17.1239
-0.0736018,17.3203
-0.178847,17.5021
-0.108474,17.7301
-0.0847161,17.9197
-0.107367,18.1205
-0.0725658,18.3313
-0.134611,18.5156
-0.226671,18.7006
-0.334277,18.874
-0.377143,19.0828
-0.218223,19.2124
-0.184273,19.4165
-0.314705,19.5907
-0.343626,19.7847
-0.338066,19.9793
-0.332683,20.2024
-0.416467,20.4013
-0.309437,20.5648
-0.160563,20.6912
-0.115377,20.8801
-0.0365096,21.0663
-0.0597906,21.2786
-0.196387,21.4176
-0.264218,21.6153
-0.15681,21.7927
-0.17379,21.9875
-0.0779029,22.1538
-0.153423,22.3462
-0.0701383,22.5293
-0.0890322,22.7268
-0.136735,22.92
-0.0224722,23.0951
0.0126925,23.2998
0.00136216,23.5178
0.17248,23.6402
0.153699,23.8389
0.0288924,23.9957
0.0325815,24.1895
0.132273,24.3704
0.00270508,24.5358
-0.0490179,24.7433
-0.0770591,24.9462
0.0111031,25.1064
0.0486678,25.3024
0.10287,25.4863
0.240425,25.6351
0.376454,25.8015
0.384777,26.0095
0.355226,26.213
0.346334,26.4186
0.337726,26.6324
0.476394,26.7819
0.405145,26.9586
0.397091,27.1668
0.451788,27.36
0.419477,27.5594
0.249387,27.6833
0.247579,27.8833
0.251971,28.0749
0.166126,28.2478
0.172383,28.4719
0.196137,28.6733
0.0851014,28.8308
0.0577921,29.0291
0.139048,29.2349
0.135813,29.4412
0.118679,29.6602
0.0797299,29.8885
0.165505,30.0865
0.222754,30.2795
0.250422,30.487
0.245885,30.6873
0.382383,30.8484
0.454218,31.0443
0.427193,31.2471
0.279945,31.4022
0.167945,31.5578
0.217109,31.7637
0.342089,31.9273
0.469194,32.0967
0.584282,32.2722
0.730235,32.4309
0.736657,32.6255
0.690386,32.8257
0.623151,33.0088
0.801165,33.1115
0.765733,33.3148
0.863291,33.4889
0.813617,33.6885
0.941682,33.8407
0.99678,34.0435
1.00674,34.2376
0.97425,34.4381
0.971012,34.6594
0.906197,34.8502
0.943687,35.0506
0.901441,35.2539
1.00279,35.4235
0.995295,35.6303
1.11003,35.7805
1.03502,35.9673
1.13265,36.1526
1.27583,36.2965
1.41009,36.4576
