-2.69728,0.284638
-2.64396,0.487939
-2.49051,0.603148
-2.51064,0.797416
-2.59943,0.969198
-2.65338,1.16258
-2.60484,1.35363
-2.58526,1.53583
-2.54512,1.73626
-2.46448,1.93537
-2.46281,2.14268
-2.43424,2.33321
-2.57502,2.47193
-2.57986,2.67764
-2.42651,2.82947
-2.50921,3.02838
-2.43442,3.21326
-2.41839,3.42132
-2.28777,3.57662
-2.36782,3.73985
-2.34016,3.94439
-2.18676,4.08921
-2.19436,4.29785
-2.0525,4.46701
-1.94296,4.6434
-1.90479,4.86348
-2.01112,5.03581
-2.09872,5.21932
-2.17514,5.40852
-2.02537,5.54364
-1.86461,5.66974
-1.8931,5.86589
-1.94017,6.05047
-1.924,6.24563
-1.89254,6.44502
-1.86836,6.63771
-1.85668,6.84354
-1.73313,7.00158
-1.64576,7.17409
-1.57509,7.38157
-1.61013,7.58379
-1.58755,7.78455
-1.55973,7.9891
-1.5226,8.18051
-1.56012,8.39021
-1.70501,8.5548
-1.62036,8.7362
-1.58044,8.94973
-1.46162,9.10503
-1.33753,9.26196
-1.23274,9.44539
-1.22193,9.63843
-1.25805,9.85379
-1.23509,10.0405
-1.4036,10.1689
-1.42615,10.3615
-1.59491,10.4621
-1.54638,10.6694
-1.66332,10.8295
-1.59193,11.0153
-1.50888,11.1932
-1.49484,11.395
-1.41073,11.601
-1.35473,11.8029
-1.34904,12.0031
-1.38727,12.2024
-1.4966,12.3739
-1.36413,12.513
-1.53436,12.6437
-1.39789,12.7945
-1.50112,12.9788
-1.40932,13.1692
-1.3086,13.3279
-1.32187,13.5268
-1.31039,13.7261
-1.22723,13.9116
-1.18446,14.1052
-1.23414,14.2861
-1.05271,14.4019
-1.07163,14.5991
-1.02436,14.7977
-0.986127,15.0034
-1.06825,15.1882
-1.10796,15.3944
-1.07234,15.5919
-0.994661,15.7734
-1.09852,15.9503
-1.08828,16.1505
-1.12336,16.359
-1.22019,16.5284
-1.31517,16.7104
-1.23001,16.9085
-1.13423,17.0986
-1.13405,17.2982
-1.24914,17.4604
-1.25156,17.6674
-1.20121,17.8572
-1.31135,18.0103
-1.26249,18.2012
-1.12033,18.3697
-1.06824,18.5579
-1.09468,18.7587
-0.967575,18.9249
-1.08404,19.0922
-0.988746,19.2811
-0.96843,19.4733
-1.1287,19.6134
-1.17993,19.8034
-1.19137,20.0047
-1.31395,20.1598
-1.29721,20.3727
-1.23778,20.5617
-1.33002,20.7384
-1.30509,20.9387
-1.36755,21.1392
-1.3159,21.331
-1.40393,21.5042
-1.4838,21.6856
-1.62939,21.8198
-1.43864,21.8976
-1.33114,22.0536
-1.24037,22.2184
-1.20262,22.4175
-1.17257,22.6155
-1.08588,22.7836
-1.22042,22.9407
-1.10619,23.1162
-0.974769,23.2679
-0.991917,23.4616
-0.863765,23.6077
-0.981813,23.7783
-0.898287,23.9632
-1.09037,23.9688
-0.999745,24.1406
-1.01676,24.3356
-0.95139,24.5252
-0.844759,24.7103
-0.893608,24.8847
-0.862281,25.0678
-0.728532,25.2255
-0.546399,25.3254
-0.587805,25.526
-0.624415,25.7287
-0.571795,25.9344
-0.417094,26.0812
-0.436592,26.2857
-0.333372,26.453
-0.392582,26.6477
-0.324973,26.8364
-0.311517,27.043
-0.494491,27.1218
-0.514433,27.3176
-0.507185,27.5236
-0.498372,27.7368
-0.304495,27.7433
-0.196342,27.923
-0.0631713,28.075
-0.187603,28.2289
-0.210127,28.427
-0.203679,28.6291
-0.165573,28.8196
-0.137243,29.0193
-0.117303,29.2253
-0.0427132,29.4021
0.0576515,29.5663
-0.128751,29.645
-0.144445,29.8523
-0.104476,30.0514
-0.174298,30.2442
-0.246943,30.4559
-0.160176,30.6402
-0.0931253,30.832
-0.0858229,31.0277
-0.219431,31.1649
-0.23143,31.3608
-0.0912446,31.5059
-0.214789,31.6736
-0.124438,31.8601
0.0542067,31.9823
0.108067,32.1896
0.15463,32.387
0.28333,32.5296
0.359955,32.7321
0.411362,32.9282
0.257282,33.0578
0.305226,33.2766
0.24213,33.4941
0.342905,33.6618
0.387369,33.866
0.349353,34.0798
0.505877,34.194
0.566072,34.3951
0.555954,34.596
0.61366,34.7825
0.53932,34.9727
0.534654,35.1919
0.424442,35.3688
0.423477,35.5727
0.340539,35.7593
0.376538,35.9519
-1.52694,0.329487
-1.5677,0.5277
-1.45712,0.700501
-1.26557,0.637276
-1.29694,0.838682
-1.41995,0.994891
-1.31258,1.1756
-1.23201,1.36828
-1.1448,1.54109
-1.22973,1.72324
-1.31838,1.89377
-1.285,2.1026
-1.20699,2.28672
-1.22144,2.49167
-1.1715,2.69932
-0.976427,2.80069
-1.11499,2.94255
-1.16517,3.14364
-1.17636,3.36036
-1.25042,3.54701
-1.04386,3.56682
-1.11517,3.76291
-1.09244,3.96378
-1.19314,4.12536
-1.21432,4.31564
-1.01196,4.33487
-0.94337,4.53377
-1.00878,4.71468
-1.024,4.90399
-0.894914,5.0934
-0.879122,5.29707
-0.706662,5.39829
-0.676439,5.60806
-0.672473,5.80156
-0.600336,5.98099
-0.520485,6.16798
-0.386135,6.32674
-0.404197,6.52921
-0.427498,6.72734
-0.449746,6.92152
-0.439358,7.1394
-0.619578,7.05359
-0.597429,7.26221
-0.471834,7.4361
-0.381704,7.6157
-0.468651,7.80287
-0.40483,7.99681
-0.439166,8.21551
-0.330162,8.39696
-0.22695,8.56099
-0.288791,8.74469
-0.217915,8.95966
-0.196383,9.15753
-0.234979,9.36455
-0.240239,9.57914
-0.135324,9.7666
-0.224105,9.96869
-0.133185,10.1603
-0.192448,10.3516
-0.258624,10.5431
-0.270364,10.7441
-0.288969,10.9277
-0.355958,11.1185
-0.259875,11.2846
-0.204718,11.4865
-0.121763,11.6648
-0.056168,11.8556
-0.0997321,12.0616
-0.107138,12.2753
-0.132721,12.4755
-0.170445,12.6807
-0.269231,12.8596
-0.343752,13.0395
-0.221218,13.2158
-0.279764,13.4083
-0.258886,13.615
-0.108437,13.751
-0.0848641,13.961
0.00703977,14.1376
-0.0373899,14.3224
0.0846802,14.4678
0.225008,14.6026
0.238926,14.8077
0.213648,15.0141
0.170508,15.2072
0.0675811,15.386
0.146488,15.5874
0.26649,15.7558
0.268194,15.9759
0.270522,16.1751
0.356875,16.3521
0.199804,16.4849
0.18808,16.6831
0.0291783,16.7682
0.0818653,16.9568
0.0991158,17.1558
0.0714776,17.3558
0.102318,17.5527
-0.0680345,17.6796
-0.158685,17.8621
-0.252132,18.0614
-0.199691,18.2574
-0.223764,18.467
-0.262338,18.6608
-0.10061,18.7929
-0.0452202,18.9785
-0.167628,19.1477
-0.0498673,19.3067
0.0808042,19.4701
0.0491125,19.6801
-0.0945422,19.808
-0.139778,19.9945
-0.244473,20.1661
-0.231999,20.3571
-0.287172,20.5478
-0.357408,20.7495
-0.264123,20.9426
-0.127937,21.1017
-0.121956,21.3199
-0.167453,21.5151
-0.156622,21.7191
-0.252847,21.8982
-0.129046,22.0603
-0.146081,22.2578
0.04894,22.2819
0.0771937,22.4984
0.165524,22.6924
0.172387,22.9
0.166071,23.1068
0.348955,23.1801
0.298998,23.3593
0.458637,23.4925
0.280918,23.586
0.45267,23.6911
0.459395,23.9154
0.51057,24.1045
0.660125,24.2367
0.58465,24.4209
0.604632,24.6269
0.657889,24.8221
0.666481,25.0219
0.657045,25.2216
0.67896,25.4224
0.663951,25.6101
0.538122,25.7525
0.683794,25.8868
0.578861,26.0587
0.687739,26.2483
0.515358,26.3402
0.657278,26.4716
0.817049,26.596
0.873982,26.7889
0.902027,26.9909
0.93411,27.1826
0.896015,27.3794
0.871762,27.5922
0.87082,27.7918
1.00797,27.9477
0.906728,28.1367
0.841369,28.3335
0.741045,28.5033
0.852493,28.6608
0.836345,28.8786
0.849786,29.0691
0.782518,29.2581
0.784278,29.4722
0.793607,29.6682
0.924886,29.8035
0.865069,30.0116
0.949318,30.1802
1.07823,30.3288
0.918524,30.4591
0.902923,30.6709
0.942222,30.8634
1.08799,31.0043
1.28204,31.0867
1.43444,31.2263
1.45508,31.4283
1.63779,31.4974
1.68527,31.6882
1.59048,31.8701
1.54963,32.0762
1.58481,32.2749
1.52762,32.4787
1.41224,32.6374
1.51752,32.813
1.55242,33.0209
1.70167,33.1763
1.72713,33.3735
1.67274,33.5856
1.7067,33.788
1.81943,33.9352
1.82874,34.1457
1.64364,34.215
1.78161,34.3553
1.74684,34.5482
1.69242,34.7521
1.63006,34.9328
1.74713,35.0832
1.63775,35.2617
-0.655545,0.42356
-0.651216,0.631297
-0.612764,0.839794
-0.530454,1.02843
-0.465204,1.23576
-0.42604,1.44499
-0.402419,1.64206
-0.541137,1.79341
-0.450806,1.99493
-0.515377,2.1817
-0.424235,2.36619
-0.349964,2.5471
-0.414615,2.73342
-0.300269,2.90518
-0.355884,3.10317
-0.435001,3.28998
-0.227585,3.31023
-0.177011,3.50665
-0.0893388,3.69263
-0.100157,3.8911
-0.0460204,4.1007
0.0156856,4.29947
0.055912,4.48839
0.185745,4.64754
0.279275,4.83143
0.363934,5.01286
0.360825,5.21224
0.37876,5.42358
0.414565,5.618
0.473463,5.81946
0.447237,6.01204
0.512596,6.18692
0.488094,6.38791
0.593748,6.57303
0.689003,6.73798
0.587789,6.90337
0.578794,7.089
0.624771,7.28947
0.638632,7.49826
0.507251,7.63767
0.607545,7.81407
0.585038,8.02773
0.510046,8.22665
0.416951,8.40848
0.403537,8.62263
0.4564,8.8215
0.487654,9.01956
0.501305,9.22508
0.365823,9.37787
0.31911,9.57169
0.428983,9.74615
0.437102,9.9496
0.461961,10.1707
0.379963,10.3536
0.24601,10.5078
0.4019,10.634
0.277989,10.7896
0.42729,10.9313
0.430726,11.1269
0.41055,11.329
0.608825,11.4087
0.703716,11.5793
0.746641,11.7778
0.87033,11.9428
0.873732,12.1222
0.810872,12.3157
0.874905,12.4964
0.879793,12.6987
0.918883,12.9103
1.00312,13.0918
0.821253,13.1963
0.800614,13.3928
0.753482,13.5828
0.73914,13.7948
0.932431,13.8668
1.10326,14.0049
1.07576,14.1993
1.11268,14.3933
1.0448,14.5998
0.964465,14.7795
1.04342,14.9549
0.971487,15.1331
1.13653,15.25
1.26396,15.4057
1.34425,15.584
1.44359,15.7674
1.35079,15.9556
1.44113,16.1486
1.48493,16.3474
1.52354,16.5327
1.32865,16.6042
1.28495,16.8038
1.24747,17.0011
1.16697,17.1831
1.29284,17.3573
1.29311,17.5613
1.18371,17.7411
1.20934,17.9317
1.34777,18.0759
1.32316,18.2858
1.23326,18.4763
1.25725,18.6756
1.14628,18.8509
1.15417,19.06
1.20223,19.2749
1.22698,19.4821
1.06947,19.609
0.951295,19.7705
0.948429,19.9758
0.906849,20.1818
0.981912,20.3706
0.977256,20.5764
1.10817,20.726
0.926959,20.7981
0.904019,21.0005
0.856066,21.188
0.950911,21.3582
0.940416,21.5583
0.943555,21.7584
0.911511,21.9422
0.873099,22.1265
0.998951,22.2832
0.948109,22.4648
1.051,22.6442
1.19787,22.7915
1.18796,23.0068
1.25973,23.2063
1.39158,23.3819
1.4949,23.5483
1.46216,23.7484
1.47469,23.9428
1.55144,24.1125
1.69137,24.276
1.87527,24.3719
1.72754,24.5034
1.82962,24.6653
1.72373,24.8308
1.72591,25.0308
1.86868,25.1659
1.79574,25.3492
1.76966,25.5415
1.95161,25.6491
1.83284,25.8147
1.76683,26.0063
1.75268,26.2172
1.75059,26.4106
1.79921,26.6283
1.89332,26.819
1.90436,27.0238
1.92167,27.2445
1.95797,27.4458
2.05117,27.6425
1.93983,27.7998
1.84106,27.9812
1.72089,28.1443
1.88129,28.2608
1.99518,28.4297
2.05662,28.6288
2.07938,28.8361
1.92599,28.975
1.95309,29.1884
2.03387,29.3661
2.0386,29.5653
2.06758,29.7716
2.05477,29.9949
2.00786,30.1793
2.18216,30.2972
2.26357,30.4963
2.27954,30.6908
2.2416,30.8967
2.09843,31.0568
2.07738,31.2576
2.15096,31.4404
2.09438,31.6493
2.19594,31.8178
2.2943,32.0046
2.08402,32.0789
1.95402,32.2269
1.9679,32.4403
1.9584,32.6524
1.96078,32.8439
2.00925,33.0504
2.05751,33.2579
2.09623,33.4679
2.0956,33.6584
2.14814,33.857
2.1606,34.0617
2.37397,34.0374
2.29289,34.2165
2.37709,34.4143
2.48145,34.5899
2.31044,34.7002
2.39871,34.8841
2.25943,35.0303
2.22988,35.2323
2.42713,35.2944
2.61199,35.3442
2.66391,35.5467
2.69908,35.759
2.67898,35.9543
-0.0302242,0.238619
0.0539698,0.421799
0.0756952,0.616342
-0.0471361,0.803292
0.0224765,0.989404
-0.0758512,1.18256
0.109023,1.21803
0.0908833,1.43668
0.0577022,1.6588
0.162416,1.83536
0.23304,2.0174
0.14909,2.19832
0.186063,2.40877
0.379838,2.4939
0.596705,2.52706
0.471739,2.69267
0.462748,2.89054
0.456562,3.09096
0.504918,3.29043
0.401993,3.4883
0.441998,3.69182
0.521995,3.87608
0.670399,4.02216
0.647112,4.21753
0.743827,4.39467
0.808588,4.5867
0.898391,4.76633
0.930452,4.97807
1.12551,5.07068
0.995305,5.23652
1.14269,5.35796
1.06742,5.55762
0.949883,5.73297
0.878488,5.91809
1.06471,5.98059
1.02908,6.18785
1.10612,6.38258
1.19742,6.54865
1.03944,6.6722
1.1573,6.8312
1.11642,7.03729
1.12446,7.24352
1.16938,7.44752
1.10372,7.67099
1.21081,7.85091
1.2357,8.05213
1.29839,8.25227
1.3634,8.43576
1.30828,8.63705
1.34326,8.82761
1.32797,9.02698
1.45687,9.18638
1.34628,9.36283
1.20441,9.51229
1.08721,9.67374
1.14656,9.86981
1.13242,10.0816
1.27488,10.2171
1.32347,10.4091
1.47297,10.5394
1.48358,10.7457
1.49962,10.9621
1.38722,11.113
1.35564,11.2995
1.30272,11.4917
1.44122,11.6392
1.54258,11.8187
1.63053,12.0101
1.57695,12.2021
1.65026,12.3903
1.49325,12.4893
1.5516,12.7085
1.61837,12.887
1.6046,13.0924
1.73295,13.247
1.87565,13.3961
2.04558,13.5136
2.05079,13.7043
2.03796,13.9197
1.98455,14.1263
2.1211,14.2712
2.2032,14.4441
2.19702,14.6607
1.98683,14.6887
2.02399,14.895
2.1294,15.04
2.16172,15.2285
2.23292,15.4224
2.1072,15.5716
2.21295,15.7399
2.1046,15.9151
2.04681,16.1178
2.01814,16.3208
2.15544,16.4798
2.298,16.6259
2.26119,16.8262
2.11396,16.9387
2.19889,17.1063
2.04054,17.2534
2.00631,17.4506
2.01479,17.6537
1.93155,17.8417
1.81759,18.0081
1.83356,18.2011
1.79129,18.417
1.96023,18.5086
1.91546,18.7074
1.93203,18.9005
1.98203,19.0858
1.8679,19.2584
1.88435,19.4564
1.96603,19.636
1.95688,19.836
2.0789,19.9799
2.1177,20.1781
2.13016,20.372
2.15401,20.5838
2.06572,20.76
2.19367,20.9207
2.32111,21.092
2.37483,21.2848
2.34055,21.4855
2.52249,21.5916
2.41138,21.7616
2.29752,21.9299
2.10216,22.0187
2.0606,22.2117
2.23208,22.3184
2.39262,22.4314
2.48239,22.6169
2.52061,22.8106
2.62778,23.0086
2.57272,23.1902
2.62945,23.3933
2.68995,23.5941
2.6886,23.7896
2.54156,23.923
2.62708,24.1216
2.71296,24.307
2.52931,24.3745
2.55293,24.5646
2.46366,24.7414
2.39696,24.9358
2.46439,25.1139
2.53516,25.2953
2.6632,25.4464
2.7168,25.6369
2.65879,25.8296
2.62542,26.0429
2.72847,26.2201
2.60671,26.4061
2.66579,26.6061
2.64795,26.8212
2.6656,27.0145
2.85359,27.0881
2.8029,27.2862
2.82622,27.4873
2.85908,27.6889
2.90002,27.8884
2.87075,28.0814
2.98733,28.2301
3.01774,28.4319
3.05656,28.6339
3.22889,28.7124
3.30653,28.9118
3.32514,29.113
3.50187,29.2038
3.46229,29.4062
3.62155,29.5388
3.60092,29.7396
3.54357,29.9482
3.42942,30.118
3.59915,30.2235
3.76353,30.3384
3.81529,30.5603
3.78331,30.7692
3.84081,30.9719
3.78039,31.1572
3.71627,31.3412
3.74981,31.5413
3.83674,31.7411
3.89443,31.9441
3.90139,32.1436
3.8829,32.3424
3.71644,32.4441
3.72681,32.6454
3.76267,32.8379
3.95224,32.9481
3.96261,33.159
4.13061,33.2687
4.21577,33.4616
4.19393,33.6624
4.0137,33.7756
3.93694,33.9704
3.96551,34.1691
4.00201,34.3624
4.05124,34.5558
4.12132,34.7398
3.98384,34.896
4.09084,35.0745
0.30876,0.227224
0.399116,0.402208
0.474578,0.597001
0.553439,0.781173
0.61578,0.970761
0.721886,1.13594
0.706658,1.33351
0.542827,1.46179
0.66539,1.61125
0.66916,1.8282
0.574842,2.00372
0.637471,2.18386
0.727126,2.36228
0.924959,2.43498
1.04773,2.58596
0.933397,2.75769
1.0578,2.93291
1.16469,3.09925
1.19577,3.32053
1.26976,3.52371
1.19394,3.71249
1.33917,3.83713
1.30054,4.04676
1.45728,4.19943
1.49881,4.40513
1.68492,4.51631
1.72873,4.70111
1.77771,4.9029
1.75353,5.10195
1.78505,5.29851
1.96205,5.39511
2.00902,5.60031
1.93918,5.80168
1.77324,5.90281
1.80037,6.09711
1.81178,6.2922
1.73245,6.48048
1.72993,6.69237
1.69373,6.8981
1.82215,7.04751
1.79249,7.24572
1.82567,7.44458
2.0144,7.52631
2.09392,7.71109
2.25284,7.81942
2.25624,8.03051
2.19554,8.21965
2.05187,8.36854
2.00573,8.55647
2.08691,8.74648
2.17706,8.93025
2.2712,9.10926
2.23822,9.30922
2.25112,9.52039
2.1098,9.66535
2.25834,9.81046
2.37027,9.97397
2.24736,10.1549
2.08689,10.0332
2.0215,10.2228
2.17941,10.3319
2.27952,10.4907
2.18454,10.6675
2.20471,10.8828
2.29011,11.067
2.32496,11.2698
2.31826,11.478
2.31329,11.6851
2.37544,11.8884
2.41366,12.0864
2.34387,12.2881
2.49698,12.4188
2.69259,12.5009
2.78365,12.6828
2.91307,12.8366
2.90603,13.0362
3.01069,13.2024
2.90053,13.38
2.90269,13.5879
2.8938,13.7773
2.79076,13.9452
2.80175,14.1569
2.79363,14.349
2.75104,14.5514
2.82411,14.7384
2.84079,14.9277
2.64934,15.0525
2.84383,15.1201
2.99725,15.2673
2.86091,15.4278
2.92469,15.6315
2.96611,15.837
2.92683,16.038
3.02994,16.2131
3.11265,16.3911
3.17822,16.5833
3.23716,16.7771
3.17722,16.9696
3.1968,17.1687
3.26589,17.3556
3.33852,17.5442
3.33069,17.7481
3.26146,17.9401
3.1032,18.0652
3.05499,18.2584
3.25471,18.2932
3.31926,18.4769
3.22771,18.6544
3.16825,18.8269
3.25524,19.0107
3.25693,19.2031
3.27808,19.4112
3.29447,19.6172
3.28619,19.8307
3.2479,20.0351
3.10733,20.1884
3.11846,20.3879
2.993,20.5568
3.15104,20.6892
3.06415,20.8861
3.0302,21.0887
2.93017,21.2694
2.87105,21.4747
3.04826,21.5708
3.0957,21.7895
3.21917,21.9485
3.27686,22.1395
3.26286,22.3521
3.11684,22.4915
3.22442,22.6515
3.34958,22.8164
3.23721,22.9733
3.23132,23.1745
3.29054,23.374
3.2871,23.5668
3.41352,23.7278
3.56147,23.9027
3.65563,24.074
3.71183,24.2696
3.85206,24.4253
4.01421,24.5297
4.02198,24.753
4.1151,24.9344
4.24682,25.1112
4.34111,25.2837
4.29101,25.4712
4.17288,25.6351
4.22331,25.8105
4.02399,25.8556
3.98413,26.0431
4.00898,26.2427
4.08783,26.4171
4.23014,26.5797
4.3164,26.7712
4.42342,26.9552
4.61478,27.04
4.51732,27.2274
4.57796,27.4305
4.58751,27.6273
4.72269,27.7868
4.71113,27.9953
4.83045,28.1621
4.63864,28.2349
4.71082,28.4174
4.89008,28.4968
4.84081,28.7063
4.65558,28.7774
4.68004,28.9904
4.77295,29.1709
4.63081,29.2973
4.72475,29.4966
4.70181,29.7101
4.67208,29.9202
4.59696,30.1048
4.6001,30.2952
4.5695,30.4948
4.53097,30.7046
4.51363,30.9045
4.48109,31.1075
4.55287,31.2904
4.54415,31.5122
4.41917,31.6736
4.56298,31.8119
4.43082,31.9516
4.50778,32.1344
4.6081,32.2998
4.51695,32.4774
4.5938,32.6711
4.69006,32.8467
4.69822,33.0509
4.65597,33.2473
4.55317,33.3999
4.40256,33.5462
4.43953,33.7728
4.458,33.97
4.3931,34.1701
4.29966,34.3549
4.27505,34.5464
4.41861,34.6902
4.33826,34.8823
1.55279,0.226091
1.49808,0.415243
1.63377,0.570234
1.59548,0.765902
1.76181,0.906654
1.80878,1.09512
1.93945,1.27178
1.94904,1.48269
2.04879,1.67073
2.09521,1.88208
1.95693,2.01957
2.01901,2.21476
2.19403,2.31968
2.13002,2.50026
2.21815,2.70228
2.27801,2.90451
2.2048,3.08841
2.22759,3.28828
2.42072,3.34109
2.46107,3.54332
2.38223,3.71543
2.39752,3.92184
2.3279,4.11771
2.43287,4.28819
2.36953,4.47166
2.3799,4.68914
2.36827,4.91149
2.41237,5.09744
2.30393,5.26456
2.22006,5.43856
2.30083,5.62954
2.34312,5.81696
2.34044,6.02382
2.23913,6.21567
2.30172,6.40102
2.46293,6.51758
2.62653,6.62991
2.50663,6.78884
2.60512,6.96208
2.75332,7.10813
2.75859,7.30422
2.72703,7.51952
2.61007,7.68758
2.7366,7.84698
2.87396,7.99774
2.72392,8.12393
2.78663,8.30233
2.77946,8.49509
2.6856,8.67632
2.87346,8.68177
3.03067,8.82107
3.14784,8.98495
3.28367,9.12831
3.47447,9.21867
3.62222,9.37263
3.79965,9.49068
3.92056,9.65438
3.90175,9.85288
3.90255,10.0497
3.9533,10.2488
3.96835,10.4503
3.99721,10.6602
4.08936,10.8516
3.99108,11.0161
3.88049,11.1664
4.03313,11.3181
4.09143,11.5061
4.08002,11.709
4.0992,11.9141
4.03385,12.1125
4.08485,12.3229
4.08003,12.5148
3.96492,12.6828
3.9345,12.8982
3.94792,13.107
3.84953,13.2677
3.96481,13.4446
4.03546,13.6477
4.0856,13.8435
4.12488,14.0364
4.10017,14.2289
4.20564,14.4121
4.29251,14.5961
4.13925,14.7373
4.24666,14.9125
4.2435,15.1247
4.1542,15.3084
4.10539,15.5083
4.07401,15.7145
3.95628,15.8749
3.8777,16.0528
3.89985,16.2531
3.90931,16.4692
4.02926,16.632
3.94033,16.8057
3.86256,16.9853
3.90983,17.1819
3.81782,17.3716
3.66439,17.4934
3.71781,17.6923
3.82271,17.8751
3.76066,18.0641
3.93877,18.1587
4.09291,18.2798
4.04607,18.4802
3.97957,18.677
3.93793,18.8683
3.82163,19.0269
3.80951,19.2462
3.69037,19.4029
3.84305,19.5535
4.00137,19.6814
3.99367,19.8774
4.01679,20.0831
3.91037,20.2605
3.82549,20.453
3.84873,20.6505
4.02678,20.7524
4.02868,20.9501
3.99725,21.1427
4.02291,21.3316
3.99077,21.5207
3.98537,21.7321
4.10659,21.9149
4.16293,22.1345
4.05618,22.3205
4.11887,22.5145
4.26681,22.6432
4.233,22.8491
4.23868,23.0574
4.39276,23.2034
4.58153,23.2702
4.70213,23.4229
4.76742,23.601
4.77109,23.81
4.93221,23.9435
4.89741,24.1438
5.00175,24.3179
5.14455,24.4653
5.24404,24.6415
5.07261,24.7677
4.96719,24.9392
4.91802,25.1417
4.87276,25.3288
4.87581,25.5309
5.00363,25.6974
4.98195,25.8942
5.01428,26.104
4.906,26.2865
5.02277,26.4688
4.98505,26.6647
5.1127,26.8137
5.18247,27
5.0333,27.1315
5.06418,27.3413
5.03323,27.5385
5.0942,27.7336
4.99515,27.8964
5.03989,28.107
5.20966,28.2238
5.27028,28.4233
5.23263,28.6111
5.35189,28.7675
5.25949,28.9425
5.26215,29.1481
5.21496,29.3327
5.32525,29.5011
5.31958,29.7024
5.21927,29.873
5.30192,30.0668
5.2562,30.2572
5.18691,30.4466
5.31867,30.5882
5.27018,30.7835
5.36209,30.9423
5.25832,31.1173
5.16939,31.2948
5.19618,31.5125
5.12063,31.716
5.26495,31.868
5.27993,32.0737
5.34489,32.2688
5.2212,32.4248
5.2912,32.6186
5.38565,32.791
5.32252,32.9806
5.22825,33.1518
5.28686,33.3429
5.28496,33.5538
5.44528,33.6805
-5.38128,33.8246
5.46681,33.9653
5.47669,34.1698
-5.49778,34.3747
-5.39282,34.5444
-5.3567,34.7615
-5.33119,34.9761
-5.19453,35.1434
-5.08472,35.3065
-5.10165,35.5124
4.25497,0.31335
4.35846,0.503142
4.25329,0.671723
4.22539,0.871768
4.29803,1.05042
4.50045,1.10471
4.43818,1.30951
4.39873,1.50295
4.22962,1.61172
4.18582,1.82609
4.31586,1.98593
4.21303,2.17306
4.12487,2.34762
4.1526,2.52263
4.14166,2.72222
4.0343,2.88629
3.87941,3.03338
4.03117,3.17902
3.92256,3.34832
4.03355,3.51435
3.97903,3.72234
4.08645,3.89662
4.07076,4.09875
4.14207,4.28908
4.0389,4.47508
3.95244,4.65821
3.97236,4.86578
4.11384,5.02114
4.14153,5.21674
4.18332,5.41134
4.26982,5.5738
4.4113,5.71852
4.38709,5.91971
4.50318,6.09463
4.59074,6.27618
4.52548,6.4919
4.43189,6.65226
4.36596,6.83087
4.29754,7.0413
4.44354,7.16569
4.2896,7.29733
4.33406,7.50604
4.30072,7.69569
4.317,7.89633
4.30821,8.1042
4.20659,8.28489
4.22533,8.49423
4.19225,8.68668
4.06001,8.85677
4.18028,9.02015
4.23155,9.21268
4.40929,9.30899
4.25467,9.41743
4.22558,9.60879
4.33194,9.78049
4.38401,9.98262
4.44578,10.183
4.46778,10.3885
4.43848,10.5866
4.42882,10.7964
4.52127,10.969
4.60542,11.1666
4.57106,11.3653
4.67234,11.5403
4.51512,11.6532
4.4593,11.8548
4.50373,12.0576
4.51441,12.2589
4.58569,12.4531
4.52578,12.6687
4.4534,12.8713
4.39032,13.0607
4.47931,13.2434
4.52645,13.4568
4.40322,13.6093
4.56163,13.7272
4.59159,13.9388
4.6436,14.1372
4.55621,14.3049
4.56323,14.5165
4.57784,14.7134
4.72852,14.846
4.78503,15.0423
4.7201,15.2531
4.78978,15.4355
4.93488,15.5735
4.76603,15.6816
4.84624,15.8675
4.91406,16.0708
4.87885,16.2826
4.87729,16.4895
4.99471,16.6508
5.08166,16.8439
5.01899,17.0293
5.10881,17.2141
5.25436,17.3643
5.19534,17.5452
5.28304,17.7302
5.16352,17.8875
5.21145,18.092
5.25054,18.2824
5.18071,18.4802
5.23118,18.6753
5.1003,18.8345
5.28573,18.9391
5.21001,19.1394
5.30889,19.3172
5.42937,19.4836
-5.44386,19.662
5.38307,19.7811
5.31439,19.9752
5.34541,20.1768
5.3728,20.3888
-5.4861,20.5407
-5.48644,20.7399
-5.3949,20.9362
-5.37078,21.1549
-5.2602,21.3583
-5.25428,21.5588
-5.1039,21.7135
-5.15382,21.9117
-5.11725,22.1198
-4.99502,22.2961
-4.90393,22.4742
-4.91869,22.6771
-4.71948,22.7485
-4.64681,22.9255
-4.60667,23.1285
-4.68482,23.3204
-4.73298,23.5409
-4.64852,23.7292
-4.83562,23.82
-4.80364,24.0121
-4.87577,24.206
-4.94112,24.398
-4.87616,24.5908
-4.77572,24.7711
-4.656,24.9426
-4.71683,25.1394
-4.85701,25.2811
-4.76909,25.463
-4.62285,25.6112
-4.6288,25.8132
-4.58015,26.0136
-4.51159,26.2009
-4.42224,26.3766
-4.46969,26.5816
-4.45576,26.7998
-4.39175,26.9832
-4.27273,27.1622
-4.22931,27.3635
-4.23345,27.5763
-4.30501,27.7833
-4.3063,27.9842
-4.42706,28.1417
-4.45829,28.3388
-4.51425,28.5409
-4.38484,28.7043
-4.27163,28.8682
-4.08062,28.9725
-4.01953,29.1686
-4.18525,29.2914
-4.05815,29.4466
-3.9437,29.6191
-3.94109,29.8234
-3.95748,30.03
-3.76913,30.12
-3.70072,30.3051
-3.64884,30.5122
-3.50069,30.6736
-3.54632,30.8833
-3.4722,31.0539
-3.58126,31.2355
-3.46108,31.4109
-3.31358,31.5515
-3.30989,31.7567
-3.30685,31.9581
-3.1464,32.0883
-3.15368,32.2937
-3.15899,32.4959
-3.07347,32.6681
-2.90145,32.7762
-2.81769,32.964
-2.85271,33.1584
-2.78576,33.3502
-2.77882,33.5564
-2.78358,33.7651
-2.59248,33.7398
-2.44232,33.8789
-2.53032,34.056
-2.63575,34.2291
-2.67552,34.4252
-2.65038,34.6302
-2.55177,34.8037
-2.69517,34.9426
-2.65558,35.1408
-2.68394,35.3597
-2.59876,35.5414
-2.61285,35.7553
-2.63902,35.9466
4.66615,0.232793
4.63123,0.429696
4.66164,0.632661
4.69999,0.840448
4.80068,1.01285
4.8353,1.21536
4.69995,1.3545
4.76481,1.55394
4.71985,1.7583
4.6242,1.93022
4.66579,2.11487
4.63377,2.32299
4.67868,2.52757
4.86995,2.60485
4.90025,2.79561
5.00482,2.97796
4.88352,3.13668
4.90025,3.34223
5.09607,3.39884
5.04955,3.58982
4.91037,3.73406
4.8711,3.93292
4.79752,4.13307
4.74146,4.33793
4.63311,4.49547
4.63548,4.70463
4.65058,4.91831
4.69575,5.1065
4.80655,5.28689
4.90979,5.4809
4.92765,5.68286
4.94973,5.88612
4.93537,6.07255
4.93244,6.25906
4.8884,6.45773
4.8139,6.63892
4.80724,6.84223
4.74688,7.03894
4.82202,7.22838
4.87497,7.44501
4.94245,7.61779
4.99386,7.79854
4.88939,7.98056
4.92115,8.18352
5.07225,8.31341
5.00376,8.48682
5.19479,8.58514
5.18929,8.78101
5.26256,8.97761
5.27987,9.17437
5.11799,9.30228
5.30065,9.41437
5.28814,9.61165
5.20309,9.81162
5.24408,9.99992
5.13581,10.1632
5.20672,10.346
5.37597,10.4717
-5.45291,10.5604
5.48188,10.7532
5.39926,10.9291
5.45799,11.1024
5.2825,11.222
5.36661,11.4079
5.29767,11.585
5.3218,11.7903
5.21801,11.9587
5.22486,12.168
5.36795,12.3158
-5.47117,12.4197
5.48852,12.6187
-5.42798,12.8064
5.48175,13.0004
5.42576,13.1958
5.43786,13.3954
5.36101,13.5768
5.33287,13.7694
5.37402,13.9848
5.37345,14.2077
5.35571,14.4131
5.17015,14.5252
5.32981,14.6586
5.48357,14.7973
5.45702,14.9993
5.39925,15.2066
5.44828,15.4103
5.44579,15.6137
5.33542,15.788
5.33064,15.9836
5.39176,16.1766
5.47109,16.3593
-5.38858,16.4981
-5.35809,16.6955
-5.21299,16.8285
-5.01215,16.8936
-4.94938,17.077
-4.82833,17.2416
-4.81718,17.4657
-4.69352,17.6365
-4.52774,17.7567
-4.5234,17.9664
-4.60521,18.1538
-4.59471,18.3586
-4.3968,18.3766
-4.46287,18.5644
-4.41013,18.7822
-4.48545,18.9748
-4.64974,19.0948
-4.51408,19.2297
-4.37128,19.3689
-4.34922,19.5647
-4.39304,19.7555
-4.39048,19.975
-4.3938,20.1603
-4.2857,20.3317
-4.14247,20.4847
-4.08066,20.6896
-4.06649,20.9109
-4.03803,21.1035
-4.04416,21.3259
-4.08082,21.5247
-4.15074,21.7153
-4.02921,21.88
-3.9079,22.0387
-3.74493,21.9277
-3.56918,22.0542
-3.67039,22.2386
-3.52879,22.3638
-3.62908,22.5512
-3.71433,22.7553
-3.69384,22.9572
-3.85835,23.1061
-3.76211,23.2918
-3.63113,23.4473
-3.5152,23.6243
-3.50268,23.8337
-3.50694,24.0358
-3.60395,24.1943
-3.47388,24.3533
-3.27558,24.3826
-3.20857,24.5517
-3.01548,24.6173
-3.12534,24.7848
-3.20353,24.9846
-3.25542,25.1719
-3.23619,25.371
-3.37689,25.5195
-3.57507,25.555
-3.64294,25.7559
-3.48193,25.8736
-3.52682,26.0745
-3.46037,26.2731
-3.47969,26.4732
-3.45595,26.6796
-3.25411,26.7399
-3.29215,26.9401
-3.39317,27.1077
-3.2678,27.2964
-3.05935,27.2685
-3.12307,27.4775
-2.95106,27.5833
-3.01113,27.7668
-2.93038,27.9422
-2.87742,28.1303
-2.72145,28.261
-2.82937,28.4188
-2.75916,28.6166
-2.61268,28.7708
-2.46427,28.9288
-2.3637,29.1119
-2.42851,29.3036
-2.55742,29.466
-2.62828,29.6636
-2.50858,29.8146
-2.41783,30.0148
-2.23585,30.1476
-2.27514,30.3479
-2.35468,30.5265
-2.37645,30.7396
-2.32198,30.9344
-2.32146,31.1422
-2.28148,31.3356
-2.23881,31.541
-2.26799,31.7352
-2.29027,31.9401
-2.10874,32.059
-2.13259,32.2405
-2.09161,32.424
-2.12705,32.6135
-2.07442,32.8048
-2.17933,33.002
-2.29917,33.1773
-2.1508,33.3312
-2.03666,33.4909
-1.95503,33.6824
-1.84122,33.8511
-1.8709,34.0605
-1.95749,34.2384
-1.94085,34.4398
-2.01014,34.636
5.12944,0.270959
5.14324,0.463738
5.16572,0.666779
5.09429,0.863011
5.1904,1.05048
5.18935,1.25785
5.18152,1.45696
5.36472,1.5462
5.32806,1.74788
5.41664,1.93257
5.47435,2.12226
-5.48659,2.33699
-5.48184,2.54874
5.4981,2.74768
-5.32123,2.81524
-5.31009,3.00402
-5.30119,3.18587
-5.22614,3.3691
-5.16683,3.54594
-5.24963,3.7329
-5.17577,3.91876
-5.20831,4.12668
-5.1704,4.32953
-5.05375,4.51703
-5.046,4.71702
-5.10772,4.91694
-4.97643,5.07697
-4.91992,5.25779
-4.87244,5.44534
-4.86716,5.65646
-4.89389,5.86459
-4.70305,5.95169
-4.58722,6.11155
-4.47909,6.28658
-4.36495,6.43989
-4.20837,6.54561
-4.07217,6.68846
-4.12251,6.87448
-4.11934,7.07691
-4.26207,7.22299
-4.22137,7.42625
-4.11718,7.59802
-4.11828,7.79505
-3.9666,7.92382
-3.7985,8.06792
-3.79355,8.26179
-3.79689,8.45921
-3.76037,8.66826
-3.77128,8.85463
-3.80622,9.0591
-3.7704,9.27946
-3.65031,9.44738
-3.6524,9.65499
-3.72559,9.84179
-3.82005,10.0326
-3.86228,10.236
-3.85555,10.4357
-3.99214,10.6066
-4.02628,10.7988
-3.97374,10.9934
-4.0106,11.1819
-4.0408,11.3649
-3.85388,11.422
-3.91983,11.6195
-3.87065,11.8247
-3.72615,11.9697
-3.7677,12.163
-3.59756,12.2972
-3.63819,12.5097
-3.682,12.7048
-3.66327,12.9126
-3.71237,13.0978
-3.5654,13.2447
-3.69371,13.428
-3.7844,13.6095
-3.83155,13.8031
-3.72338,13.9691
-3.67027,14.1738
-3.7183,14.3623
-3.72183,14.5519
-3.79646,14.7338
-3.77959,14.9361
-3.83037,15.125
-3.82315,15.3252
-3.67523,15.4852
-3.61865,15.6807
-3.51492,15.8419
-3.37411,15.9868
-3.33342,16.1911
-3.40242,16.3801
-3.54765,16.5258
-3.70608,16.6454
-3.66103,16.8434
-3.74706,17.0389
-3.70858,17.2625
-3.57549,17.4166
-3.62161,17.6032
-3.51869,17.7842
-3.45391,17.9815
-3.43257,18.1723
-3.44086,18.3796
-3.37097,18.5636
-3.46534,18.7577
-3.27985,18.8581
-3.19453,19.0518
-3.17368,19.2458
-3.12569,19.4484
-3.1007,19.6565
-3.13357,19.8341
-3.0093,19.9941
-2.93267,20.1774
-2.89307,20.3858
-2.76167,20.5363
-2.78256,20.7478
-2.91643,20.8973
-2.84925,21.0847
-2.75245,21.2814
-2.61691,21.419
-2.66337,21.5952
-2.69878,21.8006
-2.58992,21.9598
-2.64145,22.1523
-2.66473,22.3511
-2.68241,22.556
-2.57634,22.7202
-2.51355,22.9073
-2.36077,23.0244
-2.31003,23.2287
-2.38905,23.4121
-2.32624,23.5954
-2.23863,23.77
-2.28275,23.9562
-2.20959,24.1288
-2.18794,24.3279
-2.28627,24.5212
-2.27499,24.7043
-2.28994,24.902
-2.25112,25.1176
-2.26713,25.334
-2.37517,25.5154
-2.29443,25.717
-2.46305,25.8391
-2.52736,26.0528
-2.3568,26.1791
-2.32813,26.378
-2.22535,26.5391
-2.28571,26.7296
-2.12086,26.8457
-2.09148,27.0432
-2.13014,27.2418
-2.12975,27.4465
-2.07473,27.6291
-2.09574,27.8224
-2.13949,28.0254
-1.95744,28.1326
-1.91003,28.3247
-1.78448,28.4812
-1.60258,28.6337
-1.41314,28.721
-1.39362,28.9046
-1.3094,29.0959
-1.40536,29.2647
-1.31871,29.4539
-1.22523,29.6198
-1.36046,29.7678
-1.36916,29.9766
-1.40051,30.1769
-1.38354,30.3855
-1.48074,30.5525
-1.43391,30.7573
-1.50061,30.9467
-1.47586,31.1393
-1.56661,31.3129
-1.50091,31.503
-1.48984,31.6986
-1.50471,31.9131
-1.52565,32.1235
-1.49282,32.3385
-1.4807,32.5414
-1.52324,32.7495
-1.46489,32.9408
-1.3379,33.1081
-1.24138,33.2908
-1.04981,33.3495
-0.942708,33.5222
-0.953775,33.7174
-1.04595,33.9065
-1.03629,34.1117
-0.944575,34.2858
-1.07529,34.4378
-1.04865,34.6365
-1.12734,34.8117
-1.09494,35.0184
-1.07609,35.2201
-1.00285,35.419
-0.892945,35.587
-0.891617,35.7894
-0.873846,36.0138
-0.959413,36.1983
-0.885679,36.3907
-3.67565,0.321755
-3.75074,0.512426
-3.75837,0.70471
-3.70185,0.886405
-3.67423,1.09231
-3.71263,1.29431
-3.56987,1.43122
-3.52037,1.62046
-3.68679,1.70705
-3.6619,1.91053
-3.70315,2.10612
-3.56666,2.26037
-3.54289,2.45009
-3.40358,2.58902
-3.23892,2.69914
-3.25361,2.90412
-3.2655,3.12326
-3.21748,3.31091
-3.34991,3.47889
-3.47488,3.65008
-3.54155,3.84478
-3.59179,4.0308
-3.67344,4.22281
-3.64579,4.42101
-3.60464,4.6177
-3.81073,4.66528
-3.81825,4.87536
-3.66449,5.01392
-3.82431,5.13175
-3.62738,5.20791
-3.65608,5.40909
-3.72734,5.59559
-3.67649,5.79052
-3.60721,5.99848
-3.57973,6.19117
-3.60338,6.40803
-3.52184,6.60189
-3.32303,6.63955
-3.32765,6.83555
-3.27174,7.02823
-3.19546,7.20429
-3.18119,7.3978
-3.12411,7.62025
-3.23199,7.79321
-3.28299,7.99115
-3.49363,7.97129
-3.56276,8.18132
-3.49019,8.37165
-3.50239,8.56927
-3.46826,8.7631
-3.39101,8.95727
-3.3711,9.16077
-3.49403,9.32589
-3.37429,9.49776
-3.34384,9.69917
-3.18979,9.82903
-3.13359,10.0202
-3.00154,10.1819
-3.13997,10.3401
-3.1626,10.538
-2.98618,10.6577
-2.8061,10.7673
-2.63958,10.877
-2.75357,11.067
-2.86861,11.2544
-2.81869,11.4572
-2.73866,11.645
-2.59789,11.7927
-2.59916,12.0037
-2.58773,12.2074
-2.4835,12.385
-2.46223,12.6027
-2.4074,12.8061
-2.28134,12.9585
-2.33305,13.167
-2.19483,13.3007
-2.37001,13.4008
-2.34201,13.5942
-2.28246,13.7993
-2.30078,13.9994
-2.18368,14.191
-2.16021,14.4033
-1.96619,14.3861
-1.85,14.5499
-1.83908,14.7572
-1.94791,14.9364
-1.92155,15.1305
-1.93087,15.3302
-1.97717,15.5066
-2.02494,15.7157
-1.8414,15.7843
-1.85372,15.9882
-1.93715,16.1831
-1.78119,16.3253
-1.62665,16.4391
-1.7116,16.6301
-1.80767,16.8334
-1.96368,16.9791
-1.88932,17.1636
-1.7497,17.3234
-1.67523,17.5146
-1.72615,17.7219
-1.73454,17.9274
-1.63736,18.103
-1.52297,18.2801
-1.52612,18.4899
-1.66289,18.6412
-1.60521,18.8386
-1.62664,19.0469
-1.61673,19.2596
-1.66839,19.4497
-1.66586,19.6532
-1.72233,19.8351
-1.67715,20.0248
-1.74447,20.206
-1.7021,20.4149
-1.82486,20.581
-1.68733,20.7336
-1.70884,20.9343
-1.75737,21.1339
-1.84894,21.3009
-2.02486,21.4561
-1.87268,21.5886
-1.89785,21.8015
-1.82092,22.0031
-1.80232,22.2053
-1.79735,22.399
-1.7236,22.574
-1.65228,22.7788
-1.60849,22.9855
-1.49266,23.1698
-1.54846,23.3653
-1.39178,23.4917
-1.44418,23.6807
-1.42279,23.8776
-1.33662,24.0551
-1.28753,24.2593
-1.29906,24.4473
-1.37547,24.6385
-1.39268,24.8314
-1.2414,24.9696
-1.18986,25.1638
-1.09884,25.3587
-1.15938,25.5489
-1.11361,25.7432
-1.13244,25.9477
-1.00306,26.0967
-1.1597,26.221
-1.09939,26.4064
-1.09094,26.6229
-1.03651,26.8076
-1.04361,27.0016
-1.00156,27.1955
-1.10102,27.3657
-1.04439,27.5555
-1.11381,27.7459
-1.1512,27.9348
-0.975585,28.0185
-0.801424,28.096
-0.640206,28.2361
-0.741774,28.4112
-0.716799,28.6266
-0.637871,28.8162
-0.618429,29.0113
-0.639754,29.2287
-0.810332,29.3301
-0.692258,29.4826
-0.806257,29.6546
-0.76385,29.8529
-0.715276,30.0599
-0.751199,30.2656
-0.643207,30.4474
-0.61073,30.6467
-0.801741,30.7415
-0.780401,30.9399
-0.905891,31.1048
-0.980177,31.2969
-0.900031,31.4903
-0.968265,31.6822
-1.06989,31.8436
-0.968048,32.0114
-0.850448,32.1885
-0.802497,32.3776
-0.841178,32.5819
-0.889965,32.787
-0.794414,32.9772
-0.767456,33.1729
-0.784828,33.3709
-0.753437,33.57
-0.706646,33.776
-0.574525,33.9309
-0.506636,34.1142
-0.348186,34.2279
-0.390631,34.4254
-0.272304,34.6009
-0.148753,34.7546
-0.247236,34.937
-0.156019,35.1239
-0.186445,35.3186
-0.128915,35.5189
