-2.56037,0.247305
-2.55591,0.45108
-2.5303,0.647106
-2.53335,0.849427
-2.38898,0.972407
-2.25154,1.11207
-2.19519,1.30144
-2.20441,1.50316
-2.32091,1.66632
-2.45705,1.82809
-2.38005,2.02374
-2.36751,2.22597
-2.41658,2.41932
-2.54021,2.58083
-2.43165,2.74506
-2.23989,2.73766
-2.08362,2.87198
-2.01322,3.06956
-2.07809,3.26301
-2.17738,3.45597
-2.14252,3.64942
-2.11007,3.84734
-2.11026,4.04617
-2.2377,4.21165
-2.12631,4.38104
-2.08927,4.58172
-2.07023,4.78323
-2.18401,4.95533
-2.20675,5.16409
-2.08593,5.35838
-2.21369,5.50926
-2.18537,5.72138
-2.06407,5.87549
-2.06957,6.07045
-2.01623,6.27136
-1.98857,6.48633
-2.03204,6.68387
-1.89853,6.81402
-2.02952,6.965
-2.07816,7.16798
-2.20935,7.32605
-2.17398,7.53063
-2.19942,7.73577
-2.23755,7.93223
-2.35492,8.10569
-2.54635,8.20245
-2.52231,8.41114
-2.68714,8.54915
-2.68935,8.74096
-2.65211,8.94242
-2.52041,9.09991
-2.48513,9.29801
-2.39981,9.48007
-2.4805,9.65549
-2.32409,9.77753
-2.41759,9.96618
-2.44188,10.1707
-2.46815,10.3787
-2.26222,10.3349
-2.28516,10.5512
-2.36418,10.7449
-2.33194,10.9289
-2.30834,11.1263
-2.39541,11.3167
-2.38359,11.5233
-2.44148,11.7114
-2.48363,11.9024
-2.29445,11.9771
-2.43131,12.1212
-2.42873,12.3102
-2.56933,12.4787
-2.66297,12.6728
-2.53928,12.8426
-2.43662,13.0526
-2.53761,13.2229
-2.50817,13.4127
-2.31067,13.4702
-2.4588,13.605
-2.53462,13.7911
-2.4858,13.9934
-2.39225,14.1783
-2.41451,14.368
-2.57174,14.4712
-2.50463,14.6656
-2.4311,14.876
-2.51314,15.0631
-2.48383,15.2618
-2.5165,15.4553
-2.54974,15.6687
-2.41738,15.8047
-2.52088,15.9844
-2.50165,16.1904
-2.38361,16.356
-2.24064,16.4985
-2.26029,16.6903
-2.31052,16.8875
-2.33019,17.1037
-2.35797,17.3074
-2.23856,17.4681
-2.25232,17.6612
-2.23121,17.8652
-2.13379,18.0514
-2.15775,18.2521
-2.08497,18.4416
-1.96318,18.6257
-1.98588,18.8388
-1.92331,19.0313
-1.87659,19.2321
-1.9045,19.4415
-1.80979,19.6303
-1.74201,19.824
-1.66626,20.0356
-1.53781,20.1862
-1.53639,20.3879
-1.48417,20.5806
-1.39535,20.7633
-1.38079,20.9632
-1.33437,21.1555
-1.26322,21.338
-1.38165,21.5084
-1.38941,21.6986
-1.3023,21.8736
-1.11206,21.9867
-1.07585,22.1805
-1.1114,22.3868
-1.26168,22.5213
-1.32429,22.7198
-1.35268,22.9102
-1.42824,23.1128
-1.40141,23.3069
-1.32096,23.4954
-1.17517,23.6675
-1.15767,23.8677
-1.24129,24.0591
-1.29914,24.2658
-1.22005,24.4407
-1.24588,24.6514
-1.28313,24.8455
-1.10903,24.945
-1.22358,25.1519
-1.26625,25.3549
-1.18276,25.5392
-1.27824,25.7237
-1.26393,25.9236
-1.22775,26.1217
-1.35007,26.2922
-1.29505,26.4958
-1.22008,26.6816
-1.14356,26.8955
-1.14047,27.0883
-1.12032,27.2978
-1.15884,27.5105
-1.27435,27.6807
-1.40881,27.8522
-1.40272,28.0509
-1.42717,28.2641
-1.5714,28.4345
-1.44792,28.611
-1.32796,28.7673
-1.26712,28.963
-1.20671,29.1585
-1.09613,29.3191
-1.05846,29.5201
-0.934406,29.6761
-1.00426,29.8635
-1.05861,30.0721
-1.00498,30.2784
-1.11096,30.4592
-0.945582,30.5908
-1.03058,30.772
-0.859776,30.8964
-0.882758,31.0855
-0.818743,31.2767
-0.845238,31.4667
-0.877819,31.6675
-0.862817,31.8744
-0.75471,32.0407
-0.773508,32.241
-0.874656,32.4146
-0.869133,32.6137
-0.816367,32.8158
-0.654716,32.9347
-0.603532,33.1209
-0.566091,33.33
-0.421964,33.4699
-0.402387,33.6851
-0.453128,33.8883
-0.357914,34.0764
-0.381168,34.284
-0.403543,34.5024
-0.327131,34.693
-0.335904,34.9051
-0.347142,35.1286
-0.246649,35.2988
-0.232417,35.5003
-0.204467,35.6921
-0.0871953,35.8655
0.016389,36.0557
-0.0321006,36.2478
-0.0405709,36.4336
-0.969677,0.0971921
-0.974356,0.2984
-0.895869,0.487208
-0.813219,0.680869
-0.8691,0.888919
-0.711625,1.03863
-0.883474,1.14505
-1.00569,1.3048
-0.879815,1.48952
-0.870584,1.68227
-0.926244,1.88566
-0.99918,2.07748
-1.14742,2.21986
-1.19945,2.40995
-1.24453,2.605
-1.30148,2.78821
-1.18734,2.97353
-1.23835,3.16518
-1.17577,3.34633
-1.14419,3.5439
-1.0998,3.73284
-1.2456,3.8621
-1.40465,3.96788
-1.44211,4.15318
-1.47714,4.34993
-1.64361,4.44977
-1.51798,4.6135
-1.54416,4.8251
-1.61317,5.0222
-1.57866,5.21074
-1.47974,5.38218
-1.4639,5.57996
-1.51933,5.7806
-1.64982,5.94515
-1.60506,6.14624
-1.53778,6.35072
-1.5322,6.55225
-1.64625,6.7302
-1.56022,6.92343
-1.56992,7.12405
-1.48004,7.31912
-1.5208,7.52014
-1.47947,7.71145
-1.39984,7.90737
-1.40142,8.11166
-1.23862,8.23844
-1.33187,8.42831
-1.43177,8.59911
-1.50539,8.77808
-1.52491,8.98554
-1.38662,9.13982
-1.51877,9.308
-1.37168,9.44046
-1.22607,9.59197
-1.26402,9.7849
-1.35161,9.97346
-1.38846,10.1623
-1.43069,10.3628
-1.29366,10.5095
-1.28185,10.7147
-1.12802,10.8543
-1.09927,11.0551
-1.25946,11.2042
-1.24072,11.4171
-1.27629,11.6155
-1.36463,11.7805
-1.17821,11.9004
-1.12745,12.0785
-1.03724,12.2556
-0.988199,12.4579
-0.892389,12.6399
-1.05842,12.7294
-0.987046,12.9281
-0.932718,13.1345
-0.760354,13.2367
-0.756781,13.4319
-0.807131,13.6237
-0.708138,13.7992
-0.67299,13.9962
-0.618433,14.1921
-0.539181,14.3769
-0.359565,14.4758
-0.248392,14.6538
-0.150321,14.8416
-0.190319,15.0365
-0.0385073,15.1465
-0.0439411,15.3436
-0.131976,15.5074
-0.242052,15.6789
-0.148257,15.8655
-0.274596,16.0113
-0.382012,16.1857
-0.471648,16.3636
-0.489771,16.5618
-0.381695,16.7375
-0.331326,16.9301
-0.368688,17.1281
-0.49266,17.2802
-0.513944,17.4761
-0.483491,17.6725
-0.391242,17.8364
-0.305426,18.0281
-0.24193,18.22
-0.15848,18.3915
-0.179542,18.6014
-0.10188,18.787
-0.180565,18.9549
-0.342722,19.0668
-0.202576,19.2261
-0.190513,19.4213
-0.135276,19.616
-0.0990024,19.8123
-0.169671,20.0023
-0.31719,20.1314
-0.295855,20.3213
-0.178791,20.4938
-0.0605501,20.6683
-0.0518884,20.8784
0.0495644,21.0621
0.196532,21.1863
0.102278,21.3494
-0.0772811,21.4734
-0.105548,21.6734
-0.177097,21.8617
-0.340435,21.9719
-0.304465,22.1556
-0.17128,22.3053
-0.0474748,22.4669
-0.221667,22.5694
-0.124379,22.727
-0.0771538,22.9082
-0.123353,23.1161
-0.137756,23.3165
-0.162028,23.5345
-0.283885,23.6982
-0.384198,23.887
-0.296169,24.066
-0.415451,24.2258
-0.273659,24.3839
-0.141468,24.5526
-0.206123,24.7429
-0.0693382,24.9034
0.0215315,25.0909
0.00707219,25.2866
-0.159673,25.4024
-0.0677195,25.596
-0.0688565,25.8027
-0.0181328,25.9925
-0.164383,26.1354
-0.176472,26.3317
-0.313263,26.4725
-0.133056,26.5687
-0.221792,26.7541
-0.263747,26.9477
-0.241519,27.1374
-0.252244,27.3307
-0.153352,27.4931
-0.0418816,27.6549
-0.0657937,27.8522
-0.0258013,28.0715
-0.00100063,28.277
0.0449857,28.4604
0.0309059,28.6636
-0.0612633,28.8325
-0.204715,28.9671
-0.109013,29.1371
-0.109697,29.3309
-0.126135,29.5306
-0.0334493,29.7144
-0.0150055,29.9003
-0.0363657,30.1056
-0.117171,30.284
-0.253459,30.4368
-0.383933,30.6023
-0.302725,30.7882
-0.328453,31.0055
-0.261122,31.2033
-0.380531,31.3899
-0.345001,31.5811
-0.343772,31.7812
-0.254144,31.9612
-0.18526,32.1634
-0.136108,32.3526
-0.174009,32.5498
-0.27863,32.7321
-0.284641,32.9404
-0.215862,33.1434
-0.133034,33.3193
-0.228225,33.5072
-0.168433,33.7015
-0.112182,33.9191
-0.0495666,34.1223
-0.0806626,34.3201
0.0832511,34.4514
0.219816,34.6064
0.0974554,34.7599
0.091834,34.946
0.0409624,35.139
0.022378,35.357
0.163957,35.4945
-0.0964914,0.172157
-0.0222881,0.36914
-0.19922,0.466938
-0.126066,0.662524
-0.218998,0.841286
-0.293133,1.03529
-0.27014,1.23759
-0.0942442,1.32065
-0.12605,1.51797
-0.118286,1.72387
-0.178162,1.93448
-0.162856,2.12768
-0.281298,2.28415
-0.230901,2.47116
-0.386172,2.62768
-0.309025,2.81777
-0.338288,2.99895
-0.379707,3.20989
-0.532457,3.35534
-0.601613,3.5585
-0.539369,3.74601
-0.356562,3.84382
-0.316179,4.06313
-0.13576,4.132
-0.218784,4.30411
-0.123901,4.48827
-0.182115,4.67512
-0.131409,4.85797
-0.125272,5.06374
-0.182377,5.25346
-0.21043,5.45281
-0.311337,5.65038
-0.22109,5.825
-0.154071,6.01702
-0.0494723,6.18477
-0.119106,6.38547
-0.206244,6.5623
-0.205319,6.77325
-0.202504,6.97657
-0.106176,7.14805
-0.0775171,7.34289
0.00167885,7.52501
0.191895,7.47152
0.296545,7.65093
0.198384,7.82617
0.206806,8.04208
0.0898091,8.2108
0.0351894,8.41057
-0.019793,8.61075
0.100461,8.78094
0.0662532,8.9806
-0.00900372,9.18003
0.116744,9.32974
0.0251805,9.51449
0.0282863,9.71658
-0.0504618,9.89607
0.0410364,10.0753
-0.0135954,10.2729
-0.0920326,10.4608
-0.239099,10.6022
-0.10063,10.7717
-0.165929,10.9703
-0.34993,11.0548
-0.432941,11.2467
-0.353701,11.4346
-0.236913,11.6112
-0.137413,11.7814
-0.121186,11.9821
-0.0433059,12.182
-0.0364979,12.3911
-0.121064,12.5673
-0.122317,12.7674
0.0184308,12.9384
0.0450881,13.133
0.0387496,13.3411
0.0628679,13.5464
0.0160023,13.7472
0.04316,13.9412
0.13801,14.1063
-0.010208,14.2495
0.0587726,14.4517
0.180743,14.6148
0.111283,14.8147
0.098681,15.0118
0.255731,15.136
0.402573,15.2879
0.301283,15.4578
0.279052,15.6706
0.25384,15.8607
0.406742,15.9764
0.483191,16.1679
0.493872,16.3697
0.402697,16.591
0.326944,16.7967
0.322429,16.9962
0.139793,17.0976
0.118723,17.2808
0.0959989,17.4693
0.195997,17.6329
0.102505,17.8151
0.0567582,18.0125
0.139498,18.2014
0.121025,18.4108
0.00787752,18.5801
0.123714,18.756
0.212212,18.9354
0.231177,19.1325
0.180237,19.3212
0.221265,19.5221
0.304207,19.7047
0.330875,19.9006
0.215001,20.0733
0.14933,20.2783
0.155877,20.472
0.340589,20.5241
0.260381,20.7151
0.262426,20.9063
0.393882,21.081
0.540062,21.2346
0.594093,21.4337
0.485163,21.6024
0.403544,21.7787
0.520813,21.9537
0.576058,22.1405
0.624206,22.3397
0.651928,22.5394
0.773882,22.6882
0.880221,22.8668
0.92955,23.0706
0.801252,23.2228
0.859403,23.4175
0.875637,23.6133
0.808624,23.8165
0.929291,23.9899
1.03652,24.1613
1.03137,24.3673
0.94547,24.5542
1.09092,24.7147
0.926869,24.8399
0.890507,25.0362
1.00467,25.22
0.99525,25.4118
1.03301,25.5993
1.0787,25.8022
1.01456,26.0016
0.940135,26.1819
0.960097,26.3904
0.983624,26.5904
1.00122,26.7906
0.808638,26.7796
0.889216,26.9589
1.01849,27.1267
1.0271,27.3306
0.958732,27.5149
0.938089,27.7109
0.958926,27.9159
0.912806,28.1044
0.821444,28.3039
0.824214,28.5083
0.834834,28.7044
0.947536,28.8752
0.889468,29.0707
0.732394,29.1885
0.676578,29.3752
0.748809,29.5602
0.876887,29.7139
0.717234,29.8674
0.688391,30.0564
0.670847,30.2464
0.617061,30.4311
0.46942,30.5623
0.512613,30.7568
0.395936,30.9536
0.285527,31.1081
0.359682,31.2881
0.431016,31.5019
0.610071,31.63
0.685349,31.8105
0.701993,32.0216
0.697952,32.2258
0.837265,32.3632
0.792881,32.5605
0.848104,32.7596
0.86362,32.9742
0.917516,33.1681
0.978382,33.3523
0.962052,33.5602
1.07204,33.7337
1.23429,33.8633
1.19338,34.061
1.21772,34.2574
1.16876,34.4667
1.19482,34.6769
1.31188,34.8466
1.39743,35.0346
1.35416,35.2245
1.44052,35.4232
1.5652,35.5989
1.69774,35.7528
1.70537,35.9512
0.983426,0.236528
0.82712,0.379286
0.729191,0.548588
0.85807,0.72048
0.90479,0.921093
0.949796,1.10892
0.937617,1.3324
0.901887,1.52731
0.833514,1.7101
0.684752,1.84084
0.714955,2.04647
0.638408,2.24363
0.695216,2.42612
0.711086,2.63459
0.698507,2.83899
0.622287,3.02406
0.691966,3.21862
0.721357,3.40642
0.693114,3.62426
0.520076,3.78504
0.366601,3.91858
0.368455,4.12607
0.456216,4.30959
0.524602,4.49234
0.665042,4.64533
0.688807,4.84884
0.799647,5.02755
0.890742,5.20224
0.914767,5.39942
0.952165,5.60434
1.05514,5.76899
1.13729,5.94888
1.18993,6.15302
1.36392,6.27635
1.3225,6.46712
1.24735,6.65505
1.13783,6.83316
1.13169,7.03508
1.13116,7.23186
1.09004,7.4334
1.13599,7.6431
1.10677,7.83863
1.04831,8.03631
0.971235,8.21993
1.06636,8.39621
1.09044,8.59599
1.10926,8.78471
0.942059,8.89567
1.00895,9.08217
0.856898,9.21525
0.904854,9.4121
0.753365,9.5408
0.869854,9.69829
1.0143,9.84419
1.13207,9.98715
1.13088,10.2005
1.00698,10.3532
1.11739,10.521
1.20195,10.7096
1.08891,10.8941
0.889988,10.9797
0.846434,11.1696
0.920845,11.35
0.795884,11.5114
0.818784,11.7032
0.752434,11.9008
0.853558,12.0728
0.817445,12.2725
0.894579,12.4759
0.838417,12.6689
0.801371,12.8854
0.619761,13.0233
0.525445,13.2018
0.68889,13.3376
0.812362,13.4987
0.825115,13.6912
0.791592,13.8941
0.709028,14.0705
0.796785,14.2614
0.916809,14.4212
0.967313,14.6325
1.07604,14.8038
1.00037,14.9861
1.13845,15.135
1.20546,15.3282
1.09547,15.5334
1.1286,15.733
0.995595,15.9059
1.14362,16.0312
1.14862,16.2389
1.02392,16.4066
0.976287,16.6057
0.84826,16.7621
0.938221,16.9381
0.870764,17.1406
0.786676,17.3027
0.691427,17.4855
0.827727,17.6249
0.896019,17.8314
0.953826,18.0194
1.0651,18.2043
1.14606,18.3969
1.17771,18.5906
1.23906,18.794
1.05454,18.8571
1.10617,19.0415
1.22022,19.1972
1.43142,19.2181
1.3595,19.4146
1.37339,19.5996
1.46994,19.7749
1.56225,19.9607
1.62457,20.1551
1.51443,20.3268
1.56259,20.5404
1.44398,20.7197
1.51527,20.9105
1.45689,21.0894
1.45303,21.2957
1.51118,21.49
1.49707,21.7045
1.63079,21.8605
1.77618,22.0082
1.70883,22.2107
1.6955,22.4105
1.72944,22.5992
1.7845,22.7954
1.8568,22.9934
1.96975,23.1686
1.83016,23.3219
1.79057,23.5166
1.94728,23.6354
1.85245,23.8203
1.71628,23.9771
1.69418,24.1709
1.85199,24.279
1.80254,24.4743
1.77007,24.6863
1.72134,24.8886
1.7998,25.0818
1.92191,25.233
1.86261,25.423
1.83877,25.6096
1.78805,25.815
1.76154,26.0079
1.77664,26.2223
1.9568,26.3296
2.0282,26.5212
1.8853,26.6566
1.79535,26.8532
1.81443,27.0537
1.62135,27.1409
1.60591,27.333
1.49427,27.4962
1.32446,27.6191
1.43445,27.7816
1.51883,27.9606
1.46027,28.1558
1.51933,28.3607
1.67791,28.4989
1.88316,28.5476
1.74135,28.6919
1.82027,28.8856
1.94339,29.0358
1.83443,29.1992
1.80301,29.3956
1.71343,29.5881
1.68694,29.7838
1.81038,29.9521
1.88353,30.1638
1.79532,30.36
1.76051,30.5828
1.6736,30.7578
1.53509,30.9363
1.66217,31.0976
1.62072,31.3029
1.63078,31.4927
1.72343,31.6723
1.81895,31.8443
1.85956,32.0505
1.91791,32.2467
1.89455,32.4419
1.95702,32.6361
1.7942,32.7824
1.96761,32.8807
1.9867,33.0765
2.02438,33.271
2.09562,33.4685
2.16234,33.6554
1.99168,33.7663
2.12618,33.923
2.20439,34.1249
2.1875,34.3188
2.18382,34.5355
2.26008,34.7176
2.3177,34.9092
2.4012,35.1231
2.37006,35.3136
2.35769,35.5205
2.40158,35.7074
1.82756,0.0797362
1.73629,0.263295
1.83065,0.454706
1.75697,0.65256
1.85082,0.846719
1.73455,1.02146
1.83415,1.2121
2.00239,1.32392
2.00674,1.5348
1.86736,1.66063
1.70999,1.77404
1.75252,1.97169
1.86789,2.16276
1.77078,2.34029
1.79748,2.53678
1.6126,2.62546
1.69367,2.79427
1.76576,2.98371
1.66959,3.16829
1.82667,3.29145
2.03584,3.28888
2.11454,3.48585
1.99031,3.65381
1.97648,3.85315
2.03457,4.05021
2.00859,4.2225
1.91636,4.4167
1.93508,4.62313
1.98174,4.80523
1.95482,5.00899
1.93643,5.21971
1.85916,5.40102
1.77611,5.59337
1.93654,5.72473
2.13869,5.72092
2.1814,5.91164
2.03852,6.06974
2.08093,6.26401
2.11169,6.47849
2.21046,6.63825
2.14487,6.83641
2.18466,7.04827
2.10819,7.23465
2.10922,7.44005
2.12239,7.64619
2.238,7.81166
2.09401,7.96009
2.03024,8.15811
1.89794,8.30016
1.75298,8.45858
1.7074,8.67535
1.70891,8.88531
1.5519,9.02477
1.66927,9.19877
1.66617,9.40604
1.75927,9.58534
1.57249,9.64701
1.71577,9.79373
1.72453,10.0132
1.78976,10.2043
1.80666,10.4111
1.8509,10.5996
1.91231,10.7828
1.73359,10.8819
1.77284,11.0802
1.78201,11.2776
1.69169,11.4667
1.63224,11.6609
1.55441,11.8356
1.60128,12.0513
1.52405,12.2278
1.54668,12.4437
1.52949,12.6652
1.4844,12.8619
1.64614,12.9844
1.63823,13.196
1.52232,13.3745
1.46091,13.5648
1.408,13.759
1.31106,13.9335
1.41662,14.1264
1.60502,14.2394
1.75566,14.3947
1.69179,14.5818
1.83441,14.7231
1.99004,14.8793
1.91307,15.0631
1.9946,15.2653
2.0783,15.4546
1.94586,15.6243
1.92184,15.8216
1.80959,15.9861
1.94932,16.1326
2.00335,16.3304
2.05854,16.5227
2.19499,16.6925
2.2741,16.8745
2.43656,17.0039
2.3708,17.195
2.38811,17.4013
2.25945,17.5467
2.3416,17.7282
2.22939,17.9086
2.16037,18.0983
2.13642,18.2992
2.11662,18.4986
2.07004,18.7026
2.13729,18.8892
2.26399,19.0705
2.34055,19.2598
2.38529,19.4651
2.4015,19.6678
2.46478,19.866
2.60728,20.0057
2.62991,20.2167
2.69687,20.4106
2.77361,20.5945
2.81954,20.7919
2.86054,21.0013
3.05766,20.9977
3.14888,21.1964
3.22765,21.3894
3.24332,21.6037
3.21507,21.8037
3.26456,22.0068
3.16529,22.178
3.12833,22.3885
3.08407,22.5877
3.07415,22.7912
3.11806,22.9987
3.09109,23.1907
2.89754,23.2253
2.98328,23.4134
2.96458,23.622
2.84735,23.7853
3.01851,23.8946
3.20039,24.0321
3.36364,24.1639
3.29039,24.3643
3.32484,24.5686
3.15842,24.6822
3.03637,24.8384
2.95399,25.0217
2.91082,25.2183
2.75925,25.3609
2.65737,25.5567
2.57904,25.7502
2.49871,25.9253
2.44533,26.1311
2.51209,26.3371
2.44429,26.525
2.56951,26.6748
2.70034,26.8278
2.66377,27.0128
2.78365,27.1698
2.73459,27.3533
2.74298,27.5489
2.55346,27.6373
2.57721,27.8345
2.59022,28.0277
2.56557,28.225
2.63212,28.4374
2.6435,28.6477
2.61474,28.8403
2.53521,29.0152
2.5619,29.2119
2.65882,29.4016
2.7004,29.6037
2.89488,29.6545
2.98172,29.8281
2.93515,30.0095
2.91149,30.215
2.81275,30.386
2.86179,30.59
2.91438,30.8092
3.03579,30.9729
3.06232,31.1731
3.02184,31.3787
3.00368,31.6006
3.07051,31.7803
2.91561,31.8951
2.83653,32.0687
3.0264,32.1014
3.10808,32.275
3.12696,32.477
3.11567,32.679
3.21528,32.8719
3.12946,33.0683
3.11585,33.2731
2.9834,33.4513
3.03838,33.6422
3.07043,33.8456
2.98867,34.0552
2.97216,34.2768
3.0739,34.448
3.02665,34.6397
3.06056,34.8378
3.09222,35.0366
3.18142,35.2184
3.15334,35.426
2.98664,0.20021
3.074,0.388544
3.02248,0.58527
3.06672,0.772714
3.02874,0.96921
2.84822,1.08129
2.69631,1.19325
2.66253,1.40482
2.77402,1.57638
2.79999,1.77907
2.91884,1.93535
2.97924,2.12815
3.02043,2.32214
2.92907,2.51119
2.82187,2.69289
2.70847,2.86211
2.78809,3.04764
2.90121,3.22762
2.86504,3.44552
2.73481,3.59436
2.70517,3.79894
2.63475,3.98272
2.78029,4.12416
2.84946,4.3091
2.81667,4.50646
2.86635,4.69358
2.99892,4.88063
3.04338,5.07226
3.09635,5.29003
3.22551,5.43462
3.19366,5.64703
3.22581,5.85285
3.24349,6.04929
3.18507,6.24695
3.24566,6.43166
3.058,6.50353
3.07824,6.71438
3.22411,6.85831
3.0736,6.98902
3.06411,7.16914
3.05851,7.36883
3.05885,7.58555
2.89795,7.70317
2.79219,7.89585
2.74528,8.10511
2.85567,8.28019
2.73344,8.42934
2.64056,8.62647
2.6368,8.8213
2.70509,9.01424
2.60722,9.1982
2.48117,9.34638
2.51891,9.56436
2.71931,9.62992
2.7752,9.83997
2.81414,10.0376
2.79675,10.2317
2.82304,10.4361
2.91522,10.6021
3.04817,10.7498
3.09425,10.935
2.96778,11.0751
2.9307,11.2726
2.98682,11.4593
2.84627,11.6009
2.85204,11.8064
2.90249,11.9972
2.80047,12.1676
2.72146,12.3584
2.7284,12.5761
2.89892,12.6848
2.84673,12.8728
2.97662,13.0152
3.16371,13.1142
2.99939,13.2478
3.16273,13.362
3.126,13.5556
3.19756,13.7507
3.21456,13.9669
3.07194,14.1163
3.07762,14.3269
3.11674,14.5142
3.29136,14.6394
3.23214,14.8405
3.23628,15.0407
3.15714,15.2204
3.14762,15.4111
3.22537,15.604
3.26733,15.8079
3.24523,16.02
3.28212,16.2288
3.38471,16.4065
3.32597,16.6228
3.41019,16.8118
3.45606,17.0037
3.47925,17.2009
3.42803,17.3916
3.51586,17.5608
3.53829,17.7493
3.56125,17.9468
3.48448,18.1363
3.40898,18.3362
3.36932,18.5211
3.46184,18.6894
3.58778,18.866
3.61629,19.0721
3.74234,19.2312
3.71493,19.4253
3.60619,19.5932
3.59089,19.7818
3.56914,19.9803
3.66642,20.1629
3.82112,20.2756
3.77215,20.4742
3.83566,20.662
3.94808,20.8502
4.01003,21.0451
3.92784,21.2181
3.97217,21.4189
4.12705,21.5445
4.11338,21.7498
4.13685,21.9485
4.1493,22.1568
4.10788,22.3711
4.1741,22.5652
4.04972,22.7344
4.23976,22.835
4.20894,23.0315
4.14961,23.2204
4.00998,23.3872
3.95545,23.5747
3.80147,23.7187
3.90319,23.8894
4.09444,23.964
4.21037,24.1188
4.02523,24.2088
4.05581,24.4072
3.89702,24.531
3.99146,24.6977
3.93856,24.897
3.9685,25.1117
4.02966,25.2984
4.12614,25.4758
3.92624,25.5511
3.8784,25.7563
4.01648,25.9035
4.08639,26.1149
4.08359,26.3187
4.02102,26.5235
4.13425,26.6882
4.22477,26.866
4.17128,27.069
4.08696,27.2526
3.88686,27.1878
3.88189,27.398
3.81554,27.5897
3.71522,27.7541
3.70331,27.9525
3.77728,28.1383
3.76949,28.3416
3.89151,28.5053
3.75921,28.6608
3.5794,28.7496
3.53859,28.9542
3.52956,29.1668
3.56964,29.3585
3.68289,29.521
3.76509,29.7041
3.84875,29.899
3.66235,29.976
3.6444,30.1801
3.44398,30.2354
3.52893,30.4207
3.54746,30.6237
3.63638,30.8109
3.72458,30.9903
3.71926,31.191
3.90985,31.2182
4.02276,31.3847
3.99385,31.5838
4.04973,31.7828
4.11104,31.9727
4.22988,32.1225
4.26979,32.3142
4.37159,32.5055
4.43228,32.7133
4.41623,32.9151
4.49309,33.1014
4.36528,33.2651
4.51038,33.3974
4.5611,33.6005
4.38344,33.6813
4.4275,33.869
4.61871,33.9295
4.68545,34.1252
4.71548,34.3158
4.79531,34.5113
4.90811,34.6802
4.89443,34.8861
4.93719,35.0892
4.33114,0.529501
4.33288,0.734733
4.23378,0.928505
4.38834,1.05167
4.47263,1.23056
4.47055,1.43226
4.57639,1.61887
4.51941,1.81089
4.3588,1.93811
4.33913,2.14715
4.18179,2.29697
4.05609,2.46518
4.16373,2.63761
4.24104,2.83505
4.22494,3.04043
4.29443,3.24404
4.22427,3.42935
4.1435,3.60464
4.06508,3.79431
4.01921,3.99783
4.16681,4.11576
4.20301,4.30512
4.36992,4.39618
4.32926,4.60648
4.32839,4.8187
4.27728,5.01624
4.44272,5.14632
4.46912,5.34328
4.48815,5.5525
4.47554,5.75051
4.30871,5.85761
4.27394,6.05137
4.15266,6.19604
4.13523,6.38157
4.09497,6.57541
4.19298,6.75787
4.1723,6.968
4.12477,7.16568
4.21825,7.34618
4.3009,7.53261
4.33198,7.73967
4.26998,7.93172
4.21757,8.11914
4.21069,8.32093
4.07824,8.46728
4.06589,8.66822
4.00477,8.85884
4.08681,9.035
4.12986,9.24597
4.19323,9.45398
4.32577,9.61259
4.23557,9.77972
4.28482,9.97414
4.20868,10.1744
4.19167,10.3638
4.19195,10.569
4.05636,10.7302
4.12296,10.9161
4.11803,11.125
4.07984,11.3202
4.18899,11.5065
4.2821,11.6939
4.29833,11.8913
4.47949,12.0088
4.52658,12.1998
4.52527,12.4002
4.45025,12.5997
4.49721,12.7874
4.38613,12.957
4.47629,13.1522
4.43329,13.3653
4.30462,13.5227
4.37525,13.7194
4.55923,13.7962
4.62564,13.9968
4.39784,13.9436
4.41193,14.1475
4.25991,14.2916
4.21771,14.4857
4.32739,14.6585
4.23422,14.8396
4.3249,15.017
4.40798,15.1959
4.45291,15.3964
4.54148,15.5824
4.5044,15.7826
4.57838,15.9713
4.54903,16.1563
4.45028,16.32
4.36272,16.5111
4.52709,16.6153
4.518,16.8207
4.59349,17.009
4.42867,17.144
4.48935,17.3385
4.60711,17.4927
4.48183,17.667
4.5921,17.828
4.57057,18.0216
4.73538,18.1555
4.82175,18.3276
4.98858,18.4454
5.17927,18.52
5.23793,18.7065
5.14586,18.8797
5.19232,19.0826
5.24395,19.2805
5.26615,19.474
5.35069,19.6492
5.41466,19.8417
-5.49035,20.015
5.41335,20.2117
5.31566,20.3993
5.32889,20.6051
5.43912,20.7715
5.31773,20.916
5.32893,21.1328
5.3783,21.3295
5.40062,21.5289
5.3898,21.7231
5.23796,21.8363
5.32392,22.0129
5.36784,22.216
5.41105,22.4085
5.36625,22.6221
5.42977,22.8143
5.38384,23.0198
5.45355,23.2038
5.38222,23.3829
5.48399,23.5693
-5.46333,23.7754
-5.44565,23.9847
-5.41635,24.1668
5.45543,24.3082
5.31734,24.4632
5.39419,24.6475
5.46542,24.8342
-5.44055,25.0312
-5.38741,25.2206
-5.37894,25.4209
-5.47074,25.5941
-5.41482,25.7956
5.48778,25.9635
-5.486,26.1797
-5.43653,26.3658
-5.46638,26.562
5.33957,26.5974
5.32103,26.7909
5.20797,26.9378
5.35575,27.0899
-5.49383,27.2258
-5.38043,27.405
-5.2457,27.5444
-5.1975,27.7388
-5.27059,27.943
-5.44951,28.0543
-5.42847,28.2587
-5.43232,28.4773
-5.46062,28.6905
5.4376,28.8665
5.41528,29.0533
5.49289,29.2429
-5.35234,29.3819
5.45204,29.4396
5.36009,29.6259
5.44069,29.8084
-5.44242,29.9693
-5.43017,30.1661
-5.42756,30.3725
-5.39922,30.5652
-5.383,30.7705
-5.35632,30.9635
-5.3573,31.1837
5.48911,31.3138
5.46654,31.5258
5.3464,31.6892
5.2573,31.8598
5.16932,32.0385
5.25001,32.2153
5.15558,32.3765
5.16031,32.5771
4.99502,32.7091
5.07254,32.8998
5.18207,33.1055
5.18064,33.3042
5.25884,33.4676
5.35466,33.6397
5.34395,33.8432
5.47871,33.9841
-5.49509,34.1868
5.46197,34.3768
5.46724,34.5825
5.40412,34.7911
5.38141,34.9966
5.33707,35.2062
5.38138,35.4134
5.44243,35.6001
5.45704,35.8064
-5.44398,35.9837
5.45829,36.1619
5.46189,0.228304
-5.46885,0.405181
5.45699,0.584401
5.42816,0.786575
-5.44138,0.93401
5.39559,1.04817
5.30226,1.23356
5.30618,1.43302
5.33429,1.62512
5.429,1.80185
5.35587,1.99513
-5.45907,2.05052
-5.4341,2.25988
-5.42327,2.47901
-5.47613,2.66769
5.47975,2.8564
-5.37503,3.00536
-5.45322,3.19511
-5.31961,3.3412
-5.49643,3.4308
-5.41942,3.61593
-5.41015,3.80713
5.38293,3.86763
5.35219,4.08002
5.48401,4.22493
5.45167,4.43124
-5.45159,4.61876
5.43385,4.79327
5.36191,4.9897
5.15542,5.04636
5.27026,5.2012
5.2059,5.40512
5.31219,5.59008
5.39304,5.79189
5.47169,5.98186
5.43594,6.17392
5.29311,6.31824
5.45533,6.42806
5.3911,6.62323
5.49555,6.8054
5.36638,6.95746
5.31511,7.15975
5.29136,7.34928
5.22733,7.55271
5.31752,7.73818
5.34438,7.94534
5.25149,8.10872
5.12105,8.25595
5.0397,8.4432
5.19364,8.57253
5.24471,8.77547
5.34162,8.95032
5.43449,9.12088
5.49339,9.32148
-5.38656,9.47354
-5.40804,9.66071
5.48768,9.85009
5.37089,9.98083
5.45636,10.1542
-5.35301,10.2474
-5.23128,10.4186
-5.13291,10.5955
-4.96353,10.7392
-4.89198,10.9301
-4.90145,11.1233
-4.80818,11.2912
-4.7913,11.4924
-4.72241,11.6946
-4.92978,11.7554
-4.86042,11.9345
-4.97163,12.1022
-4.91638,12.2899
-4.72727,12.4098
-4.59261,12.5499
-4.53509,12.7423
-4.65436,12.9019
-4.57027,13.0936
-4.62304,13.2936
-4.71383,13.483
-4.80613,13.67
-4.78481,13.8845
-4.92271,14.0258
-4.8935,14.2276
-4.85441,14.4221
-4.77469,14.5992
-4.83915,14.7983
-4.81945,15.0047
-4.71052,15.1846
-4.80377,15.3657
-4.81858,15.5736
-4.81113,15.7751
-4.91638,15.9322
-4.84489,16.1177
-4.84072,16.3186
-4.97007,16.4835
-4.97243,16.6894
-4.8457,16.8537
-4.74956,17.0313
-4.78699,17.2423
-4.76088,17.4442
-4.83406,17.6307
-4.91261,17.8379
-4.91909,18.0304
-4.8446,18.2284
-4.93072,18.4204
-4.81441,18.597
-4.74571,18.7965
-4.76541,18.9891
-4.85899,19.1524
-4.82095,19.3541
-4.80569,19.5661
-4.76014,19.7549
-4.65614,19.9324
-4.5929,20.1301
-4.6448,20.3331
-4.77671,20.4871
-4.84429,20.6706
-4.84075,20.8715
-4.82321,21.0754
-4.93291,21.2537
-4.76785,21.3625
-4.80259,21.5704
-4.79884,21.771
-4.78548,21.9762
-4.64092,22.1252
-4.5125,22.2905
-4.6164,22.465
-4.53396,22.663
-4.50611,22.8757
-4.40956,23.0446
-4.50198,23.2202
-4.63935,23.35
-4.47464,23.4658
-4.45082,23.6712
-4.48299,23.8596
-4.44081,24.0526
-4.46641,24.2693
-4.4814,24.4833
-4.61266,24.6401
-4.72515,24.7945
-4.65486,24.9879
-4.67835,25.1747
-4.65825,25.3841
-4.47456,25.5001
-4.54087,25.6857
-4.65135,25.8646
-4.66131,26.0684
-4.55804,26.2496
-4.52409,26.4586
-4.57397,26.6633
-4.68146,26.8342
-4.77374,27.0004
-4.73733,27.1927
-4.77849,27.393
-4.65076,27.5395
-4.67636,27.7518
-4.65871,27.963
-4.57768,28.1449
-4.55187,28.3505
-4.45707,28.5293
-4.29388,28.6566
-4.3208,28.8529
-4.34842,29.0632
-4.48712,29.2088
-4.40811,29.3939
-4.39234,29.5895
-4.34419,29.7968
-4.48582,29.9376
-4.64302,30.0707
-4.53689,30.2443
-4.59922,30.4442
-4.59988,30.6402
-4.67758,30.83
-4.71714,31.0382
-4.82174,31.2194
-4.86517,31.4109
-4.698,31.5246
-4.69094,31.7194
-4.87998,31.801
-4.8609,32.0066
-4.81079,32.2088
-4.88401,32.3873
-4.9139,32.5866
-5.03885,32.7446
-5.06765,32.9448
-5.12152,33.1515
-5.10048,33.3561
-4.98129,33.5353
-5.01917,33.7235
-5.03768,33.9248
-5.09863,34.1144
-5.09643,34.3251
-4.96413,34.4796
-4.92199,34.6837
-4.9362,34.9066
-4.91863,35.1081
-4.93895,35.3176
-4.84038,35.4896
-4.85802,35.7068
-4.81873,35.8889
-5.10391,0.310992
-5.02441,0.50101
-5.04079,0.686912
-4.90132,0.835298
-4.88672,1.02885
-4.8244,1.21497
-4.79515,1.41268
-4.92215,1.5878
-4.75572,1.71799
-4.78424,1.92127
-4.86662,2.10459
-5.01086,2.25182
-4.95503,2.4353
-4.95364,2.62841
-4.7783,2.74759
-4.73645,2.96511
-4.89648,3.0903
-4.80447,3.27679
-4.87676,3.47195
-4.73393,3.62678
-4.87198,3.76999
-5.01677,3.91459
-5.16957,4.06671
-5.1894,4.26893
-5.17102,4.47646
-5.12507,4.6775
-5.15659,4.87081
-5.1944,5.07174
-5.10302,5.25425
-4.94139,5.39315
-4.86241,5.57977
-4.85323,5.78202
-4.6963,5.88344
-4.61384,6.05624
-4.76851,6.20007
-4.71159,6.40926
-4.7328,6.6083
-4.70056,6.81319
-4.61529,6.9759
-4.56395,7.17257
-4.52819,7.40022
-4.63297,7.56617
-4.63829,7.76459
-4.64583,7.96456
-4.66864,8.17391
-4.80382,8.32312
-4.78092,8.53975
-4.85186,8.72724
-4.91964,8.91811
-4.81038,9.06872
-4.61298,9.08939
-4.5229,9.28315
-4.48611,9.4948
-4.58689,9.69421
-4.63167,9.88766
-4.77136,10.0293
-4.83863,10.2167
-4.76298,10.417
-4.79645,10.616
-4.67647,10.7829
-4.5744,10.9714
-4.65417,11.1477
-4.52389,11.296
-4.47188,11.4959
-4.38341,11.6908
-4.40579,11.8984
-4.2627,12.0233
-4.31945,12.2178
-4.22563,12.418
-4.05929,12.5356
-3.91969,12.677
-3.82255,12.8811
-3.75426,13.0627
-3.85262,13.2445
-3.70747,13.3966
-3.65691,13.5792
-3.75481,13.7656
-3.68491,13.9733
-3.61763,14.1667
-3.56882,14.3682
-3.56031,14.5749
-3.71159,14.7003
-3.71481,14.9057
-3.67761,15.1055
-3.72864,15.2945
-3.78689,15.4832
-3.80095,15.6919
-3.85467,15.8854
-3.78245,16.0721
-3.89756,16.2411
-3.83387,16.4458
-3.65303,16.545
-3.62894,16.7419
-3.68359,16.9206
-3.64818,17.1233
-3.66232,17.3342
-3.53762,17.4965
-3.55148,17.7168
-3.76311,17.7214
-3.79588,17.9257
-3.7968,18.1317
-3.6472,18.2639
-3.50789,18.4022
-3.5892,18.5925
-3.68897,18.7842
-3.68801,19.0044
-3.66872,19.2185
-3.73274,19.4115
-3.59301,19.5532
-3.62679,19.763
-3.69667,19.9512
-3.85245,20.096
-3.71247,20.2474
-3.71866,20.4522
-3.65385,20.6461
-3.7917,20.8006
-3.7278,20.9846
-3.56138,21.116
-3.41845,21.2552
-3.54325,21.4048
-3.59607,21.6048
-3.48073,21.7745
-3.50714,21.9714
-3.69848,22.0312
-3.66819,22.2445
-3.822,22.3885
-3.8147,22.5832
-3.73243,22.7606
-3.84891,22.9315
-3.82837,23.1302
-3.80446,23.3257
-3.84739,23.5179
-3.7766,23.7054
-3.83618,23.8918
-3.85355,24.0969
-3.79739,24.2769
-3.77304,24.4827
-3.89001,24.6426
-3.88142,24.8528
-3.81677,25.053
-3.70138,25.2265
-3.58532,25.393
-3.59504,25.5906
-3.4873,25.7725
-3.56706,25.9629
-3.74394,26.0871
-3.72363,26.2893
-3.84466,26.4451
-3.91607,26.6493
-3.84277,26.8348
-3.86043,27.0392
-3.84117,27.2232
-3.74007,27.3998
-3.72508,27.6052
-3.7428,27.7984
-3.72053,28.0001
-3.80407,28.1988
-3.76293,28.3894
-3.78426,28.576
-3.84505,28.7856
-3.8694,28.9904
-4.01708,29.1413
-4.00371,29.3334
-4.05564,29.5312
-4.12395,29.7244
-4.19818,29.9108
-4.06206,30.0747
-3.92361,30.2489
-3.88179,30.4442
-3.81464,30.6372
-3.68337,30.7768
-3.57276,30.946
-3.65932,31.1363
-3.64792,31.3327
-3.54762,31.5175
-3.65061,31.7333
-3.71609,31.9366
-3.69518,32.1475
-3.57276,32.3159
-3.64576,32.5261
-3.61012,32.723
-3.71915,32.8899
-3.66317,33.097
-3.61263,33.2939
-3.56281,33.4868
-3.51707,33.6667
-3.69337,33.7524
-3.615,33.9363
-3.61882,34.1394
-3.63186,34.3423
-3.65157,34.5457
-3.77309,34.7199
-3.58333,34.7982
-3.73636,34.9514
-3.61318,35.1345
-3.66163,35.3386
-3.78097,35.5082
-3.67405,35.6902
-3.72104,35.913
-3.60187,36.0709
-3.84295,0.211639
-3.64095,0.24165
-3.73866,0.420207
-3.74405,0.619202
-3.71129,0.831208
-3.66149,1.01338
-3.75561,1.18683
-3.84065,1.35785
-3.80235,1.54984
-3.82351,1.74763
-3.92658,1.93533
-3.87998,2.12992
-3.7506,2.29718
-3.74305,2.49551
-3.69491,2.69074
-3.68549,2.90321
-3.6955,3.11391
-3.58482,3.28571
-3.74067,3.41994
-3.95181,3.46513
-3.90612,3.67728
-3.91404,3.88451
-3.90462,4.07683
-3.86249,4.27567
-3.78447,4.46392
-3.81228,4.65987
-3.80732,4.86568
-3.71755,5.04337
-3.57964,5.20887
-3.62246,5.40278
-3.80202,5.48656
-3.82959,5.69418
-3.90311,5.8746
-3.77133,6.01485
-3.73445,6.23165
-3.79409,6.4242
-3.82884,6.6152
-3.89448,6.80405
-3.84313,7.01189
-3.96372,7.18401
-3.87222,7.37427
-3.86885,7.57247
-3.96156,7.7476
-3.95366,7.96593
-4.02391,8.14421
-4.07606,8.34256
-4.02188,8.52645
-4.01884,8.71686
-4.09683,8.90794
-4.12917,9.11107
-4.15231,9.31419
-3.955,9.42517
-3.94666,9.6283
-3.82419,9.79885
-3.79469,10.0124
-3.80529,10.218
-3.63727,10.3239
-3.74612,10.5004
-3.71708,10.6944
-3.65856,10.8897
-3.5672,11.069
-3.50789,11.2823
-3.50931,11.4812
-3.52335,11.6859
-3.36768,11.8174
-3.47287,11.9814
-3.39435,12.1615
-3.36475,12.3427
-3.28618,12.5351
-3.30009,12.7369
-3.29959,12.9392
-3.34758,13.1282
-3.41882,13.3365
-3.32788,13.5145
-3.22193,13.6915
-3.2512,13.9086
-3.15376,14.0903
-3.31558,14.2163
-3.243,14.4213
-3.28286,14.6099
-3.29912,14.8189
-3.36535,15.0394
-3.39631,15.258
-3.21878,15.3613
-3.21263,15.5593
-3.30184,15.7541
-3.24877,15.9594
-3.20859,16.1704
-3.11568,16.3372
-3.07027,16.5437
-3.09977,16.7598
-3.04635,16.9602
-2.97267,17.1496
-2.93662,17.3533
-2.89898,17.5479
-2.82608,17.7357
-2.64736,17.8341
-2.68709,18.0322
-2.62123,18.2308
-2.53475,18.4177
-2.40114,18.5819
-2.59827,18.6253
-2.60588,18.8127
-2.72777,18.9914
-2.80276,19.1704
-2.72691,19.3541
-2.54857,19.4787
-2.46328,19.6643
-2.44294,19.8767
-2.44049,20.0678
-2.39087,20.2639
-2.36565,20.4752
-2.36304,20.6776
-2.35845,20.8761
-2.28238,21.0652
-2.20523,21.2651
-2.40021,21.3709
-2.487,21.5544
-2.51662,21.7623
-2.54198,21.9611
-2.49781,22.1691
-2.33462,22.2875
-2.26745,22.4869
-2.16296,22.6495
-2.34418,22.745
-2.18402,22.8497
-2.04438,23.0076
-2.13767,23.1842
-2.23911,23.3656
-2.29604,23.5627
-2.31005,23.7641
-2.19628,23.9515
-2.19724,24.1792
-2.38803,24.264
-2.40864,24.47
-2.34754,24.6414
-2.37593,24.8439
-2.25996,24.9887
-2.36943,25.1532
-2.47413,25.3252
-2.42576,25.5126
-2.23719,25.5582
-2.30259,25.7446
-2.36986,25.9429
-2.37694,26.1438
-2.34979,26.3438
-2.31685,26.5465
-2.45236,26.71
-2.25525,26.7985
-2.31556,26.9983
-2.29043,27.1934
-2.39683,27.3744
-2.46267,27.556
-2.49065,27.7498
-2.41808,27.9469
-2.4291,28.1402
-2.25446,28.242
-2.18317,28.429
-2.26525,28.6321
-2.22971,28.8244
-2.22025,29.0185
-2.23591,29.2186
-2.3833,29.3605
-2.54314,29.4518
-2.43236,29.6275
-2.45934,29.832
-2.51911,30.023
-2.37659,30.1524
-2.38776,30.3504
-2.28701,30.5426
-2.10418,30.6606
-2.16784,30.8401
-2.02459,30.9948
-2.08666,31.1801
-2.07178,31.3886
-1.96431,31.5577
-2.12122,31.6991
-2.19689,31.8886
-2.08812,32.0594
-2.16579,32.2611
-2.17444,32.4653
-2.19364,32.6734
-2.17873,32.8839
-2.34259,32.9982
-2.25698,33.1759
-2.28346,33.3677
-2.18103,33.5492
-2.1057,33.7224
-1.98949,33.9185
-2.0436,34.1155
-1.90271,34.2674
-1.91306,34.4664
-1.99654,34.6633
-1.8857,34.8472
-1.93556,35.0385
-1.82292,35.2145
-1.98009,35.329
-2.02631,35.5357
-2.01001,35.7403
-1.94855,35.9264
