4.70211,0.171239
4.74328,0.367487
4.94888,0.448452
4.92179,0.662123
4.86248,0.845719
4.99236,0.991835
4.99661,1.20145
4.82191,1.29185
4.96173,1.44235
-4.95165,1.61136
-4.87721,1.79599
-4.86282,2.00869
-4.84815,2.2135
-4.6865,2.34581
-4.66192,2.55431
-4.81732,2.68648
-4.83202,2.89522
-4.745,3.08326
-4.70768,3.28548
-4.53077,3.37908
-4.58763,3.58619
-4.58717,3.79286
-4.4408,3.94168
-4.42685,4.16372
-4.30653,4.33167
-4.37449,4.54058
-4.37549,4.74431
-4.3178,4.93874
-4.30852,5.1446
-4.45199,5.28532
-4.46159,5.50165
-4.45103,5.71076
-4.51424,5.92154
-4.37693,6.05658
-4.26714,6.23606
-4.23343,6.43281
-4.25679,6.64786
-4.26265,6.84318
-4.12097,6.99091
-4.30901,7.09891
-4.23373,7.28465
-4.2002,7.48331
-4.06092,7.63372
-3.9883,7.81653
-4.06866,8.00729
-4.1812,8.17592
-4.30057,8.33193
-4.34881,8.53053
-4.26051,8.72439
-4.36571,8.90053
-4.34771,9.1019
-4.23185,9.28162
-4.15756,9.46806
-4.08464,9.64728
-4.01569,9.83411
-4.05831,10.0358
-4.06923,10.2483
-3.9572,10.4316
-4.01911,10.6342
-4.17262,10.7631
-3.99148,10.8606
-4.15702,10.961
-4.11303,11.1704
-4.01907,11.356
-3.93092,11.5322
-4.05866,11.6964
-4.2367,11.8037
-4.22804,12.0128
-4.26389,12.2127
-4.16952,12.3952
-4.16292,12.6034
-4.11885,12.8055
-4.03561,13.0021
-3.96605,13.2053
-3.99374,13.3959
-3.93331,13.5857
-3.99835,13.7652
-4.10036,13.9495
-4.19509,14.1164
-4.148,14.3023
-4.08079,14.4864
-4.12365,14.693
-4.14426,14.9019
-4.10269,15.1009
-4.05663,15.3127
-4.19823,15.4606
-4.20628,15.6763
-4.18955,15.8895
-4.20334,16.1023
-4.06714,16.2435
-4.03007,16.4438
-4.09912,16.6311
-4.1741,16.8281
-4.09173,17.0177
-4.1968,17.2177
-4.10979,17.385
-4.14536,17.5868
-4.3094,17.6844
-4.25971,17.8701
-4.14224,18.0217
-4.10372,18.2172
-4.04057,18.4081
-3.9392,18.5856
-3.87106,18.7806
-3.90114,18.9933
-4.08891,19.1064
-4.11356,19.2989
-4.16618,19.5073
-4.20372,19.7099
-4.1124,19.8834
-4.1155,20.0947
-4.14301,20.2944
-4.14269,20.4904
-4.16151,20.6887
-4.20116,20.9013
-4.14359,21.0991
-4.02452,21.2713
-3.9981,21.4717
-3.87441,21.6119
-3.93789,21.8007
-3.80923,21.9662
-3.86898,22.1467
-3.95309,22.345
-3.92124,22.5587
-3.98895,22.7554
-4.02596,22.9819
-4.11466,23.1596
-3.96513,23.2923
-3.93389,23.49
-3.99203,23.6865
-4.15542,23.7889
-4.09855,23.9864
-4.18183,24.1662
-4.26168,24.3442
-4.15369,24.5342
-4.04904,24.7179
-3.99559,24.8948
-4.08895,25.0844
-4.03018,25.2919
-4.04722,25.4959
-3.95139,25.6699
-4.13644,25.7505
-4.04073,25.9154
-4.07376,26.1215
-4.08942,26.3235
-4.03068,26.5225
-4.19252,26.6675
-4.18686,26.8666
-4.08521,27.0345
-4.07778,27.2324
-4.18291,27.4185
-4.13432,27.6233
-4.20285,27.8207
-4.03681,27.9549
-4.01976,28.1565
-3.9401,28.3375
-3.95982,28.5331
-3.95706,28.7271
-4.02837,28.9093
-3.96524,29.1005
-4.1562,29.2086
-4.09125,29.4065
-4.0143,29.6027
-4.03243,29.8202
-4.07504,30.0198
-3.94788,30.1886
-3.79006,30.3255
-3.68687,30.5094
-3.82342,30.6677
-3.83626,30.8763
-4.03176,30.9446
-4.04667,31.1532
-3.99743,31.3591
-4.11486,31.5111
-4.10547,31.7112
-4.0744,31.9119
-4.04382,32.1243
-4.08387,32.3068
-3.98375,32.4912
-4.0677,32.6674
-4.04927,32.8671
-4.1516,33.041
-4.14853,33.2397
-4.22267,33.4393
-4.23587,33.6334
-4.21083,33.8375
-4.30305,34.0332
-4.45926,34.1412
-4.36571,34.3258
-4.28622,34.5146
-4.15904,34.6668
-4.03213,34.8309
-3.98694,35.0337
-4.04449,35.2333
-3.88184,35.3392
-3.91802,35.5254
-3.94683,35.7157
-3.96507,35.9158
-3.95381,36.1219
-3.82167,36.2846
-3.76595,0.381345
-3.91624,0.514818
-3.99481,0.696285
-4.02807,0.913429
-4.00833,1.12502
-4.01644,1.31845
-4.07391,1.52745
-4.19183,1.68982
-4.11718,1.879
-4.18518,2.0849
-4.01278,2.15613
-3.96491,2.35272
-4.04088,2.52985
-4.04853,2.72448
-4.20638,2.85852
-4.24151,3.0623
-4.21109,3.24652
-4.05273,3.36914
-3.91977,3.52015
-3.90976,3.72403
-3.75404,3.8585
-3.91994,3.98533
-3.70702,4.05143
-3.67917,4.24505
-3.76982,4.41706
-3.6749,4.58648
-3.51687,4.717
-3.37036,4.85059
-3.37048,5.04798
-3.47156,5.22125
-3.46661,5.4139
-3.40234,5.59837
-3.46356,5.79739
-3.46633,6.0012
-3.53342,6.19869
-3.52166,6.41478
-3.45754,6.59938
-3.47045,6.79693
-3.49061,6.99559
-3.52048,7.20733
-3.48809,7.40144
-3.55872,7.59922
-3.51156,7.81036
-3.64387,7.97014
-3.52398,8.13368
-3.51619,8.33849
-3.4402,8.52576
-3.54233,8.70971
-3.64614,8.87609
-3.44804,8.94164
-3.58018,9.10855
-3.47274,9.26929
-3.4125,9.45554
-3.49027,9.64317
-3.27553,9.62018
-3.25042,9.82434
-3.25928,10.0192
-3.3424,10.1811
-3.324,10.3914
-3.44263,10.5483
-3.54344,10.7332
-3.60573,10.9218
-3.55766,11.1327
-3.58103,11.3305
-3.42757,11.4416
-3.35806,11.6369
-3.45437,11.8143
-3.53215,12.0042
-3.58447,12.2069
-3.65476,12.3997
-3.59682,12.6026
-3.66379,12.8078
-3.66513,13.0196
-3.55689,13.1811
-3.48235,13.3776
-3.45462,13.5678
-3.5082,13.7626
-3.53264,13.9774
-3.55907,14.1883
-3.55493,14.3963
-3.63315,14.5783
-3.47245,14.6968
-3.43975,14.9003
-3.6085,15.0064
-3.46443,15.1616
-3.42383,15.3603
-3.59867,15.4414
-3.52057,15.6153
-3.48662,15.8165
-3.57477,15.9992
-3.68141,16.1795
-3.57294,16.3528
-3.6518,16.5325
-3.82596,16.6798
-3.77862,16.8696
-3.8779,17.0426
-3.85794,17.26
-3.77175,17.4337
-3.57081,17.4424
-3.44109,17.5998
-3.40425,17.7991
-3.49167,17.9866
-3.58657,18.1788
-3.53132,18.3805
-3.58398,18.5752
-3.6303,18.7784
-3.56518,18.9606
-3.56891,19.1699
-3.5842,19.3817
-3.72803,19.5154
-3.56023,19.6247
-3.47867,19.7979
-3.52955,20.0012
-3.56634,20.1976
-3.60838,20.4192
-3.7365,20.5965
-3.69106,20.7877
-3.83275,20.9437
-3.78831,21.1421
-3.73836,21.3302
-3.58074,21.4447
-3.52628,21.6303
-3.42899,21.8103
-3.56722,21.9441
-3.62767,22.1601
-3.55363,22.3339
-3.5835,22.5311
-3.63157,22.7102
-3.54977,22.9063
-3.53506,23.1128
-3.4897,23.3139
-3.53202,23.4992
-3.54739,23.6991
-3.56422,23.9021
-3.61114,24.0944
-3.45987,24.2347
-3.50202,24.4365
-3.63656,24.5888
-3.53071,24.7678
-3.57584,24.9651
-3.59281,25.1689
-3.47028,25.3302
-3.63506,25.4463
-3.64878,25.6623
-3.73321,25.8435
-3.64103,26.0213
-3.53894,26.2215
-3.49748,26.409
-3.61046,26.5714
-3.49293,26.7484
-3.45151,26.9663
-3.40217,27.1463
-3.35069,27.3497
-3.46548,27.5081
-3.4935,27.7067
-3.52736,27.9104
-3.46942,28.1149
-3.4143,28.3046
-3.35551,28.507
-3.4197,28.6799
-3.40281,28.8789
-3.38425,29.0856
-3.33293,29.2756
-3.40018,29.466
-3.32028,29.6731
-3.18982,29.8448
-3.11017,30.0289
-3.12922,30.2452
-3.19161,30.4338
-3.16382,30.6314
-3.09234,30.8268
-2.97884,31.0054
-3.1219,31.1537
-3.02224,31.3392
-3.00753,31.5357
-3.06921,31.7205
-3.16931,31.907
-3.3022,32.0535
-3.30992,32.2485
-3.39581,32.4375
-3.37201,32.6301
-3.51376,32.7694
-3.55989,32.9654
-3.43742,33.1368
-3.44151,33.3378
-3.37319,33.5239
-3.3858,33.7117
-3.30512,33.8965
-3.43612,34.0465
-3.46363,34.2647
-3.47199,34.4807
-3.58184,34.6578
-3.44603,34.8059
-3.37163,35.0188
-3.40648,35.2237
-3.52659,35.3857
-3.35218,35.4811
-3.40261,35.7076
-3.48531,35.9056
-3.59493,36.0528
-3.5344,0.484176
-3.3939,0.637687
-3.33059,0.846305
-3.36674,1.05612
-3.36888,1.25513
-3.33489,1.44984
-3.36044,1.65551
-3.32819,1.85364
-3.4074,2.0644
-3.30289,2.2508
-3.33729,2.45648
-3.33746,2.6606
-3.34954,2.84865
-3.44954,3.0353
-3.46387,3.23995
-3.43262,3.44485
-3.38856,3.64684
-3.32763,3.84939
-3.23472,4.0179
-3.35439,4.16874
-3.36553,4.37819
-3.17301,4.45656
-3.26109,4.63539
-3.17299,4.80933
-3.1801,5.01539
-3.21005,5.21283
-3.16667,5.42555
-3.19715,5.61801
-3.02182,5.72462
-3.08275,5.90753
-3.03863,6.10735
-2.99384,6.30686
-2.93863,6.49707
-3.01831,6.6837
-2.92237,6.86395
-2.98816,7.03997
-3.09055,7.21912
-3.01969,7.42466
-2.83698,7.49533
-2.95702,7.65026
-2.97151,7.84223
-2.99584,8.04672
-2.95389,8.24979
-2.94766,8.44213
-3.03419,8.61733
-2.97355,8.80856
-2.97331,9.01814
-2.9159,9.23263
-2.82714,9.41484
-2.92941,9.58674
-3.02814,9.74801
-2.997,9.9602
-3.04327,10.1666
-3.06014,10.3823
-3.02325,10.5731
-2.99576,10.7672
-3.0716,10.9458
-3.17867,11.1216
-3.18522,11.322
-3.10183,11.5044
-3.01178,11.6857
-2.97412,11.8982
-3.02799,12.0893
-2.93453,12.2758
-2.96599,12.4824
-3.1338,12.6141
-3.13181,12.8192
-3.07762,13.0215
-3.12002,13.2195
-3.24266,13.3975
-3.24663,13.6177
-3.10801,13.74
-3.22309,13.9099
-3.02395,14.0052
-3.17479,14.1385
-3.09985,14.3304
-2.96511,14.4914
-2.96202,14.7021
-3.11175,14.8266
-3.04265,15.0314
-3.01749,15.2316
-3.07888,15.4146
-3.15872,15.6101
-3.19485,15.8132
-3.19462,16.0165
-3.20117,16.2278
-3.26331,16.4314
-3.23079,16.6279
-3.33225,16.8124
-3.3231,17.0166
-3.33539,17.2291
-3.23713,17.4009
-3.179,17.5931
-3.15879,17.7873
-3.13298,17.9883
-3.01677,18.155
-2.99007,18.3576
-3.02143,18.5551
-3.15076,18.7102
-3.18419,18.9211
-3.17867,19.1255
-3.32083,19.284
-3.22163,19.4396
-3.18314,19.632
-3.22954,19.8341
-3.22648,20.0407
-3.16645,20.2391
-3.27746,20.4081
-3.22462,20.603
-3.22351,20.8086
-3.13896,20.9842
-3.06146,21.1724
-3.10279,21.3635
-2.95814,21.5042
-3.03689,21.6988
-3.08747,21.8977
-3.01666,22.1233
-2.98478,22.3225
-3.00353,22.5336
-2.93933,22.7292
-3.05347,22.9079
-3.13046,23.116
-3.12925,23.3205
-3.14371,23.5254
-3.20948,23.7097
-3.23586,23.9171
-3.17174,24.0978
-3.19519,24.2919
-3.18001,24.5078
-3.01881,24.6186
-3.11812,24.7994
-3.18321,24.9973
-3.27372,25.1772
-3.27501,25.3764
-3.36632,25.5474
-3.25015,25.7123
-3.3279,25.9009
-3.26319,26.0994
-3.23977,26.3099
-3.29868,26.5004
-3.1273,26.6046
-3.1188,26.805
-2.96095,26.9131
-2.884,27.1014
-2.85373,27.3094
-2.83234,27.5127
-2.8044,27.7288
-2.77182,27.9372
-2.7196,28.1327
-2.76899,28.3439
-2.89789,28.4934
-2.82068,28.6764
-2.78533,28.8691
-2.8982,29.0497
-2.92853,29.236
-2.8203,29.4131
-2.82202,29.615
-2.92431,29.7877
-2.74611,29.8794
-2.8332,30.0679
-2.80198,30.2617
-2.87994,30.4472
-2.8456,30.6519
-2.85944,30.857
-2.80493,31.0409
-2.86063,31.229
-2.78904,31.425
-2.70075,31.6182
-2.81762,31.7917
-2.82785,31.9926
-2.94165,32.1856
-3.09587,32.2985
-3.10064,32.4843
-3.04823,32.6762
-3.19103,32.8164
-3.07741,32.9652
-2.9873,33.1517
-2.96468,33.3666
-2.86061,33.5513
-2.81619,33.755
-2.84643,33.9456
-2.88141,34.1441
-2.85717,34.3606
-2.82601,34.553
-2.84885,34.7442
-2.80678,34.9547
-2.72225,35.1359
-2.78392,35.351
-2.91298,35.4992
-2.89195,35.6843
-2.919,35.8963
-2.98809,36.091
-2.97769,36.2881
-2.8573,36.4549
-3.02895,36.5833
-3.04922,36.7872
-3.02547,36.9852
-2.95153,37.1688
-3.03323,37.3467
-2.89123,37.4891
-2.96003,0.233676
-3.00376,0.417679
-2.96656,0.617017
-2.99016,0.823203
-3.00517,1.02982
-2.92958,1.20057
-2.86351,1.38937
-3.03812,1.49796
-3.01094,1.71056
-3.03495,1.91437
-2.99598,2.10718
-2.99363,2.30999
-2.99756,2.52383
-2.93851,2.7126
-2.98141,2.89684
-2.86401,3.07892
-2.78168,3.2743
-2.74105,3.48654
-2.69888,3.6732
-2.89071,3.7056
-2.88232,3.92196
-2.76011,4.08407
-2.85731,4.27401
-2.83437,4.45579
-2.68873,4.61216
-2.58581,4.79037
-2.54174,4.97818
-2.53888,5.19407
-2.55858,5.39833
-2.72221,5.51855
-2.81067,5.71181
-2.74631,5.9127
-2.626,6.05997
-2.69436,6.25739
-2.54672,6.40276
-2.65853,6.55683
-2.75323,6.7324
-2.66643,6.92076
-2.52285,7.06912
-2.58315,7.25119
-2.52073,7.43693
-2.39703,7.58866
-2.45031,7.77807
-2.37427,7.97297
-2.39006,8.17306
-2.38721,8.3764
-2.41487,8.56336
-2.35835,8.75011
-2.45599,8.92514
-2.5384,9.11409
-2.5429,9.30243
-2.6327,9.47058
-2.72826,9.6719
-2.67948,9.88592
-2.70867,10.0958
-2.64798,10.2814
-2.82656,10.3803
-2.74042,10.5535
-2.64992,10.7328
-2.59946,10.9337
-2.53685,11.1411
-2.61233,11.3326
-2.69313,11.5245
-2.59349,11.7103
-2.49825,11.894
-2.5765,12.0821
-2.6988,12.2491
-2.67272,12.4592
-2.76613,12.6318
-2.79845,12.8363
-2.79405,13.0294
-2.67726,13.2085
-2.53303,13.345
-2.6312,13.5251
-2.58055,13.7173
-2.63614,13.9247
-2.71475,14.0999
-2.8064,14.2871
-2.73154,14.479
-2.7668,14.6903
-2.69949,14.8796
-2.76305,15.0701
-2.65933,15.2395
-2.69914,15.4321
-2.58816,15.6091
-2.64785,15.821
-2.79285,15.9643
-2.75775,16.1589
-2.80827,16.3807
-2.80416,16.573
-2.68125,16.7289
-2.7002,16.9411
-2.79047,17.125
-2.83622,17.3165
-2.95789,17.4832
-2.95807,17.6747
-2.83339,17.8338
-2.71218,18.0012
-2.74076,18.1982
-2.62688,18.3593
-2.7294,18.523
-2.60042,18.6811
-2.72421,18.8628
-2.69127,19.073
-2.78999,19.2472
-2.63415,19.3838
-2.61101,19.5844
-2.63644,19.7836
-2.61843,19.9741
-2.6352,20.1747
-2.59213,20.3673
-2.6723,20.556
-2.51881,20.7126
-2.45413,20.9227
-2.36472,21.1159
-2.47813,21.2906
-2.46624,21.5191
-2.46364,21.724
-2.59684,21.8798
-2.64419,22.0831
-2.58275,22.2739
-2.54416,22.4899
-2.64087,22.6659
-2.67727,22.8724
-2.47634,22.9311
-2.42844,23.1235
-2.55121,23.2775
-2.46575,23.4527
-2.56348,23.6336
-2.70693,23.7801
-2.65705,23.9804
-2.71779,24.1695
-2.69042,24.3625
-2.67231,24.5594
-2.83335,24.6846
-2.80905,24.8748
-2.72003,25.0738
-2.80469,25.2673
-2.93425,25.3979
-2.78314,25.5215
-2.84726,25.709
-2.84172,25.9173
-2.65761,26.0027
-2.64095,26.2083
-2.47205,26.3334
-2.33551,26.5025
-2.28228,26.6913
-2.38403,26.8663
-2.4831,27.0306
-2.44986,27.2289
-2.42846,27.4267
-2.47136,27.6269
-2.36488,27.7951
-2.39025,28.021
-2.47862,28.1987
-2.41947,28.3922
-2.44326,28.6043
-2.36188,28.8046
-2.4836,28.9556
-2.50001,29.1541
-2.46629,29.3476
-2.62454,29.4802
-2.51879,29.6645
-2.51046,29.8606
-2.61894,30.0477
-2.50918,30.2144
-2.39473,30.3756
-2.26461,30.541
-2.18082,30.7406
-2.1932,30.9409
-2.17839,31.1635
-2.14177,31.3631
-2.16275,31.5593
-2.20822,31.7541
-2.3493,31.8959
-2.35658,32.0877
-2.35996,32.2923
-2.37701,32.4989
-2.3957,32.6861
-2.32902,32.8906
-2.2969,33.0972
-2.2371,33.2882
-2.20364,33.4771
-2.16593,33.6745
-2.26798,33.8599
-2.41962,34
-2.37018,34.1957
-2.54049,34.3029
-2.58241,34.5077
-2.60646,34.7177
-2.55477,34.9107
-2.4572,35.1129
-2.35851,35.2948
-2.49102,35.4612
-2.35842,35.6185
-2.31565,35.8263
-2.2597,36.0228
-2.3676,36.2154
-2.40261,36.4031
-2.48068,36.5946
-2.54497,0.45855
-2.60224,0.631284
-2.49342,0.781165
-2.52804,0.988563
-2.56494,1.18396
-2.5972,1.38013
-2.63506,1.57815
-2.65147,1.77969
-2.68334,1.97893
-2.70025,2.17996
-2.77259,2.36817
-2.7375,2.55684
-2.60078,2.70591
-2.53052,2.90257
-2.40274,3.05407
-2.38663,3.24531
-2.3638,3.43561
-2.36109,3.6309
-2.45847,3.82797
-2.61307,3.95244
-2.48744,4.10853
-2.39621,4.29703
-2.38403,4.5126
-2.28795,4.69498
-2.33733,4.88598
-2.33626,5.09569
-2.20533,5.26813
-2.2481,5.46068
-2.28628,5.63967
-2.32404,5.84241
-2.19517,5.99268
-2.33208,6.13862
-2.19063,6.27907
-2.29545,6.43128
-2.10651,6.50866
-2.15877,6.70302
-2.19823,6.89556
-2.12894,7.07717
-2.16876,7.2753
-2.13963,7.47547
-2.09178,7.68114
-2.0448,7.88171
-1.97087,8.08243
-1.82193,8.24326
-1.72565,8.44528
-1.7767,8.6327
-1.87954,8.80307
-1.96826,8.98326
-1.94585,9.1975
-1.9867,9.39355
-1.90835,9.56733
-1.7425,9.6839
-1.84284,9.85555
-1.99962,9.97731
-2.04584,10.1858
-1.93546,10.3624
-1.92673,10.5621
-1.78831,10.7192
-1.79848,10.9204
-1.86308,11.125
-1.88175,11.3458
-1.85254,11.5328
-1.90145,11.7316
-2.09008,11.7685
-2.15366,11.9503
-2.25171,12.1227
-2.17043,12.313
-2.06402,12.5065
-2.25704,12.5422
-2.41864,12.6844
-2.36487,12.8839
-2.3873,13.0803
-2.21192,13.2012
-2.18553,13.403
-2.18976,13.6127
-2.12895,13.8107
-2.08748,14.0152
-2.0544,14.2178
-2.0673,14.4263
-2.17747,14.5949
-2.131,14.7891
-2.03428,14.9615
-1.99259,15.16
-1.97197,15.3724
-1.99178,15.5792
-2.05881,15.7794
-2.08729,15.9902
-2.09588,16.1832
-1.93519,16.2903
-1.8735,16.4853
-1.94172,16.6891
-1.81559,16.8627
-1.89884,17.0524
-1.99275,17.2296
-1.95667,17.4157
-1.87033,17.6057
-2.02335,17.763
-2.04994,17.9578
-2.08038,18.1702
-2.08435,18.3682
-2.09907,18.5704
-2.01871,18.7493
-1.96354,18.9442
-1.93796,19.1368
-1.80787,19.289
-1.83958,19.4806
-1.94861,19.6513
-1.98459,19.8357
-1.91696,20.0404
-1.85034,20.2298
-1.98435,20.4023
-1.89751,20.5846
-1.89035,20.7836
-1.84691,20.9752
-1.96223,21.1457
-2.10707,21.3066
-2.16425,21.4964
-2.0748,21.6963
-1.9161,21.8486
-1.96513,22.0497
-1.93632,22.2572
-1.85949,22.459
-1.84624,22.6611
-1.7463,22.8561
-1.81636,23.0409
-1.86618,23.2327
-2.01576,23.3537
-1.87009,23.4857
-1.73374,23.6257
-1.8174,23.8248
-1.71642,24.0034
-1.82939,24.157
-1.81863,24.3639
-1.75941,24.569
-1.73413,24.778
-1.81928,24.9652
-1.69693,25.1353
-1.61009,25.3352
-1.65316,25.5473
-1.71676,25.7492
-1.62051,25.9382
-1.56388,26.1155
-1.67626,26.2869
-1.81738,26.4373
-1.80276,26.6281
-1.73801,26.8155
-1.72996,27.0171
-1.62606,27.1922
-1.73326,27.3507
-1.72289,27.5599
-1.80223,27.7545
-1.85243,27.9451
-1.87463,28.1339
-1.8843,28.3406
-1.9554,28.5453
-1.92739,28.7488
-1.98265,28.9611
-2.02399,29.1638
-1.95027,29.3549
-1.94457,29.5521
-2.00562,29.7611
-2.00815,29.9545
-1.96448,30.1553
-1.97311,30.3551
-1.99012,30.5557
-1.86,30.7016
-1.7458,30.8725
-1.71168,31.084
-1.75819,31.2816
-1.72193,31.4718
-1.64271,31.6568
-1.55161,31.8358
-1.75443,31.881
-1.72633,32.073
-1.73696,32.2684
-1.68869,32.4845
-1.72682,32.6778
-1.80937,32.8531
-1.70124,33.0296
-1.54996,33.1943
-1.42058,33.3403
-1.54666,33.4995
-1.39529,33.6263
-1.5077,33.7898
-1.58941,33.9735
-1.6567,34.1568
-1.76101,34.3231
-1.76175,34.5154
-1.63582,34.6815
-1.65156,34.8819
-1.56817,35.0694
-1.40402,35.1975
-1.48147,35.3762
-1.48599,35.6097
-1.38038,35.7852
-1.39517,36
-1.28435,36.1949
-1.28758,36.4197
-1.35258,36.6146
-1.21144,36.7597
-2.28549,0.395324
-2.08978,0.477745
-2.06007,0.680176
-2.05558,0.87647
-1.99359,1.07883
-2.00777,1.29194
-2.04702,1.48608
-2.08431,1.69512
-2.01895,1.87902
-1.86643,2
-1.96213,2.20322
-2.02644,2.39452
-2.04034,2.60192
-1.99322,2.79127
-2.04955,2.97679
-2.09404,3.16449
-2.00456,3.35875
-1.9795,3.56084
-2.04866,3.75159
-2.03775,3.96058
-2.03255,4.16028
-1.94629,4.33905
-1.89655,4.54347
-1.88744,4.75988
-1.83156,4.94483
-1.82125,5.15163
-1.84954,5.37088
-1.85434,5.55998
-1.81153,5.7572
-1.79651,5.95305
-1.64531,6.08685
-1.74336,6.27281
-1.8601,6.44878
-1.68499,6.52352
-1.74949,6.70546
-1.70068,6.89444
-1.57108,7.05483
-1.56707,7.25869
-1.48689,7.45147
-1.43962,7.64831
-1.37309,7.82715
-1.33223,8.01949
-1.40833,8.19477
-1.51012,8.35394
-1.45908,8.56106
-1.47695,8.76465
-1.49999,8.97279
-1.30843,9.04148
-1.2078,9.22108
-1.24436,9.41765
-1.27957,9.61602
-1.14915,9.77362
-1.30076,9.89757
-1.41994,10.0556
-1.42547,10.2564
-1.52179,10.4234
-1.455,10.6288
-1.25759,10.6289
-1.30608,10.8319
-1.30243,11.0313
-1.24738,11.233
-1.26853,11.4348
-1.45129,11.5335
-1.33137,11.7031
-1.47531,11.8464
-1.43416,12.0434
-1.4557,12.2355
-1.46045,12.4383
-1.54536,12.6111
-1.64603,12.7943
-1.73291,12.9776
-1.80278,13.1684
-1.67706,13.316
-1.74985,13.5151
-1.81539,13.7086
-1.80331,13.8982
-1.65522,14.0542
-1.76201,14.2183
-1.8028,14.4132
-1.79638,14.6142
-1.84642,14.8024
-1.67186,14.9125
-1.46467,14.9434
-1.43247,15.152
-1.44591,15.3357
-1.57212,15.5066
-1.54762,15.7085
-1.59362,15.9217
-1.53661,16.1039
-1.55362,16.3204
-1.53951,16.5307
-1.45963,16.7133
-1.42693,16.9255
-1.33853,17.1197
-1.31753,17.3086
-1.49495,17.3983
-1.46156,17.5975
-1.2722,17.6286
-1.1981,17.8134
-1.16331,18.0112
-1.26257,18.2016
-1.28634,18.4162
-1.24282,18.6108
-1.17693,18.7953
-1.25292,19.0038
-1.07244,19.0799
-1.10599,19.2719
-1.05756,19.4716
-1.16465,19.6555
-1.07519,19.8394
-1.10969,20.0273
-1.18867,20.2125
-1.20289,20.4141
-1.26155,20.6089
-1.18898,20.8173
-1.22914,21.0215
-1.30672,21.215
-1.36654,21.4248
-1.531,21.5359
-1.41459,21.7024
-1.54372,21.8857
-1.52802,22.0875
-1.52825,22.2895
-1.46291,22.4819
-1.42639,22.6829
-1.43152,22.888
-1.41848,23.1099
-1.31497,23.2777
-1.17551,23.4533
-1.05822,23.6176
-1.19583,23.7568
-1.16045,23.9616
-1.22159,24.1449
-1.35153,24.3052
-1.31505,24.5101
-1.2921,24.7235
-1.14083,24.8611
-1.22992,25.0436
-1.31181,25.2252
-1.32654,25.4183
-1.33409,25.6186
-1.14701,25.7004
-1.12554,25.8894
-0.971876,25.9933
-1.14579,26.135
-1.09241,26.3411
-1.16495,26.5178
-1.34977,26.6303
-1.20794,26.7597
-1.15528,26.9597
-1.27139,27.131
-1.38707,27.3039
-1.44314,27.4903
-1.45127,27.6843
-1.28108,27.8035
-1.36735,27.9839
-1.41795,28.1882
-1.44411,28.3787
-1.34427,28.5505
-1.37797,28.7541
-1.41228,28.9568
-1.43369,29.1498
-1.49112,29.347
-1.62618,29.4973
-1.48486,29.6337
-1.58176,29.8098
-1.48649,30
-1.51426,30.1864
-1.3803,30.3365
-1.30446,30.5307
-1.24206,30.7104
-1.11342,30.8704
-1.14204,31.0694
-1.23061,31.2509
-1.3376,31.4281
-1.34008,31.6465
-1.22925,31.8185
-1.15461,32.0154
-1.20333,32.2249
-1.03443,32.3333
-1.08079,32.5262
-1.06896,32.7364
-0.978137,32.9211
-1.07151,33.1036
-1.01713,33.2925
-1.12683,33.4697
-1.09249,33.653
-0.923683,33.751
-1.03228,33.9176
-1.11171,34.1002
-1.06594,34.3034
-1.20784,34.4533
-1.25648,34.652
-1.13979,34.8343
-1.12975,35.0375
-1.08853,35.2297
-0.950759,35.3889
-1.0607,35.5645
-1.11815,35.7625
-1.12816,35.9622
-1.77207,0.195786
-1.70208,0.376308
-1.56653,0.518674
-1.51287,0.710588
-1.46899,0.907271
-1.51074,1.11562
-1.48371,1.31535
-1.31956,1.44128
-1.20694,1.63119
-1.07693,1.81055
-1.02162,2.00008
-0.933969,2.18799
-0.828867,2.36146
-0.925005,2.54621
-1.0027,2.7193
-1.02854,2.92129
-1.20836,3.04687
-1.20869,3.24551
-1.30194,3.45361
-1.14531,3.59373
-1.3362,3.7186
-1.34093,3.92591
-1.34971,4.12666
-1.42453,4.29848
-1.40632,4.48426
-1.2792,4.64311
-1.108,4.76238
-1.06732,4.9581
-1.01079,5.15827
-1.00703,5.36039
-0.873247,5.50339
-0.983522,5.68104
-0.922064,5.86864
-0.907407,6.08002
-0.888718,6.27748
-0.948002,6.48053
-0.899857,6.6745
-0.943224,6.87377
-0.914204,7.09083
-0.988809,7.27292
-0.8062,7.37521
-0.8476,7.58945
-0.863222,7.78877
-0.867139,7.9939
-0.815882,8.19686
-0.806171,8.39652
-0.729189,8.59736
-0.60971,8.76643
-0.515065,8.96175
-0.566693,9.15408
-0.594133,9.36832
-0.651704,9.58694
-0.847529,9.61964
-0.903224,9.81782
-0.869077,10.0211
-1.05822,10.0949
-1.03129,10.2895
-0.833688,10.2804
-0.868773,10.4812
-0.770764,10.6618
-0.779377,10.8674
-0.631748,11.0161
-0.617204,11.2206
-0.690155,11.3855
-0.777094,11.5746
-0.761741,11.7792
-0.818467,11.98
-1.00511,12.0309
-0.972814,12.2383
-1.03471,12.4398
-1.03861,12.6436
-1.02681,12.8399
-1.02324,13.0459
-0.845947,13.1376
-0.791152,13.3391
-0.749256,13.5462
-0.571071,13.6673
-0.442533,13.826
-0.474831,14.0232
-0.58014,14.2183
-0.717146,14.3747
-0.742338,14.5727
-0.711463,14.7735
-0.896251,14.8824
-0.949478,15.0914
-0.813806,15.2362
-0.981379,15.3676
-0.921161,15.574
-1.00017,15.7614
-1.04288,15.9577
-0.936958,16.1466
-0.84666,16.3382
-0.795369,16.5382
-0.806002,16.732
-0.971241,16.8416
-0.887664,17.0172
-0.738081,17.1784
-0.718984,17.3806
-0.878371,17.4986
-0.942351,17.6771
-0.957797,17.8889
-0.947874,18.0954
-0.822414,18.2302
-0.817837,18.4369
-0.903729,18.6194
-0.812557,18.8176
-0.84945,19.0098
-0.871152,19.2194
-0.794695,19.4031
-0.692571,19.5779
-0.648585,19.7737
-0.558756,19.948
-0.64963,20.1373
-0.70034,20.3361
-0.669615,20.5326
-0.731694,20.7203
-0.690424,20.9236
-0.650177,21.1273
-0.783565,21.2791
-0.729519,21.4677
-0.576385,21.6053
-0.623204,21.8004
-0.730667,21.9734
-0.772945,22.1654
-0.742417,22.3674
-0.679966,22.5548
-0.887608,22.5912
-0.916971,22.7926
-0.783073,22.9504
-0.707991,23.1402
-0.516912,23.1333
-0.582845,23.3321
-0.493768,23.5254
-0.57172,23.7206
-0.544752,23.9343
-0.531372,24.1288
-0.398145,24.3093
-0.400631,24.5202
-0.485388,24.6922
-0.584722,24.8577
-0.555344,25.0573
-0.461121,25.2339
-0.269798,25.2712
-0.250169,25.4652
-0.322164,25.6695
-0.195024,25.8283
-0.208326,26.0341
-0.163126,26.2211
-0.127717,26.4334
-0.0834932,26.6186
-0.143361,26.8129
-0.0778652,26.9968
-0.0904005,27.2021
-0.0418352,27.3907
0.0688874,27.5491
-0.0165231,27.7329
0.0655816,27.9155
-0.0249927,28.0959
-0.224469,28.1082
-0.232495,28.3241
-0.272164,28.5165
-0.288645,28.7169
-0.265401,28.8985
-0.254238,29.1125
-0.230255,29.3265
-0.309161,29.511
-0.273025,29.7095
-0.152218,29.8645
-0.211768,30.0717
-0.322899,30.2412
-0.454125,30.4073
-0.259065,30.438
-0.168941,30.6154
-0.141467,30.8105
-0.250478,30.978
-0.161676,31.1672
-0.197664,31.3668
-0.326126,31.5362
-0.326449,31.7338
-0.448456,31.8788
-0.452127,32.0925
-0.627045,32.2327
-0.571123,32.4288
-0.398774,32.5504
-0.387764,32.7582
-0.301825,32.961
-0.192857,33.1552
-0.159783,33.3606
-0.247798,33.5339
-0.159873,33.7266
-0.147154,33.9225
-0.172928,34.1141
-0.0693879,34.2751
0.118005,34.3558
0.154663,34.5662
0.0467672,34.7414
0.14527,34.9091
0.207541,35.1093
0.23928,35.3194
0.205161,35.5114
2.36839,0.207479
2.42925,0.41258
2.64035,0.388211
2.71228,0.578144
2.81641,0.770516
2.62461,0.832774
2.57507,1.04156
2.68046,1.22075
2.62343,1.42425
2.52872,1.61467
2.55272,1.80788
2.53239,2.01253
2.44537,2.1979
2.38076,2.38966
2.46361,2.57076
2.33364,2.72072
2.35946,2.91241
2.47639,3.07919
2.5422,3.27411
2.68719,3.44388
2.54689,3.57847
2.5413,3.7802
2.65797,3.95457
2.71146,4.14374
2.59662,4.30116
2.67348,4.49771
2.58739,4.68282
2.58743,4.90955
2.61894,5.10445
2.61264,5.31
2.6176,5.50211
2.63959,5.73674
2.72216,5.94488
2.64434,6.15068
2.75644,6.3029
2.61224,6.43905
2.69769,6.6335
2.7483,6.84582
2.90919,6.96664
2.75243,7.09615
2.81697,7.28647
2.9888,7.40298
3.0603,7.57267
2.94228,7.74814
2.93767,7.95049
2.83447,8.12365
2.88178,8.30871
2.70057,8.39887
2.76595,8.58367
2.65709,8.7502
2.74099,8.93329
2.70727,9.13279
2.62754,9.32333
2.66081,9.5205
2.79594,9.66146
2.60735,9.74767
2.5913,9.9322
2.69726,10.1263
2.60051,10.2975
2.75518,10.4082
2.85353,10.5953
3.03332,10.7195
3.07427,10.9369
2.93555,11.0834
2.97862,11.2669
2.89702,11.4645
2.75752,11.6065
2.87812,11.7716
2.74787,11.9297
2.75866,12.1428
2.82657,12.3315
2.95785,12.4945
2.93119,12.7004
2.93356,12.8924
2.91548,13.083
3.00935,13.2599
2.95598,13.4633
3.08538,13.6113
3.13805,13.8033
3.10128,13.9928
3.09318,14.2117
3.07806,14.4323
3.08574,14.6302
2.9176,14.7538
3.01882,14.9273
3.11708,15.1075
3.13848,15.3024
3.05101,15.4909
3.16366,15.6568
3.26313,15.8393
3.2441,16.0269
3.18962,16.2104
3.15053,16.409
2.97483,16.5448
2.83602,16.6993
2.81657,16.9077
2.84233,17.1134
2.89022,17.3144
2.81125,17.4959
2.81859,17.7014
2.99926,17.7845
2.95854,17.99
2.80044,18.1528
2.81392,18.3483
2.85714,18.5524
2.9028,18.7451
3.02249,18.8969
2.98329,19.1019
2.94599,19.302
3.02796,19.4872
3.0468,19.6982
2.88042,19.8154
2.72017,19.9208
2.82743,20.0993
2.99141,20.2386
2.98777,20.4394
3.08024,20.6352
3.15798,20.8167
3.01092,20.9407
3.0572,21.1479
3.03392,21.332
3.06567,21.5397
3.01791,21.7458
2.94198,21.9192
2.95102,22.1269
2.95373,22.3303
2.95878,22.5219
2.95949,22.7201
2.85942,22.8879
3.01269,23.0264
2.89813,23.2049
2.86324,23.4027
2.93506,23.5845
3.02131,23.769
3.0946,23.97
3.07623,24.1583
3.04251,24.3749
3.06121,24.5834
3.15985,24.757
2.9839,24.8568
2.92003,25.0523
2.94925,25.251
2.99307,25.4519
3.0659,25.6501
2.86882,25.6507
2.93221,25.8473
2.98812,26.0494
2.97894,26.2481
2.98006,26.445
2.98268,26.6506
3.04559,26.8528
2.8842,26.9747
2.72637,27.1095
2.64059,27.308
2.53981,27.482
2.5987,27.6656
2.71931,27.8349
2.76801,28.0316
2.89904,28.1868
2.82172,28.3728
2.77539,28.5644
2.91917,28.7022
2.91534,28.9009
2.7698,29.0294
2.73766,29.2123
2.79805,29.4066
2.8198,29.6245
2.76867,29.8173
2.86586,29.9924
2.87267,30.1817
3.04654,30.2727
3.14696,30.4579
3.14486,30.6537
3.08348,30.8348
3.00736,31.0405
2.86333,31.1753
2.74069,31.3348
2.82432,31.5219
2.78892,31.7069
2.8743,31.8784
3.01899,31.9984
3.04537,32.209
3.13658,32.3718
3.094,32.5728
3.14141,32.7757
3.06019,32.9502
3.23793,33.0477
3.22492,33.2557
3.37747,33.3904
3.43607,33.5984
3.55409,33.7562
3.59043,33.9561
3.4492,34.0829
3.26378,34.1519
3.20713,34.3388
3.2658,34.5558
3.45443,34.579
3.41352,34.793
3.25642,34.9188
3.41536,35.0278
3.23996,0.200251
3.19205,0.393228
3.16398,0.612408
3.05969,0.781062
3.08273,0.981994
3.14691,1.17743
3.24247,1.34664
3.35473,1.5225
3.43975,1.71385
3.38717,1.91605
3.19398,2.00277
3.00348,2.08777
3.17181,2.20554
3.23077,2.3886
3.25293,2.5977
3.29491,2.80924
3.28964,3.01685
3.35677,3.20425
3.37738,3.42259
3.31484,3.61081
3.32449,3.82992
3.30094,4.03176
3.44342,4.15888
3.44369,4.36455
3.37781,4.56197
3.4049,4.76545
3.41708,4.95894
3.54653,5.10764
3.54126,5.31646
3.45526,5.49635
3.37476,5.6807
3.47509,5.85859
3.51724,6.04984
3.41874,6.22209
3.42438,6.42879
3.43373,6.63497
3.48138,6.82779
3.55268,7.02152
3.57779,7.21326
3.60444,7.41732
3.55112,7.62358
3.48843,7.83051
3.52222,8.03551
3.49427,8.25133
3.57273,8.44604
3.633,8.65387
3.74434,8.83927
3.68213,9.01687
3.67907,9.22833
3.60223,9.41517
3.48374,9.594
3.36525,9.76984
3.20077,9.8743
3.14393,10.064
3.18202,10.2673
3.2122,10.4589
3.26148,10.6402
3.25714,10.8478
3.35155,11.0306
3.44926,11.218
3.54119,11.413
3.62597,11.6079
3.59638,11.8171
3.55309,12.0283
3.47897,12.2145
3.40087,12.4151
3.32647,12.6038
3.24192,12.7899
3.37516,12.9494
3.39496,13.1667
3.39672,13.3582
3.44247,13.5641
3.51992,13.7535
3.5912,13.9342
3.61211,14.1375
3.67908,14.3223
3.71699,14.5244
3.79052,14.7135
3.71676,14.9078
3.70463,15.1159
3.69193,15.3025
3.79539,15.4737
3.74492,15.669
3.78114,15.8757
3.85333,16.0697
3.9046,16.2692
3.95133,16.4597
4.04129,16.6616
3.93414,16.8341
3.83654,17.0094
3.74919,17.198
3.81196,17.3914
3.85499,17.5856
3.74504,17.762
3.85926,17.9377
3.73996,18.1122
3.63158,18.2747
3.62986,18.4683
3.53427,18.655
3.50109,18.8561
3.53731,19.046
3.61704,19.2414
3.56935,19.4369
3.70532,19.6021
3.7478,19.8073
3.76243,20.0046
3.96344,20.0439
3.89677,20.2412
3.92072,20.4288
3.84543,20.6217
3.89049,20.8358
3.78588,20.9934
3.89118,21.1548
3.83851,21.3517
3.83177,21.5619
3.79102,21.7747
3.84263,21.9907
3.82267,22.1891
3.91288,22.3607
3.79931,22.5334
3.64756,22.6413
3.56656,22.8384
3.42115,22.9813
3.52377,23.1553
3.51946,23.3583
3.36032,23.5059
3.44851,23.6751
3.46681,23.8681
3.58798,24.0401
3.51194,24.2318
3.51568,24.4353
3.55033,24.6325
3.60696,24.8278
3.72481,24.9945
3.9014,25.0884
3.89148,25.3
3.77172,25.4454
3.7909,25.6498
3.63778,25.805
3.67545,26.005
3.63389,26.2081
3.68666,26.4042
3.56262,26.5812
3.56362,26.7836
3.56637,26.9969
3.69053,27.1735
3.57853,27.3446
3.38492,27.4214
3.26825,27.5756
3.26306,27.7958
3.12661,27.9569
3.19204,28.1537
3.05246,28.3047
3.11066,28.5003
3.12292,28.699
3.28586,28.83
3.19847,29.0199
3.19968,29.2323
3.34344,29.3624
3.31951,29.557
3.4547,29.7199
3.48541,29.936
3.67418,30.0586
3.69096,30.2659
3.67737,30.4722
3.71253,30.686
3.7445,30.9002
3.70572,31.0949
3.67489,31.2954
3.76934,31.4606
3.9266,31.5984
3.87655,31.7985
4.02086,31.9361
3.84246,32.0251
3.93185,32.2038
4.03862,32.3813
4.05978,32.57
3.95517,32.7534
4.01251,32.9546
4.11212,33.117
4.16176,33.3204
4.07972,33.5166
4.06938,33.717
4.1455,33.8961
4.07998,34.0827
4.06475,34.2853
4.05448,34.4983
3.97821,34.6844
4.08716,34.8444
3.95978,35.0072
3.87838,35.2149
3.924,35.4203
3.75344,35.5113
3.64954,35.6898
3.66555,35.9045
3.76083,36.0855
3.92816,36.178
4.05272,36.3298
4.19969,36.4889
4.2038,36.6906
4.24294,0.188292
4.12603,0.357012
4.05818,0.558742
4.10198,0.761
4.08974,0.951505
3.97879,1.1164
4.12839,1.2373
4.12331,1.45101
4.09894,1.64542
4.0291,1.85205
4.0851,2.04787
3.96581,2.21585
3.85184,2.37419
3.79883,2.57585
3.85775,2.77015
3.7221,2.92533
3.63631,3.11835
3.80543,3.25596
3.83109,3.44973
3.74923,3.63901
3.73707,3.84654
3.77597,4.03197
3.86144,4.21101
3.85325,4.40936
3.79854,4.60238
3.88771,4.77478
3.90042,4.96644
3.87339,5.17022
3.90773,5.36469
4.00231,5.54358
4.0094,5.74164
4.03825,5.94187
3.97953,6.11653
3.89747,6.29603
3.89365,6.48757
3.85844,6.68586
3.90961,6.8783
4.04835,7.02063
3.9811,7.20346
4.04521,7.40866
4.1045,7.60862
4.23243,7.77338
4.18413,7.96741
4.11245,8.15358
4.13885,8.3544
4.12608,8.54786
4.22639,8.71511
4.03532,8.7877
4.12432,8.97449
4.20103,9.15217
4.13334,9.33182
4.32839,9.3044
4.36266,9.49576
4.3569,9.69718
4.54638,9.77863
4.5433,9.96869
4.5885,10.1674
4.76492,10.2515
4.75885,10.4545
4.7405,10.655
4.83698,10.83
4.84921,11.0319
4.98148,11.1724
-4.86226,11.3221
-4.85237,11.5206
-4.81127,11.7191
-4.78108,11.9224
-4.87286,12.1064
-4.94277,12.2889
4.96655,12.4736
-4.88133,12.6092
-4.86409,12.8112
-4.88223,13.0107
-4.92953,13.2056
4.97127,13.4008
-4.97748,13.606
-4.89996,13.8026
-4.86396,13.9996
-4.9539,14.1824
-4.85811,14.3754
-4.87577,14.5865
-4.97555,14.7613
-4.99518,14.978
-4.94884,15.176
-4.79498,15.3124
-4.90458,15.4823
-4.89314,15.6939
-4.75598,15.8384
-4.91794,15.9661
-4.89865,16.1733
-4.97378,16.3769
-4.87866,16.5485
4.97785,16.7015
-4.99356,16.9065
4.89465,17.0792
4.69895,17.0544
4.76441,17.2509
4.86292,17.421
4.71057,17.5512
4.59872,17.7399
4.73405,17.9011
4.79416,18.0773
4.88858,18.2399
4.89498,18.4333
-4.99396,18.6005
-4.91795,18.7863
-4.89591,18.9841
-4.97312,19.1688
-4.78358,19.2784
-4.74934,19.5046
-4.87249,19.6836
-4.80421,19.868
-4.7398,20.047
-4.77793,20.2378
-4.6516,20.4204
-4.64926,20.6196
-4.75661,20.7894
-4.77064,20.9915
-4.84714,21.1733
-4.78493,21.3681
-4.59415,21.4183
-4.69749,21.5859
-4.76541,21.801
-4.81358,21.9981
-4.86255,22.1953
-4.86487,22.3945
-4.73007,22.5513
-4.65597,22.7338
-4.71555,22.9286
-4.74429,23.1388
-4.61561,23.313
-4.57607,23.5064
-4.60911,23.7198
-4.64571,23.9022
-4.78134,24.0662
-4.76397,24.2721
-4.70469,24.4711
-4.74854,24.6879
-4.88126,24.8531
-4.93408,25.0608
-4.79061,25.2072
-4.71403,25.4028
-4.86594,25.5419
-4.80512,25.7235
-4.70479,25.9074
-4.71021,26.1055
-4.89281,26.2089
-4.91612,26.4071
-4.96876,26.5989
4.99834,26.8049
4.92851,26.9823
-4.9206,27.1098
-4.87921,27.3063
-4.81311,27.4901
-4.75219,27.683
-4.63615,27.841
-4.67279,28.0541
-4.76807,28.2406
-4.74076,28.4409
-4.9058,28.5772
-4.90879,28.8065
-4.87584,28.9958
4.9626,29.0903
4.82106,29.2391
4.77738,29.4488
4.83463,29.6459
4.81177,29.851
4.82232,30.0535
4.84436,30.2582
4.90751,30.4534
4.86204,30.6606
4.95419,30.839
4.91762,31.0528
-4.97789,31.2071
-4.86124,31.3717
-4.87399,31.5677
-4.93329,31.7794
-4.94333,31.9923
-4.93974,32.1927
-4.95146,32.3919
-4.91187,32.5997
4.9784,32.7445
4.83843,32.8958
4.83491,33.0977
4.7489,33.2722
4.86583,33.4508
4.88368,33.6702
4.92534,33.8759
4.95412,34.0769
4.94483,34.2873
4.82755,34.455
4.94786,34.6393
-4.98231,34.8502
-4.91005,35.0588
-4.81726,35.2199
-4.74715,35.4187
-4.77954,35.6285
-4.63031,35.7498
-4.64576,35.9573
-4.75355,36.1364
