parameters (x,y,w,h,rx,ry):-5,0,10.000000,40.000000,100,100
250,49,69,77,60,58,50,28,31,34,31,40,64,59,55,67,48,44,41,41,51,49,48,59,74,69,48,45,57,47,33,37,45,57,55,66,62,42,44,33,31,26,22,21,39,37,46,51,47,30,24,27,21,19,29,30,41,55,60,69,58,45,42,37,30,34,36,50,56,51,68,64,45,28,30,33,42,39,43,58,70,57,43,51,32,19,15,30,39,49,71,55,73,47,33,32,27,24,23,355
534,111,120,195,153,127,96,68,57,55,62,91,126,164,179,145,115,92,81,64,81,108,109,137,154,135,140,125,105,95,84,74,98,116,120,135,122,129,99,73,74,46,38,50,80,92,131,112,110,76,68,54,45,38,54,67,71,114,145,162,150,112,90,87,72,85,82,103,120,133,135,110,109,71,72,59,96,98,107,133,146,160,122,104,76,48,64,57,85,112,159,141,148,133,91,73,49,45,44,716
524,114,150,151,187,133,103,73,54,60,71,82,124,160,158,167,138,80,74,65,77,98,103,134,147,173,143,118,111,94,78,84,85,87,140,139,146,118,117,68,71,45,38,49,67,91,130,134,102,83,65,48,39,34,46,66,88,115,146,170,160,115,113,79,65,61,75,101,114,143,150,117,108,90,57,56,54,93,92,152,180,182,151,87,65,73,40,46,75,115,159,169,163,130,98,72,36,36,28,733
538,95,141,172,182,142,114,62,55,44,70,83,119,167,169,142,141,89,73,73,75,79,119,124,145,177,150,135,96,98,69,72,71,99,108,164,168,134,110,86,55,40,28,29,64,106,130,145,114,89,73,42,31,43,36,48,80,118,162,187,160,130,115,84,37,54,58,100,130,155,147,119,108,81,59,48,62,78,106,160,156,191,159,85,76,38,47,43,67,107,150,163,196,149,87,64,34,34,27,748
501,99,136,164,192,147,113,70,55,34,45,70,133,171,164,172,150,83,75,56,75,73,112,138,162,177,153,144,116,79,63,74,75,91,120,143,159,164,117,88,39,24,32,38,48,107,144,134,133,98,55,49,35,38,31,49,83,120,161,162,179,143,100,65,45,36,81,91,123,166,150,140,89,74,61,65,53,67,96,134,195,189,163,124,56,42,41,50,72,104,159,166,192,136,108,57,29,34,25,756
497,119,136,203,172,146,117,71,53,46,31,74,127,161,196,177,133,98,61,50,70,63,109,120,181,180,156,140,98,80,69,53,74,101,133,151,159,141,111,94,49,34,26,42,57,83,131,156,139,99,66,47,34,42,33,38,78,120,168,168,182,137,86,80,63,46,61,88,125,131,195,133,95,45,68,50,63,64,88,144,176,190,166,110,71,43,44,52,70,117,165,186,173,144,95,45,48,23,24,745
480,115,156,176,172,147,85,77,62,53,48,73,111,161,189,198,133,96,69,43,57,67,100,142,155,205,181,132,108,63,59,52,85,94,113,151,153,159,124,84,61,29,27,43,57,100,110,182,133,94,65,48,36,17,28,47,65,128,156,183,185,100,111,76,67,58,59,93,125,156,160,135,98,71,65,56,47,70,93,158,206,183,136,98,75,41,34,57,74,116,138,209,191,127,72,57,37,36,20,780
472,111,180,171,166,141,107,78,59,43,56,66,100,147,211,180,134,91,69,57,54,69,108,112,184,193,173,144,110,71,62,56,72,81,129,141,161,153,127,88,58,36,19,35,69,93,136,160,136,94,67,23,28,29,29,50,68,113,159,191,180,121,108,70,66,58,67,96,122,148,152,132,103,73,73,44,48,68,91,136,192,185,143,119,68,38,33,47,72,92,167,199,194,140,88,54,44,31,33,751
462,123,155,190,193,136,95,72,53,33,35,66,103,161,204,203,138,112,60,52,64,76,91,153,148,182,176,147,97,73,61,46,66,92,120,144,168,160,125,87,50,32,29,41,73,95,117,159,130,104,57,37,30,32,30,39,70,111,160,213,146,154,108,80,48,48,80,101,138,141,152,133,115,73,62,46,49,64,90,146,173,199,170,113,55,36,31,50,54,107,171,183,190,161,83,64,29,28,24,752
451,106,170,174,191,136,116,63,36,32,36,71,120,159,181,205,144,109,63,47,41,73,103,121,180,188,161,145,92,86,53,53,65,97,121,150,191,167,114,81,47,36,31,44,58,85,130,158,138,113,50,25,36,30,29,35,66,122,168,176,178,141,115,60,58,43,63,111,116,162,161,147,101,75,65,36,52,64,99,144,211,186,171,88,60,43,28,29,59,115,153,197,183,157,104,58,25,23,18,771
458,120,164,177,190,168,98,58,43,29,41,65,119,160,189,187,161,106,60,43,52,68,100,140,166,170,180,149,95,74,57,52,70,87,134,153,184,157,123,76,45,35,24,30,55,94,131,156,136,123,61,43,28,24,25,42,78,124,164,199,172,150,87,68,37,58,64,86,132,161,174,134,92,85,53,49,66,63,86,135,192,208,152,115,56,30,26,28,64,105,162,186,199,173,104,52,30,21,20,736
444,121,156,165,202,181,108,49,43,25,45,69,107,145,177,220,179,100,64,46,35,57,100,136,163,197,180,136,99,62,59,64,71,80,123,152,167,168,123,84,39,40,33,27,56,97,132,143,145,125,76,43,27,27,18,43,71,120,157,198,185,142,91,69,48,51,74,74,140,172,173,126,118,66,54,46,40,60,85,136,206,207,162,109,61,27,25,23,69,95,168,197,188,173,108,63,19,26,23,758
481,116,166,176,185,162,117,52,29,21,53,79,112,158,204,183,177,115,78,51,42,43,103,138,179,189,184,146,86,58,51,56,74,80,106,152,174,175,138,69,36,28,30,40,70,89,124,134,137,122,81,49,26,22,21,50,86,102,141,204,168,143,105,70,54,46,65,85,124,165,185,135,86,96,75,55,29,52,98,153,194,187,178,111,56,43,23,29,58,91,152,234,181,148,104,67,33,19,22,747
478,112,156,173,205,165,99,57,29,40,42,79,99,140,186,204,157,104,79,48,43,60,97,131,171,197,196,145,87,49,54,52,80,77,112,157,205,174,120,63,45,33,27,41,53,102,133,142,140,116,76,45,26,26,29,43,77,90,172,192,171,130,100,75,53,49,67,98,133,152,165,142,101,82,56,58,44,48,79,156,195,201,165,123,57,38,21,30,54,101,157,206,211,144,106,59,44,17,25,735
487,105,152,190,204,176,96,54,46,35,53,78,114,144,193,198,157,90,71,49,59,79,86,133,153,199,198,150,87,69,51,70,72,97,113,150,201,154,115,69,49,29,21,41,51,105,118,154,138,95,84,39,31,25,23,33,63,131,162,180,176,134,116,58,53,54,64,101,123,160,177,145,100,80,61,40,41,51,86,134,206,194,178,113,60,34,23,37,64,100,149,199,198,149,93,73,32,29,20,734
494,87,148,209,202,164,116,54,31,47,58,58,122,136,198,191,157,84,49,55,49,72,106,118,170,178,168,150,96,79,60,59,70,80,119,181,157,172,126,82,44,22,26,37,65,100,127,151,137,120,66,37,28,17,25,26,59,124,159,181,180,146,123,61,47,43,57,104,115,170,200,144,115,75,55,36,34,62,91,152,170,210,186,112,64,28,21,35,44,108,168,188,181,147,101,77,30,18,32,730
450,102,162,168,212,185,107,55,29,25,61,76,127,143,179,177,156,109,58,56,59,62,92,140,164,181,176,158,116,75,48,48,63,92,113,152,184,154,144,95,36,24,19,44,63,92,141,153,136,103,70,39,34,13,23,34,52,100,152,193,177,149,112,71,37,40,52,90,135,182,180,148,115,86,49,38,34,58,95,137,177,195,163,110,62,31,21,31,66,108,170,209,221,137,91,49,22,25,18,728
427,108,148,187,228,164,100,72,35,29,44,63,120,154,188,183,141,111,72,39,63,80,75,129,168,197,179,119,120,87,58,51,58,91,110,142,188,165,140,92,48,31,21,32,60,116,125,147,145,88,70,39,35,25,18,25,55,91,148,207,180,161,118,61,29,48,57,99,127,162,180,154,107,86,51,40,34,63,96,143,202,207,161,116,67,28,25,41,52,118,174,215,211,152,76,31,28,23,24,776
439,98,168,193,197,179,109,69,32,28,35,55,88,160,222,225,134,89,67,52,61,63,94,133,180,198,161,127,113,75,54,53,63,84,127,170,172,159,127,78,60,32,25,30,70,105,132,154,131,103,63,53,34,16,16,28,60,113,148,193,179,172,109,72,38,40,51,92,139,178,168,151,120,76,39,35,36,53,99,144,182,202,170,131,62,36,23,35,45,91,177,216,232,148,89,38,20,17,23,761
431,114,162,202,183,162,117,70,40,27,22,51,101,146,233,216,145,99,51,60,58,65,82,142,180,199,176,129,96,70,51,50,65,79,121,167,184,160,111,92,49,22,26,46,70,106,156,143,123,100,67,41,36,22,17,38,55,111,163,208,159,145,118,75,43,32,53,101,151,154,164,155,109,77,52,32,37,53,105,135,191,211,168,115,62,31,22,38,50,93,164,199,233,151,98,35,26,15,15,763
450,109,148,193,190,167,112,74,39,29,34,51,115,164,209,190,157,108,72,51,51,69,92,130,194,211,185,140,89,47,50,51,64,94,118,155,171,149,119,89,50,28,34,47,67,102,141,148,128,108,62,43,40,18,24,25,75,96,145,202,182,151,89,63,55,41,55,91,129,177,162,144,121,92,51,33,44,53,87,132,211,239,185,92,42,26,23,28,41,100,151,220,212,154,111,47,31,15,15,761
445,107,162,213,202,135,107,61,46,29,25,69,100,155,189,184,174,101,78,51,45,72,85,131,192,200,169,144,101,60,55,58,71,100,135,156,157,142,124,84,49,32,25,38,66,102,118,155,137,116,78,43,30,25,20,37,60,106,156,193,187,148,100,61,38,35,62,104,127,164,182,155,121,80,46,40,35,44,105,125,210,208,168,103,61,33,20,28,42,85,154,194,228,169,97,52,22,16,18,738
464,101,133,197,200,170,113,71,36,24,41,53,97,148,185,195,167,124,81,51,47,60,107,140,167,200,156,140,96,72,47,49,72,110,115,154,163,169,115,82,42,30,26,43,61,91,125,143,159,146,79,46,29,11,18,30,65,95,172,186,194,142,94,63,46,42,70,95,117,148,185,159,113,72,57,32,38,56,99,157,187,209,163,119,52,35,24,24,46,88,144,195,207,192,117,47,26,14,13,755
441,92,146,174,217,175,119,74,28,27,35,52,103,144,188,191,167,123,76,52,42,70,99,128,162,202,167,146,121,72,47,54,71,103,142,150,154,146,129,69,48,23,30,42,61,73,153,149,168,121,90,59,24,14,13,25,60,111,173,211,188,133,94,66,50,32,59,97,122,163,175,153,116,96,49,26,35,54,112,160,180,198,159,110,62,27,18,22,59,81,167,188,213,177,117,55,35,19,17,766
434,93,138,192,209,159,127,68,35,27,47,71,95,145,187,197,142,124,83,49,49,61,91,159,175,184,166,121,105,72,53,51,74,109,130,158,177,158,128,76,37,19,28,41,55,95,138,146,144,120,96,47,28,14,13,25,61,122,200,203,174,149,88,57,38,37,61,97,118,144,182,175,134,70,52,31,29,52,100,164,203,195,172,110,56,32,24,23,46,99,160,211,224,141,100,49,37,20,16,760
434,84,140,195,192,190,114,64,38,27,38,62,106,150,204,203,173,96,59,61,60,52,86,125,175,217,187,122,91,69,56,53,74,83,153,146,175,169,122,75,42,23,27,36,59,100,129,160,166,119,79,48,24,14,17,24,68,125,189,195,180,155,84,58,38,44,52,87,115,133,195,171,109,91,35,32,36,44,97,146,214,228,185,83,56,36,15,24,44,102,141,232,208,167,97,57,28,23,20,764
435,58,130,192,220,188,115,66,31,37,34,61,101,151,218,211,153,107,57,52,57,64,96,133,163,203,178,132,80,73,68,60,67,92,120,153,178,136,127,83,49,32,38,26,50,82,158,163,154,119,76,54,23,12,20,36,74,124,175,188,186,138,88,57,38,42,54,86,109,164,181,177,131,73,38,37,40,52,97,151,218,201,167,96,50,32,20,12,37,86,191,209,203,158,100,56,38,27,20,761
436,89,136,176,210,182,125,69,37,29,34,60,105,150,207,220,136,104,68,57,48,53,98,130,177,187,174,139,102,67,56,66,64,96,135,162,166,161,128,79,43,27,26,44,53,94,142,172,160,120,81,47,19,20,19,41,63,118,157,206,187,142,95,43,48,35,57,86,122,148,182,159,134,98,48,38,28,60,84,152,219,209,165,109,51,34,19,20,40,95,168,198,210,166,99,59,40,32,18,741
445,91,124,196,193,172,116,67,42,15,37,72,114,154,207,194,147,115,72,68,52,44,85,124,175,197,179,135,95,61,73,66,67,106,108,160,190,163,109,67,34,25,27,42,63,88,150,177,154,109,71,50,23,22,22,40,65,99,162,198,182,164,100,48,36,37,41,104,138,145,158,179,137,80,46,30,42,45,93,165,219,196,171,93,59,28,24,29,28,88,144,225,214,174,110,55,33,21,21,752
448,89,131,175,201,168,122,73,39,36,31,43,103,159,191,208,173,107,57,58,53,53,75,137,163,203,194,132,94,74,63,60,68,89,137,179,174,159,102,72,34,23,34,47,68,98,141,177,161,112,61,47,20,21,20,39,61,96,165,200,191,146,102,44,48,36,55,73,114,148,185,166,138,86,51,32,35,40,104,164,211,202,165,100,58,29,23,26,43,96,142,208,230,162,98,69,26,14,32,751
439,91,126,174,177,168,130,87,42,30,33,48,102,163,194,210,166,101,72,47,37,48,65,134,153,207,183,155,101,69,48,58,68,105,130,150,182,162,108,59,41,29,31,46,71,108,146,196,146,104,66,40,23,14,27,24,54,103,173,191,193,148,93,64,43,33,54,78,117,160,196,166,131,92,53,28,31,58,99,155,203,205,171,103,56,35,17,22,32,100,145,218,214,173,103,57,25,19,24,739
447,95,132,179,194,149,127,85,37,36,36,48,112,140,209,212,179,98,55,49,34,61,70,138,161,181,213,161,81,74,47,47,71,108,125,166,164,176,104,83,41,30,21,47,82,96,185,186,142,118,61,39,24,18,21,42,65,114,144,155,203,154,101,57,43,49,58,70,112,168,170,185,128,92,52,36,35,58,107,138,191,200,188,106,54,31,26,22,40,98,165,198,209,162,117,57,37,25,25,737
447,76,130,174,205,177,112,69,41,35,33,52,84,167,199,205,178,97,72,42,34,45,86,118,164,197,192,159,109,69,44,39,68,95,144,154,168,174,113,76,54,33,34,37,72,120,145,182,137,108,65,41,33,16,23,26,82,123,131,182,189,130,88,69,45,50,49,80,119,156,181,166,136,90,49,34,35,62,97,133,197,208,167,124,61,31,21,29,59,101,144,199,207,165,110,42,38,27,18,749
458,77,125,174,193,195,120,70,45,20,27,61,85,143,210,226,177,109,71,41,32,54,78,116,195,176,200,154,108,58,57,35,61,99,120,171,157,171,112,89,42,32,37,42,72,119,135,172,155,103,68,41,23,22,20,50,65,106,154,183,195,132,90,52,46,40,60,86,126,153,169,184,145,78,57,37,34,46,93,128,203,212,176,123,69,26,20,35,49,84,164,199,195,165,107,69,28,24,17,721
440,83,146,187,210,164,101,85,40,27,28,61,82,161,218,186,164,97,79,48,45,42,83,116,183,199,189,150,94,84,47,54,62,70,126,142,173,181,136,69,50,38,28,53,77,109,157,151,137,117,86,38,22,19,37,37,59,90,165,187,200,127,90,54,46,44,60,93,132,160,156,188,126,81,55,41,30,50,87,150,182,213,183,125,57,29,12,25,59,119,149,196,193,164,110,62,31,11,21,755
414,90,139,190,192,167,114,72,34,29,36,56,100,158,210,183,157,98,81,40,44,50,73,116,178,197,185,168,97,61,51,47,82,80,105,147,194,169,131,72,44,34,34,58,77,111,149,174,129,111,72,45,22,16,16,36,64,100,160,202,182,159,80,67,47,38,67,90,125,125,183,165,142,73,50,39,35,50,78,141,184,235,189,113,67,33,19,20,54,95,183,193,192,164,99,63,24,13,16,796
403,98,172,181,168,157,126,75,41,32,19,64,100,129,192,211,176,99,71,46,34,50,65,116,168,196,196,153,114,62,44,51,61,90,119,163,195,164,119,82,37,27,41,59,80,102,114,159,161,133,70,34,49,17,14,31,55,114,181,221,182,124,89,48,46,46,41,95,131,172,175,162,129,82,53,31,26,60,83,125,181,225,184,130,57,34,14,17,40,108,175,219,176,173,114,48,21,16,15,791
415,94,146,181,191,176,119,81,33,28,28,50,113,155,199,193,173,130,67,44,40,47,79,111,177,208,188,160,106,70,48,54,71,78,131,135,184,167,142,62,53,19,38,60,75,97,130,146,158,125,77,55,32,18,13,30,46,111,198,221,165,125,105,48,34,41,52,75,121,175,199,148,134,86,54,37,31,60,86,144,175,191,189,113,82,34,16,19,42,104,175,206,201,158,96,60,32,16,18,769
421,115,132,171,200,186,113,60,37,22,32,56,95,161,182,217,173,99,71,24,34,58,83,99,169,196,169,146,115,73,55,52,72,78,119,152,177,166,118,88,43,34,35,48,89,107,137,146,151,127,79,48,25,18,24,39,54,98,173,209,189,134,101,47,46,42,47,83,122,186,173,173,123,76,40,41,36,52,92,129,175,226,177,107,69,32,22,23,51,92,165,193,209,168,105,58,32,25,21,772
412,117,150,192,194,167,116,49,32,26,38,54,95,161,204,225,162,103,69,33,33,53,74,126,162,165,199,157,102,66,60,53,71,95,134,144,183,142,131,91,51,29,33,50,78,106,146,147,172,130,77,43,25,9,19,38,66,106,162,201,180,163,75,47,42,41,57,74,134,180,186,158,140,75,47,35,36,55,81,143,211,216,161,101,59,28,23,24,50,97,156,185,209,192,94,55,28,26,23,777
442,110,150,197,194,153,94,71,40,36,30,73,92,145,181,216,174,112,67,34,42,57,92,107,162,187,179,158,106,62,45,50,69,97,118,158,176,157,135,92,45,15,34,46,86,121,140,159,143,116,79,53,22,12,8,34,57,117,167,206,190,151,98,53,41,45,54,96,133,179,173,139,122,92,54,41,44,52,98,128,202,196,183,98,64,29,18,38,49,97,125,192,218,161,109,53,35,14,23,776
438,113,148,188,180,166,108,62,25,21,46,67,108,152,175,180,175,125,63,41,40,64,76,115,156,201,184,142,120,56,49,38,63,105,117,169,165,178,128,89,48,23,33,48,75,109,146,154,168,122,75,38,31,10,6,23,66,98,167,192,186,165,107,50,39,28,64,85,138,187,184,164,103,90,48,31,43,54,85,164,199,206,150,105,58,29,18,46,64,76,155,186,189,165,109,63,45,24,21,766
444,104,142,190,223,155,95,47,29,24,46,63,131,162,167,179,161,128,78,38,43,64,73,120,155,170,210,152,104,57,50,40,71,75,115,177,165,165,128,92,42,34,34,31,83,125,160,134,164,129,69,43,28,11,12,27,54,110,172,194,204,150,103,75,40,24,62,76,152,197,167,162,103,81,46,39,33,60,100,163,195,202,161,99,58,30,29,32,53,93,146,172,184,166,129,67,35,26,17,750
435,130,154,187,182,154,94,54,27,33,38,61,120,172,175,186,163,106,62,43,46,46,82,129,173,200,184,152,104,65,33,60,68,89,106,145,199,159,141,70,62,27,41,34,78,117,150,185,140,107,74,38,21,16,18,31,58,102,169,203,186,143,103,65,47,26,52,95,140,156,196,174,108,93,62,22,41,64,109,161,176,198,170,95,45,38,27,29,65,90,152,172,167,160,132,71,40,15,24,770
439,117,169,186,185,160,84,61,34,33,33,62,117,155,193,205,151,109,41,39,45,60,80,124,157,191,183,149,109,67,49,48,69,94,113,147,170,153,142,75,45,37,26,49,76,122,162,176,154,113,70,45,26,10,18,28,66,108,170,217,186,138,85,56,45,33,55,89,120,195,202,162,109,56,49,45,47,64,80,158,171,215,179,108,60,33,23,38,53,87,135,183,179,181,115,78,49,20,24,778
450,125,184,167,161,148,100,55,39,35,37,62,89,178,212,204,163,79,56,26,46,70,83,115,162,206,195,127,101,60,49,54,67,82,129,175,172,157,114,80,44,26,32,48,71,122,169,181,160,104,70,46,18,11,18,31,90,103,179,207,153,149,77,64,36,35,61,99,147,150,159,163,142,59,44,45,53,55,94,148,189,186,174,115,63,33,19,33,52,94,150,176,180,176,104,87,40,21,13,744
437,123,157,174,196,156,120,54,29,30,34,48,115,154,229,210,146,90,47,31,36,64,94,121,163,196,175,157,98,65,58,51,47,91,130,171,194,149,93,69,42,39,24,52,51,106,171,173,178,129,54,39,24,18,21,40,75,115,165,190,194,155,88,42,40,32,59,101,122,162,151,179,116,83,43,42,42,61,79,149,188,202,170,114,80,34,16,25,63,95,134,197,182,188,112,64,46,17,11,762
438,116,152,186,179,175,113,57,29,17,35,49,103,169,245,213,129,100,43,36,35,48,90,130,162,188,184,174,107,45,41,49,60,107,143,160,188,154,99,85,42,28,31,45,69,117,168,181,157,119,73,39,27,25,26,31,58,99,166,209,167,142,109,58,34,38,57,102,142,155,177,150,110,86,52,34,33,45,96,141,211,206,201,113,58,42,26,22,54,92,134,187,208,171,114,53,39,14,17,771
436,104,146,170,185,168,120,70,30,18,27,56,103,159,245,188,150,96,47,41,33,63,82,101,161,213,196,156,107,48,56,46,58,73,147,187,169,138,103,84,57,34,22,38,86,125,157,149,140,125,94,47,31,13,29,39,63,105,154,202,177,153,93,52,42,40,46,97,154,155,165,150,124,74,56,39,19,46,83,151,184,231,181,124,62,25,23,29,41,89,144,187,206,171,120,54,35,18,21,784
434,99,148,179,193,173,114,54,28,21,29,55,106,153,208,221,163,86,60,35,41,56,86,101,159,188,215,155,102,70,51,48,65,75,134,165,166,162,120,71,54,46,25,31,68,121,168,155,168,99,98,52,27,21,29,34,60,108,161,230,181,137,100,69,44,29,66,83,141,170,190,151,111,74,38,31,29,40,83,149,229,209,180,114,61,28,24,44,44,93,150,182,202,176,91,65,31,16,24,776
465,89,162,187,201,174,106,58,34,29,23,50,91,172,196,217,157,105,62,36,37,54,89,105,173,204,187,145,105,67,58,47,72,81,131,160,180,155,95,79,43,35,40,36,73,115,178,162,144,123,69,54,22,24,23,33,60,94,174,196,194,127,99,56,47,35,67,86,145,163,179,156,120,68,42,26,30,48,89,145,222,210,178,106,63,39,21,36,56,91,136,198,225,150,117,42,38,22,12,755
464,113,154,192,189,170,102,70,25,24,38,62,108,135,214,225,160,100,56,26,24,61,92,130,164,189,196,144,99,60,52,59,50,84,127,181,190,157,101,70,35,33,26,46,72,107,176,182,145,126,69,51,20,18,28,21,60,99,163,211,195,160,104,53,51,43,58,78,140,183,162,137,124,79,43,23,34,49,82,138,201,242,177,111,60,29,14,29,66,98,156,190,211,131,109,64,28,30,17,745
473,107,160,170,176,177,112,65,30,22,31,64,115,169,181,202,150,81,55,31,37,50,81,148,183,194,165,138,98,68,55,51,65,93,104,177,200,149,89,68,53,34,28,43,82,107,180,180,123,113,89,55,32,13,23,26,56,108,129,199,214,150,112,52,45,42,56,97,127,175,181,139,108,86,43,28,27,39,78,129,209,230,195,106,67,28,18,24,55,105,148,185,203,179,114,61,36,14,28,727
475,114,162,168,189,149,115,68,41,21,26,50,108,184,212,171,137,101,48,39,33,40,85,139,176,194,176,143,103,71,44,50,62,92,137,166,168,180,126,65,48,31,17,38,81,118,171,165,132,103,91,54,33,16,14,24,56,111,179,178,212,164,118,46,37,47,50,94,132,161,192,141,120,65,47,27,31,30,77,129,210,217,208,113,63,33,24,25,42,93,161,210,183,179,102,67,26,14,26,739
478,110,135,206,190,166,117,56,35,19,37,60,108,184,210,197,140,87,64,33,26,58,81,135,158,197,163,147,118,65,58,39,64,88,133,148,175,171,126,77,37,17,25,53,73,126,155,186,140,100,98,52,34,12,13,26,57,122,167,193,202,136,116,56,40,37,56,92,130,184,184,133,114,77,52,30,21,36,70,134,201,228,225,112,65,25,27,27,56,93,149,203,200,157,127,50,34,19,26,739
447,98,160,177,251,175,96,49,46,22,41,67,113,150,191,193,148,96,68,33,29,52,79,141,174,177,165,142,111,67,45,51,70,67,132,178,168,176,140,60,33,18,20,59,75,119,160,164,167,117,71,61,31,15,14,24,51,113,197,194,186,138,106,68,42,33,61,86,144,155,189,131,119,80,57,29,29,31,71,142,193,239,192,112,73,42,23,29,57,83,167,190,190,168,117,61,30,20,32,711
422,91,163,186,213,182,107,41,37,33,34,64,109,159,198,186,153,103,60,51,21,53,93,128,161,191,164,151,117,53,43,52,74,92,133,178,180,162,107,67,30,17,28,47,74,115,165,149,179,136,62,60,37,15,12,29,49,121,193,195,162,129,125,59,37,46,48,97,132,149,178,177,110,77,54,28,19,47,64,133,212,242,188,111,51,40,32,34,58,101,147,203,182,168,111,55,24,21,23,768
393,103,142,193,215,185,116,57,17,29,48,44,104,183,206,200,133,111,60,37,39,42,95,127,172,196,186,134,92,54,48,53,70,81,135,175,197,152,125,74,38,26,30,48,68,107,150,183,163,118,92,65,28,16,20,37,61,111,177,187,176,154,95,66,39,45,56,93,135,150,176,146,99,88,50,32,32,34,77,131,214,217,181,114,68,30,16,31,72,90,154,202,189,170,106,56,20,18,21,786
415,112,146,193,205,185,114,50,23,27,41,63,107,158,202,184,176,95,56,35,43,51,97,111,159,188,210,136,100,53,54,44,63,101,141,156,196,141,121,65,43,28,27,39,88,115,153,174,146,116,92,59,25,14,23,33,73,118,176,188,180,141,104,63,32,49,74,82,133,178,172,142,97,78,56,35,29,46,71,158,178,248,192,110,56,28,17,38,63,85,143,195,225,154,101,60,27,14,16,752
412,88,152,182,214,200,102,50,36,31,33,57,108,166,155,213,166,94,54,53,39,50,81,111,168,210,166,168,109,55,39,49,65,99,140,164,169,156,120,72,48,23,23,41,81,121,175,175,147,122,93,46,33,20,19,28,64,124,167,187,186,134,100,56,42,33,67,96,156,160,183,151,93,85,54,20,28,48,74,143,209,238,182,122,53,22,17,35,51,102,150,226,196,168,109,45,18,20,23,756
411,93,151,198,191,176,134,74,32,25,42,51,106,167,188,197,158,98,65,51,42,47,81,112,179,194,181,153,109,49,40,52,68,107,111,159,182,161,103,81,40,28,13,40,68,124,171,188,158,103,73,61,33,17,12,19,58,128,160,216,199,142,81,63,36,34,63,96,135,165,188,150,116,80,50,30,27,56,85,140,216,210,190,95,57,41,16,26,51,108,150,183,224,167,97,59,20,22,19,778
389,100,144,189,205,176,115,71,33,26,31,83,113,158,187,201,168,89,54,54,34,52,78,137,158,197,200,160,88,51,39,45,59,102,134,156,201,174,110,71,44,15,23,40,79,112,189,178,161,100,81,54,28,17,11,35,56,125,165,214,212,134,84,53,28,33,61,87,130,180,183,168,114,70,47,37,32,50,97,137,201,244,154,103,67,30,26,36,32,113,150,196,197,163,113,55,31,21,24,776
420,90,168,182,198,180,111,65,34,24,28,59,119,146,179,215,186,91,49,46,47,50,85,137,183,186,179,147,97,51,43,46,64,85,112,168,198,181,118,82,31,20,14,32,78,136,156,179,164,108,87,60,27,16,14,34,54,115,179,204,208,141,86,51,34,40,57,101,125,176,171,130,117,73,47,37,31,43,75,164,221,193,173,111,64,37,26,32,49,93,139,166,210,160,122,68,35,21,18,758
424,97,141,213,182,177,111,54,31,18,41,67,127,147,188,205,162,99,65,41,36,49,102,145,174,206,161,136,95,57,45,38,47,84,133,175,188,161,141,78,37,23,21,31,60,135,168,177,181,120,75,40,18,23,13,27,50,101,168,224,200,154,104,41,29,38,58,100,123,165,161,142,106,88,53,36,37,53,94,129,208,193,179,117,76,31,19,34,58,92,141,189,195,155,113,69,40,20,21,778
450,76,153,192,190,174,113,65,35,22,37,68,91,168,186,199,152,105,67,40,44,47,87,130,206,194,164,145,91,47,34,39,52,79,133,168,198,178,133,75,45,17,16,31,70,115,171,177,178,111,82,38,35,20,12,31,51,112,153,194,208,168,72,60,27,48,71,85,138,156,164,152,125,69,59,35,30,51,92,127,205,206,178,131,77,25,19,33,53,77,165,205,203,168,114,59,29,29,28,738
440,93,133,202,201,172,105,74,37,21,32,61,102,146,189,222,149,98,61,48,40,55,85,128,154,185,220,132,80,54,42,36,52,70,135,170,202,176,119,81,41,23,17,25,74,103,168,184,177,111,69,53,33,15,11,29,53,126,150,215,204,145,95,60,48,30,62,95,127,160,171,141,133,73,58,46,36,43,76,133,216,222,181,128,68,31,26,32,54,88,146,206,220,147,114,46,38,28,26,748
431,76,165,183,216,174,106,58,37,28,27,62,108,156,191,203,182,87,60,41,44,46,95,128,164,199,191,129,84,53,40,38,60,81,108,165,207,175,131,78,52,26,18,33,64,130,154,190,167,111,80,59,18,12,21,26,54,97,184,214,207,151,97,54,27,41,57,98,142,174,154,152,115,85,55,40,39,47,78,123,206,204,183,129,65,31,23,28,47,99,132,205,213,170,85,71,36,23,26,759
430,103,141,211,207,163,102,65,36,25,24,53,111,166,188,201,165,88,63,37,42,63,84,122,176,193,176,149,88,58,36,29,56,87,132,151,183,185,143,86,45,13,21,30,59,116,157,190,182,105,85,39,29,21,18,32,42,112,165,199,209,156,103,43,27,32,54,89,140,154,168,136,111,91,65,37,31,55,81,148,196,187,205,116,65,29,17,27,39,109,164,191,209,157,107,61,34,17,31,769
416,112,158,190,213,144,115,63,45,17,30,47,112,169,185,195,175,101,47,41,42,50,88,146,169,180,184,145,84,68,33,48,55,86,115,152,175,200,146,90,39,14,16,33,63,128,162,209,172,108,87,35,30,19,17,25,64,121,157,182,206,168,104,57,36,35,55,87,132,152,183,142,116,91,66,43,33,53,80,120,216,213,153,126,62,35,18,25,57,113,152,199,195,153,113,53,38,17,15,769
428,105,181,193,203,150,101,70,33,34,29,46,108,160,197,193,151,114,64,24,59,53,72,124,177,201,201,122,89,59,35,52,61,86,123,155,182,168,137,80,29,22,14,38,75,122,160,173,176,120,73,58,27,18,14,30,75,126,140,175,223,152,98,58,29,42,56,90,124,169,160,145,109,112,54,41,42,42,82,131,207,222,184,103,52,30,32,39,52,99,156,181,195,173,108,59,28,19,24,759
415,99,161,180,197,172,109,68,30,25,29,50,103,175,205,187,164,103,59,43,34,55,75,120,171,213,206,115,82,64,46,52,65,88,125,144,180,179,137,79,43,26,22,43,50,109,157,169,189,146,81,50,24,14,16,28,73,99,173,195,171,146,103,62,38,37,54,89,142,150,152,156,123,99,66,26,34,35,78,132,208,220,183,102,54,37,21,22,58,116,151,186,210,173,104,55,32,17,8,792
433,78,145,165,196,189,111,63,40,22,31,51,106,168,215,213,133,90,64,44,42,45,66,149,186,207,183,113,80,71,45,46,53,88,128,156,176,176,124,70,48,22,24,47,53,104,146,170,179,147,102,43,22,15,18,25,59,122,178,204,194,150,100,59,38,43,53,98,113,155,166,150,137,89,62,36,28,54,87,118,191,210,195,123,63,34,27,32,58,108,144,189,201,165,112,61,31,16,13,783
423,95,154,154,215,163,130,64,30,39,19,48,110,160,199,204,144,92,63,43,35,45,94,132,173,211,173,117,99,59,41,52,69,100,116,167,187,164,126,70,42,19,21,35,69,102,132,166,177,142,87,58,22,9,23,32,56,98,179,214,192,157,106,54,34,34,48,103,99,150,191,155,113,109,51,35,33,42,78,133,178,231,186,128,48,41,26,31,66,100,139,204,188,154,117,61,33,14,8,795
433,105,131,192,191,176,118,74,26,35,38,63,125,143,201,178,154,106,72,40,39,56,80,129,199,170,172,156,98,55,39,55,69,94,119,187,195,154,114,74,36,24,19,38,58,96,134,179,208,120,88,49,19,12,25,26,57,112,170,229,195,129,91,62,40,31,50,73,120,172,177,170,135,75,43,26,31,53,86,135,214,218,177,105,59,32,20,39,55,101,138,183,168,181,100,67,38,17,15,769
436,97,148,175,214,158,144,76,47,23,38,68,113,159,190,192,161,101,68,49,37,55,72,122,174,208,194,123,98,56,37,48,66,93,146,162,185,141,118,66,55,28,25,35,56,89,142,167,177,127,108,61,29,11,17,33,57,116,185,208,186,133,97,55,35,41,58,72,121,176,180,154,125,78,44,41,39,46,67,144,206,229,162,113,60,36,28,36,67,115,150,153,192,166,113,60,40,25,11,754
436,105,133,173,216,166,111,73,36,24,33,63,100,160,199,209,151,120,71,51,33,46,82,122,196,177,165,162,93,72,50,54,64,84,121,151,181,163,109,81,45,25,30,31,51,105,136,164,191,133,91,54,31,14,28,32,61,126,172,222,183,151,87,60,36,42,48,87,140,136,165,157,131,86,54,37,37,41,76,153,208,223,167,107,49,37,22,28,71,96,170,179,180,152,129,65,39,18,10,744
448,101,123,212,196,156,112,75,50,37,42,75,78,135,207,183,155,125,74,43,24,32,91,139,166,195,175,134,112,50,51,45,64,85,108,176,182,168,113,72,41,35,21,18,51,98,153,186,177,142,82,53,31,18,28,30,64,115,187,204,184,145,85,51,37,43,52,94,125,141,176,157,142,81,53,28,34,53,98,147,203,206,162,110,61,37,27,25,41,111,152,194,185,157,112,69,29,20,20,720
433,107,143,184,201,157,113,68,45,28,42,69,107,156,206,173,146,107,73,42,29,38,98,118,185,196,175,156,99,57,58,61,66,73,119,194,166,160,106,80,41,31,24,20,47,81,150,212,190,125,87,54,40,25,20,35,61,104,179,209,172,135,107,59,40,50,58,80,114,157,179,134,127,87,58,38,29,53,95,139,180,244,138,125,69,41,21,31,40,116,176,168,195,168,113,55,33,18,14,761
448,93,146,183,211,178,144,50,36,23,31,68,91,149,201,202,142,114,64,44,32,45,79,123,169,211,187,138,110,71,53,36,80,92,115,157,178,159,115,71,49,29,23,31,42,108,143,180,168,129,88,53,42,18,27,36,70,117,157,198,186,134,104,53,44,45,87,73,116,148,165,164,121,82,53,43,44,53,86,117,188,238,155,125,77,30,28,31,60,87,180,175,200,169,89,84,33,17,25,736
438,83,149,163,182,183,134,79,34,34,36,51,96,159,213,171,165,113,60,44,32,50,67,108,177,210,193,142,95,67,55,46,77,96,117,158,180,153,123,86,42,32,17,29,53,100,153,170,175,118,92,60,34,26,21,34,60,127,162,192,201,115,98,65,36,59,75,72,112,144,156,165,113,82,68,41,46,54,95,123,166,207,185,130,77,40,23,36,59,104,134,222,195,137,103,72,36,24,19,763
415,96,124,171,204,166,130,83,47,32,44,57,94,173,184,188,156,113,67,36,40,49,82,114,146,227,180,163,101,65,33,62,73,88,104,140,200,153,118,88,53,35,21,34,50,90,150,181,160,139,71,64,38,27,19,33,54,138,152,194,190,129,85,67,42,47,61,77,130,143,154,154,114,88,71,45,40,61,77,126,176,216,194,113,66,38,22,36,66,91,146,173,199,148,119,68,36,28,22,771
448,67,119,202,202,168,113,75,47,42,44,49,98,160,199,199,148,92,81,52,47,56,86,117,169,200,174,159,97,70,47,53,64,95,99,152,191,140,126,76,54,26,27,24,50,91,137,169,179,137,86,50,34,46,25,35,60,114,159,185,187,157,91,57,48,39,43,103,118,155,152,144,112,94,68,33,43,53,95,135,168,211,160,149,81,44,33,29,61,89,154,186,191,150,127,70,42,21,24,737
469,88,139,162,191,179,122,86,52,37,46,61,89,154,206,188,147,103,63,54,42,56,87,119,150,163,175,162,107,56,55,63,63,86,112,136,177,184,117,80,49,28,25,27,52,95,151,165,173,120,91,60,42,27,29,31,55,116,173,171,196,165,95,75,40,40,52,78,123,153,144,170,132,83,69,47,31,53,68,145,190,210,160,115,76,41,29,42,59,93,138,199,176,149,105,79,44,31,24,712
444,87,152,192,202,170,117,91,38,33,46,75,100,173,192,186,145,117,70,46,45,52,66,121,134,202,198,141,88,67,60,55,62,92,116,155,181,154,131,92,47,22,23,40,70,92,116,191,163,136,81,61,26,27,26,45,54,98,161,192,193,144,105,64,42,48,60,97,96,160,158,151,119,88,78,47,31,45,88,144,190,189,166,116,75,45,48,34,65,104,146,186,183,146,105,69,47,40,41,723
446,94,127,198,192,182,113,74,51,39,56,67,106,180,181,160,146,121,86,48,46,48,84,119,160,172,170,135,89,72,57,64,52,91,113,157,182,155,116,78,55,32,22,40,62,91,142,147,177,124,103,57,34,25,23,43,52,97,155,191,195,147,105,69,38,42,62,82,108,150,153,147,147,81,71,41,42,55,92,129,166,187,152,129,75,62,37,44,64,112,152,207,157,134,96,68,59,40,36,736
446,94,134,176,201,158,112,101,44,53,58,82,110,158,183,180,160,120,76,58,43,61,90,110,152,183,167,124,100,84,60,48,40,86,145,165,172,137,145,91,49,38,30,37,61,95,138,166,164,113,104,60,37,23,26,41,58,102,154,181,168,150,93,81,61,49,65,80,115,131,153,151,128,87,54,52,50,59,82,130,182,175,137,148,74,58,29,38,59,107,156,175,176,131,108,67,47,41,39,708
444,97,137,179,169,162,119,85,43,54,76,68,116,133,179,172,167,112,75,62,52,53,95,97,139,177,165,133,98,79,50,54,54,110,114,155,142,156,114,97,55,44,33,53,58,76,163,166,143,124,79,61,46,35,25,51,68,91,156,182,165,150,82,83,72,55,57,88,122,122,149,138,133,85,65,56,50,61,87,116,148,181,187,131,83,50,33,47,58,101,129,165,185,138,115,80,60,38,37,709
439,85,125,162,181,148,135,82,57,60,59,66,93,149,161,182,145,99,107,55,53,67,79,99,119,173,156,167,90,70,67,56,64,74,108,138,147,135,129,94,68,43,52,47,56,104,155,137,158,87,69,57,42,42,36,54,59,101,151,179,151,105,76,75,80,65,60,71,128,124,125,144,124,103,81,56,48,67,85,112,164,163,151,135,94,47,39,45,63,89,143,173,165,139,92,88,54,53,32,698
412,78,104,145,158,137,100,64,71,45,58,72,77,124,118,164,134,103,84,78,54,62,74,92,118,131,153,118,112,75,55,57,64,74,94,117,132,118,109,81,67,40,38,39,57,105,110,146,111,97,67,54,53,31,37,46,79,92,112,179,139,104,87,62,64,63,67,76,99,112,127,117,108,102,70,62,45,59,87,124,146,137,129,118,89,55,48,52,44,85,115,148,144,120,98,61,59,53,33,614
344,59,80,122,105,96,94,55,60,31,47,40,64,101,117,99,97,68,71,56,55,43,53,60,98,94,102,90,64,64,49,52,42,62,84,100,83,108,80,69,57,32,34,45,41,53,77,94,98,59,51,31,41,27,24,44,46,71,107,102,123,82,73,67,55,56,53,52,68,95,106,93,74,68,51,50,48,53,74,91,94,127,117,98,70,51,35,33,50,69,71,100,116,96,82,53,41,36,33,463
214,42,41,47,67,62,52,42,28,20,24,30,35,46,54,55,52,43,25,40,25,30,33,35,47,51,63,50,36,27,20,16,18,31,38,44,42,52,47,47,26,23,26,25,17,25,39,54,51,32,23,21,24,21,22,21,32,38,61,61,59,46,46,44,39,35,37,27,42,52,58,47,37,27,36,31,37,34,41,55,61,72,64,65,41,28,25,18,29,34,44,67,49,61,43,37,16,14,20,269
92,11,17,20,19,16,14,15,11,15,12,10,14,19,12,24,13,15,14,15,11,9,13,14,15,18,17,11,9,9,3,2,4,8,9,13,18,15,14,16,11,11,11,9,4,7,11,12,11,8,14,10,6,10,7,7,13,11,26,28,24,18,21,13,9,14,17,18,14,20,16,21,11,12,11,14,12,11,12,15,24,10,20,32,18,10,12,11,10,14,26,16,19,12,16,14,12,10,9,95
30,4,1,6,1,0,0,2,1,5,2,3,2,3,1,5,3,5,4,1,3,2,0,4,3,2,1,2,0,0,0,0,0,0,2,2,2,2,6,2,2,0,3,2,1,0,1,3,2,1,1,3,4,4,0,1,0,6,5,6,8,5,9,3,2,4,3,4,3,5,4,4,2,0,1,3,2,4,3,3,7,5,5,5,8,2,5,2,2,3,3,3,5,2,1,2,2,1,4,26
3,0,0,0,0,0,0,0,0,0,0,0,0,0,0,0,0,0,0,0,0,0,0,0,1,0,1,0,0,0,0,0,0,0,0,0,0,0,0,0,0,0,0,0,0,0,1,0,0,0,0,0,0,0,0,0,0,0,0,0,0,1,0,0,0,0,0,0,0,0,0,2,0,0,0,0,0,0,0,2,0,0,0,0,0,0,0,0,0,0,0,0,0,0,0,0,0,0,0,4
0,0,0,0,0,0,0,0,0,0,0,0,0,0,0,0,0,0,0,0,0,0,0,0,0,0,0,0,0,0,0,0,0,0,0,0,0,0,0,0,0,0,0,0,0,0,0,0,0,0,0,0,0,0,0,0,0,0,0,0,0,0,0,0,0,0,0,0,0,0,0,0,0,0,0,0,0,0,0,0,0,0,0,0,0,0,0,0,0,0,0,0,0,0,0,0,0,0,0,0
0,0,0,0,0,0,0,0,0,0,0,0,0,0,0,0,0,0,0,0,0,0,0,0,0,0,0,0,0,0,0,0,0,0,0,0,0,0,0,0,0,0,0,0,0,0,0,0,0,0,0,0,0,0,0,0,0,0,0,0,0,0,0,0,0,0,0,0,0,0,0,0,0,0,0,0,0,0,0,0,0,0,0,0,0,0,0,0,0,0,0,0,0,0,0,0,0,0,0,0
0,0,0,0,0,0,0,0,0,0,0,0,0,0,0,0,0,0,0,0,0,0,0,0,0,0,0,0,0,0,0,0,0,0,0,0,0,0,0,0,0,0,0,0,0,0,0,0,0,0,0,0,0,0,0,0,0,0,0,0,0,0,0,0,0,0,0,0,0,0,0,0,0,0,0,0,0,0,0,0,0,0,0,0,0,0,0,0,0,0,0,0,0,0,0,0,0,0,0,0
0,0,0,0,0,0,0,0,0,0,0,0,0,0,0,0,0,0,0,0,0,0,0,0,0,0,0,0,0,0,0,0,0,0,0,0,0,0,0,0,0,0,0,0,0,0,0,0,0,0,0,0,0,0,0,0,0,0,0,0,0,0,0,0,0,0,0,0,0,0,0,0,0,0,0,0,0,0,0,0,0,0,0,0,0,0,0,0,0,0,0,0,0,0,0,0,0,0,0,0
0,0,0,0,0,0,0,0,0,0,0,0,0,0,0,0,0,0,0,0,0,0,0,0,0,0,0,0,0,0,0,0,0,0,0,0,0,0,0,0,0,0,0,0,0,0,0,0,0,0,0,0,0,0,0,0,0,0,0,0,0,0,0,0,0,0,0,0,0,0,0,0,0,0,0,0,0,0,0,0,0,0,0,0,0,0,0,0,0,0,0,0,0,0,0,0,0,0,0,0
0,0,0,0,0,0,0,0,0,0,0,0,0,0,0,0,0,0,0,0,0,0,0,0,0,0,0,0,0,0,0,0,0,0,0,0,0,0,0,0,0,0,0,0,0,0,0,0,0,0,0,0,0,0,0,0,0,0,0,0,0,0,0,0,0,0,0,0,0,0,0,0,0,0,0,0,0,0,0,0,0,0,0,0,0,0,0,0,0,0,0,0,0,0,0,0,0,0,0,0
