parameters (x,y,w,h,rx,ry):-5,0,10.000000,40.000000,100,100
63,59,55,53,61,82,84,105,83,94,72,61,70,83,55,86,89,73,78,71,74,49,56,48,49,60,66,73,72,57,52,41,51,42,40,50,76,78,72,61,54,45,32,38,31,65,68,57,70,51,58,37,43,31,26,44,67,57,62,32,34,23,26,23,29,27,36,47,27,31,35,29,24,20,16,14,20,23,24,21,28,23,18,11,21,18,33,43,53,47,27,37,49,34,34,51,68,62,71,77
145,138,147,130,149,177,175,213,215,161,186,159,153,160,145,169,184,192,197,147,130,118,105,100,125,132,170,166,171,128,118,96,84,97,79,132,151,166,166,140,134,95,69,69,73,97,130,143,151,138,117,96,81,80,74,99,110,158,136,110,73,44,55,38,50,61,67,87,88,72,89,50,43,37,39,38,50,47,46,61,57,46,38,35,45,75,69,115,106,111,94,75,73,83,97,149,145,165,166,158
137,130,136,128,165,159,190,222,210,174,179,154,158,132,130,172,212,181,204,174,129,114,105,91,100,153,145,186,171,149,119,100,78,74,116,123,147,195,169,157,107,77,82,68,81,93,131,178,167,125,105,91,72,70,80,90,130,160,156,110,74,42,46,38,52,68,55,72,92,100,81,57,58,27,27,36,51,57,54,53,46,43,31,31,48,48,84,106,102,112,108,80,69,81,105,127,171,185,167,179
164,120,143,113,122,168,197,197,210,198,172,146,140,130,166,170,172,203,210,171,144,120,76,99,94,123,164,176,190,153,118,95,82,81,94,154,148,194,158,152,132,72,82,56,79,88,125,177,182,147,96,97,60,58,63,81,151,154,147,143,67,49,35,29,46,51,51,74,111,100,85,51,56,34,36,44,44,59,52,66,50,31,40,29,50,39,64,113,112,104,111,104,71,69,75,119,161,198,187,164
158,138,123,132,145,157,180,187,212,198,197,140,113,154,133,194,205,186,216,178,150,100,106,93,88,125,159,186,217,155,102,91,71,85,91,140,159,205,171,149,125,74,54,67,77,89,142,167,170,136,120,90,54,58,69,72,139,189,179,127,76,47,35,34,31,58,60,86,81,111,82,71,47,35,28,40,49,44,67,57,34,41,48,27,48,38,66,92,111,113,109,83,71,63,67,124,148,197,207,180
180,140,131,127,116,161,178,209,227,189,172,150,145,147,160,178,199,199,191,172,161,117,90,70,106,131,158,201,173,173,123,84,70,73,84,110,169,180,218,171,108,81,40,45,74,97,134,173,197,145,119,75,69,44,79,83,128,176,181,152,84,52,34,24,39,46,62,77,100,104,98,66,42,30,33,39,46,53,51,53,46,39,27,28,39,54,71,105,100,107,110,77,60,59,86,100,144,175,192,213
189,143,124,125,113,153,202,234,203,188,136,163,152,148,150,165,179,207,203,176,147,127,73,86,114,114,171,196,195,157,113,88,89,60,76,111,161,216,195,188,111,80,49,25,53,104,139,175,183,170,140,79,55,64,43,92,125,164,176,153,101,40,27,27,26,49,66,83,104,110,80,64,41,34,40,36,51,41,77,49,47,34,46,40,35,47,71,91,121,113,85,74,84,51,92,92,136,197,188,202
152,165,139,104,123,167,201,229,182,181,153,173,125,142,163,177,185,205,192,173,154,137,89,87,86,117,162,204,182,157,136,99,77,69,74,112,169,215,183,158,114,72,47,29,62,83,130,199,203,192,110,82,54,57,64,83,121,162,189,169,103,41,22,23,27,48,79,77,107,104,93,53,50,23,35,42,37,50,59,45,49,37,29,22,42,53,71,94,110,123,95,71,59,64,90,98,144,205,185,198
156,143,133,127,122,171,198,226,187,188,169,153,126,112,186,183,163,200,218,191,136,118,101,92,71,102,166,207,214,171,129,85,69,62,67,116,174,197,197,183,107,68,49,31,45,91,128,169,215,173,133,94,51,44,54,91,129,155,195,165,90,53,22,11,27,50,64,115,91,107,87,66,52,35,32,46,53,62,47,31,48,34,31,26,37,50,71,90,130,101,87,80,55,76,68,109,136,197,209,188
184,142,129,128,141,167,206,194,206,188,197,132,115,148,143,183,172,216,190,198,147,135,97,83,84,85,159,198,203,207,128,85,76,59,63,106,152,207,180,189,120,78,41,41,50,92,115,163,214,182,152,64,60,45,51,71,137,184,182,141,116,51,22,16,18,35,59,84,114,109,104,76,46,32,22,45,46,48,49,42,36,31,37,28,34,41,80,107,116,104,98,58,57,58,69,101,155,181,203,192
150,144,138,118,156,163,193,195,219,193,138,148,143,132,165,181,206,197,196,151,162,131,131,71,81,102,148,185,241,205,138,84,69,55,70,98,150,178,212,181,133,85,51,35,55,76,122,173,206,180,133,85,55,44,63,79,129,176,185,156,107,49,36,16,17,33,47,81,101,122,101,84,50,34,30,36,41,45,54,50,37,42,29,27,35,52,61,98,117,114,91,61,61,58,80,96,148,212,189,182
171,126,135,132,119,174,202,203,216,228,144,131,144,157,166,178,191,198,183,168,152,121,109,92,89,108,142,179,209,209,153,96,67,55,59,94,147,183,220,181,137,76,46,47,60,58,135,176,188,195,131,81,52,50,62,104,131,152,176,140,101,70,35,17,25,28,60,73,99,130,103,73,57,52,31,32,36,48,42,48,45,33,34,29,35,40,70,90,134,101,92,75,56,47,68,113,149,177,220,182
167,107,145,137,138,155,212,203,226,192,150,132,126,154,182,160,195,205,193,170,152,133,89,89,100,86,154,195,204,188,162,106,70,61,72,98,122,206,227,171,115,67,63,43,47,78,114,170,225,184,130,97,43,49,71,101,140,148,166,153,109,62,26,24,21,44,44,67,77,125,97,88,57,40,40,19,39,34,59,46,46,34,30,30,38,36,52,90,131,105,81,81,58,51,78,100,121,186,206,211
143,119,128,146,131,167,202,197,213,190,174,142,127,143,157,183,179,202,208,167,135,118,108,91,82,114,150,178,210,181,160,101,83,55,74,118,147,175,210,181,115,68,52,55,48,70,127,185,221,175,125,79,57,48,69,100,128,167,176,144,118,46,35,21,26,36,53,70,83,103,97,93,58,32,31,33,45,45,41,42,52,42,30,23,26,44,69,90,122,106,98,68,61,58,71,99,144,179,223,196
154,129,126,124,145,173,202,204,220,175,160,149,145,142,166,166,198,186,222,162,140,153,126,84,89,102,128,163,201,194,170,110,82,64,62,101,154,188,212,203,104,72,61,47,45,79,108,186,196,176,129,79,53,59,50,101,131,166,198,146,97,59,35,21,23,42,40,82,94,100,102,77,45,43,35,30,40,48,46,50,44,30,30,23,29,32,59,87,132,119,91,72,67,55,64,110,145,199,218,162
142,150,128,129,116,159,225,220,201,181,156,135,122,152,154,177,185,202,188,191,149,127,112,99,99,104,148,161,214,193,164,128,78,57,65,93,146,201,212,174,120,74,55,49,42,86,124,157,229,180,136,90,53,47,48,84,129,193,193,152,79,61,32,27,30,31,49,79,108,106,92,72,45,29,36,36,42,50,48,49,37,37,34,29,35,31,51,104,110,115,94,64,63,60,75,113,151,189,195,188
152,118,114,137,126,140,204,227,212,172,150,156,147,147,156,192,164,200,194,188,139,118,122,128,86,104,151,165,191,221,175,121,85,53,60,90,161,217,199,165,138,72,52,32,53,74,130,142,213,209,136,85,53,46,64,87,143,195,197,121,94,61,30,29,20,38,55,78,117,94,92,82,41,37,34,32,40,42,56,43,44,34,36,26,35,54,64,91,87,109,103,59,51,58,81,116,144,189,186,217
178,127,101,124,147,147,190,203,224,180,157,147,153,146,174,163,171,209,209,164,130,137,107,129,101,112,154,159,187,188,164,122,88,70,55,102,165,192,210,162,129,67,50,34,53,72,131,175,207,200,124,80,60,45,74,85,121,170,178,156,92,60,31,24,29,45,34,69,107,114,105,68,50,23,35,40,49,48,40,44,35,30,36,39,27,49,52,79,111,114,91,77,55,49,68,124,141,188,203,201
162,141,101,103,129,159,193,221,198,177,189,132,136,154,152,186,171,213,218,151,159,104,113,120,114,139,137,168,206,207,172,113,74,55,83,96,153,173,240,189,122,59,53,39,38,84,132,165,186,203,138,81,60,43,75,81,122,179,197,156,98,52,32,19,30,32,56,86,108,110,82,61,48,40,35,46,44,42,58,34,44,35,23,29,32,45,61,92,109,101,105,67,65,54,81,100,152,197,192,184
171,126,118,115,105,162,213,221,218,190,165,151,143,136,164,172,196,187,206,172,142,102,108,102,123,140,121,192,198,194,157,123,67,56,85,115,131,180,219,191,124,80,49,42,46,72,127,179,188,171,135,100,60,41,57,85,139,194,162,145,110,57,30,24,23,37,52,83,97,107,93,67,48,38,33,44,46,50,46,40,31,34,28,36,22,55,74,73,111,105,91,80,56,51,64,110,152,159,198,198
165,138,118,105,116,167,198,222,202,212,158,145,140,139,165,179,160,201,206,185,144,119,103,112,122,109,149,179,176,222,153,121,92,59,83,111,150,189,193,193,113,81,53,30,54,75,119,181,209,161,138,99,57,45,64,92,125,172,182,150,109,51,40,19,20,35,55,82,97,93,111,81,51,33,36,41,49,46,47,35,38,34,27,26,34,33,62,91,108,115,86,47,75,48,76,97,153,175,206,195
153,136,104,121,106,165,201,224,196,196,187,148,141,157,134,170,190,207,200,180,126,118,130,97,107,132,144,152,198,197,182,124,83,77,62,111,156,205,207,184,133,76,56,33,55,71,117,174,218,185,138,86,71,44,64,78,114,173,171,174,105,52,34,23,20,34,52,83,100,112,86,74,43,35,45,41,44,41,41,49,40,24,22,26,40,43,59,80,101,121,90,71,48,40,72,98,145,217,227,175
177,128,106,97,121,166,177,195,222,206,166,148,145,132,156,156,214,205,196,185,157,117,107,94,115,140,137,158,193,187,160,145,87,60,65,83,160,180,219,179,137,93,43,37,53,69,135,161,206,197,137,90,73,51,62,81,131,152,182,156,97,68,34,13,27,39,59,65,99,122,81,65,52,43,31,36,60,42,47,51,37,25,26,23,30,37,63,78,117,112,85,75,52,56,63,94,129,208,206,181
144,121,104,110,125,173,205,186,202,201,183,157,133,155,149,170,186,198,205,200,148,127,114,92,134,129,140,160,197,187,156,135,91,73,63,92,161,200,232,175,144,68,33,42,42,72,121,175,209,207,135,81,71,47,60,79,132,150,177,166,122,65,29,21,30,35,64,88,97,130,74,57,51,36,37,37,41,63,39,37,36,35,16,22,26,38,56,81,101,111,90,82,67,56,54,105,131,185,235,198
144,123,115,126,134,158,191,215,219,196,155,133,142,164,167,170,152,186,238,175,164,120,115,112,111,144,130,168,201,190,145,132,86,81,67,90,160,178,219,197,141,80,51,30,35,75,124,192,197,196,149,91,70,42,54,84,124,168,173,147,128,64,34,28,21,38,44,86,105,111,82,67,39,40,36,33,38,52,54,45,48,27,17,23,19,35,57,85,102,108,91,88,64,50,76,99,151,178,217,185
123,120,111,106,131,152,198,217,229,189,145,134,127,190,169,161,175,178,207,218,141,114,94,136,120,119,161,176,183,179,172,110,87,70,82,103,138,202,206,193,145,80,40,32,41,80,119,184,199,178,145,87,63,51,63,68,120,177,199,152,111,57,34,20,29,26,43,80,95,95,90,70,37,34,23,42,41,44,50,57,31,32,31,20,23,35,51,86,112,89,94,86,66,81,66,106,129,182,209,183
140,94,100,115,138,150,201,212,239,166,158,143,134,133,188,182,176,198,207,181,135,139,134,96,117,162,127,163,190,165,185,113,85,59,84,106,137,190,206,196,148,70,47,32,40,69,128,190,197,184,126,92,62,60,68,65,117,174,195,169,110,61,27,23,23,39,46,84,118,108,77,57,43,26,27,38,48,40,67,38,43,30,26,18,32,33,55,84,107,102,92,85,57,62,82,85,117,204,203,232
164,113,97,113,127,177,189,218,223,168,162,147,136,150,159,176,188,182,205,178,164,123,127,112,117,146,139,182,198,172,148,112,92,65,75,112,145,178,195,215,151,81,37,48,39,69,126,172,216,198,154,89,62,48,60,81,138,167,170,165,104,52,26,28,25,41,51,102,86,95,89,55,37,34,37,33,40,38,46,42,42,29,23,29,20,38,57,74,89,110,108,71,77,67,68,75,132,173,218,196
158,128,103,116,132,155,197,200,213,179,162,139,125,159,125,189,200,187,165,193,184,130,110,107,116,142,142,165,223,165,143,104,85,85,93,83,143,184,218,205,140,84,45,32,34,72,151,163,178,216,147,90,49,39,62,103,141,181,150,145,100,53,49,21,40,37,43,81,111,91,85,74,42,35,41,31,31,51,52,40,42,32,31,27,17,44,48,76,105,116,93,69,61,63,83,85,137,167,219,211
157,133,110,106,125,176,206,207,188,193,148,140,146,144,146,194,196,193,197,212,169,113,107,108,111,128,155,185,203,160,148,113,92,77,81,95,130,190,200,210,155,98,49,30,40,70,124,192,213,180,158,87,69,57,53,96,134,170,190,139,104,63,32,29,36,36,53,80,100,93,90,66,41,29,28,40,44,50,43,40,36,32,21,27,37,37,54,93,87,102,107,66,55,65,75,98,136,188,177,220
160,136,111,101,109,169,187,212,197,186,158,157,151,143,155,186,167,189,205,180,181,120,109,103,129,120,133,177,212,169,146,106,101,95,83,92,129,184,220,186,159,88,60,40,36,83,126,172,217,189,138,88,58,55,59,83,132,179,197,165,111,78,27,18,20,41,57,67,81,119,79,63,46,26,14,37,39,55,39,36,51,31,28,25,25,31,52,88,79,94,115,84,66,63,64,89,115,201,206,192
165,119,115,108,133,177,194,229,199,167,168,143,145,174,154,153,183,196,194,205,148,119,108,113,123,140,135,157,223,175,137,126,96,101,91,91,126,184,218,199,156,85,49,41,47,79,109,176,213,175,135,98,55,47,57,91,124,188,193,154,119,62,24,24,20,43,51,82,93,127,90,54,40,32,27,32,38,43,55,50,34,31,26,22,28,38,50,87,76,105,104,86,67,47,65,97,128,198,205,187
160,112,117,101,118,138,203,220,191,186,154,155,144,160,155,154,198,204,221,180,134,144,104,116,110,120,141,185,207,170,131,126,89,98,91,95,130,170,223,203,159,72,57,37,44,67,133,164,219,180,134,90,65,47,63,94,145,159,197,155,98,65,25,31,28,40,44,78,77,139,77,61,34,34,22,29,44,42,45,51,32,25,31,16,31,41,64,79,102,88,95,88,62,58,69,95,124,199,210,172
143,131,107,107,116,140,210,226,238,178,143,138,165,145,155,169,164,222,205,184,149,131,122,114,96,137,137,169,202,177,150,116,98,105,95,93,124,160,215,229,146,106,52,39,39,82,132,164,189,183,148,102,75,52,58,95,132,202,172,158,93,56,34,26,27,40,53,77,91,109,77,71,35,38,20,33,42,57,50,36,30,32,18,20,28,38,59,96,102,82,86,75,60,68,74,101,138,188,206,188
140,134,116,100,114,155,198,241,218,170,150,158,137,145,156,181,182,212,199,170,128,130,103,138,96,137,156,180,193,178,142,128,85,86,107,105,141,158,190,227,158,91,59,36,52,85,123,189,198,156,146,102,69,44,66,92,141,180,202,147,96,54,23,32,26,37,66,78,90,101,84,63,42,26,37,29,54,40,41,43,43,22,17,20,18,39,58,79,114,82,89,74,64,45,86,108,126,189,200,194
164,130,108,96,128,176,200,228,188,193,153,162,148,143,162,158,190,209,204,164,166,112,100,112,104,136,159,186,178,185,124,120,114,99,93,109,135,156,216,188,150,90,66,39,44,88,156,169,208,171,137,76,82,45,61,85,143,184,193,155,92,56,34,20,35,38,60,75,97,111,71,59,41,34,41,30,47,38,34,48,32,26,21,27,25,39,52,80,92,105,97,68,47,59,83,90,126,189,198,195
165,121,99,105,118,163,196,209,220,199,166,150,138,150,161,177,161,198,228,155,157,135,116,97,119,132,155,180,211,171,133,106,104,95,103,100,145,184,198,191,142,99,45,44,32,73,170,175,198,178,124,97,52,50,50,94,147,178,201,159,111,48,28,20,31,50,67,80,99,96,71,59,40,43,37,34,46,46,34,37,24,31,25,25,25,37,55,81,87,127,88,68,51,56,75,93,133,192,198,202
165,118,103,104,127,167,194,222,230,170,162,143,148,140,166,157,176,222,197,184,163,117,109,87,114,115,179,204,186,180,126,118,93,99,94,128,157,208,205,193,134,92,62,39,33,81,141,180,201,194,118,100,56,48,48,91,132,209,178,160,98,53,34,19,25,42,68,75,99,91,74,61,46,33,40,36,36,45,43,32,38,23,11,28,23,26,55,72,90,117,110,66,46,55,73,94,133,185,214,204
172,125,102,115,136,164,181,226,221,175,162,147,131,137,168,169,162,214,198,190,150,121,90,110,87,164,174,186,185,163,145,113,92,97,88,96,146,224,223,181,131,91,51,48,45,76,128,168,203,192,153,99,63,33,58,93,138,195,178,168,106,53,22,15,35,35,60,86,92,89,98,67,48,37,30,31,33,44,57,42,33,26,12,18,30,41,54,69,100,82,98,78,59,46,71,92,153,191,215,178
148,137,107,115,122,179,176,190,227,181,178,150,134,142,157,156,191,226,209,161,155,121,96,91,93,125,177,192,206,179,138,111,99,78,87,106,153,211,225,195,150,90,51,39,55,70,112,178,204,204,141,95,56,45,64,77,141,170,192,171,120,45,22,19,22,45,58,77,96,106,102,61,54,31,28,28,39,57,41,35,33,21,21,18,18,28,58,89,92,92,83,56,63,56,77,104,151,193,203,189
152,135,104,112,128,185,175,207,230,204,153,173,126,163,152,163,176,200,204,176,153,125,86,104,113,119,169,177,219,171,141,115,87,90,81,103,137,190,220,220,147,88,53,42,47,73,121,179,202,187,157,77,57,48,55,88,142,159,189,171,113,49,23,21,29,32,65,75,108,96,83,63,47,35,35,24,31,52,55,39,35,21,21,12,18,30,55,80,96,88,97,56,69,65,59,95,135,198,216,186
167,125,103,105,121,169,214,237,199,192,164,119,140,150,170,168,177,198,208,178,159,126,92,91,108,155,167,198,191,182,138,106,100,92,77,99,147,174,212,205,179,88,44,46,61,76,114,180,197,197,148,80,64,48,46,79,117,181,199,178,117,57,39,19,25,24,54,77,126,89,77,55,55,34,30,38,29,37,43,50,34,30,16,20,26,27,50,76,90,102,77,72,75,54,66,94,156,174,208,189
158,125,97,128,108,175,189,221,206,196,167,142,145,147,134,168,174,193,202,184,156,142,104,74,106,141,170,200,195,172,136,114,113,96,85,98,132,197,221,176,167,95,54,45,47,87,127,152,210,203,136,92,47,40,57,87,131,159,194,166,116,67,31,31,28,26,57,72,116,121,66,75,54,30,28,37,28,33,39,50,36,25,22,16,26,46,50,50,88,88,89,68,59,62,63,114,153,190,178,195
165,119,104,122,141,176,194,213,193,180,168,161,164,143,139,169,174,194,223,203,132,148,88,82,111,128,151,208,184,155,164,128,111,86,81,102,135,174,220,209,159,103,53,44,49,87,120,170,207,197,138,78,50,51,54,85,114,190,201,175,106,52,19,21,39,34,53,75,94,108,92,64,50,30,25,34,33,38,32,48,44,22,20,18,27,50,51,77,81,76,97,64,68,65,59,98,148,180,210,171
149,118,122,114,135,172,181,208,201,206,168,152,139,166,149,159,194,192,232,204,154,123,117,81,89,136,159,190,189,170,143,115,105,104,70,110,151,170,202,200,166,116,66,32,51,69,122,186,198,190,136,97,59,47,50,81,149,170,221,170,117,49,23,18,33,33,54,68,93,104,103,66,52,42,27,26,32,29,30,39,45,31,24,11,35,40,52,63,88,93,71,62,64,63,79,101,149,167,216,192
146,139,103,116,125,174,195,184,217,229,159,147,148,149,139,162,198,199,211,201,134,110,111,88,121,123,170,185,160,173,178,124,111,101,90,92,141,175,211,180,170,107,63,38,55,83,137,170,208,177,110,91,60,37,58,73,147,176,204,197,105,59,25,16,24,35,60,79,104,110,87,63,52,40,30,33,32,38,29,37,29,38,27,20,27,42,49,80,82,82,73,67,73,57,64,90,144,181,200,181
152,137,102,114,127,162,203,195,217,195,185,146,136,128,161,190,175,200,215,191,135,105,106,112,109,139,183,181,171,194,133,129,107,96,79,91,136,206,194,202,151,101,67,41,45,95,101,205,224,171,116,61,60,52,50,79,130,209,213,167,122,32,21,23,23,34,58,84,90,126,87,62,54,33,28,31,28,30,27,31,35,30,33,25,27,38,54,76,74,84,87,76,50,68,58,95,117,191,220,181
148,132,110,121,128,160,207,221,191,181,192,137,143,138,167,168,155,218,199,180,168,118,106,108,118,118,160,185,206,175,138,123,115,90,87,116,134,177,198,203,151,97,67,42,57,90,131,180,229,191,122,70,50,42,48,72,145,204,211,162,110,54,25,20,28,37,57,87,106,99,78,72,54,35,32,23,28,28,25,28,30,39,33,26,24,51,57,66,73,92,80,79,63,49,60,93,128,180,196,209
177,127,125,114,136,166,197,209,198,190,154,149,128,151,145,171,199,196,201,196,147,136,98,110,105,125,168,184,193,162,164,123,99,106,92,114,142,156,197,203,155,89,56,40,49,85,116,196,190,192,117,78,65,46,54,69,128,195,205,181,132,43,30,21,23,33,58,80,97,107,79,68,53,35,23,30,32,36,25,31,29,34,19,30,28,39,54,63,83,91,77,82,58,46,66,88,138,174,199,179
160,136,113,117,135,153,207,223,231,173,162,122,139,141,157,166,200,174,218,198,151,120,114,91,112,137,158,194,181,169,163,139,102,104,94,117,133,175,215,200,139,85,48,35,42,87,128,177,219,184,136,97,46,39,52,88,147,152,194,205,110,53,31,22,20,39,70,75,91,96,84,51,49,39,35,45,28,28,23,28,33,25,25,26,28,44,44,56,86,102,100,68,56,49,56,87,140,218,194,204
158,121,123,90,125,181,203,235,208,202,163,138,136,144,157,163,183,186,184,195,181,117,107,103,112,134,169,188,186,191,152,130,111,85,100,116,152,172,215,216,140,79,47,32,45,87,111,188,222,208,127,81,51,40,54,70,143,178,219,184,105,59,24,14,26,38,55,97,93,86,82,54,51,35,29,49,37,30,24,34,27,21,28,32,28,33,39,71,86,104,86,71,48,46,62,83,133,192,203,205
169,137,107,96,135,155,211,221,223,193,165,149,144,138,157,150,197,200,200,182,141,138,118,84,120,137,149,178,188,185,171,121,109,89,102,98,133,184,218,217,147,93,46,50,41,73,128,185,217,212,104,93,48,36,52,76,130,213,220,172,94,56,23,16,23,34,46,112,82,101,81,63,52,30,26,48,43,42,29,26,17,25,24,27,34,32,41,60,87,103,82,57,58,52,66,81,143,202,185,184
147,135,116,127,111,163,196,234,230,201,150,148,142,158,145,160,196,203,195,184,166,145,114,76,101,168,159,177,183,199,145,135,112,97,83,101,148,180,208,186,159,96,46,40,40,77,133,182,225,181,152,79,59,31,50,84,138,200,219,158,113,60,34,16,21,34,54,75,105,92,95,64,47,27,29,34,43,40,35,26,16,19,25,27,29,34,37,72,92,88,78,63,55,56,80,107,127,187,209,183
166,141,130,116,118,148,200,237,210,191,143,145,146,143,163,169,198,180,191,198,180,119,96,102,114,146,175,191,173,137,202,133,104,81,100,89,130,197,220,186,165,100,49,41,26,74,135,194,199,206,137,90,48,30,53,89,141,206,183,187,115,55,32,17,12,39,52,81,112,99,84,59,46,32,22,39,33,44,32,31,14,11,22,25,35,36,51,66,89,88,79,63,66,45,55,95,143,182,204,186
161,157,129,107,126,170,186,224,212,197,163,119,137,149,155,167,218,216,188,200,158,114,108,93,115,161,181,173,163,173,158,131,112,83,82,97,131,192,198,202,160,112,49,28,50,78,136,179,204,204,139,96,53,37,43,87,141,163,213,171,108,68,36,26,17,32,53,75,103,99,96,63,34,32,26,38,36,37,31,35,21,17,15,23,18,37,59,66,98,84,75,68,52,58,62,86,126,182,191,189
163,151,113,104,136,142,225,213,229,172,179,129,122,137,164,183,200,192,210,178,157,111,102,106,109,137,155,192,199,188,160,126,97,92,92,108,137,179,240,189,140,101,62,36,47,72,134,180,223,193,138,76,54,54,68,81,139,172,197,149,135,66,35,27,23,28,49,80,88,100,95,75,43,25,31,35,40,41,31,26,19,21,18,24,28,38,34,78,85,92,70,76,56,48,61,102,147,166,181,188
197,145,111,97,146,173,176,227,219,180,162,143,137,133,166,178,180,191,210,208,171,126,93,88,119,129,166,196,169,203,190,120,102,90,83,96,129,187,218,225,153,88,56,41,48,67,119,169,234,183,139,90,60,45,63,85,134,181,209,172,91,81,41,22,32,35,56,70,87,90,84,75,59,36,28,28,40,37,36,25,28,25,18,15,21,29,44,76,71,99,83,71,52,57,63,100,130,161,206,179
154,141,107,117,142,163,199,201,226,191,165,136,118,142,160,170,208,205,205,222,133,97,93,102,105,116,180,197,207,195,167,110,116,96,85,87,137,188,238,227,134,103,56,40,50,74,108,188,224,204,121,105,60,42,67,83,148,186,195,160,92,56,31,27,31,35,54,55,97,109,100,56,55,27,22,24,34,36,46,32,19,26,18,19,17,25,51,72,76,85,77,70,55,48,61,95,129,186,219,191
164,123,90,119,159,172,189,208,200,185,173,139,136,142,166,171,189,200,213,185,146,123,99,104,113,129,164,187,194,196,157,109,103,93,86,100,138,188,226,206,158,108,61,39,50,67,109,172,190,200,148,98,60,51,45,84,162,197,195,140,114,56,38,20,23,32,50,69,80,109,94,68,44,40,28,21,29,43,42,33,19,25,23,13,17,28,59,54,85,82,71,59,55,50,60,101,131,192,200,195
162,125,87,103,158,170,177,226,192,181,179,151,140,155,153,166,202,194,201,193,141,141,93,97,95,150,179,203,196,184,174,131,86,80,91,114,151,191,218,212,167,96,61,40,51,65,102,188,208,238,138,88,69,35,55,100,149,197,199,150,110,54,31,27,27,28,44,70,89,90,101,71,46,27,27,29,23,44,38,29,26,26,18,20,23,40,41,74,72,101,66,68,45,48,78,111,117,166,205,192
171,108,105,129,149,182,178,215,211,203,161,146,138,146,140,179,208,162,203,191,173,113,112,97,120,137,182,175,194,154,167,130,116,97,96,101,136,200,228,196,154,96,55,51,52,68,97,187,210,214,136,89,47,53,63,90,164,184,199,173,108,49,37,20,29,25,51,74,80,103,90,78,54,28,25,25,31,36,42,34,30,15,14,27,34,27,41,52,80,84,80,64,58,43,57,89,140,196,213,183
174,108,102,111,152,193,209,191,210,177,167,130,145,149,152,176,211,198,195,177,158,127,95,99,127,141,158,175,210,178,156,136,105,97,97,106,136,183,219,208,154,102,57,41,55,74,119,190,200,191,133,88,61,43,60,82,147,179,184,190,105,59,29,18,18,26,46,79,93,93,93,86,49,33,28,26,26,28,39,40,31,27,24,18,20,32,30,65,88,87,81,72,40,46,51,73,139,180,207,201
155,145,99,121,154,186,214,188,204,175,186,150,131,140,164,167,207,205,186,189,166,142,105,93,112,133,169,183,183,208,153,136,108,97,87,104,160,182,191,207,153,97,61,39,58,82,126,174,232,186,140,81,70,52,50,73,160,186,212,164,121,45,20,16,15,29,39,84,95,85,89,71,60,38,28,21,34,29,38,38,43,24,26,22,15,33,33,51,64,91,83,72,43,47,51,75,127,179,215,204
173,112,128,140,143,182,176,200,180,176,164,152,150,136,170,194,186,203,204,184,146,136,109,122,98,144,156,173,206,186,184,130,102,90,84,119,144,166,204,182,161,112,68,54,40,82,131,159,202,190,130,98,68,56,50,99,124,193,213,189,100,59,28,18,12,29,49,70,94,98,97,64,41,40,33,26,33,24,40,45,27,30,24,18,25,26,40,56,70,90,79,59,47,43,58,98,124,151,197,188
163,123,113,141,167,144,198,200,198,189,157,131,127,163,170,174,167,194,217,200,154,131,114,93,114,122,199,194,180,184,181,129,99,88,101,114,143,190,204,175,163,106,69,51,58,82,121,159,194,198,134,95,61,41,55,87,135,200,208,182,102,52,38,21,15,31,48,61,99,98,93,56,48,42,36,28,44,27,29,37,35,21,26,20,23,26,42,61,73,72,65,59,44,56,58,97,126,154,194,199
156,131,129,137,122,172,188,193,215,194,169,146,127,135,181,173,172,226,206,193,152,121,95,127,106,134,167,219,183,169,153,139,117,79,104,115,127,156,235,217,149,100,70,61,46,67,138,199,209,171,131,100,54,52,57,75,129,193,241,173,103,51,32,23,25,28,42,62,100,92,74,66,35,37,35,45,32,35,28,42,29,29,20,18,25,32,45,53,78,84,57,58,58,45,60,104,130,161,196,174
166,102,124,144,143,160,196,221,193,168,161,143,133,145,182,172,178,205,219,186,141,123,127,92,100,137,178,199,217,169,147,134,109,97,101,114,124,173,219,212,170,96,48,47,61,83,119,187,207,195,137,101,48,41,50,92,134,201,222,181,111,43,33,21,17,32,45,66,96,88,77,63,46,29,31,34,37,43,34,39,27,18,25,23,21,28,41,57,86,91,82,44,52,46,60,111,125,176,183,203
146,130,129,103,145,159,211,209,190,201,152,138,148,141,157,162,179,217,214,196,156,126,116,108,113,110,195,204,209,182,139,127,97,101,89,132,140,191,199,207,148,89,61,43,45,87,154,169,212,204,126,98,53,39,55,103,152,191,202,154,120,70,35,21,16,29,51,57,89,96,80,65,40,32,22,33,38,31,47,34,28,22,17,18,22,40,49,57,75,84,71,46,37,45,58,105,136,177,193,193
151,124,121,118,122,169,189,210,224,200,142,135,146,144,142,174,179,199,236,180,180,135,95,99,111,131,176,185,213,182,161,123,124,91,94,90,168,181,199,206,144,106,65,40,72,78,130,166,228,188,132,88,61,39,59,109,153,185,200,154,108,69,39,21,20,27,41,72,95,103,76,48,57,30,33,28,40,41,48,32,31,25,14,15,19,31,50,55,81,86,56,59,38,34,60,106,139,180,185,196
142,117,97,125,158,157,176,221,214,160,158,155,127,143,155,179,195,207,203,205,164,134,91,95,117,137,160,199,195,173,151,121,140,98,78,119,161,198,198,190,158,112,66,36,43,81,133,164,209,197,145,99,47,53,51,95,141,190,211,170,103,74,45,30,18,36,45,75,86,88,82,51,53,34,24,27,34,51,35,29,27,24,16,22,20,35,54,64,73,68,68,45,47,31,69,91,132,201,199,217
148,116,101,136,153,163,188,198,214,197,154,144,137,141,157,181,207,194,182,180,170,125,112,101,103,136,178,188,196,190,147,142,114,97,89,133,130,196,212,202,169,106,79,49,45,67,126,186,186,236,153,75,52,47,55,88,120,187,214,168,115,65,41,26,27,28,47,58,97,70,80,54,47,39,29,32,48,43,31,32,18,19,28,20,30,33,34,66,78,80,67,38,51,32,68,90,130,198,193,201
168,108,100,112,157,165,181,204,191,200,172,132,141,155,161,178,189,197,183,174,153,144,101,98,123,131,173,196,181,191,158,128,113,112,102,127,120,168,210,213,179,110,67,53,53,56,109,189,230,218,128,85,53,44,53,81,129,181,206,193,137,56,36,26,29,34,55,71,81,87,85,57,41,29,37,28,37,49,35,30,26,26,25,21,21,34,36,73,72,80,71,40,39,47,64,96,120,174,194,190
154,127,85,94,148,183,203,215,187,160,159,156,141,154,152,192,174,198,204,160,149,114,103,118,134,138,165,196,173,193,165,146,111,98,105,129,123,191,198,214,174,102,61,52,42,62,111,195,240,200,130,82,55,29,52,77,149,159,196,197,129,73,35,37,19,33,44,74,90,81,77,63,41,30,26,38,47,38,32,34,35,21,20,18,20,29,29,63,78,79,58,62,48,47,60,82,127,192,232,195
140,119,106,105,126,174,212,203,194,174,164,154,144,157,141,167,218,200,212,156,136,133,106,112,119,142,177,184,194,168,142,139,100,99,89,133,136,207,227,206,169,122,64,42,44,65,127,197,228,203,134,88,49,34,51,70,115,186,193,188,132,69,43,33,31,25,46,73,78,89,75,55,56,24,27,35,41,48,49,34,24,17,21,21,21,36,47,58,60,74,74,59,50,48,55,70,135,192,195,207
133,117,107,108,131,170,205,217,181,178,165,140,147,160,180,167,177,202,200,173,168,100,116,109,125,136,177,192,183,175,149,119,125,122,102,127,134,189,218,214,178,111,63,50,47,74,116,194,224,212,128,90,44,28,53,84,114,179,223,151,138,69,38,32,34,38,49,61,71,90,93,64,43,29,23,34,35,42,46,39,26,27,8,20,30,25,47,61,64,78,75,50,39,55,55,79,119,193,226,174
137,108,95,87,142,183,196,212,213,172,155,153,145,167,166,160,185,196,198,196,169,116,108,110,118,150,175,176,191,165,154,130,113,118,111,124,142,169,241,196,175,101,98,53,51,57,128,178,249,198,147,78,39,31,50,67,135,187,195,169,133,69,35,26,27,42,56,69,75,102,87,61,41,20,34,33,44,49,43,48,25,20,19,13,23,32,38,75,81,58,58,46,64,47,51,76,129,196,218,190
155,116,89,105,146,174,217,195,182,165,169,162,153,144,167,164,166,179,223,205,150,128,104,111,123,139,154,155,201,183,155,156,106,108,92,134,141,184,225,215,146,125,83,46,53,60,125,177,222,206,157,82,55,34,51,76,126,188,209,189,106,72,30,26,23,50,50,73,82,96,88,48,46,41,26,35,38,37,43,42,37,24,16,22,16,28,44,59,86,67,52,41,57,50,61,61,148,196,213,175
155,114,77,104,149,174,180,232,184,169,167,141,150,172,170,158,140,185,211,225,160,124,107,127,106,141,162,182,172,201,168,127,131,111,116,122,155,183,220,217,137,114,74,59,56,62,108,168,222,196,157,90,53,40,49,80,129,187,207,162,118,63,38,25,27,31,38,68,83,99,82,55,55,27,32,38,37,38,41,42,38,23,26,18,19,18,41,55,72,70,67,58,41,42,53,88,142,174,195,200
160,97,78,119,129,170,213,220,191,175,135,133,157,156,174,168,147,203,199,206,171,121,104,110,123,150,160,168,199,182,140,137,118,129,113,134,139,181,216,201,169,105,65,62,64,83,110,149,213,214,162,98,49,54,54,106,110,197,179,173,113,69,42,32,27,35,39,74,90,99,74,64,45,39,37,30,43,32,45,44,34,20,17,18,19,24,45,58,67,68,60,57,48,37,54,101,132,175,193,202
177,97,90,95,138,158,234,199,185,182,124,140,161,150,157,180,181,193,213,181,169,113,113,104,104,127,170,178,234,189,137,115,117,131,117,125,150,177,197,208,167,113,76,71,63,65,119,159,215,219,145,88,63,45,49,96,127,163,218,166,113,75,53,33,24,39,46,72,64,94,84,63,48,45,38,26,42,49,42,37,30,29,24,15,26,24,39,68,65,61,62,55,39,44,65,77,130,174,184,197
148,105,87,96,116,155,207,196,197,193,165,125,152,158,161,175,163,194,228,196,151,122,105,93,122,128,170,209,210,192,128,102,135,120,119,126,136,193,208,199,161,141,77,56,58,57,133,174,207,196,157,111,64,44,57,74,128,177,209,185,98,65,37,35,43,33,44,63,85,94,101,60,38,38,46,44,35,48,44,32,24,25,26,15,15,23,46,57,76,69,55,46,34,47,56,79,118,176,205,206
143,109,102,90,130,157,187,240,200,160,169,144,159,138,170,161,192,191,211,216,160,125,102,97,137,134,159,187,204,170,152,133,111,116,117,125,149,179,226,212,168,137,81,47,61,66,118,167,224,198,159,113,71,44,52,70,127,172,220,169,101,67,47,31,36,33,47,69,87,90,88,61,35,45,32,36,37,51,39,30,31,38,16,17,21,26,40,58,63,80,55,53,39,33,53,79,126,148,216,202
159,112,85,86,132,161,189,214,191,200,158,156,152,143,152,169,182,216,195,208,164,109,102,114,129,139,187,173,206,164,153,125,122,116,120,120,144,186,222,195,183,109,92,63,71,58,115,156,202,174,162,122,73,54,62,78,128,180,200,156,105,59,42,30,34,41,48,71,86,86,87,66,43,46,33,35,37,37,36,40,27,41,19,24,18,26,47,68,60,55,70,52,32,40,51,75,115,193,192,205
151,109,93,100,123,152,185,248,200,196,122,165,141,150,157,165,194,219,187,206,165,117,81,112,138,161,172,182,185,170,137,135,137,117,135,129,147,163,217,198,159,132,100,67,55,72,107,149,210,182,156,120,83,58,56,69,129,189,209,157,126,69,33,23,37,43,45,77,77,84,73,78,58,35,31,27,27,38,53,45,44,14,30,14,14,19,38,59,71,52,68,51,50,47,42,81,113,169,190,202
171,101,105,96,122,126,188,237,207,181,156,127,143,156,181,155,182,213,184,189,172,125,91,115,117,135,168,202,174,183,142,129,131,115,127,123,154,174,204,192,186,122,92,69,62,91,107,137,184,171,175,132,86,63,45,75,111,184,203,160,110,71,49,23,21,40,61,74,87,52,88,86,46,39,34,38,36,37,45,42,42,25,28,20,10,27,37,66,56,68,43,59,54,41,44,75,107,160,187,209
183,129,95,96,117,133,220,216,215,211,144,128,131,156,165,170,198,194,221,171,155,146,109,97,111,147,159,198,211,166,132,119,126,132,120,135,158,175,206,204,163,137,92,74,67,94,119,118,187,181,161,122,90,63,59,76,112,178,196,173,108,68,50,23,32,50,61,68,84,68,92,59,42,39,42,44,40,45,38,48,37,40,26,15,15,25,49,57,62,56,51,52,53,45,44,70,123,157,185,175
184,121,101,87,110,135,186,221,227,187,173,125,131,140,148,177,201,184,197,172,193,113,126,94,128,139,170,189,215,160,120,129,117,141,136,129,143,182,185,218,173,121,97,76,84,90,105,132,186,180,137,99,109,56,64,71,118,175,190,140,114,97,50,38,31,41,53,82,71,84,70,64,41,29,50,48,32,38,44,47,47,27,20,17,18,29,43,51,53,58,61,61,40,36,53,81,114,159,175,194
178,150,114,95,102,156,181,205,217,186,131,137,117,138,141,181,198,219,184,151,156,165,109,95,112,141,181,186,198,175,122,116,107,128,124,127,155,171,189,199,169,131,104,74,62,71,108,138,178,170,144,104,96,52,67,90,124,138,183,140,110,82,56,48,44,41,61,67,80,66,81,57,47,23,32,38,33,45,53,45,50,29,29,23,18,20,21,44,58,53,60,44,45,44,54,73,115,161,152,161
152,128,118,102,113,146,158,190,214,185,122,136,110,145,143,161,195,201,169,183,135,135,105,112,116,110,146,149,181,163,138,125,94,105,104,123,146,158,179,174,175,127,94,66,76,80,96,117,177,138,123,106,79,53,56,80,89,139,147,134,104,70,65,53,34,44,57,52,70,85,54,43,44,32,25,26,32,28,53,37,47,24,19,16,19,22,20,30,37,55,49,38,42,34,57,73,99,121,133,151
101,103,116,77,105,123,148,160,177,145,118,107,86,116,115,131,183,166,158,139,116,93,101,93,89,100,127,134,137,118,118,107,81,80,81,103,120,131,149,137,125,104,82,46,56,73,92,94,114,129,87,92,73,50,52,48,67,91,116,103,70,51,34,40,35,35,38,47,41,70,35,38,25,20,16,18,16,24,31,32,29,26,17,10,10,15,15,12,18,33,36,33,17,35,31,58,67,86,118,107
53,63,47,46,65,96,105,126,123,86,73,56,75,55,88,92,115,118,108,103,71,61,55,66,54,66,80,81,90,79,73,56,48,39,61,57,77,83,104,101,78,49,53,40,28,43,48,57,74,71,59,48,31,33,36,27,45,60,58,47,44,26,24,20,15,13,23,16,29,25,31,19,15,14,5,9,6,16,23,12,20,11,7,8,10,7,8,9,7,8,18,18,13,13,22,28,55,63,55,60
26,22,13,19,18,40,55,67,63,36,30,32,36,36,41,42,52,52,53,62,34,31,36,30,28,29,35,33,43,27,35,26,18,19,17,28,28,48,34,47,33,24,17,17,9,14,18,32,29,31,12,14,9,9,9,10,21,28,16,23,12,12,11,13,4,7,8,6,5,8,13,10,3,1,3,1,4,6,6,6,12,4,3,4,2,3,2,4,4,3,2,3,5,4,4,12,9,23,21,21
5,5,3,1,5,6,24,14,14,15,4,4,2,8,15,15,22,12,15,17,11,8,6,9,8,8,8,9,10,8,3,6,2,6,2,4,10,1,6,12,15,4,4,2,2,3,5,8,8,3,5,2,3,1,1,1,2,5,6,5,4,0,3,2,0,0,3,1,4,1,0,6,1,0,0,0,0,0,0,1,3,2,1,1,0,0,0,2,0,0,1,2,1,1,0,3,6,4,5,0
0,1,0,0,1,2,8,3,3,4,2,0,0,0,1,2,2,4,1,1,1,0,2,0,0,0,1,1,0,0,0,0,0,1,0,2,0,0,2,0,0,2,0,0,0,1,1,0,1,1,0,2,0,2,0,0,0,0,2,0,0,0,0,0,1,0,0,1,0,0,0,0,0,0,0,0,0,0,0,0,0,0,0,0,0,0,0,0,0,0,0,0,0,0,0,1,1,1,3,0
0,0,0,0,0,0,0,0,0,0,0,0,0,0,0,0,0,0,0,0,0,0,0,0,0,0,0,0,0,0,0,0,0,0,1,0,0,0,0,0,0,0,0,0,0,0,0,0,0,0,0,2,0,0,0,0,0,0,0,1,0,0,0,0,0,0,0,0,0,0,0,0,0,0,0,0,0,0,0,0,0,0,0,0,0,0,0,0,0,0,0,0,0,0,0,0,0,0,0,0
0,0,0,0,0,0,0,0,0,0,0,0,0,0,0,0,0,0,0,0,0,0,0,0,0,0,0,0,0,0,0,0,0,0,0,0,0,0,0,0,0,0,0,0,0,0,0,0,0,0,0,0,0,0,0,0,0,0,0,0,0,0,0,0,0,0,0,0,0,0,0,0,0,0,0,0,0,0,0,0,0,0,0,0,0,0,0,0,0,0,0,0,0,0,0,0,0,0,0,0
0,0,0,0,0,0,0,0,0,0,0,0,0,0,0,0,0,0,0,0,0,0,0,0,0,0,0,0,0,0,0,0,0,0,0,0,0,0,0,0,0,0,0,0,0,0,0,0,0,0,0,0,0,0,0,0,0,0,0,0,0,0,0,0,0,0,0,0,0,0,0,0,0,0,0,0,0,0,0,0,0,0,0,0,0,0,0,0,0,0,0,0,0,0,0,0,0,0,0,0
0,0,0,0,0,0,0,0,0,0,0,0,0,0,0,0,0,0,0,0,0,0,0,0,0,0,0,0,0,0,0,0,0,0,0,0,0,0,0,0,0,0,0,0,0,0,0,0,0,0,0,0,0,0,0,0,0,0,0,0,0,0,0,0,0,0,0,0,0,0,0,0,0,0,0,0,0,0,0,0,0,0,0,0,0,0,0,0,0,0,0,0,0,0,0,0,0,0,0,0
0,0,0,0,0,0,0,0,0,0,0,0,0,0,0,0,0,0,0,0,0,0,0,0,0,0,0,0,0,0,0,0,0,0,0,0,0,0,0,0,0,0,0,0,0,0,0,0,0,0,0,0,0,0,0,0,0,0,0,0,0,0,0,0,0,0,0,0,0,0,0,0,0,0,0,0,0,0,0,0,0,0,0,0,0,0,0,0,0,0,0,0,0,0,0,0,0,0,0,0
0,0,0,0,0,0,0,0,0,0,0,0,0,0,0,0,0,0,0,0,0,0,0,0,0,0,0,0,0,0,0,0,0,0,0,0,0,0,0,0,0,0,0,0,0,0,0,0,0,0,0,0,0,0,0,0,0,0,0,0,0,0,0,0,0,0,0,0,0,0,0,0,0,0,0,0,0,0,0,0,0,0,0,0,0,0,0,0,0,0,0,0,0,0,0,0,0,0,0,0
