parameters (x,y,w,h,rx,ry):-5,0,10.000000,40.000000,100,100
59,51,39,62,45,51,71,78,55,60,58,47,29,27,33,73,62,71,67,54,50,33,42,40,41,45,68,73,68,56,44,45,27,24,45,42,55,61,73,59,52,35,51,47,47,68,60,68,51,56,57,50,39,35,47,60,61,67,50,55,43,48,31,29,36,53,63,80,51,51,33,32,38,28,31,52,62,62,54,50,39,19,22,25,24,36,44,52,64,59,56,39,55,43,37,44,65,46,53,58
145,98,88,79,105,119,157,181,159,133,122,116,81,86,108,127,143,138,156,129,108,83,65,86,79,114,151,147,157,156,110,90,54,82,83,99,128,131,149,143,115,93,89,97,112,133,161,174,134,120,113,86,97,83,100,110,154,132,157,123,102,74,82,65,79,100,127,154,156,109,85,68,61,67,74,107,124,131,113,118,100,77,41,52,51,66,112,117,148,132,97,114,83,89,110,96,111,135,134,127
131,109,89,77,95,138,150,172,175,159,122,108,83,78,101,128,146,161,156,142,113,76,64,78,95,121,127,164,179,145,110,82,63,70,80,103,159,132,165,141,129,97,65,89,114,124,146,193,160,144,104,85,84,99,110,121,133,163,152,120,110,84,51,60,81,107,154,149,141,114,88,67,50,62,74,98,140,148,138,111,104,77,39,32,46,69,107,128,149,131,118,90,84,92,79,108,118,126,150,142
145,95,78,63,89,135,173,182,172,138,125,93,75,63,102,143,158,164,168,144,105,79,50,78,95,100,138,178,167,152,118,76,53,61,74,103,127,190,139,150,110,86,82,85,117,106,157,170,188,127,103,101,76,83,94,134,140,150,168,123,104,62,55,65,86,115,149,141,144,111,102,60,64,44,59,78,142,177,144,131,101,74,36,35,35,69,85,140,145,138,121,107,81,78,83,98,109,141,160,151
131,120,73,76,69,111,157,218,210,150,109,72,66,73,104,132,151,173,171,145,103,79,55,54,95,92,138,177,200,158,110,69,51,43,80,117,134,176,169,141,99,87,84,80,105,100,162,182,165,158,109,88,79,92,92,120,148,170,154,136,101,68,62,60,77,116,136,163,144,121,79,76,56,55,56,77,137,181,160,129,94,55,34,31,38,46,74,127,178,139,137,97,87,75,69,90,121,145,179,154
142,124,80,60,79,101,148,198,199,181,117,85,74,74,91,126,160,171,156,145,117,68,60,60,75,94,152,193,193,168,116,65,50,55,58,92,148,180,166,158,111,84,81,97,86,129,144,169,182,154,104,95,76,78,100,126,147,164,153,121,107,70,48,67,76,105,148,174,146,123,72,59,65,42,57,93,144,148,151,138,105,55,35,23,39,64,87,113,151,142,134,125,81,71,78,89,126,142,152,161
165,108,72,62,69,120,151,183,192,163,117,93,70,84,85,118,147,180,178,144,102,78,44,55,61,97,158,200,192,149,101,83,40,50,48,103,126,169,197,159,117,78,79,87,84,122,152,195,193,151,108,80,78,90,86,120,142,174,172,133,93,82,55,56,81,137,134,150,150,118,86,68,53,44,52,97,131,171,173,153,89,55,43,25,32,50,83,116,154,155,142,114,84,66,83,81,127,155,183,142
161,118,76,58,69,105,144,192,214,170,133,76,71,59,81,122,137,189,188,138,109,72,47,62,68,94,142,195,187,173,119,59,40,39,60,104,133,179,185,158,121,75,77,65,78,114,164,183,213,168,103,84,77,73,85,113,146,162,166,135,101,65,51,49,70,127,134,166,172,134,89,56,46,39,55,98,112,166,198,133,77,63,36,24,28,74,72,129,140,155,142,119,85,63,83,83,114,153,166,149
149,120,67,54,70,102,143,202,221,191,118,74,53,57,83,125,144,184,170,158,111,60,61,55,65,102,153,195,194,173,112,68,36,43,50,84,143,175,184,185,115,87,62,67,88,112,153,197,196,171,110,79,55,76,91,121,165,161,180,126,106,58,40,57,63,104,172,175,145,123,109,62,43,32,48,100,151,197,173,122,82,36,34,35,35,43,86,131,158,163,151,95,65,73,87,98,103,142,174,176
142,123,65,57,65,94,145,205,217,209,113,65,54,56,77,130,163,180,179,136,97,65,80,49,76,96,144,185,213,143,95,80,55,40,53,88,124,163,177,181,128,95,54,55,92,96,163,200,215,155,118,62,53,67,97,146,147,153,184,136,121,56,37,46,60,121,159,178,171,134,78,57,49,45,52,75,150,161,186,139,92,44,33,26,32,49,76,114,192,180,131,106,71,60,75,97,119,152,145,185
137,102,71,66,69,91,146,214,214,188,125,64,45,58,91,117,153,180,178,123,115,74,51,61,77,109,131,194,205,152,114,75,52,35,61,78,123,154,203,186,138,88,48,65,62,94,161,220,189,176,129,74,58,74,100,119,147,168,172,139,109,63,49,43,62,111,149,198,173,132,80,54,49,39,55,95,149,147,171,148,91,47,39,25,26,51,75,128,170,169,126,103,97,71,59,90,131,147,177,162
121,104,84,70,77,88,160,186,245,174,115,57,51,70,75,122,161,181,173,153,96,66,60,49,77,107,146,185,211,168,96,70,47,43,47,76,126,164,187,187,138,93,68,57,60,110,148,176,213,181,132,83,55,64,109,117,143,173,164,131,116,73,43,53,61,116,157,173,180,115,91,59,51,33,53,91,124,169,189,130,106,50,28,22,27,40,94,142,156,158,138,111,87,71,57,74,129,171,152,183
156,92,85,72,59,97,142,199,242,176,111,54,49,53,84,111,167,177,179,158,109,61,45,55,83,105,159,184,206,148,105,72,41,43,49,90,113,182,199,165,128,84,67,66,61,115,161,203,192,168,119,79,72,63,84,151,143,168,157,135,95,61,63,62,56,110,136,179,178,134,74,61,45,40,55,87,148,155,171,150,99,47,26,23,22,53,86,117,179,168,144,120,86,81,62,98,105,128,183,183
157,124,81,65,74,115,117,203,223,179,123,67,42,43,70,114,183,202,186,161,89,69,47,48,71,117,157,194,203,155,88,82,48,45,55,95,132,152,186,209,133,82,61,58,75,95,190,193,197,175,99,93,60,82,91,111,158,170,159,128,90,69,52,51,80,113,137,192,162,159,83,48,29,43,67,93,127,175,187,148,83,57,29,22,29,45,77,91,177,162,153,125,81,69,78,92,116,120,183,172
151,106,82,62,78,95,133,191,215,180,138,72,43,35,69,99,166,201,185,165,106,65,46,50,78,92,173,189,183,160,109,69,52,35,55,95,128,167,207,165,140,82,62,64,69,98,162,186,178,177,122,84,66,67,86,116,159,177,174,109,97,61,42,49,88,139,146,162,181,131,90,39,43,49,75,96,137,174,182,125,92,58,29,22,21,33,68,114,174,160,141,115,84,71,76,90,111,161,160,193
148,106,71,61,73,94,139,169,225,189,129,79,39,41,56,97,146,197,192,188,100,60,59,57,51,122,139,205,204,159,112,62,49,51,55,78,115,189,186,184,138,78,45,56,66,109,137,192,210,190,113,79,55,56,103,131,144,177,152,142,74,72,38,72,79,134,162,170,146,149,74,51,48,40,81,93,123,175,165,127,90,50,28,16,25,49,69,107,146,179,153,135,90,76,67,87,111,155,169,191
159,93,71,63,76,75,143,196,219,187,139,79,48,57,63,97,139,192,211,154,106,76,41,52,67,88,169,163,207,182,107,58,38,52,56,82,134,179,212,164,122,95,54,55,63,95,161,171,207,194,143,81,48,64,87,122,163,176,162,137,89,49,39,53,87,117,167,183,166,135,87,52,36,45,66,97,141,187,168,148,85,38,29,17,22,38,72,106,148,163,162,125,88,74,80,80,106,161,171,177
166,112,81,52,64,92,132,194,221,196,144,76,55,47,61,99,135,210,194,154,120,54,70,38,72,110,158,175,180,189,111,78,53,35,48,80,138,206,185,171,111,76,67,46,70,101,148,184,219,169,130,80,62,57,82,124,154,199,184,122,71,46,54,44,93,107,169,178,161,138,88,42,39,52,72,116,145,160,176,143,85,37,23,23,18,37,78,116,147,148,158,114,101,74,68,106,101,129,199,168
151,121,83,56,57,87,129,189,209,201,148,94,49,51,54,87,142,200,195,147,111,77,59,42,61,117,149,198,190,155,119,55,51,36,56,92,134,169,209,172,125,79,58,50,57,87,167,179,206,181,143,85,54,56,83,105,153,185,180,149,76,51,40,47,76,110,164,205,179,149,72,41,41,45,95,108,140,158,163,128,77,50,30,23,18,33,77,112,152,178,149,123,98,76,69,86,112,125,169,183
161,117,80,60,58,91,128,186,225,186,145,83,48,47,73,93,145,182,188,170,117,77,48,52,58,117,162,185,195,177,116,59,44,41,57,99,139,183,204,184,125,89,47,45,59,100,145,202,207,182,128,78,46,53,89,115,151,191,163,156,84,48,49,51,66,106,160,209,181,131,80,47,40,34,79,101,146,164,189,117,99,44,29,17,20,27,62,97,157,177,142,138,103,72,71,83,95,148,163,182
180,132,87,65,46,95,123,197,237,172,148,85,51,41,65,117,144,185,203,169,119,62,38,56,58,104,152,192,219,164,97,67,42,37,61,84,112,192,214,168,140,86,41,40,78,117,149,185,219,183,125,80,55,60,85,127,156,182,158,122,77,62,54,44,68,90,185,190,185,140,87,36,38,43,63,99,159,168,184,158,91,42,26,17,18,36,60,115,154,173,156,125,121,79,69,76,94,144,167,162
176,116,80,55,57,68,131,174,250,209,116,72,43,61,59,107,152,172,196,172,105,72,50,58,57,74,151,196,219,178,103,63,55,53,55,90,123,167,180,176,131,93,56,48,64,131,160,181,192,172,123,66,43,61,92,137,187,169,157,101,71,66,35,64,61,118,189,174,198,131,84,50,42,46,70,90,129,188,177,154,98,43,20,19,21,38,62,113,157,165,147,129,95,95,72,79,105,136,169,176
160,122,82,52,61,54,134,216,245,197,125,74,45,49,64,92,154,201,188,159,116,72,46,54,55,87,142,174,213,168,124,69,45,37,70,83,114,182,177,172,134,90,57,53,71,112,162,197,191,173,118,54,46,69,78,163,157,183,151,129,89,44,51,47,72,115,175,196,182,124,65,47,42,52,65,95,139,171,186,134,92,57,25,18,19,29,71,115,160,173,152,127,86,84,71,71,114,158,169,152
156,128,62,57,49,69,151,199,231,218,118,75,45,33,62,110,150,180,180,185,104,77,43,51,51,107,162,195,201,170,110,72,52,45,54,79,117,155,212,172,124,92,55,55,77,104,162,201,205,175,110,55,46,51,87,136,182,194,133,155,79,56,45,49,90,115,162,197,159,134,83,51,48,38,60,104,152,170,174,160,87,44,32,14,17,31,75,105,158,190,147,115,93,66,68,72,118,152,189,174
161,111,91,43,56,94,143,209,206,199,124,72,50,35,49,102,166,207,192,169,116,72,44,45,61,98,164,203,197,159,101,60,53,44,51,81,117,162,196,175,140,82,57,59,63,92,179,204,202,179,113,66,42,60,88,132,157,209,169,126,89,53,41,60,81,111,154,178,168,140,83,51,42,45,65,108,134,180,161,137,108,52,28,13,14,37,83,116,155,166,166,119,98,50,73,73,105,148,187,189
167,120,69,56,57,95,161,205,214,171,142,78,57,46,59,102,182,166,176,168,122,79,52,40,64,115,169,184,201,161,120,62,41,43,52,85,118,165,184,177,134,85,52,41,67,105,165,191,215,186,119,55,52,66,89,118,169,185,162,127,80,59,47,46,84,112,160,180,158,134,103,50,43,47,59,98,139,154,200,149,87,56,30,14,12,37,65,130,151,161,155,132,99,60,66,77,96,134,189,198
157,117,76,51,62,78,146,189,228,180,139,84,46,41,75,116,173,187,178,139,115,63,41,50,67,109,172,193,182,146,129,53,51,33,56,81,130,157,193,185,149,75,43,40,75,96,154,185,207,192,127,73,51,61,88,133,170,171,171,124,92,62,46,39,78,125,165,186,159,145,84,56,39,36,74,104,132,176,173,158,86,51,37,6,16,38,66,90,156,177,191,140,90,78,64,70,101,144,202,201
137,128,71,56,65,90,119,218,208,189,122,91,40,41,73,113,159,202,172,145,118,76,41,44,65,112,162,192,185,161,110,63,47,35,66,94,117,156,192,181,133,88,58,33,61,106,140,206,219,171,123,67,65,62,82,153,175,185,142,119,89,70,40,48,77,104,151,199,176,131,95,59,42,36,55,95,150,158,194,158,81,51,24,19,21,38,61,103,136,173,176,130,90,73,55,100,85,158,169,188
165,123,76,63,60,94,133,172,221,190,147,74,52,43,64,134,152,188,167,157,112,77,48,62,66,105,150,217,193,166,97,78,36,31,68,80,110,163,220,161,132,89,63,31,62,109,141,210,211,182,127,69,60,51,98,125,165,163,189,137,79,51,51,53,58,119,144,179,206,142,71,56,41,41,56,93,137,164,194,124,106,54,21,17,24,46,66,113,126,178,182,132,106,61,54,76,126,141,183,154
140,132,89,74,59,75,120,210,224,180,133,85,54,54,65,93,186,175,165,151,115,75,48,48,78,105,158,178,200,166,100,70,48,37,60,73,123,166,174,171,141,97,67,36,61,120,156,182,219,158,116,84,56,67,93,143,153,182,174,134,91,54,47,50,76,101,144,187,195,139,77,48,43,32,66,114,148,168,200,134,95,49,25,17,23,44,70,98,175,158,146,133,118,68,46,82,109,176,171,177
161,139,68,78,64,73,132,197,218,206,137,83,41,45,81,109,188,153,186,152,111,76,56,47,60,107,160,167,223,182,110,63,40,44,64,68,123,157,183,176,134,101,43,51,71,110,159,191,179,162,134,86,57,77,74,118,183,208,168,129,80,45,33,57,57,112,166,168,198,142,95,52,35,35,62,92,140,191,164,174,97,46,30,18,20,41,74,106,157,165,165,132,105,62,53,77,101,152,164,164
155,121,103,61,45,83,128,208,229,201,125,76,45,35,73,114,161,187,195,151,106,71,51,36,64,112,117,192,211,168,107,83,43,56,54,74,123,149,222,153,140,86,62,52,62,120,136,193,193,162,118,76,69,69,90,114,149,198,172,151,90,49,26,41,65,106,153,183,201,151,105,54,30,29,66,90,145,178,166,159,105,47,24,16,20,38,78,110,125,170,171,136,86,68,74,74,92,136,187,164
131,117,102,67,69,81,132,206,236,212,120,64,53,46,48,111,139,213,191,143,117,77,48,46,60,85,144,171,212,170,150,56,45,49,44,69,134,178,203,170,119,91,59,49,60,100,152,201,166,206,118,86,70,73,74,118,167,176,170,129,93,53,45,42,66,99,157,223,182,151,78,53,35,40,52,101,142,175,192,135,102,55,30,19,27,45,66,113,142,186,142,157,91,60,61,78,88,155,174,168
158,120,87,70,61,94,142,213,209,199,107,81,51,49,59,92,152,199,204,162,96,71,51,56,55,91,159,179,223,148,128,76,49,39,53,82,114,163,194,187,143,87,62,62,53,115,176,188,195,156,122,81,61,60,80,101,165,196,173,123,109,53,51,44,66,122,143,171,227,140,85,39,36,42,60,93,110,175,189,145,99,53,35,23,31,41,59,130,163,161,152,137,79,74,65,75,111,132,172,179
158,122,84,63,80,101,141,211,201,173,133,77,62,44,63,93,159,199,196,159,98,73,52,51,52,87,157,197,187,161,113,91,46,38,43,94,110,153,209,187,139,104,59,41,54,108,188,190,212,142,120,89,64,53,87,118,159,186,185,139,102,39,42,47,51,109,152,197,212,166,76,47,30,29,49,95,151,184,174,149,100,46,37,28,30,34,78,106,141,190,154,116,82,77,76,72,97,120,175,186
156,96,93,72,68,87,154,177,231,186,122,82,37,42,65,95,170,205,189,152,109,78,48,47,56,96,135,199,198,145,119,79,47,45,47,82,121,167,188,191,161,90,52,49,57,101,139,223,224,138,112,71,63,57,88,115,179,167,178,133,87,46,32,52,60,110,138,209,194,140,95,59,28,44,46,110,152,167,178,151,91,56,31,32,29,39,70,111,147,186,154,100,105,71,77,91,92,136,166,199
141,96,81,60,51,83,157,204,235,171,126,83,50,32,64,87,163,186,215,167,100,81,43,31,55,96,132,183,195,181,131,69,46,42,38,85,126,172,207,185,138,102,44,35,52,80,166,231,206,172,107,77,43,81,100,102,161,195,168,128,100,46,39,41,70,104,162,188,169,134,91,57,40,41,59,99,133,172,182,165,86,58,24,27,28,43,82,129,140,170,142,121,90,83,76,79,113,132,168,193
178,119,62,55,56,76,182,200,200,185,129,74,58,45,52,96,158,203,198,183,93,75,54,34,42,101,147,176,194,190,137,59,31,41,50,66,146,184,179,195,123,75,64,44,56,90,162,201,245,150,108,67,51,66,92,135,150,178,169,131,85,50,53,46,62,111,184,206,156,141,81,39,54,38,54,93,152,161,181,144,103,69,31,10,20,35,68,136,138,152,177,106,87,72,65,75,112,140,186,189
161,125,83,56,56,79,163,220,222,162,134,91,56,45,59,100,148,194,197,184,129,58,40,34,49,90,154,195,222,169,121,65,44,36,52,82,148,186,193,182,127,98,55,40,66,94,144,221,220,164,119,57,51,68,98,116,156,198,179,121,80,49,37,38,57,117,163,197,187,131,91,47,35,43,48,87,146,196,175,148,86,52,33,23,27,33,65,113,151,178,160,124,97,65,70,93,113,142,165,169
155,138,80,77,53,84,145,185,224,201,122,81,56,42,77,116,143,179,199,156,128,71,29,32,59,104,141,211,205,153,118,56,47,36,48,84,153,179,201,192,117,87,60,40,57,83,148,202,221,193,105,74,56,55,86,143,183,170,166,134,90,52,35,44,59,121,153,176,181,142,88,61,41,32,59,97,127,176,191,154,93,48,33,15,21,34,62,100,175,164,171,132,91,74,75,76,112,146,167,168
179,126,74,66,62,82,146,204,212,183,143,81,54,34,54,125,157,195,185,168,101,76,40,30,60,102,133,208,213,183,98,60,35,41,69,73,126,181,219,174,116,83,53,49,49,92,156,189,214,183,112,77,56,63,85,147,169,178,150,121,99,55,38,46,72,103,173,203,186,144,86,61,38,42,42,99,144,154,185,157,106,46,31,13,20,32,59,102,154,205,157,118,86,73,69,87,103,137,157,170
162,133,87,70,50,80,131,198,225,167,144,88,52,40,66,103,164,208,189,158,101,68,42,43,64,89,132,215,214,168,97,73,49,44,56,77,113,184,194,197,145,82,48,49,60,100,132,202,216,203,113,72,52,70,77,140,179,191,169,122,72,51,37,45,68,106,161,193,201,140,74,54,35,31,54,88,129,191,186,153,101,54,24,14,25,40,53,111,163,166,166,130,89,68,67,83,105,149,148,174
161,136,84,61,49,102,152,162,218,168,152,97,51,55,55,104,160,216,191,156,100,72,49,34,66,109,155,169,197,159,120,73,58,33,47,78,118,144,204,214,139,97,41,45,65,87,126,184,241,181,116,77,46,68,81,117,177,208,177,129,65,56,38,33,59,119,155,195,185,140,71,68,24,39,70,78,104,192,211,148,114,66,23,9,22,38,64,125,148,175,151,132,92,64,68,63,110,131,172,179
155,117,87,65,72,74,147,209,209,183,136,79,57,47,73,94,142,187,217,146,116,67,46,58,64,118,115,203,206,142,111,68,53,28,46,77,135,173,211,183,145,99,49,33,58,80,140,206,212,167,118,79,60,74,95,116,152,177,186,148,110,54,38,36,57,86,169,183,189,144,80,56,37,43,61,83,119,198,201,136,100,65,24,15,14,34,71,116,174,159,149,124,95,79,79,78,104,134,164,192
153,107,97,69,54,88,139,186,219,194,135,91,64,44,64,106,150,197,171,157,109,78,53,40,68,115,163,191,204,149,102,71,39,33,42,87,121,178,193,206,150,75,55,41,58,103,130,179,232,196,119,64,38,61,90,150,174,181,168,148,78,45,36,36,63,109,139,201,198,121,96,62,42,30,63,87,136,171,210,145,107,53,35,15,14,45,81,108,165,160,185,112,82,65,70,91,119,148,162,163
144,105,80,72,53,96,135,192,218,224,124,83,48,35,48,103,160,189,196,132,147,69,47,52,61,100,137,221,186,155,114,67,33,39,54,76,134,185,179,217,128,75,49,41,54,111,152,184,232,208,95,64,61,59,91,124,174,197,160,122,98,48,49,36,66,96,164,189,177,125,92,70,39,39,57,78,136,169,187,162,107,68,28,23,19,33,55,121,146,167,161,122,89,77,66,85,109,160,196,156
156,101,96,68,73,87,115,169,237,206,135,92,46,34,44,110,165,207,175,172,114,81,59,52,53,90,152,186,200,175,125,59,44,30,39,80,148,176,214,173,124,89,51,46,59,87,134,196,245,180,112,74,53,53,76,129,181,201,168,129,77,53,41,31,70,113,163,183,176,146,89,59,43,28,45,66,118,192,191,185,93,58,27,18,23,44,61,98,167,158,171,131,97,72,61,96,105,157,151,181
142,126,82,61,79,71,132,161,231,215,152,92,47,32,45,100,155,213,193,151,107,69,69,43,61,107,137,189,194,161,123,64,36,42,61,71,130,179,200,207,127,74,54,46,66,88,151,204,205,182,133,75,46,55,94,115,164,219,162,121,85,59,43,40,54,93,156,196,202,152,98,53,34,34,55,72,135,181,218,155,113,47,32,18,21,36,64,110,162,156,166,118,98,64,68,77,107,157,155,181
150,90,91,54,84,89,149,162,226,194,149,72,47,40,61,101,147,183,215,153,108,76,52,51,64,102,137,174,193,179,123,73,45,40,48,74,128,166,223,179,131,65,59,48,62,92,161,214,189,170,127,71,41,57,88,143,167,171,194,123,80,58,43,40,66,89,154,200,189,153,86,56,29,27,59,82,122,188,195,164,108,47,26,18,27,39,64,99,170,164,167,135,88,71,65,74,98,162,174,193
132,104,74,66,70,93,145,189,210,200,147,80,53,40,66,99,151,174,193,168,115,91,60,41,63,106,127,193,182,172,120,81,44,42,41,79,110,217,202,189,122,66,48,47,50,90,172,225,196,167,98,66,64,61,85,129,183,170,198,116,79,59,30,54,66,106,133,178,197,160,109,48,37,34,54,89,148,159,181,163,108,50,24,14,16,35,73,109,139,163,178,142,97,75,68,68,95,148,220,181
143,106,65,92,64,105,126,202,189,192,147,96,51,54,58,89,158,190,180,172,108,85,50,40,71,91,160,185,203,169,107,77,43,34,42,67,141,180,223,191,110,69,59,42,59,108,175,217,212,146,96,72,51,53,83,145,168,195,155,134,80,57,38,42,74,95,146,210,178,135,124,54,30,31,57,84,128,165,192,170,116,52,28,20,20,39,67,109,143,164,166,125,108,78,83,69,107,137,189,193
148,112,73,65,73,99,146,189,208,190,153,83,48,53,64,91,151,178,200,174,137,65,43,30,59,104,148,200,198,166,111,75,56,35,54,77,126,181,197,180,147,81,57,40,52,119,169,216,204,155,104,79,53,53,93,139,161,183,169,105,94,48,40,36,62,91,167,189,191,152,93,58,42,47,52,88,110,156,190,176,105,58,38,20,20,36,66,101,142,181,152,135,107,90,53,77,104,166,181,166
145,117,83,55,67,100,136,204,224,161,148,88,64,54,55,90,141,188,204,176,107,65,51,46,62,93,154,182,203,166,112,79,44,34,43,76,116,177,206,187,137,77,52,47,36,122,172,220,205,157,118,67,48,57,78,124,171,178,195,130,86,40,33,29,76,95,181,197,177,131,91,44,41,44,37,105,145,152,172,162,96,53,29,25,19,33,64,99,140,184,153,125,115,77,73,61,109,146,182,176
144,120,77,69,67,105,154,174,205,181,144,79,52,51,61,101,145,181,203,177,122,69,62,30,67,109,141,197,190,189,114,78,49,29,48,76,140,184,202,195,141,78,42,37,65,100,172,217,208,156,114,65,51,58,84,123,172,201,160,116,107,48,33,28,74,113,165,197,195,136,87,44,46,34,68,91,144,182,180,127,94,70,23,25,25,47,75,79,159,172,179,125,105,64,71,77,106,128,185,185
129,125,79,55,67,100,161,186,220,164,153,87,45,40,66,106,140,177,193,163,128,81,44,43,53,98,141,176,196,175,125,91,51,34,50,66,121,190,188,204,133,77,45,50,56,102,155,189,235,156,119,71,40,56,86,125,173,180,165,124,78,56,34,35,56,117,165,206,200,131,74,44,31,36,50,94,152,181,183,141,91,53,31,28,23,31,64,122,138,169,172,129,101,66,68,75,106,159,194,189
153,119,81,67,61,119,138,191,226,166,170,86,38,40,62,95,175,181,198,150,123,83,54,56,53,86,136,172,186,203,113,84,57,36,49,84,130,185,214,176,118,78,55,39,57,91,162,197,223,163,121,72,48,57,85,131,157,203,176,117,94,57,33,38,65,97,134,203,212,149,90,42,29,37,49,89,121,187,169,154,98,56,26,21,32,30,64,106,161,168,171,118,94,69,68,78,130,170,153,148
144,92,81,75,77,95,134,189,233,203,119,79,48,41,61,87,161,213,187,143,98,93,74,44,57,104,131,187,180,182,113,85,50,37,42,76,152,193,207,184,130,71,49,28,50,100,168,201,225,174,102,68,53,63,86,127,190,193,159,123,99,43,28,40,52,100,143,188,205,151,91,59,29,28,56,86,147,190,195,140,81,50,29,26,20,45,70,110,130,145,174,152,93,70,66,81,111,168,175,154
138,128,77,64,68,96,149,171,215,191,145,75,58,55,46,103,160,202,179,160,109,72,72,59,58,83,143,164,199,202,115,70,59,44,56,85,126,168,213,171,145,77,49,36,46,91,173,195,233,165,123,61,42,68,85,132,161,203,163,132,90,58,35,34,54,112,158,183,185,161,93,60,28,28,42,89,154,190,199,136,96,49,30,15,24,50,56,125,124,160,187,136,99,73,68,77,116,158,186,153
159,132,69,70,57,107,125,166,226,195,151,88,59,41,70,100,164,188,175,159,99,87,60,52,43,85,141,179,195,192,116,84,59,45,56,73,124,181,211,183,137,74,56,45,54,97,161,188,243,178,100,59,55,57,81,134,170,198,177,121,86,52,38,37,52,101,169,205,184,126,106,67,29,26,49,83,143,200,196,131,104,39,30,19,28,47,69,109,153,181,143,119,91,68,63,68,109,158,174,165
168,135,72,70,67,94,126,190,196,187,158,106,61,40,66,121,151,196,173,143,117,76,58,48,56,107,123,178,190,183,139,66,55,40,48,86,127,174,216,181,115,76,57,48,55,92,159,194,222,174,124,65,50,55,92,124,182,186,186,110,98,48,32,34,61,103,144,199,199,127,106,60,36,26,28,104,147,179,194,151,96,45,22,22,22,37,63,108,187,160,135,127,97,65,64,81,106,140,163,167
172,137,82,73,67,98,129,175,195,189,137,101,57,42,73,109,153,193,173,135,112,74,54,48,68,94,160,184,184,155,143,75,50,30,48,88,125,177,216,179,142,68,54,35,58,85,156,213,230,167,110,80,52,59,87,145,170,185,175,123,87,50,39,36,52,88,156,198,202,153,94,52,39,34,41,96,125,173,185,167,108,48,26,18,19,30,66,116,146,167,165,128,105,65,54,77,100,157,168,160
150,141,87,71,59,85,158,173,194,214,156,80,49,47,76,119,163,190,179,152,109,65,62,63,54,92,129,197,204,160,126,79,52,54,53,72,126,171,206,193,150,74,45,38,42,103,161,226,204,183,117,70,41,57,65,145,183,195,172,118,86,63,27,30,54,90,156,184,216,156,100,62,32,29,46,100,119,172,162,165,98,74,36,23,21,42,62,105,133,160,184,154,67,64,60,64,132,131,165,176
164,133,88,80,81,92,139,182,214,196,151,85,49,49,70,107,132,190,193,175,105,83,43,38,61,96,144,172,195,175,123,61,50,58,69,74,119,166,199,182,136,77,50,39,67,92,152,221,211,176,123,59,50,51,89,135,170,194,179,129,77,48,39,35,57,93,159,189,221,154,98,55,29,27,49,77,128,169,182,155,102,56,35,23,23,48,60,92,149,155,158,135,95,74,63,71,99,139,175,168
162,136,76,64,76,100,133,197,215,184,140,85,66,46,57,101,168,179,202,170,105,82,59,42,51,95,127,202,203,169,114,77,42,40,61,95,117,166,200,201,141,68,45,28,61,103,135,205,239,168,118,53,45,50,91,136,164,199,166,138,75,59,34,31,59,96,168,205,201,142,96,55,35,33,52,86,119,155,190,186,91,56,29,20,22,40,62,94,140,172,178,115,94,66,62,88,101,138,174,178
170,116,81,59,90,97,133,187,208,193,144,96,73,37,51,94,169,192,200,177,130,60,63,42,43,81,131,194,189,164,140,72,36,42,50,92,121,168,209,195,137,85,40,47,58,87,137,193,229,186,110,64,53,57,98,124,178,184,159,145,90,50,28,30,53,108,148,207,191,160,99,60,37,23,47,85,121,167,190,163,119,50,33,15,21,24,58,95,142,187,162,135,89,73,58,71,96,125,193,176
145,120,90,71,84,97,143,170,212,203,135,95,65,44,54,102,127,194,200,189,130,78,55,41,50,67,147,210,208,148,117,72,51,36,49,98,121,185,181,201,141,89,52,46,62,94,141,192,205,185,134,88,62,59,60,133,167,184,177,130,103,45,35,28,40,103,150,192,212,159,99,53,30,40,47,78,141,167,173,158,100,66,30,20,20,29,57,91,157,173,168,160,85,60,68,69,107,145,176,177
148,103,113,85,57,97,134,195,214,199,132,105,56,44,53,88,151,196,204,164,111,90,47,49,44,77,152,227,189,164,96,68,63,43,48,84,120,164,215,183,147,98,62,52,54,101,139,181,218,182,129,84,52,55,73,113,157,187,191,141,82,52,31,27,60,105,156,185,184,157,110,54,25,41,62,79,138,180,178,159,91,48,36,20,21,42,65,97,133,160,159,144,121,63,62,75,102,145,172,168
153,111,87,65,80,96,144,174,214,191,147,100,56,48,65,97,171,173,190,152,119,78,52,43,57,87,149,197,216,153,98,85,57,46,49,86,120,148,207,198,144,103,62,59,56,93,146,196,221,168,126,76,58,50,67,119,173,193,175,121,111,60,40,21,54,100,162,183,194,147,111,61,22,30,52,77,126,176,194,152,81,56,32,26,18,44,67,103,125,157,156,144,99,70,62,88,102,129,187,179
130,138,77,64,75,103,152,167,214,201,155,91,45,53,79,87,143,191,169,164,111,83,57,40,63,105,139,179,218,166,102,91,45,51,58,64,125,172,185,190,141,100,53,62,61,85,145,219,231,171,124,68,46,58,64,121,151,207,183,137,83,64,32,36,52,110,145,203,184,155,88,52,40,35,50,92,126,167,183,152,89,46,27,31,17,45,62,92,143,146,165,138,109,64,63,90,105,132,191,184
154,121,99,67,70,108,121,186,214,208,142,86,41,48,77,98,167,166,189,172,113,72,50,53,47,87,144,198,183,181,130,64,52,45,51,75,106,175,193,202,146,95,62,49,63,86,158,214,197,183,117,71,52,57,61,97,173,199,181,138,82,65,44,33,54,104,146,179,200,147,96,67,46,32,55,99,130,184,159,143,82,49,30,28,25,38,70,111,118,164,136,145,105,69,73,92,93,123,166,196
177,115,85,74,82,93,133,173,223,192,141,88,52,57,55,88,135,202,203,169,110,71,39,40,62,91,128,195,213,190,131,77,53,45,43,68,111,168,211,187,146,99,53,52,67,91,142,193,219,172,115,88,61,46,76,134,159,197,186,149,78,47,43,38,66,96,155,194,189,134,86,59,44,42,52,92,127,176,183,110,101,66,30,18,22,41,59,98,145,149,149,127,102,77,79,91,103,148,147,188
164,142,79,57,63,115,135,202,193,217,130,84,61,43,67,94,134,202,198,177,96,74,41,45,51,93,146,179,202,181,127,87,51,37,54,66,119,180,196,175,124,105,74,56,61,122,136,186,190,172,120,82,61,61,82,118,178,208,198,121,67,55,34,42,62,90,160,197,172,130,93,65,44,38,49,80,116,168,188,147,109,58,20,19,17,31,67,102,154,166,146,116,96,78,57,96,90,152,159,187
165,118,105,71,65,89,152,207,198,184,143,88,64,46,55,110,155,182,185,165,130,67,50,41,42,94,142,181,196,168,135,91,53,38,47,66,138,150,225,163,138,101,64,66,68,98,172,170,207,177,115,77,72,68,95,114,146,208,193,140,79,52,44,50,60,107,145,166,200,137,96,67,35,40,54,70,121,167,173,164,126,50,19,13,16,34,70,96,140,198,138,122,93,73,64,66,114,129,159,185
153,125,91,74,62,95,176,187,214,166,128,104,59,48,67,124,140,178,189,179,113,68,47,53,44,85,147,193,187,163,140,79,49,51,49,76,110,178,192,170,160,90,66,58,60,98,144,183,191,170,132,87,77,70,80,112,177,189,183,131,97,51,33,31,70,86,153,193,186,138,107,44,48,49,41,89,129,165,187,155,111,41,19,18,27,34,61,85,134,189,161,138,90,76,68,70,104,128,168,167
148,150,85,70,57,105,149,210,191,174,126,89,66,64,66,109,150,183,179,147,117,83,63,40,58,98,153,166,208,178,115,97,47,51,44,77,110,182,198,192,165,93,57,53,61,97,146,176,186,187,147,84,70,74,76,132,184,174,166,139,92,57,31,49,54,102,147,175,195,138,97,65,41,35,47,69,120,172,188,159,103,56,23,17,18,36,56,92,126,170,163,139,103,81,55,76,103,134,168,155
167,134,97,68,71,113,173,175,199,159,151,85,67,56,71,130,154,173,163,137,135,69,65,53,56,85,152,176,182,160,136,97,59,41,53,74,123,171,208,176,142,100,62,52,60,89,135,176,194,183,135,102,45,72,89,137,154,184,165,124,86,68,45,33,59,128,146,169,178,146,100,48,49,38,44,78,124,164,181,172,94,67,31,10,20,33,72,79,125,167,179,115,105,72,73,79,93,144,155,155
159,113,95,89,65,119,132,196,197,194,129,84,65,58,67,119,147,181,173,168,104,74,58,52,65,100,143,159,185,153,150,89,69,38,52,74,146,172,200,177,129,109,76,50,78,87,121,173,190,195,145,87,49,76,93,103,169,186,171,139,93,62,34,25,60,119,168,155,176,151,103,60,37,37,56,75,118,166,173,137,114,70,38,17,24,34,63,107,132,162,169,115,84,81,71,82,102,121,161,177
174,145,91,73,81,70,148,182,208,182,140,90,69,51,80,108,149,192,167,150,121,84,56,62,73,109,146,166,174,144,142,75,65,58,53,72,113,178,182,184,139,101,69,51,63,81,134,190,205,194,123,88,48,60,96,125,161,172,161,149,111,58,49,38,47,111,133,191,179,151,104,52,38,36,57,83,125,163,174,134,101,68,36,20,25,37,59,115,134,147,148,134,84,77,73,72,93,132,178,152
138,133,112,69,75,81,128,202,208,196,118,108,50,53,86,116,165,184,190,149,114,81,52,63,71,86,135,170,171,163,141,95,54,48,46,79,126,164,174,202,135,107,64,41,70,93,157,214,207,180,115,87,70,71,84,124,158,160,156,144,100,70,32,35,64,74,155,194,183,156,88,59,48,37,52,70,108,158,182,146,118,57,40,22,27,39,62,80,134,146,163,128,100,71,64,80,95,113,176,186
136,123,97,73,75,94,135,187,207,155,158,83,66,54,75,118,151,172,178,153,126,95,62,58,71,88,135,160,179,171,134,70,65,53,57,89,106,180,198,172,135,97,69,54,76,112,161,211,195,159,113,74,60,74,75,128,159,178,178,139,100,62,29,39,67,88,119,213,191,170,114,59,38,35,44,86,112,167,171,157,109,57,40,21,28,48,46,87,149,147,165,124,101,96,63,67,101,130,172,173
145,113,103,72,75,98,148,206,191,170,149,85,66,67,98,109,138,166,197,155,121,78,76,66,58,100,150,172,173,161,116,84,59,52,65,71,130,176,181,178,148,101,70,58,66,109,168,214,213,154,88,89,63,73,72,102,158,195,170,120,80,73,42,46,59,100,148,197,201,156,102,61,33,33,46,86,121,159,166,167,106,49,39,22,27,37,63,79,117,153,147,131,102,78,75,53,99,154,174,160
170,104,91,82,72,93,145,183,190,185,148,101,58,69,73,126,139,168,163,147,125,86,63,68,62,104,122,155,192,174,134,74,63,50,53,86,120,162,192,189,127,101,67,54,69,123,154,194,200,163,123,76,76,60,79,124,167,161,170,137,94,64,46,33,63,102,146,185,195,172,96,56,32,32,42,88,124,166,177,146,94,67,36,23,32,42,54,86,126,161,140,114,101,75,74,89,99,118,149,168
153,144,91,87,70,95,131,173,203,183,129,95,56,50,80,121,164,179,188,147,114,83,60,67,60,96,128,153,194,166,147,82,63,50,57,91,115,148,191,163,135,91,77,61,77,100,142,183,219,183,127,98,56,70,92,123,151,172,156,142,75,81,53,40,47,108,120,206,208,165,87,57,37,30,48,70,126,156,178,154,109,66,30,20,24,31,68,109,129,138,147,114,87,101,84,79,86,133,133,176
132,150,110,88,81,99,119,188,225,172,131,73,80,57,96,113,154,164,177,177,109,71,63,76,64,77,126,165,197,173,122,76,71,57,64,78,113,162,204,154,143,89,74,51,84,106,133,180,188,177,160,96,82,45,91,120,140,193,153,140,96,71,49,49,60,72,138,194,208,166,105,62,40,27,54,73,116,156,158,174,110,68,26,23,22,41,73,101,136,147,146,112,91,78,79,76,101,118,159,162
180,109,112,71,85,111,122,181,230,166,140,95,63,74,83,113,134,172,189,152,117,79,71,50,79,87,134,183,162,158,152,93,52,65,73,75,95,141,176,195,147,104,60,68,67,109,153,175,199,174,149,107,69,78,81,133,141,171,144,123,124,81,51,38,61,84,119,192,195,182,109,73,44,39,32,76,107,160,168,162,101,83,25,23,25,36,67,98,131,138,142,136,97,92,70,72,103,114,141,149
141,115,115,88,97,92,139,173,216,175,135,103,85,83,80,119,143,173,176,151,110,81,58,72,74,98,147,163,148,150,128,95,71,70,59,75,102,117,160,185,174,108,75,71,68,97,132,170,218,190,143,95,74,68,99,117,144,154,171,119,109,84,67,57,63,85,126,182,184,151,114,72,50,34,34,48,111,155,166,166,127,58,39,21,27,34,65,118,105,142,146,132,95,85,68,89,108,106,129,165
134,131,106,96,88,92,139,166,203,165,139,106,82,74,100,108,140,180,164,150,121,92,61,65,82,90,141,138,179,149,105,116,81,78,59,84,90,135,160,169,167,115,88,65,66,109,132,171,190,162,133,111,87,77,88,132,138,133,144,128,130,88,74,57,62,76,138,152,179,173,112,80,48,31,37,52,97,180,168,165,88,78,40,15,21,33,68,105,113,153,140,140,99,80,78,83,80,124,142,140
136,121,100,89,91,90,129,172,195,184,128,91,84,88,105,114,139,174,157,148,127,77,72,73,79,88,118,152,156,131,129,97,92,70,60,98,91,121,156,156,158,110,92,57,81,104,126,172,192,152,115,99,97,81,91,126,118,130,150,136,127,86,59,47,72,100,132,151,154,127,117,82,60,38,50,55,108,139,186,142,94,60,54,33,25,31,55,110,94,133,133,132,103,94,83,81,84,114,119,155
140,108,103,79,86,92,102,131,206,165,119,94,91,77,73,117,126,134,144,129,100,90,66,75,78,82,110,125,151,133,100,94,76,75,56,90,95,123,145,135,111,96,87,75,81,92,120,151,169,146,113,111,83,79,84,99,117,130,140,118,97,77,51,62,79,86,114,122,150,132,79,72,52,48,44,69,85,136,139,141,91,73,43,25,23,33,53,85,100,122,108,120,81,88,74,84,88,92,114,129
96,83,84,66,72,74,84,117,143,159,90,67,60,57,76,102,98,105,113,111,94,76,73,61,50,58,85,113,111,105,81,58,56,48,64,61,99,92,109,114,97,80,48,57,69,90,99,109,135,110,91,91,64,61,72,81,103,96,112,81,63,65,45,35,45,70,77,89,115,78,66,47,46,45,49,71,87,89,80,102,77,54,29,25,20,28,40,63,100,99,72,84,65,53,56,65,62,76,87,118
61,56,53,52,38,41,52,79,95,71,66,44,37,39,43,61,44,54,71,57,46,40,35,37,36,34,35,64,77,55,60,28,35,38,35,37,39,58,67,66,57,56,36,37,32,47,63,72,75,72,50,49,30,30,43,55,61,66,52,53,28,40,26,21,26,21,49,52,75,44,37,33,28,20,27,43,55,38,42,49,37,39,21,5,18,14,23,36,48,37,57,44,25,32,34,29,46,36,55,57
15,29,22,16,14,22,17,27,34,39,23,19,8,14,19,14,10,15,27,21,22,9,16,10,10,14,19,24,27,20,13,8,16,18,9,13,14,20,26,27,20,16,17,21,14,15,18,24,32,37,26,23,10,14,10,20,18,31,16,21,17,8,8,11,12,9,11,20,25,18,11,8,7,8,11,18,22,13,26,24,6,11,12,4,1,3,6,16,11,16,17,18,11,13,22,6,10,23,14,25
3,6,2,3,4,2,4,5,4,11,6,5,1,6,3,0,2,2,3,9,7,1,1,1,2,0,2,5,3,6,2,2,4,2,2,1,3,3,8,7,8,2,2,1,1,1,5,13,8,7,3,4,1,3,2,7,2,4,4,4,3,2,1,2,1,1,7,2,4,4,2,3,0,3,3,1,6,8,4,2,5,3,2,5,0,0,1,2,1,1,1,3,2,2,4,1,2,3,3,5
0,0,2,0,0,1,0,3,0,0,0,0,0,0,0,0,0,1,1,0,0,0,0,0,1,0,0,0,0,0,0,0,1,0,0,0,0,0,0,0,0,0,0,0,0,0,0,1,3,1,0,0,0,0,0,0,1,0,0,0,0,0,0,0,0,0,0,0,2,0,0,0,0,0,1,0,0,0,0,0,1,0,0,0,0,0,0,0,0,1,0,0,0,0,0,0,0,2,0,0
0,0,0,0,0,0,0,0,0,0,0,0,0,0,0,0,0,0,0,0,0,0,0,0,0,0,0,0,0,0,0,0,0,0,0,0,0,0,0,0,0,0,0,0,0,0,0,1,0,1,0,0,0,0,0,0,0,0,0,0,0,0,0,0,0,0,0,0,0,0,0,0,0,0,0,0,0,0,0,0,0,0,0,0,0,0,0,0,0,0,0,0,0,0,0,0,0,0,0,0
0,0,0,0,0,0,0,0,0,0,0,0,0,0,0,0,0,0,0,0,0,0,0,0,0,0,0,0,0,0,0,0,0,0,0,0,0,0,0,0,0,0,0,0,0,0,0,0,0,0,0,0,0,0,0,0,0,0,0,0,0,0,0,0,0,0,0,0,0,0,0,0,0,0,0,0,0,0,0,0,0,0,0,0,0,0,0,0,0,0,0,0,0,0,0,0,0,0,0,0
0,0,0,0,0,0,0,0,0,0,0,0,0,0,0,0,0,0,0,0,0,0,0,0,0,0,0,0,0,0,0,0,0,0,0,0,0,0,0,0,0,0,0,0,0,0,0,0,0,0,0,0,0,0,0,0,0,0,0,0,0,0,0,0,0,0,0,0,0,0,0,0,0,0,0,0,0,0,0,0,0,0,0,0,0,0,0,0,0,0,0,0,0,0,0,0,0,0,0,0
0,0,0,0,0,0,0,0,0,0,0,0,0,0,0,0,0,0,0,0,0,0,0,0,0,0,0,0,0,0,0,0,0,0,0,0,0,0,0,0,0,0,0,0,0,0,0,0,0,0,0,0,0,0,0,0,0,0,0,0,0,0,0,0,0,0,0,0,0,0,0,0,0,0,0,0,0,0,0,0,0,0,0,0,0,0,0,0,0,0,0,0,0,0,0,0,0,0,0,0
0,0,0,0,0,0,0,0,0,0,0,0,0,0,0,0,0,0,0,0,0,0,0,0,0,0,0,0,0,0,0,0,0,0,0,0,0,0,0,0,0,0,0,0,0,0,0,0,0,0,0,0,0,0,0,0,0,0,0,0,0,0,0,0,0,0,0,0,0,0,0,0,0,0,0,0,0,0,0,0,0,0,0,0,0,0,0,0,0,0,0,0,0,0,0,0,0,0,0,0
0,0,0,0,0,0,0,0,0,0,0,0,0,0,0,0,0,0,0,0,0,0,0,0,0,0,0,0,0,0,0,0,0,0,0,0,0,0,0,0,0,0,0,0,0,0,0,0,0,0,0,0,0,0,0,0,0,0,0,0,0,0,0,0,0,0,0,0,0,0,0,0,0,0,0,0,0,0,0,0,0,0,0,0,0,0,0,0,0,0,0,0,0,0,0,0,0,0,0,0
