parameters (x,y,w,h,rx,ry):-5,0,10.000000,40.000000,100,100
46,40,37,42,42,39,61,47,60,42,46,32,36,52,50,55,65,74,77,65,45,42,25,40,51,47,63,52,65,57,63,52,55,49,70,64,74,77,67,53,51,51,42,50,65,69,55,61,72,61,47,36,38,35,49,53,58,74,54,43,36,18,36,41,39,43,42,52,41,42,48,46,45,47,55,80,63,48,45,46,48,44,42,48,62,52,61,52,56,56,39,50,33,32,44,47,45,54,45,51
95,83,93,85,94,102,122,137,108,105,82,70,69,95,115,124,132,162,152,141,125,83,83,80,106,112,127,150,128,120,138,123,107,100,137,174,155,151,162,127,105,100,97,95,126,157,143,139,127,133,98,86,91,88,97,123,144,130,110,88,86,58,74,70,77,93,127,119,122,99,88,108,96,88,100,124,158,135,105,96,93,98,96,108,128,117,128,134,140,98,108,97,83,100,97,91,113,122,117,111
95,81,94,76,85,80,135,148,132,96,85,72,73,74,92,123,139,149,178,176,121,86,73,70,86,122,136,151,151,122,137,130,106,107,116,151,179,180,143,144,108,101,87,89,114,158,159,150,145,125,95,79,89,86,118,128,129,127,148,91,98,63,56,54,73,90,115,140,119,124,89,89,70,94,109,105,157,145,124,118,84,74,86,118,99,115,132,162,140,103,92,86,96,83,105,106,109,137,118,113
117,66,87,89,88,92,132,119,144,106,78,65,52,84,93,114,144,163,207,167,121,76,48,67,80,109,139,150,146,150,139,103,118,102,116,132,201,176,154,145,125,92,81,75,86,157,147,166,149,138,96,74,71,84,113,131,139,132,138,112,91,62,57,67,63,79,109,107,135,125,108,91,97,73,96,118,149,147,133,111,104,77,74,76,103,123,138,143,143,147,102,88,92,85,77,100,117,114,146,108
100,87,81,88,94,97,106,149,139,125,83,65,59,76,83,119,152,169,204,167,124,87,54,65,67,101,142,161,161,159,137,88,95,99,122,130,179,168,180,141,119,96,96,92,97,135,166,168,146,156,77,70,56,83,107,116,128,154,123,147,104,69,63,55,59,75,94,132,126,146,122,88,77,82,87,114,133,161,141,128,94,75,78,83,95,124,125,142,155,131,116,97,81,77,88,97,123,146,118,123
93,73,79,79,92,115,116,125,137,128,80,69,63,61,77,123,155,174,183,161,138,79,69,41,66,85,121,153,160,178,143,100,100,91,117,144,179,177,187,165,112,104,90,84,109,131,167,157,168,140,92,58,65,68,99,110,127,132,168,127,99,86,70,49,45,56,110,138,135,121,112,90,77,70,103,111,147,158,163,121,84,67,51,87,102,126,111,163,134,145,118,90,80,76,82,110,116,138,145,119
85,80,79,81,78,107,112,134,132,121,109,85,55,67,78,105,170,167,192,167,120,83,62,52,61,83,136,145,197,167,152,102,74,79,122,118,184,191,189,145,131,89,99,79,105,130,150,161,185,150,105,59,48,76,84,97,134,120,169,139,110,82,57,56,51,74,92,108,156,137,111,90,68,75,89,119,162,161,159,138,102,55,49,85,103,124,140,157,156,130,103,104,71,68,95,103,120,122,150,115
92,80,72,78,79,94,100,134,137,127,123,69,47,65,85,124,134,187,200,161,127,67,65,60,66,83,121,147,189,188,143,99,82,83,113,125,167,160,174,181,136,116,89,80,111,122,130,175,166,154,115,72,52,66,74,98,112,142,168,136,127,84,60,60,72,71,85,126,121,135,102,84,73,77,89,118,147,164,164,114,91,64,59,66,81,120,131,149,191,145,111,87,69,83,80,102,121,141,149,133
107,78,64,73,77,97,108,138,147,139,117,70,60,48,69,112,147,196,187,180,129,78,53,36,49,90,132,138,193,173,163,114,81,85,101,136,158,185,154,172,149,99,88,94,94,123,156,170,155,160,126,74,54,60,62,86,138,147,166,128,126,85,64,50,57,72,97,142,128,126,95,84,63,85,93,109,164,163,173,114,97,69,50,73,76,95,124,160,189,151,128,84,71,67,85,111,115,116,146,131
110,77,82,59,75,68,106,154,135,163,110,75,49,47,74,106,145,196,199,150,137,88,66,37,62,71,126,146,180,168,169,107,103,72,123,137,160,158,170,158,143,111,101,94,81,111,153,170,176,146,114,104,64,75,62,86,119,169,166,151,89,88,55,48,54,79,96,131,124,126,113,76,66,70,80,136,151,175,155,117,95,78,60,60,69,97,128,170,161,162,122,89,79,70,86,111,126,126,147,122
111,90,88,58,74,91,85,120,159,160,118,69,46,53,74,121,141,175,221,170,118,87,57,52,63,83,108,155,184,165,154,110,99,96,106,135,148,157,162,147,164,100,115,94,94,111,138,149,186,167,106,91,75,77,77,84,134,161,174,132,107,86,58,59,53,75,80,125,139,128,93,94,61,78,85,134,149,162,165,127,98,75,67,61,75,88,101,165,187,147,129,85,82,64,76,100,117,136,137,145
120,84,84,69,70,103,107,126,133,140,105,91,78,61,80,96,145,180,212,172,123,89,53,43,62,75,106,141,192,183,150,111,110,91,106,127,143,183,159,163,126,100,99,103,86,107,143,159,189,147,107,81,78,84,79,98,133,147,183,122,115,88,52,46,55,74,95,89,143,131,118,79,68,65,94,119,135,171,174,140,78,88,55,67,76,85,118,161,156,167,120,107,89,62,72,98,103,119,148,138
100,98,80,64,72,80,107,135,131,135,106,95,76,74,82,105,141,169,158,189,134,87,57,53,55,80,92,137,189,174,166,103,98,85,115,135,145,161,190,156,111,116,104,95,89,113,141,151,174,180,119,71,80,74,81,111,123,153,141,151,130,84,51,48,55,58,101,113,141,127,100,103,66,64,91,103,155,184,150,121,105,79,60,69,99,94,132,138,156,150,146,91,93,62,82,96,122,127,152,141
123,99,92,75,69,82,96,120,132,118,124,85,74,85,91,117,139,144,207,176,139,78,62,46,50,68,103,147,175,196,151,107,87,101,114,136,160,171,190,146,115,109,92,88,97,123,155,156,153,146,143,104,58,86,63,106,116,146,183,134,132,83,52,45,50,55,98,117,137,142,120,91,58,76,84,105,152,178,145,111,93,78,70,70,94,107,111,132,152,146,151,108,95,84,73,88,122,131,131,148
101,90,93,72,63,67,102,122,131,142,114,92,62,73,102,113,141,188,171,187,124,94,63,58,59,61,86,127,176,211,153,123,93,86,110,127,151,186,159,143,131,112,104,84,119,122,131,150,162,143,136,104,81,72,75,99,122,150,157,159,102,89,60,52,43,61,95,114,141,145,109,88,72,70,97,102,109,190,175,104,90,90,68,67,72,120,133,116,146,141,126,127,85,79,94,110,98,123,128,137
130,86,90,76,86,51,95,122,131,124,122,99,80,75,109,115,131,179,181,153,154,104,51,65,51,70,91,105,172,198,154,131,88,110,99,134,145,167,169,150,133,126,98,95,90,107,131,172,167,123,129,86,90,66,83,112,123,145,158,153,112,84,53,60,61,58,69,105,141,139,124,100,96,66,63,107,144,162,164,120,93,87,79,75,74,73,121,149,141,155,125,134,81,82,98,85,112,113,136,130
121,96,88,79,103,73,94,108,120,143,103,96,75,76,83,124,147,161,165,156,134,107,60,57,73,60,73,141,167,160,155,149,116,89,114,123,161,161,193,162,117,123,96,91,75,105,126,189,167,135,112,82,87,81,79,111,131,155,144,127,130,95,72,50,62,69,66,98,137,130,110,114,86,71,67,104,130,168,151,129,104,99,66,57,74,89,108,135,143,144,134,111,106,76,84,115,102,115,119,133
114,95,95,82,75,93,100,112,135,121,97,89,66,82,89,117,141,155,182,177,138,88,77,70,58,75,89,125,155,166,143,127,110,89,102,136,154,209,190,150,138,127,78,81,89,107,116,172,184,131,131,78,71,81,89,90,143,156,149,130,106,126,69,58,55,63,60,112,130,138,116,98,78,81,63,107,121,163,160,127,100,91,80,61,78,92,100,113,153,164,135,119,90,86,99,104,112,111,142,125
130,112,98,68,78,96,100,108,139,97,128,88,70,62,87,142,140,146,155,184,132,91,70,57,69,68,103,125,165,160,160,123,93,94,97,140,166,198,161,154,147,115,94,87,92,106,142,157,186,118,115,83,85,78,75,117,123,135,153,135,131,90,77,73,45,65,80,111,108,140,113,103,87,84,80,115,120,160,153,129,99,83,75,72,78,83,94,150,144,131,134,116,88,72,99,103,114,119,126,137
118,110,103,75,78,101,115,127,113,100,115,72,76,67,99,126,153,171,170,170,107,96,66,70,79,73,91,127,158,179,154,116,91,97,116,135,190,173,155,152,155,106,82,94,103,104,143,165,188,128,114,83,66,102,107,85,123,162,152,122,132,91,74,67,64,61,79,109,130,121,93,103,77,83,89,114,126,165,155,117,103,84,88,70,82,96,105,131,142,146,133,113,96,95,70,116,105,110,122,139
133,108,100,73,70,102,106,138,122,109,95,76,68,71,96,129,145,152,183,179,113,72,74,68,77,69,110,126,164,145,147,123,107,87,95,127,189,191,166,150,141,100,85,88,102,126,141,154,157,142,112,95,73,69,117,91,135,141,152,132,147,76,73,66,63,55,68,109,129,126,101,88,92,82,90,98,128,166,159,124,105,71,67,68,87,111,108,129,134,143,126,118,90,91,89,111,114,111,124,129
118,107,83,69,86,98,119,124,115,117,107,68,78,74,107,117,152,180,195,149,115,74,68,60,62,89,104,136,161,175,149,130,98,89,87,130,164,213,179,154,132,101,84,90,100,133,159,163,148,135,113,103,84,75,90,100,133,158,133,144,125,94,79,68,56,72,86,95,134,119,94,93,74,90,85,110,119,151,170,141,108,79,70,72,83,102,103,131,147,134,123,114,96,88,78,106,102,125,117,132
106,102,76,77,85,100,114,140,136,105,102,78,76,84,76,136,139,163,193,157,123,80,60,50,83,80,96,136,151,169,170,127,104,92,111,120,168,194,165,149,117,102,109,75,104,108,156,167,139,153,123,105,66,73,90,92,139,156,163,164,110,73,76,57,51,74,82,100,134,137,91,64,74,94,107,119,134,129,151,134,100,85,77,81,77,109,103,115,157,132,129,111,96,83,89,117,116,129,123,125
132,70,78,84,87,92,132,120,132,126,81,85,64,70,94,127,150,168,183,178,115,59,58,56,68,87,127,123,154,149,169,122,115,112,92,117,178,192,180,143,113,95,104,96,112,95,155,158,165,144,117,100,103,64,71,93,127,154,151,170,100,94,77,57,50,61,75,130,134,117,97,97,56,87,110,114,135,147,130,128,110,83,73,69,105,93,118,132,159,145,116,114,95,92,87,98,96,119,133,129
111,78,89,76,81,108,105,136,137,93,101,77,96,56,76,106,164,181,191,169,131,81,55,44,56,92,111,160,150,164,135,123,109,107,109,135,177,203,167,130,130,106,94,101,93,109,152,158,152,135,114,100,90,82,83,94,115,139,177,140,126,90,82,85,45,48,89,103,130,133,110,108,70,78,74,114,148,150,138,113,87,87,72,75,79,109,105,171,162,133,120,95,95,84,74,108,119,124,137,121
121,91,77,79,96,90,105,161,106,131,101,70,79,72,76,120,132,173,179,186,131,81,62,52,66,80,94,147,191,144,139,116,88,108,109,148,175,187,169,136,121,100,86,93,92,109,160,165,166,144,121,101,95,75,89,106,112,133,184,123,104,97,80,65,67,71,69,114,149,98,112,101,63,73,82,109,172,156,141,114,65,85,78,75,96,114,116,152,178,128,94,97,89,83,84,101,114,129,136,120
111,91,82,99,81,93,89,135,148,130,94,85,69,71,79,125,117,167,205,167,140,75,61,62,48,77,107,139,172,168,153,107,97,83,115,155,181,179,194,152,100,99,92,86,89,127,165,167,158,141,130,92,88,82,98,105,129,135,139,132,122,92,71,65,70,63,93,138,141,125,99,84,67,73,86,121,161,155,143,101,79,73,74,63,92,96,113,161,175,153,95,95,96,69,94,85,110,127,141,119
108,100,83,73,92,92,86,134,143,141,122,83,66,65,79,103,128,192,185,184,116,79,65,54,62,87,100,128,176,175,153,106,83,89,118,124,197,191,188,157,113,86,90,70,87,116,152,194,159,128,106,101,93,97,93,101,129,122,162,129,111,96,66,65,57,76,105,124,144,101,102,65,66,81,87,118,139,184,137,130,71,62,71,72,80,100,128,151,153,148,144,94,81,68,92,105,94,127,135,135
98,94,72,83,76,111,109,109,138,128,108,79,80,75,93,100,113,184,183,181,131,97,58,51,50,74,117,151,150,176,148,120,76,119,107,141,178,187,184,149,135,106,68,70,82,126,140,188,175,124,103,92,83,98,92,105,144,143,131,128,106,86,70,64,69,71,91,135,128,123,98,88,73,75,116,124,145,160,133,111,83,78,68,67,69,90,137,151,174,129,120,101,87,69,89,109,113,129,133,165
111,94,70,83,69,87,105,135,125,132,110,70,59,88,108,101,100,172,206,187,130,79,58,53,57,76,91,151,183,171,139,107,105,111,111,132,178,184,190,166,127,106,75,64,101,105,146,178,189,130,106,82,78,71,105,109,145,149,156,125,87,99,56,72,77,71,93,121,128,134,103,74,80,77,113,106,150,155,126,113,92,82,78,66,68,93,121,163,153,136,117,104,84,79,78,104,121,121,128,151
113,101,68,71,75,98,110,119,143,140,108,72,58,75,91,91,120,171,216,183,133,69,50,49,56,76,96,140,169,182,137,131,90,86,113,128,171,186,193,144,118,112,79,71,92,116,146,172,166,150,106,79,77,69,107,119,152,137,164,137,103,71,73,67,65,73,107,122,136,118,103,96,71,71,111,100,150,148,121,119,112,81,62,63,72,84,116,146,161,144,122,105,85,90,97,89,96,141,146,138
103,115,76,63,74,79,118,137,142,134,97,72,69,72,83,90,133,188,193,186,141,89,62,41,63,82,86,144,166,163,145,132,95,90,101,120,173,183,203,157,127,102,83,82,87,110,136,153,173,141,102,76,86,69,100,119,146,150,152,132,112,92,57,72,49,75,113,112,150,135,100,91,76,70,99,104,129,154,121,122,103,88,51,66,72,91,114,161,170,160,129,88,68,85,86,111,107,119,134,155
142,95,85,59,66,89,126,139,132,136,99,68,84,72,81,119,149,169,190,182,137,71,79,42,54,68,109,144,153,171,135,127,103,90,93,120,180,205,174,166,120,116,105,71,103,118,117,159,158,160,116,90,64,85,88,115,159,140,147,128,108,94,64,65,69,81,96,125,144,133,107,96,71,75,98,95,122,140,133,137,106,75,73,50,79,97,142,146,166,135,130,99,85,63,71,99,122,116,146,140
130,93,87,56,72,92,102,127,134,116,129,85,67,60,79,106,146,202,219,162,115,86,60,65,41,49,108,157,150,175,159,124,98,81,74,117,199,204,187,162,116,107,92,75,84,126,143,151,173,117,116,101,58,84,76,119,159,142,156,138,133,63,71,56,70,70,104,111,166,139,98,78,75,60,97,104,130,158,122,116,92,68,73,77,74,99,123,158,164,143,124,94,93,96,65,82,112,131,141,144
129,93,64,71,68,84,116,123,129,128,101,109,72,63,87,122,145,176,233,169,107,76,67,54,50,61,109,131,159,170,174,118,101,83,81,132,179,181,199,181,128,88,79,91,93,129,135,164,144,143,112,91,80,66,75,109,144,181,146,145,113,90,63,49,72,73,113,135,140,129,109,90,65,65,82,114,145,148,150,103,94,78,62,74,78,97,125,155,159,156,136,89,95,82,84,79,100,136,140,140
139,107,61,70,72,98,108,117,119,137,95,72,81,71,78,109,152,188,210,159,144,81,63,45,58,74,86,134,158,165,166,120,74,98,95,104,166,183,211,182,135,116,87,89,104,107,140,149,159,132,108,95,83,73,71,93,123,185,163,141,136,77,70,50,57,81,99,127,148,124,93,80,90,73,81,98,134,136,136,130,85,82,54,73,71,106,122,165,166,129,135,112,84,76,98,73,107,125,141,145
112,109,71,80,65,72,105,131,134,112,107,104,73,72,83,92,143,191,195,201,130,90,51,63,59,78,79,117,154,187,162,120,94,88,100,112,157,180,197,172,123,109,95,85,95,103,149,181,136,117,99,92,77,82,83,111,131,170,143,146,127,91,68,58,66,76,106,136,142,139,95,73,63,98,74,104,117,137,149,138,101,80,74,56,69,102,143,150,151,140,127,105,87,86,69,91,107,133,156,129
115,88,81,76,72,86,102,130,124,129,120,99,71,65,83,99,148,200,187,178,130,79,66,51,63,77,90,111,150,168,175,130,100,101,79,118,157,174,188,185,132,97,89,81,102,104,143,180,160,117,96,102,91,63,94,99,139,150,157,129,127,83,64,67,57,70,106,135,164,138,101,65,63,85,75,118,110,148,130,140,104,75,65,62,79,106,106,162,156,149,138,93,81,85,75,92,105,149,134,136
121,92,82,62,77,106,82,104,120,145,107,119,81,60,78,122,147,183,206,167,118,96,71,49,68,73,102,105,168,193,158,130,107,85,77,108,156,188,215,162,121,117,75,78,101,106,142,171,174,129,92,83,84,88,75,100,152,168,165,124,111,91,71,74,51,72,100,116,156,143,99,70,63,56,103,102,151,132,144,122,98,76,78,68,85,78,113,136,155,146,154,118,71,77,76,84,104,140,148,122
105,84,81,61,80,99,105,93,126,132,93,100,85,87,75,108,155,170,185,198,115,86,70,66,55,78,91,128,159,175,175,108,105,72,86,118,165,200,206,178,100,102,101,89,85,117,132,162,189,139,84,81,67,91,86,108,141,149,173,139,107,82,69,58,60,66,120,119,157,146,97,88,58,73,69,118,132,152,142,118,89,73,88,61,74,107,105,127,155,169,156,101,83,92,69,94,107,137,140,139
105,86,80,61,69,82,108,105,117,135,105,108,92,87,78,106,124,152,187,192,133,84,64,64,62,69,96,153,168,159,159,129,97,79,90,123,158,210,185,153,112,89,87,106,82,130,149,162,167,134,114,63,76,85,98,105,112,162,166,167,100,83,55,61,45,69,117,146,143,126,114,85,68,82,83,114,141,132,151,132,79,83,76,86,73,92,129,147,146,136,157,106,100,87,85,96,103,131,147,150
103,87,63,86,59,73,117,115,107,96,98,108,85,98,101,113,127,144,195,202,137,91,63,59,70,78,99,115,182,168,160,99,104,83,96,125,181,156,189,165,127,96,102,83,85,135,148,153,173,132,119,65,73,77,92,125,114,171,179,147,104,82,44,56,63,63,86,131,158,125,124,92,60,50,96,117,131,117,138,119,90,68,79,68,92,91,130,137,143,148,155,118,92,77,80,87,106,129,150,133
104,77,75,64,81,106,97,110,106,100,81,99,91,84,113,110,112,159,210,199,131,110,68,49,67,93,92,131,167,189,160,110,108,76,107,137,160,174,172,158,130,123,73,87,103,109,141,163,165,137,118,81,77,71,96,121,140,169,153,126,130,91,55,41,49,68,92,126,140,151,103,95,76,75,86,109,128,148,131,120,83,75,61,81,79,98,116,140,149,133,159,135,100,90,86,66,102,113,167,127
127,95,67,80,78,114,97,100,102,123,102,79,77,83,99,117,128,146,176,190,160,97,70,59,61,86,99,144,149,175,147,121,89,88,107,129,158,194,156,145,136,98,103,70,103,121,134,178,179,131,104,97,71,80,87,106,134,184,162,143,98,108,57,45,37,56,92,142,149,147,118,85,77,87,98,129,114,155,139,129,91,71,68,69,85,93,120,133,160,155,126,123,99,95,82,92,100,129,116,127
104,97,88,83,76,84,102,92,110,138,111,83,83,82,96,117,132,154,171,167,150,114,75,54,63,94,109,145,148,149,148,132,112,90,98,126,154,186,171,135,124,102,111,81,105,114,139,185,160,161,108,99,59,70,96,90,145,178,177,120,107,86,66,53,60,52,86,122,136,142,128,89,69,92,90,104,137,142,146,115,91,81,73,67,73,91,120,145,147,145,130,130,118,84,82,101,101,119,121,127
112,94,87,77,76,91,83,101,113,116,99,90,89,99,103,105,136,146,161,168,144,109,83,77,72,87,103,137,154,161,155,154,88,99,113,134,148,146,181,172,124,98,99,85,99,118,150,157,155,160,117,86,74,72,85,110,134,163,164,131,109,101,70,44,54,66,83,100,163,145,123,84,72,91,98,114,134,138,133,129,79,77,71,81,87,103,108,131,145,135,123,127,102,96,89,102,95,121,121,124
124,94,93,82,83,77,99,108,121,98,107,88,99,90,93,106,144,155,169,165,129,94,96,58,78,80,115,138,152,158,167,130,96,107,103,122,165,160,179,157,144,105,91,83,88,134,129,151,156,148,119,94,84,64,93,82,143,170,178,147,112,89,58,59,58,68,87,107,159,137,135,101,71,72,86,125,134,135,139,123,99,71,93,74,86,114,107,124,137,159,114,114,117,97,86,86,107,106,138,106
114,103,74,79,79,97,102,103,107,98,99,98,81,82,87,120,128,169,185,151,139,85,74,82,77,88,103,115,152,160,163,116,94,116,112,138,157,156,167,146,161,117,86,73,86,123,136,156,165,136,88,96,85,78,74,73,140,163,181,158,107,88,60,54,55,50,96,118,147,125,137,95,81,75,74,120,121,143,142,112,96,94,81,73,84,92,112,131,138,137,129,101,106,98,110,89,94,100,128,121
132,109,83,78,69,94,90,126,108,96,104,92,65,75,92,135,164,157,176,161,139,82,79,66,86,82,106,130,141,158,160,130,104,124,103,136,158,171,158,144,151,133,95,91,97,123,143,145,152,138,104,96,71,85,84,97,121,168,174,156,129,90,60,48,54,51,87,124,158,126,104,99,79,86,84,105,130,128,147,105,88,91,93,84,79,94,130,130,131,135,137,107,97,122,103,107,102,107,115,111
107,101,92,70,77,90,97,94,114,119,103,78,69,73,97,116,150,163,185,168,122,109,82,59,84,82,120,128,144,164,150,124,113,90,107,119,165,171,167,144,146,135,102,98,114,103,134,134,175,131,125,73,84,73,94,107,128,152,169,152,122,102,62,49,53,60,79,132,151,141,113,80,82,77,91,94,134,125,138,114,109,63,89,87,93,102,127,139,133,129,133,97,97,83,107,118,111,123,109,120
92,94,92,71,84,78,91,112,144,122,99,72,76,73,86,107,153,191,161,163,119,107,76,72,81,80,107,128,163,163,155,119,102,91,117,146,160,199,159,159,116,91,126,96,115,115,121,137,170,137,117,73,88,80,88,108,120,164,157,137,127,98,78,51,41,75,85,110,132,138,112,109,87,73,93,109,127,139,154,117,84,84,73,76,87,120,124,136,136,137,142,117,98,82,90,105,129,150,111,100
86,103,79,91,85,85,75,104,128,116,115,71,70,69,60,105,146,201,184,165,115,117,80,74,81,85,114,117,151,166,146,136,113,96,105,125,175,184,167,146,115,109,104,103,122,105,150,144,160,146,118,81,75,76,101,99,121,158,154,151,102,97,77,63,56,54,88,102,137,147,121,99,74,91,84,104,127,153,160,107,86,70,81,82,90,98,134,135,136,121,134,107,86,85,96,115,127,131,114,126
104,76,86,78,79,98,89,92,145,117,121,84,63,74,70,91,153,155,176,178,129,98,79,72,69,89,107,133,150,159,132,137,111,103,94,146,147,178,182,133,121,110,93,120,116,108,136,171,170,140,112,100,84,78,67,99,163,153,146,131,109,93,74,57,52,75,86,102,136,132,114,106,84,93,93,86,126,146,153,111,99,63,70,92,76,112,137,147,145,138,118,103,96,95,82,94,117,149,114,125
102,91,79,84,69,80,95,106,141,116,110,90,76,73,91,104,118,171,178,168,135,90,84,67,74,81,130,124,160,146,162,110,102,87,108,130,160,181,185,148,106,98,108,120,113,130,130,156,175,135,122,88,69,68,75,92,132,171,156,129,115,85,83,56,60,65,81,111,133,127,115,102,96,84,103,94,108,167,143,108,100,79,68,82,83,102,118,149,146,125,120,103,98,89,79,108,103,134,127,119
121,80,74,70,83,78,106,124,111,131,123,80,74,72,93,102,126,168,173,169,135,72,81,52,66,96,101,149,160,164,150,128,82,90,92,119,169,185,169,155,127,106,95,105,99,134,155,164,172,138,115,95,64,75,90,108,122,150,168,114,123,105,73,58,59,70,85,119,125,134,114,93,96,93,114,92,108,153,144,132,98,74,76,67,85,107,146,132,143,124,124,79,102,89,93,111,108,113,131,120
107,79,80,69,67,96,103,118,130,146,92,98,69,70,93,115,126,181,153,183,137,89,54,58,63,95,104,142,179,161,140,113,89,82,90,132,175,176,174,144,141,108,88,86,111,136,150,173,149,138,112,96,78,85,100,100,108,172,159,145,113,107,72,56,67,65,98,99,115,125,115,80,82,88,110,116,103,146,166,139,91,82,84,62,86,102,120,134,166,137,120,100,80,98,87,93,133,143,118,126
105,96,69,75,63,75,88,137,142,120,85,83,78,71,81,98,160,178,183,182,123,95,58,51,52,80,123,129,189,195,136,84,108,83,103,117,196,171,172,137,145,119,104,82,102,132,143,153,155,143,112,95,79,75,92,112,141,139,167,119,134,91,78,60,63,90,94,105,119,114,105,87,81,90,100,93,131,136,167,124,117,72,68,69,95,91,128,144,156,130,134,106,79,78,69,98,123,142,135,147
127,84,81,85,64,75,105,132,128,119,90,79,70,62,98,109,127,178,190,176,135,104,53,48,56,86,96,162,182,171,152,83,102,98,102,142,144,196,175,120,122,129,103,90,114,140,115,189,152,127,124,78,68,84,83,115,129,156,149,143,108,96,87,65,65,66,104,109,130,134,94,71,89,69,99,107,116,159,174,124,88,81,84,87,78,103,104,152,163,148,112,86,79,71,83,107,134,116,147,129
108,104,85,77,75,68,90,122,123,124,107,90,71,64,85,102,133,160,183,156,134,110,63,52,72,59,102,152,185,191,147,108,86,76,112,121,166,196,166,157,139,101,88,87,117,134,129,166,152,124,127,77,83,98,75,102,140,156,146,125,127,93,78,65,61,80,97,126,125,130,115,77,84,68,92,117,138,154,142,134,82,71,79,85,65,83,114,152,175,142,119,96,56,66,82,110,132,135,117,148
132,95,67,84,81,89,76,120,110,122,119,93,64,67,84,104,138,163,171,184,128,96,60,57,58,67,98,145,182,172,159,130,88,65,79,128,167,202,168,141,130,126,90,80,98,117,174,171,159,138,104,88,80,81,84,109,132,165,143,131,115,90,79,56,56,73,93,110,144,127,107,81,70,86,86,112,143,165,166,110,92,75,86,61,75,85,132,145,156,160,123,96,75,69,86,104,117,128,140,125
115,106,72,63,60,85,104,100,141,129,122,99,65,61,80,106,154,162,182,172,141,82,58,74,58,66,109,136,184,163,151,114,92,76,76,114,170,204,164,160,119,118,93,87,99,125,153,169,163,150,104,97,82,67,104,119,125,130,151,141,115,93,63,55,75,73,96,110,130,134,103,88,72,83,100,97,140,168,156,109,90,88,70,71,81,80,100,156,164,147,127,85,85,85,87,110,117,126,124,155
117,102,72,72,80,72,101,96,163,120,125,79,78,67,81,94,124,196,193,180,135,83,74,69,60,72,107,140,184,140,155,119,89,84,94,108,154,188,172,165,126,103,88,91,92,125,151,165,156,131,114,90,83,87,111,116,129,132,154,139,117,84,70,77,62,80,95,117,144,125,100,84,91,79,83,106,140,186,143,132,79,72,71,82,82,92,110,125,192,131,128,105,82,88,90,93,109,117,155,138
124,89,76,64,69,86,98,102,133,146,102,81,65,81,82,114,142,143,209,170,119,97,71,56,69,62,98,147,171,172,148,123,66,96,77,121,163,196,176,156,139,97,83,68,110,123,164,158,156,141,108,100,71,77,114,123,128,140,139,140,123,80,73,71,52,72,87,112,139,121,107,78,89,85,91,110,145,174,164,135,75,69,65,77,70,84,111,151,153,164,143,96,90,76,85,86,106,125,149,155
120,96,70,57,51,73,118,104,125,145,117,84,65,63,87,111,150,170,166,174,156,86,69,52,65,62,118,113,192,186,163,103,78,73,85,143,153,189,184,148,126,98,67,82,104,124,171,175,164,137,106,91,90,71,84,106,132,139,160,151,118,80,78,67,57,79,87,129,121,137,110,87,73,95,78,105,136,195,171,132,113,59,60,39,87,92,102,155,154,162,123,111,94,77,79,94,110,128,132,152
124,75,71,64,65,86,92,105,145,130,123,87,83,68,79,114,148,139,185,175,145,87,70,72,53,61,105,132,197,189,153,114,94,58,97,109,179,200,189,143,115,113,87,69,101,130,155,174,166,140,119,93,63,86,84,102,123,147,153,164,113,93,74,50,59,70,90,103,141,127,119,78,59,84,82,111,132,181,164,151,95,86,54,42,70,110,99,143,147,151,140,113,83,85,87,88,117,122,147,144
108,97,73,80,77,81,107,97,128,135,122,100,76,74,81,119,143,138,201,159,143,91,57,63,66,65,90,130,167,185,157,115,101,75,72,133,161,188,199,154,127,90,96,80,80,136,141,177,165,151,108,81,70,71,93,107,130,139,152,162,113,89,66,59,55,68,101,107,128,134,118,91,71,69,86,113,123,181,183,142,94,67,69,51,70,100,115,168,159,140,124,109,83,88,77,85,95,137,126,145
118,87,78,63,76,88,107,109,118,124,107,96,88,78,76,108,144,173,187,180,131,91,69,52,70,85,104,123,172,182,139,116,106,95,86,116,141,200,174,184,138,91,82,88,85,116,169,177,136,156,98,108,77,77,79,112,133,154,141,148,108,98,69,47,54,79,86,128,111,139,114,92,70,81,94,116,131,167,162,158,73,79,58,77,79,99,126,140,171,151,130,105,95,64,81,98,99,124,146,137
126,93,94,77,75,91,106,114,124,120,99,79,90,70,91,103,149,175,200,179,113,90,56,65,69,74,105,150,173,171,159,101,103,84,91,119,159,181,189,173,135,111,93,70,87,119,138,157,176,152,117,87,68,79,84,110,113,135,157,133,126,92,74,65,54,69,94,111,147,132,102,83,75,65,96,109,141,179,168,124,99,63,64,70,79,107,120,153,154,150,125,107,73,88,71,82,108,114,148,109
123,90,83,84,75,73,88,120,137,115,116,86,71,95,79,120,146,157,212,188,129,70,66,67,68,82,96,161,161,175,139,128,104,84,85,118,169,183,176,167,132,126,81,83,77,119,163,158,160,156,119,81,62,84,79,104,125,136,144,170,130,92,70,50,58,85,89,120,142,115,116,74,68,66,83,120,148,140,188,111,112,71,84,64,80,111,133,153,152,142,97,101,93,81,83,84,101,124,138,123
117,97,94,64,91,81,106,92,152,126,98,77,74,65,99,132,130,163,192,176,133,92,66,56,65,75,114,154,172,162,154,117,91,84,109,114,142,184,190,157,143,102,95,110,98,98,147,168,166,133,110,87,77,76,85,91,151,137,145,144,132,109,71,58,55,60,97,122,125,121,103,76,69,63,85,109,144,160,161,122,117,85,78,69,59,77,134,148,163,148,127,104,84,96,65,91,113,129,130,134
120,100,78,98,61,92,94,111,109,136,117,89,90,56,87,90,155,192,199,164,124,91,79,63,53,74,101,147,180,161,155,116,102,87,98,102,150,195,176,160,136,106,111,91,100,133,131,198,151,138,96,85,71,80,75,109,119,146,147,158,136,85,63,48,76,60,82,134,131,126,97,74,68,74,95,105,141,175,157,136,90,109,67,63,70,82,117,156,161,174,119,101,98,78,68,88,101,149,120,133
121,101,87,85,71,95,97,110,132,118,105,88,79,85,72,96,141,176,218,167,113,97,83,57,66,69,100,121,184,176,140,125,98,95,84,127,148,183,210,154,114,108,97,84,94,121,139,198,148,125,90,84,85,87,74,96,130,155,160,145,126,103,70,50,60,76,98,112,146,130,105,77,63,81,78,107,146,164,155,142,99,95,64,59,63,90,128,139,142,145,140,112,91,82,69,71,112,120,134,133
109,109,110,71,69,96,89,99,128,142,108,79,78,80,85,112,144,164,202,168,121,90,80,61,55,82,102,148,172,171,129,115,121,78,93,120,148,188,186,174,120,100,92,88,104,131,151,169,162,136,92,71,77,78,79,91,121,162,179,152,104,92,65,61,63,68,106,117,130,141,98,77,78,80,85,107,132,148,162,146,108,92,69,56,72,95,120,149,168,164,118,104,81,75,74,80,107,135,118,123
122,94,103,93,77,73,91,122,131,131,105,85,65,95,85,104,148,179,205,157,126,95,71,65,56,78,82,122,185,181,148,114,106,97,99,125,145,166,200,173,121,115,93,80,89,125,144,166,161,150,105,84,75,78,91,87,123,167,171,135,108,83,85,62,41,69,102,101,149,145,118,77,82,74,83,98,113,169,155,138,104,87,61,52,71,93,115,138,145,187,127,91,89,83,80,81,115,121,123,131
106,117,97,79,86,83,72,124,138,137,116,71,76,60,84,102,155,217,181,144,129,84,77,65,69,77,87,117,164,188,139,124,110,111,90,123,160,182,170,185,112,110,99,91,73,126,135,173,184,145,91,78,76,78,58,89,129,162,176,155,125,90,67,48,50,70,95,123,121,149,129,86,69,69,87,92,145,133,121,156,111,104,65,57,73,85,114,137,180,166,134,92,81,77,80,91,111,123,121,137
112,101,94,75,87,88,93,116,131,148,89,95,58,61,87,101,141,193,180,181,125,75,69,55,73,77,81,122,171,162,165,114,118,89,106,110,160,184,175,161,136,110,99,68,87,112,135,208,175,158,113,78,73,57,68,106,97,154,177,161,123,89,70,46,43,75,89,134,130,133,119,78,88,65,87,120,141,118,152,121,109,98,76,55,78,81,109,151,155,172,139,105,80,65,72,92,105,140,128,142
126,102,67,82,94,89,88,116,129,125,129,91,68,64,77,98,151,181,197,177,128,79,57,63,78,75,82,111,152,168,176,138,108,104,92,135,159,168,180,150,148,112,93,91,69,105,141,192,192,132,120,75,65,73,71,103,117,144,176,160,121,80,58,49,55,68,93,134,138,129,108,90,84,76,82,107,118,147,137,115,104,91,60,82,55,90,108,139,168,154,144,131,83,71,72,59,103,132,141,133
131,98,75,82,78,88,102,102,120,112,117,107,73,67,78,113,145,180,202,185,108,70,60,48,65,81,93,140,153,159,154,126,111,114,88,151,148,183,176,150,136,123,93,105,85,98,129,197,208,147,120,73,65,67,81,96,124,148,169,166,153,83,54,45,59,67,84,146,130,129,108,104,69,68,84,100,107,153,175,122,100,79,80,63,68,103,88,142,161,166,130,110,112,76,65,89,93,129,147,140
105,107,81,78,86,103,95,113,112,110,118,82,81,62,84,111,162,180,202,197,122,65,53,47,57,83,99,117,157,184,143,146,101,81,103,128,181,181,146,165,141,95,111,91,99,101,140,162,195,146,131,89,59,73,72,92,124,149,161,174,125,105,55,48,47,78,83,123,132,144,123,94,54,75,72,106,139,143,146,122,100,82,64,80,70,85,122,138,159,158,144,110,93,65,79,79,103,117,153,141
134,91,79,72,84,82,111,115,94,127,129,78,81,64,86,114,150,207,226,182,117,56,44,63,50,78,96,132,138,169,141,134,93,87,116,149,173,171,180,141,126,111,106,98,98,119,143,171,171,145,130,94,68,65,60,96,123,139,175,172,137,98,48,42,62,69,93,109,138,151,134,82,70,78,77,110,122,140,150,138,111,78,58,64,65,79,115,133,182,145,133,113,97,67,70,76,109,128,158,135
135,81,80,69,87,101,94,113,130,112,104,85,71,71,70,120,152,179,219,183,128,70,62,47,60,75,103,131,146,176,154,113,98,92,116,138,169,203,165,144,110,111,92,96,118,106,134,160,168,169,127,87,72,71,81,93,114,144,177,163,147,88,61,53,44,76,80,110,137,163,121,97,85,72,78,112,123,133,139,139,107,84,60,68,63,97,103,132,165,164,136,111,87,80,76,90,98,117,145,132
132,108,89,78,69,88,106,105,136,129,93,95,57,83,70,93,175,183,211,183,143,82,45,51,52,74,107,126,169,169,135,108,85,112,106,143,150,183,192,132,144,94,93,100,106,113,134,176,175,151,110,105,89,79,86,88,96,157,188,151,114,116,66,51,38,59,99,114,127,143,139,101,70,80,68,88,133,138,153,144,117,67,58,49,86,78,103,149,154,158,146,99,97,84,63,74,119,124,121,128
127,100,88,103,93,92,96,109,138,124,95,95,62,76,75,99,163,175,182,183,148,101,61,42,53,73,95,141,159,175,132,134,95,85,96,132,184,168,199,146,135,107,102,80,120,122,125,167,167,152,118,112,87,70,76,82,125,132,158,159,137,103,75,64,43,65,86,113,136,138,134,102,64,61,68,98,106,152,172,133,107,69,71,59,60,83,124,134,155,148,137,111,103,87,70,76,112,129,135,115
112,99,78,94,85,85,98,100,121,125,120,107,63,61,81,109,135,164,200,169,150,109,59,65,66,74,89,120,146,178,141,121,98,85,93,113,190,158,172,166,135,97,115,106,102,102,110,176,183,156,120,105,92,72,80,92,116,137,152,165,133,105,73,57,54,64,87,111,141,152,137,99,69,51,63,106,141,153,161,120,106,80,56,60,70,97,108,113,151,163,134,104,99,86,68,87,102,122,151,125
89,118,100,74,81,86,105,124,109,119,113,97,89,68,83,106,133,156,186,190,119,112,71,77,64,66,85,116,134,174,164,129,89,89,105,116,172,176,158,157,131,117,102,109,104,107,127,175,173,156,139,89,99,75,87,81,122,139,166,144,151,103,80,73,50,65,88,120,129,170,117,92,72,67,57,100,143,146,128,131,110,86,68,73,85,89,95,141,152,153,138,113,73,82,88,83,111,122,136,120
95,116,78,78,103,103,78,122,118,120,119,93,87,75,78,93,143,174,186,181,154,93,78,78,63,65,88,97,153,141,156,128,105,80,78,127,152,171,172,168,137,110,96,111,88,111,144,169,173,136,129,107,92,77,74,100,91,162,154,161,128,102,84,66,48,59,81,114,137,163,135,91,77,55,84,95,138,146,119,116,107,91,83,66,69,88,99,140,147,173,124,107,79,89,91,92,91,136,109,131
100,99,102,65,109,89,110,92,105,129,118,92,84,88,74,93,148,171,179,157,162,101,75,74,65,80,76,99,137,152,158,126,93,78,103,137,149,147,154,182,138,102,103,117,88,106,147,147,177,156,120,107,82,95,76,77,103,141,181,146,139,117,93,65,47,71,86,91,139,137,144,103,83,65,78,108,116,137,142,119,113,79,78,58,81,83,89,143,157,170,121,103,78,91,78,103,94,129,112,111
111,88,98,90,85,95,109,76,85,112,106,87,80,97,80,108,106,141,190,154,159,113,78,73,76,53,76,97,131,152,158,128,101,79,93,124,133,149,166,140,167,100,106,102,100,101,130,167,172,145,124,97,86,78,86,104,103,121,139,146,138,111,103,60,49,56,61,109,106,137,145,98,72,74,69,113,101,152,113,106,116,97,67,65,74,85,94,116,120,158,138,99,83,80,73,79,105,107,125,121
96,87,76,68,61,79,91,78,73,89,97,83,90,85,79,86,86,146,153,160,148,106,86,63,58,55,59,71,122,117,134,104,101,85,87,109,98,138,145,124,124,100,97,90,93,92,122,137,148,115,121,93,84,68,65,98,91,115,106,129,130,112,77,70,47,44,62,97,101,99,101,98,79,53,58,83,105,116,99,107,100,77,54,66,64,67,97,87,137,102,107,93,87,74,68,64,82,112,108,93
56,59,58,46,50,45,73,55,52,39,71,46,39,73,66,45,77,80,105,111,101,65,65,45,56,46,38,58,83,71,97,67,71,56,59,86,81,85,125,96,104,84,70,59,68,79,90,81,108,87,75,55,81,59,53,55,73,76,77,82,102,94,60,53,50,35,55,69,59,71,69,58,57,51,50,53,65,77,78,64,70,60,50,39,38,51,60,58,79,107,86,48,51,66,45,44,60,76,81,81
44,22,22,25,25,21,23,38,28,16,28,16,33,33,29,29,28,40,43,62,60,57,31,32,16,21,32,43,28,40,39,43,37,31,27,32,34,57,61,52,58,40,50,46,23,37,46,40,51,68,52,45,33,25,31,31,36,37,39,44,55,41,42,24,21,13,21,26,32,42,32,32,21,36,27,27,29,34,47,39,32,25,18,12,18,18,35,38,39,51,41,27,33,28,28,27,17,49,30,41
13,14,8,3,9,6,8,7,9,3,6,9,6,7,5,7,12,9,16,16,15,20,5,6,3,8,5,19,13,5,16,14,15,15,7,9,5,23,15,25,18,7,16,12,11,13,18,14,19,18,17,20,14,2,10,11,20,7,14,19,17,10,13,12,8,7,3,12,9,13,12,9,12,6,7,4,9,13,10,14,9,8,7,3,6,8,12,12,13,13,17,13,10,16,7,7,8,12,10,12
2,1,2,0,1,1,1,0,0,0,1,1,1,0,1,2,2,2,1,3,7,6,1,2,0,2,1,2,0,1,4,2,1,0,0,0,2,4,1,5,5,8,4,2,2,5,2,3,3,8,3,5,4,3,1,4,2,6,2,2,2,7,2,2,1,0,1,1,3,0,6,2,1,0,0,0,1,2,2,0,2,2,0,0,1,0,1,2,1,1,2,2,0,2,0,0,1,1,0,2
0,0,0,0,0,1,0,0,0,0,0,0,0,0,1,1,0,0,0,1,0,0,1,0,0,0,0,0,0,0,0,0,0,0,0,0,0,0,0,0,3,2,0,0,0,0,1,0,1,1,0,0,0,0,0,0,0,1,2,0,1,1,0,0,0,0,0,0,0,0,0,0,0,0,0,0,0,0,0,0,0,0,0,0,0,0,0,0,0,0,0,0,0,0,0,1,0,0,0,0
0,0,0,0,0,0,0,0,0,0,0,0,0,0,0,0,0,0,0,0,0,0,0,0,0,0,0,0,0,0,0,0,0,0,0,0,0,0,0,0,0,0,0,0,0,0,0,0,0,0,0,0,0,0,0,0,0,0,0,0,0,0,0,0,0,0,0,0,0,0,0,0,0,0,0,0,0,0,0,0,0,0,0,0,0,0,0,0,0,0,0,0,0,0,0,0,0,0,0,0
0,0,0,0,0,0,0,0,0,0,0,0,0,0,0,0,0,0,0,0,0,0,0,0,0,0,0,0,0,0,0,0,0,0,0,0,0,0,0,0,0,0,0,0,0,0,0,0,0,0,0,0,0,0,0,0,0,0,0,0,0,0,0,0,0,0,0,0,0,0,0,0,0,0,0,0,0,0,0,0,0,0,0,0,0,0,0,0,0,0,0,0,0,0,0,0,0,0,0,0
0,0,0,0,0,0,0,0,0,0,0,0,0,0,0,0,0,0,0,0,0,0,0,0,0,0,0,0,0,0,0,0,0,0,0,0,0,0,0,0,0,0,0,0,0,0,0,0,0,0,0,0,0,0,0,0,0,0,0,0,0,0,0,0,0,0,0,0,0,0,0,0,0,0,0,0,0,0,0,0,0,0,0,0,0,0,0,0,0,0,0,0,0,0,0,0,0,0,0,0
0,0,0,0,0,0,0,0,0,0,0,0,0,0,0,0,0,0,0,0,0,0,0,0,0,0,0,0,0,0,0,0,0,0,0,0,0,0,0,0,0,0,0,0,0,0,0,0,0,0,0,0,0,0,0,0,0,0,0,0,0,0,0,0,0,0,0,0,0,0,0,0,0,0,0,0,0,0,0,0,0,0,0,0,0,0,0,0,0,0,0,0,0,0,0,0,0,0,0,0
0,0,0,0,0,0,0,0,0,0,0,0,0,0,0,0,0,0,0,0,0,0,0,0,0,0,0,0,0,0,0,0,0,0,0,0,0,0,0,0,0,0,0,0,0,0,0,0,0,0,0,0,0,0,0,0,0,0,0,0,0,0,0,0,0,0,0,0,0,0,0,0,0,0,0,0,0,0,0,0,0,0,0,0,0,0,0,0,0,0,0,0,0,0,0,0,0,0,0,0
0,0,0,0,0,0,0,0,0,0,0,0,0,0,0,0,0,0,0,0,0,0,0,0,0,0,0,0,0,0,0,0,0,0,0,0,0,0,0,0,0,0,0,0,0,0,0,0,0,0,0,0,0,0,0,0,0,0,0,0,0,0,0,0,0,0,0,0,0,0,0,0,0,0,0,0,0,0,0,0,0,0,0,0,0,0,0,0,0,0,0,0,0,0,0,0,0,0,0,0
