2.7907,0.354213
2.58342,0.344316
2.5189,0.544473
2.56683,0.755307
2.67667,0.938663
2.83768,1.04743
2.87066,1.24598
2.80112,1.42736
2.93199,1.57867
2.96869,1.76286
3.13478,1.88767
3.06151,2.06785
3.03584,2.25942
2.97455,2.44586
2.99179,2.66477
2.89757,2.84958
2.77297,3.00465
2.98424,3.04549
2.85174,3.18974
2.85932,3.39613
2.8825,3.59651
3.00152,3.76065
3.01084,3.95614
3.11521,4.12698
3.01028,4.30671
2.98729,4.51207
2.999,4.70313
3.03115,4.89603
3.01628,5.10034
3.03638,5.31542
3.14829,5.48321
3.05263,5.67621
3.19144,5.82767
3.14115,6.00944
3.26684,6.14758
3.37447,6.314
3.29849,6.50077
3.27656,6.70354
3.22566,6.9095
3.28613,7.11535
3.34841,7.2996
3.4569,7.46532
3.39527,7.65406
3.48766,7.85189
3.57164,8.02969
3.43083,8.18129
3.42384,8.37809
3.37931,8.57707
3.19847,8.67149
3.01913,8.75333
3.05307,8.97545
3.0068,9.16859
2.95942,9.36353
2.92279,9.56461
2.98293,9.77285
2.98056,9.97101
3.05102,10.1799
3.08999,10.3853
2.94295,10.5505
2.97686,10.7578
2.99924,10.9531
3.0317,11.1441
2.9571,11.3317
2.91964,11.5413
3.02406,11.7232
2.96978,11.9241
2.87578,12.1078
2.83459,12.2951
2.83599,12.4975
2.93103,12.6745
2.93283,12.8749
2.91702,13.0721
3.00234,13.2506
3.12929,13.4274
3.09757,13.6319
2.94051,13.773
3.07118,13.9423
3.13918,14.1486
3.11288,14.3523
3.11979,14.5578
3.18784,14.7558
3.23992,14.958
3.21914,15.1617
3.22256,15.3751
3.22311,15.5771
3.25255,15.7823
3.28768,15.9735
3.35789,16.1539
3.30202,16.3486
3.31031,16.5499
3.36758,16.745
3.23854,16.9064
3.15008,17.0919
3.20988,17.2852
3.22974,17.4787
3.19031,17.6897
3.25152,17.8843
3.20511,18.0784
3.36925,18.2119
3.36081,18.4276
3.37613,18.6358
3.3509,18.8279
3.19399,18.9726
3.13237,19.1707
3.24724,19.3539
3.43898,19.3771
3.30589,19.5365
3.36952,19.7384
3.447,19.9363
3.41376,20.1319
3.40621,20.3288
3.21183,20.4194
3.10261,20.5804
3.08393,20.79
3.14377,20.9718
2.99607,21.1046
2.8742,21.2568
2.88017,21.4502
2.97948,21.6172
2.93808,21.8344
3.10746,21.9472
3.14759,22.1659
2.98894,22.2931
2.93411,22.4936
2.95759,22.6904
2.89556,22.8886
3.00873,23.0676
3.04394,23.28
3.10861,23.4733
3.20796,23.6263
3.29328,23.8275
3.14231,23.9419
3.01279,24.1152
3.04123,24.315
2.95269,24.4891
3.0055,24.6909
2.89262,24.8542
2.98583,25.0483
2.98255,25.2444
3.1483,25.348
3.09543,25.5383
3.13686,25.7495
3.09746,25.9591
3.11059,26.1573
2.94491,26.2786
2.9147,26.49
2.9094,26.6999
2.96272,26.8998
2.88407,27.0969
2.8725,27.2969
2.78382,27.469
2.87394,27.6362
2.91773,27.8335
2.91367,28.0454
2.97923,28.2365
2.92657,28.4178
2.89994,28.6174
2.95199,28.8078
2.87383,29.0117
2.95632,29.204
2.90632,29.3985
3.05385,29.5456
3.14673,29.7257
3.24374,29.9081
3.14674,30.0893
2.95291,30.1465
2.98244,30.343
3.14182,30.4629
3.1976,30.6602
3.16203,30.8775
3.07428,31.0466
3.08126,31.2429
3.06637,31.4423
2.9564,31.6206
2.9122,31.8135
2.99307,32.0146
2.98551,32.2188
3.02897,32.4274
3.07067,32.6212
2.9374,32.7571
2.91363,32.9577
2.98992,33.1512
3.06809,33.3296
3.0612,33.5287
3.1473,33.7074
3.15396,33.9006
3.18727,34.0827
3.24434,34.2788
3.07411,34.4167
3.02983,34.6372
2.93533,34.8322
2.97888,35.0255
3.17035,35.113
3.07841,35.2985
3.04526,35.5022
3.01315,35.7011
3.10208,35.8761
3.09575,36.0904
3.04075,36.3022
2.99942,36.4986
3.26334,0.499678
3.20209,0.695588
3.22029,0.899895
3.19004,1.09927
3.40913,1.09893
3.41617,1.2957
3.40313,1.5058
3.50906,1.70503
3.57946,1.90204
3.60737,2.09563
3.57115,2.31228
3.49709,2.52362
3.59463,2.71056
3.69436,2.90665
3.63751,3.12529
3.51149,3.27103
3.59675,3.44906
3.69629,3.63283
3.74351,3.82989
3.75271,4.04881
3.74176,4.25884
3.86353,4.41091
3.81354,4.60166
3.82181,4.80821
3.74458,4.98177
3.83744,5.16344
3.84574,5.37381
3.90635,5.55918
3.87416,5.77754
3.83394,5.96931
3.90426,6.15073
3.94266,6.3592
3.98326,6.55315
4.00984,6.76813
4.1149,6.93893
4.25426,7.12111
4.26664,7.32103
4.44945,7.44619
4.46965,7.64993
4.51056,7.84218
4.47351,8.04458
4.42315,8.25351
4.29754,8.40751
4.39549,8.58362
4.35754,8.78472
4.23238,8.9436
4.12309,9.11685
4.12046,9.31367
4.09534,9.52599
4.13184,9.71525
4.15666,9.93216
4.15635,10.1382
4.30498,10.2769
4.26213,10.4789
4.23072,10.6999
4.24547,10.8987
4.15541,11.081
4.33369,11.217
4.26175,11.3995
4.34114,11.5818
4.31967,11.7714
4.15521,11.8989
4.0228,12.0517
4.1456,12.2016
4.18171,12.4042
4.33048,12.5324
4.35148,12.7305
4.27306,12.9307
4.17922,13.1332
4.22904,13.3416
4.09524,13.4951
4.0888,13.6995
4.20824,13.8732
4.231,14.0505
4.14969,14.2469
4.25039,14.4339
4.1712,14.613
4.09778,14.7955
4.13594,14.9877
4.08869,15.188
4.05207,15.3913
4.1541,15.5502
4.30371,15.7171
4.29418,15.9199
4.20773,16.0919
4.17073,16.2934
4.13589,16.5023
4.04016,16.6862
3.86601,16.8086
3.96259,16.9848
4.0366,17.1603
4.21865,17.2377
4.27392,17.4421
4.43679,17.5729
4.45336,17.7805
4.26945,17.8684
4.22906,18.0725
4.30058,18.2582
4.18284,18.4356
4.10569,18.6357
4.10258,18.8337
4.16176,19.0293
4.1687,19.2317
4.05067,19.4093
4.09984,19.5995
4.14843,19.8037
4.17027,20.0214
4.0405,20.1953
4.07029,20.4056
4.23567,20.5352
4.27653,20.7228
4.17225,20.8875
4.09432,21.0682
4.15201,21.2738
4.15854,21.4719
4.24138,21.6444
4.09876,21.7858
4.07136,21.9768
4.09207,22.1733
3.96745,22.342
4.07517,22.5289
4.07149,22.7347
4.23205,22.8808
4.05538,23.0153
4.03962,23.2147
4.16447,23.377
4.23244,23.5739
4.17662,23.7686
4.00353,23.884
3.91059,24.09
3.95062,24.2913
3.8231,24.4509
3.97426,24.6056
3.78496,24.6928
3.89443,24.8813
3.93949,25.0763
4.01659,25.2635
4.211,25.2374
4.39918,25.2718
4.35047,25.4685
4.37578,25.6648
4.21431,25.7846
4.22308,25.9892
4.30867,26.174
4.45518,26.3211
4.44615,26.52
4.25985,26.5702
4.33352,26.7525
4.32962,26.9502
4.31758,27.163
4.2744,27.3699
4.17182,27.5455
4.15779,27.7526
4.11475,27.9453
4.13067,28.147
4.14394,28.3536
4.06728,28.5445
4.09446,28.7353
4.26366,28.8695
4.31813,29.0641
4.3479,29.2636
4.41092,29.4605
4.29734,29.6188
4.21835,29.7982
4.12043,29.9596
4.15057,30.1634
4.18382,30.356
4.20004,30.571
4.21303,30.7781
4.11903,30.9533
4.17256,31.1469
4.22194,31.3464
4.09739,31.5008
4.24905,31.6334
4.32725,31.8313
4.45885,31.9783
4.36726,32.1555
4.36783,32.376
4.41425,32.5561
4.34068,32.747
4.53558,32.7729
4.56723,32.9628
4.57554,33.1653
4.58856,33.3815
4.55935,33.5782
4.68065,33.7493
4.75455,33.9481
4.6938,34.1478
4.749,34.3387
4.88802,34.4831
4.7559,34.6419
4.886,34.8017
4.96559,34.9879
4.82776,35.1276
4.84038,35.3372
4.8594,35.5336
4.83164,35.7514
4.91432,35.9209
4.85291,36.1379
4.83945,36.3396
4.74516,0.244597
4.75428,0.458429
4.86636,0.639154
4.87236,0.851137
4.83592,1.04924
4.86323,1.24643
-4.96583,1.34706
4.93944,1.52298
4.89923,1.72012
4.96165,1.89772
4.91813,2.09023
4.95077,2.28754
4.99242,2.48987
4.95579,2.68937
4.91627,2.88543
-4.8981,2.96865
-4.96267,3.16744
-4.97948,3.36206
4.96476,3.56213
4.93334,3.77339
4.90402,3.97344
4.86012,4.16891
4.82455,4.37269
4.88726,4.55515
4.78336,4.73308
4.77809,4.92203
4.94493,5.05391
4.94779,5.26519
4.99759,5.45256
-4.92928,5.63563
-4.93783,5.82923
-4.98647,6.02419
4.94345,6.22142
-4.90498,6.3471
-4.86444,6.56237
4.97522,6.67984
-4.98479,6.86988
-4.986,7.05678
4.81166,7.09063
4.80456,7.29427
4.93701,7.45026
4.93116,7.673
4.93486,7.86537
4.89923,8.06279
4.81403,8.24209
4.65191,8.3643
4.80331,8.47892
4.84425,8.68398
4.91237,8.87934
-4.96488,9.03382
-4.85945,9.22273
4.99769,9.38217
-4.89255,9.55806
4.92367,9.6707
4.99245,9.86694
4.94472,10.0691
4.91673,10.2681
4.89267,10.4667
4.81267,10.6618
4.82713,10.8772
4.91008,11.0479
4.93733,11.2522
-4.91994,11.3986
-4.76326,11.5122
-4.81364,11.7164
-4.8706,11.9167
4.94682,12.0104
4.91408,12.2185
4.86315,12.4052
4.97214,12.5911
-4.97299,12.7947
4.89993,12.9499
4.73355,13.0527
4.69381,13.2592
4.80404,13.4347
4.84815,13.6372
4.92452,13.8377
-4.93279,13.9798
-4.82917,14.1511
-4.86619,14.3447
-4.86442,14.5445
-4.91567,14.7292
-4.85157,14.9378
-4.94558,15.1236
4.99415,15.3218
-4.96877,15.5191
-4.86061,15.6873
-4.80553,15.8858
-4.64167,16.02
-4.74594,16.1864
-4.70129,16.3914
-4.53959,16.543
-4.42942,16.7125
-4.51874,16.8856
-4.55922,17.0848
-4.52001,17.3037
-4.60277,17.4931
-4.60673,17.6828
-4.64672,17.8771
-4.82706,17.9823
-4.79913,18.1981
-4.81277,18.4142
-4.7686,18.6094
-4.66626,18.7763
-4.58437,18.9528
-4.6954,19.1351
-4.53152,19.256
-4.45659,19.4465
-4.4853,19.635
-4.4979,19.835
-4.66934,19.9687
-4.86342,20.008
-4.95797,20.172
-4.97751,20.3713
-4.90673,20.5642
-4.95723,20.7734
4.93526,20.9552
4.96962,21.1612
4.88949,21.3466
4.9929,21.5152
4.95726,21.7135
4.98649,21.9182
-4.82552,22.0131
-4.93293,22.1858
-4.93419,22.3747
4.92757,22.5105
4.91306,22.7051
4.95028,22.907
4.84678,23.1012
4.79324,23.2987
4.78844,23.4997
4.87266,23.6929
4.86951,23.8876
4.85202,24.0918
4.86692,24.3013
4.97821,24.4544
-4.98881,24.6543
-4.9581,24.8592
-4.91667,25.066
4.99589,25.254
-4.97011,25.4652
-4.91775,25.6648
-4.98243,25.8397
-4.96751,26.0427
-4.96953,26.2552
-4.93767,26.4657
-4.92983,26.663
-4.8327,26.8408
-4.86326,27.0377
-4.91914,27.2364
-4.76607,27.3734
-4.78495,27.5782
-4.8041,27.7917
-4.90102,27.9744
-4.9062,28.165
-4.89521,28.3632
-4.94315,28.556
-4.92451,28.7661
-4.90785,28.9655
-4.82391,29.1764
-4.91794,29.3733
4.94627,29.5351
4.88033,29.7257
-4.99441,29.8823
4.92645,30.0786
4.83306,30.2756
4.9767,30.4088
4.79652,30.4778
4.88774,30.6667
4.8832,30.8701
4.79949,31.0551
4.7845,31.2654
4.92508,31.4128
4.88229,31.6195
4.86337,31.83
4.68248,31.9566
4.73941,32.1588
4.91295,32.2558
-4.9152,32.3899
-4.73062,32.475
-4.79709,32.6585
-4.63268,32.7782
-4.74868,32.9457
-4.66138,33.1301
-4.63097,33.3194
-4.58829,33.5303
-4.54208,33.7327
-4.58819,33.9435
-4.67656,34.1315
-4.62473,34.3441
-4.70895,34.5189
-4.66358,34.7313
-4.6448,34.9287
-4.65323,35.1446
-4.64372,35.3413
-4.68068,35.5394
-4.74959,35.7381
-4.74853,35.9401
-4.64247,36.097
-4.62814,36.2822
-4.86196,0.499728
-4.76482,0.681799
-4.73046,0.867542
-4.61386,1.04645
-4.43131,1.1446
-4.32303,1.29515
-4.29314,1.48931
-4.37601,1.67161
-4.28404,1.87304
-4.17481,2.04083
-4.10434,2.22294
-4.08371,2.42861
-4.09872,2.64896
-4.28292,2.67656
-4.30541,2.89051
-4.2312,3.08933
-4.0157,3.07822
-3.95715,3.28887
-4.13158,3.37964
-4.26011,3.53724
-4.26471,3.73
-4.23718,3.93176
-4.29999,4.1188
-4.16244,4.27052
-4.26175,4.45072
-4.27421,4.64888
-4.28977,4.84932
-4.31912,5.05391
-4.29398,5.26581
-4.24948,5.4684
-4.20767,5.64649
-4.2222,5.85629
-4.06943,5.97904
-4.11013,6.17787
-3.95799,6.31919
-4.00625,6.52855
-4.14262,6.69361
-4.13211,6.89479
-4.16972,7.10693
-4.19688,7.32378
-4.33432,7.46043
-4.35028,7.67276
-4.40967,7.87898
-4.44003,8.08088
-4.27139,8.22826
-4.27572,8.43276
-4.33612,8.61332
-4.46756,8.77565
-4.31171,8.89938
-4.32884,9.09413
-4.35798,9.29908
-4.18646,9.40731
-4.24127,9.59573
-4.18208,9.78795
-4.19872,9.99532
-4.24115,10.1911
-4.27687,10.3954
-4.18159,10.5782
-4.24414,10.7884
-4.33123,10.9843
-4.32295,11.1915
-4.17529,11.3357
-4.36509,11.412
-4.31307,11.6109
-4.30714,11.8293
-4.24367,12.0252
-4.09988,12.1612
-4.17924,12.3367
-4.21063,12.5428
-4.19148,12.7387
-4.14038,12.9486
-4.16138,13.1468
-4.06248,13.3105
-4.05496,13.5094
-4.19451,13.6668
-4.34478,13.8113
-4.1378,13.8523
-4.152,14.0673
-4.06272,14.2636
-4.04897,14.4677
-3.98359,14.6441
-4.13435,14.7734
-4.10095,14.9881
-4.19593,15.1836
-4.06904,15.3354
-3.94674,15.478
-3.93239,15.6774
-4.03921,15.8382
-4.16598,15.9847
-4.10186,16.176
-3.92919,16.2717
-4.00124,16.4719
-3.91848,16.6536
-4.06183,16.7984
-3.98775,16.9879
-3.99981,17.1763
-4.10296,17.3753
-4.10632,17.5762
-4.00358,17.7503
-4.15457,17.9069
-4.11128,18.1068
-3.96829,18.2609
-4.09152,18.4097
-3.99848,18.603
-4.02452,18.8119
-3.8744,18.9613
-4.01915,19.0778
-4.02844,19.2879
-3.93898,19.4684
-3.87652,19.67
-3.77066,19.84
-3.7872,20.0309
-3.9584,20.1527
-3.98652,20.3529
-4.04956,20.5327
-3.94252,20.6941
-4.06621,20.8572
-4.20422,21.007
-4.08217,21.1598
-4.12852,21.3616
-4.08579,21.5589
-4.21747,21.7067
-4.22105,21.926
-4.05159,22.0311
-4.03068,22.2231
-3.94721,22.3971
-3.96463,22.5924
-3.84256,22.7644
-3.99729,22.9022
-4.15127,23.0399
-4.07934,23.2465
-3.94567,23.4103
-3.96725,23.6171
-3.91011,23.8196
-4.01149,24.0107
-4.04241,24.2227
-4.16062,24.3956
-4.18448,24.6015
-4.19095,24.7967
-4.17348,25.0072
-4.32628,25.1475
-4.38284,25.3379
-4.36446,25.5497
-4.26951,25.7232
-4.23911,25.93
-4.08232,26.0657
-3.97212,26.2268
-3.94793,26.4248
-3.89148,26.612
-3.90723,26.8132
-3.98105,26.9996
-3.93794,27.2052
-4.00777,27.3893
-3.83442,27.4832
-3.77707,27.6774
-3.96057,27.7284
-3.82629,27.9017
-3.82763,28.0915
-3.73306,28.2626
-3.80679,28.459
-3.6942,28.6255
-3.79583,28.797
-3.88399,28.9782
-3.84428,29.173
-3.85754,29.3789
-3.98258,29.5419
-4.04484,29.7484
-4.19777,29.8654
-4.15174,30.0655
-4.11926,30.2631
-4.00107,30.4433
-3.95514,30.6342
-4.00492,30.8293
-4.10251,30.9995
-4.11406,31.2214
-4.07899,31.4129
-4.19952,31.5965
-4.12315,31.7962
-4.04814,31.9795
-4.03201,32.1803
-4.05421,32.392
-4.01058,32.5868
-4.12582,32.7415
-4.14239,32.9414
-4.22148,33.1257
-4.27185,33.3355
-4.20963,33.5363
-4.28203,33.7334
-4.35622,33.9308
-4.25193,34.1033
-4.14914,34.2726
-4.10053,34.467
-4.05501,34.6749
-4.05325,34.8859
-4.21202,35.0085
-4.23339,35.2036
-4.29111,35.4015
-4.30847,35.6125
-4.17165,35.7829
-4.14194,35.9729
-3.7672,0.225419
-3.68411,0.410645
-3.69522,0.614965
-3.66165,0.820998
-3.67712,1.02595
-3.51419,1.13195
-3.45352,1.31286
-3.26904,1.4028
-3.22552,1.59892
-3.15762,1.79138
-3.21738,1.98262
-3.08753,2.12643
-3.1321,2.33425
-3.18739,2.52441
-3.32946,2.68465
-3.2211,2.85648
-3.19046,3.06488
-3.19695,3.2576
-3.20066,3.45421
-3.30897,3.64202
-3.23435,3.83866
-3.26424,4.02523
-3.34041,4.19823
-3.26751,4.39427
-3.09912,4.50992
-3.20513,4.6778
-3.30093,4.87033
-3.26225,5.06252
-3.35501,5.23778
-3.38132,5.44109
-3.37202,5.64344
-3.351,5.83843
-3.34217,6.0386
-3.18646,6.1839
-3.23396,6.37754
-3.25589,6.58159
-3.29869,6.76805
-3.3444,6.96302
-3.47101,7.11369
-3.60729,7.26264
-3.67037,7.44612
-3.67004,7.64103
-3.80833,7.80057
-3.98071,7.92222
-3.88254,8.1008
-3.86849,8.31508
-3.84701,8.51194
-3.74586,8.68324
-3.79551,8.8795
-3.89558,9.0545
-3.90438,9.2588
-3.80871,9.44917
-3.81692,9.6504
-3.88437,9.85155
-3.86075,10.051
-3.68161,10.0108
-3.53445,10.1367
-3.62467,10.329
-3.58318,10.5309
-3.48819,10.7189
-3.56642,10.9134
-3.63771,11.1045
-3.63574,11.3093
-3.61333,11.5115
-3.51735,11.6859
-3.34304,11.7733
-3.17051,11.8291
-3.34129,11.9741
-3.19821,12.1255
-3.06846,12.3038
-3.04639,12.5133
-2.96261,12.6895
-2.96799,12.8962
-3.09356,13.0597
-3.19026,13.2215
-3.06342,13.366
-3.16998,13.5284
-2.99898,13.6401
-3.13974,13.7839
-3.22279,13.963
-3.15366,14.1486
-3.21835,14.3313
-3.24612,14.5357
-3.25791,14.7374
-3.11184,14.8709
-2.93578,14.9657
-2.96047,15.166
-2.97969,15.3658
-3.11934,15.5053
-3.29486,15.6133
-3.16285,15.7816
-3.13923,15.9903
-3.24399,16.1725
-3.27418,16.366
-3.09095,16.4366
-3.06487,16.6353
-3.06719,16.8388
-3.07172,17.0414
-3.14242,17.2365
-3.13484,17.4455
-3.16516,17.636
-3.26653,17.8196
-3.12887,17.9811
-3.07646,18.1767
-3.0647,18.3872
-3.05707,18.593
-3.00644,18.8065
-3.06691,18.9924
-3.18722,19.1438
-3.20065,19.3463
-3.13377,19.5249
-3.10941,19.7236
-2.99705,19.8876
-3.00395,20.0933
-2.93614,20.29
-2.95987,20.4916
-3.04565,20.6901
-3.0605,20.8939
-3.063,21.1078
-3.12922,21.3016
-3.19881,21.4718
-3.07901,21.6401
-3.21713,21.8036
-3.10883,21.9824
-2.97643,22.1397
-3.12405,22.2775
-2.98981,22.4325
-3.00744,22.6398
-3.09875,22.8034
-3.03435,23.0095
-3.04616,23.1996
-3.09384,23.3826
-3.09036,23.6038
-3.10737,23.7939
-3.11376,23.9991
-3.21417,24.1933
-3.01651,24.1809
-3.04726,24.3783
-2.97198,24.565
-2.92226,24.7511
-3.04104,24.9068
-3.00057,25.1221
-2.98779,25.3328
-2.9874,25.5426
-3.04948,25.7307
-3.09829,25.9258
-3.0001,26.089
-2.95009,26.289
-2.92031,26.4975
-2.92315,26.7066
-2.93083,26.9178
-2.96944,27.1161
-2.90131,27.3251
-2.98886,27.5064
-2.79919,27.5928
-2.90851,27.7612
-2.9431,27.9555
-2.86769,28.1325
-2.88981,28.3365
-2.76964,28.5035
-2.86717,28.6857
-2.92603,28.8632
-2.97401,29.0444
-2.8723,29.2142
-2.71083,29.3437
-2.62954,29.5417
-2.80499,29.6545
-2.65023,29.8003
-2.59113,29.993
-2.50749,30.181
-2.54152,30.381
-2.57715,30.579
-2.47563,30.744
-2.5891,30.9024
-2.63227,31.1266
-2.73716,31.3224
-2.91514,31.4166
-2.82023,31.6027
-2.76086,31.8025
-2.68649,32.0044
-2.68314,32.2047
-2.70415,32.4126
-2.67746,32.5982
-2.66317,32.8077
-2.70902,32.9943
-2.73746,33.1868
-2.81075,33.3732
-2.83302,33.5702
-2.93412,33.7426
-2.99746,33.9556
-2.89228,34.1335
-2.71943,34.2395
-2.70603,34.4503
-2.8858,34.497
-2.99536,34.6809
-3.0583,34.8802
-3.08905,35.0675
-3.07061,35.2669
-3.14003,35.4458
-2.98526,35.5598
-2.4208,0.264951
-2.47741,0.475682
-2.47732,0.680466
-2.45493,0.883709
-2.34241,1.0669
-2.22951,1.23516
-2.17412,1.42921
-2.11451,1.62084
-2.07599,1.8189
-2.02911,2.01948
-2.01107,2.21647
-1.87127,2.35506
-1.73164,2.48923
-1.71408,2.69371
-1.6541,2.88665
-1.59797,3.085
-1.70578,3.24577
-1.72426,3.45111
-1.78561,3.62205
-1.74586,3.80893
-1.81122,3.99539
-1.79798,4.18785
-1.80092,4.40505
-1.81661,4.5865
-1.81532,4.79735
-1.87845,4.99182
-1.74515,5.16416
-1.75729,5.36986
-1.8111,5.57816
-1.83774,5.78276
-1.89087,5.9832
-1.952,6.17364
-1.86719,6.36746
-1.9787,6.52839
-1.86001,6.68016
-1.67398,6.78854
-1.62391,6.99333
-1.7694,7.13551
-1.78813,7.34394
-1.95307,7.47412
-1.98586,7.67386
-1.89262,7.8453
-1.85752,8.06474
-1.80426,8.25909
-1.79469,8.46734
-1.83736,8.65043
-1.8171,8.85197
-1.72927,9.03067
-1.72664,9.23144
-1.70929,9.45326
-1.85268,9.6054
-1.90736,9.81322
-2.03736,9.97802
-2.02708,10.1992
-2.02377,10.4068
-1.8988,10.5471
-1.99994,10.7404
-2.03812,10.943
-2.1138,11.1211
-2.05797,11.3217
-2.02273,11.5247
-1.94173,11.7113
-2.08128,11.8599
-1.97741,12.0589
-2.10217,12.2017
-2.00438,12.3793
-1.95638,12.5658
-1.83858,12.728
-1.94298,12.9128
-1.89811,13.1192
-1.91816,13.3117
-1.85182,13.5013
-1.8793,13.7034
-1.77953,13.8808
-1.93129,14.0183
-1.89955,14.2212
-1.96975,14.4134
-2.0423,14.5983
-2.08791,14.8106
-2.02404,15.0092
-2.09116,15.2047
-2.00493,15.4019
-2.04548,15.611
-2.0524,15.8094
-2.08554,16.0292
-2.08501,16.235
-1.95587,16.3937
-2.11252,16.524
-2.02834,16.7169
-1.85338,16.8226
-1.90592,17.011
-1.80012,17.1887
-1.81024,17.3866
-1.81804,17.6109
-1.94669,17.7469
-2.09479,17.8654
-2.03679,18.0702
-1.98323,18.2505
-2.15809,18.3413
-2.06229,18.5218
-1.92269,18.6841
-1.88083,18.8744
-1.79957,19.0457
-1.93546,19.1988
-1.89463,19.3906
-1.85622,19.585
-1.88953,19.7882
-2.02738,19.9468
-2.01018,20.1384
-1.99365,20.3403
-1.95937,20.5303
-2.05252,20.7051
-2.06666,20.9057
-1.86395,20.9658
-1.77776,21.1472
-1.85079,21.3416
-1.88254,21.5472
-1.88944,21.7489
-1.87368,21.9431
-1.86009,22.1411
-2.00848,22.2864
-1.91424,22.4701
-1.91176,22.6694
-1.73687,22.7608
-1.74882,22.9603
-1.92311,23.0412
-1.93929,23.2534
-2.06322,23.4364
-2.01907,23.631
-2.16618,23.7653
-2.00736,23.8762
-1.97189,24.0643
-1.99454,24.2868
-1.9633,24.4792
-1.82146,24.6134
-1.82434,24.8099
-1.83062,25.0394
-1.96121,25.1957
-1.89005,25.3892
-1.73896,25.5242
-1.80255,25.7146
-1.86868,25.9141
-2.02251,26.061
-2.085,26.2698
-2.09997,26.4827
-2.1294,26.6803
-2.01983,26.8604
-2.03421,27.047
-1.99841,27.2439
-2.12671,27.392
-2.17415,27.6047
-2.11324,27.7948
-2.14167,28.0056
-2.03994,28.1774
-2.00124,28.3648
-1.95219,28.5732
-2.12925,28.6506
-2.01577,28.7983
-1.97915,28.9959
-1.99746,29.2078
-1.99511,29.3975
-1.91978,29.5879
-1.90715,29.7913
-1.94446,29.9994
-2.076,30.174
-2.00749,30.3788
-1.89752,30.547
-1.87456,30.7405
-1.86203,30.941
-1.7626,31.1243
-1.88206,31.3004
-1.9628,31.4919
-2.01303,31.6981
-2.06708,31.8817
-1.95844,32.0552
-2.02871,32.2506
-1.94844,32.4285
-2.1467,32.488
-2.06522,32.6781
-2.0585,32.9
-2.06238,33.0984
-1.97949,33.2882
-2.02507,33.482
-1.87668,33.6393
-1.91337,33.8464
-1.8979,34.042
-1.9634,34.2398
-1.85844,34.4102
-1.8417,34.6051
-1.83545,34.808
-1.78798,34.9939
-1.72717,35.1879
-1.72149,35.3919
-1.75826,35.5972
-1.80486,35.7983
-1.85273,36.0069
-1.69378,36.136
-1.64932,36.3216
-1.56977,36.4992
-1.50806,36.6987
-2.12823,0.110036
-2.00568,0.280461
-1.84603,0.386295
-1.7123,0.544832
-1.57663,0.693214
-1.48365,0.86286
-1.58672,1.03402
-1.52436,1.22011
-1.38339,1.36211
-1.22838,1.50341
-1.11385,1.66971
-0.98403,1.83546
-1.17784,1.91119
-1.17824,2.11822
-1.34597,2.24492
-1.34658,2.46362
-1.40284,2.66675
-1.39029,2.87931
-1.35642,3.09785
-1.27861,3.26585
-1.17742,3.44707
-1.16458,3.64948
-1.11211,3.84404
-1.07137,4.04588
-1.01272,4.22758
-1.12365,4.40262
-1.0398,4.59866
-1.12306,4.7839
-1.00739,4.95434
-0.984385,5.15209
-0.903083,5.34078
-1.04967,5.46328
-1.02617,5.65403
-0.911447,5.81413
-0.774021,5.96005
-0.720729,6.15627
-0.739523,6.35883
-0.870721,6.50936
-0.89883,6.7232
-1.06289,6.86121
-1.00602,7.05715
-0.989726,7.25406
-0.937421,7.44983
-0.972032,7.65351
-0.871475,7.84119
-0.865226,8.02915
-0.864548,8.22488
-0.705714,8.3699
-0.675242,8.58699
-0.785719,8.75626
-0.688036,8.93093
-0.657085,9.14218
-0.824211,9.24315
-0.919859,9.44069
-0.925447,9.64472
-0.858071,9.82987
-0.96185,10.0049
-1.06886,10.1728
-1.03418,10.3731
-1.01547,10.5728
-1.00452,10.7835
-1.11352,10.9532
-0.949005,11.0412
-1.01808,11.2276
-1.08162,11.4227
-1.02559,11.6117
-1.01267,11.8278
-0.984209,12.0467
-0.868222,12.2074
-1.00607,12.3652
-1.10341,12.5501
-1.24233,12.6902
-1.09706,12.837
-0.929575,12.9465
-0.953014,13.1466
-0.904317,13.3445
-0.926827,13.5569
-0.88504,13.7457
-0.974994,13.9336
-0.83069,14.0635
-0.736236,14.2369
-0.896493,14.3671
-0.98016,14.5497
-0.797074,14.6439
-0.753869,14.8337
-0.76057,15.0475
-0.879427,15.2075
-0.887589,15.3992
-0.929353,15.5881
-0.814919,15.7583
-0.889642,15.942
-1.07065,16.0358
-0.976267,16.2174
-1.13083,16.3473
-1.02147,16.5126
-0.959427,16.6902
-1.15021,16.7954
-0.987133,16.897
-1.0229,17.1088
-0.837337,17.1258
-0.911978,17.3289
-0.936307,17.5218
-1.10599,17.6296
-1.20502,17.805
-1.11711,17.9966
-1.05858,18.1948
-1.05499,18.3921
-1.03387,18.5878
-1.11038,18.766
-1.13797,18.9894
-1.05789,19.1858
-1.14925,19.3703
-1.11884,19.563
-1.21341,19.7506
-1.28282,19.9439
-1.27417,20.1541
-1.32798,20.3496
-1.23568,20.533
-1.34637,20.7069
-1.312,20.9019
-1.23132,21.0954
-1.14564,21.277
-1.05662,21.4697
-1.1019,21.6718
-1.06345,21.8674
-1.03396,22.0645
-1.00016,22.2569
-1.07506,22.4371
-0.95483,22.6115
-1.03675,22.7954
-1.15615,22.9689
-0.976847,23.111
-0.949586,23.299
-1.02378,23.5007
-0.889831,23.6446
-0.996773,23.7981
-0.87361,23.9751
-0.773225,24.1539
-0.712744,24.3413
-0.780753,24.5251
-0.830029,24.7291
-0.993662,24.8326
-0.907842,25.0237
-0.913316,25.2284
-0.791964,25.4087
-0.761714,25.6071
-0.708134,25.7969
-0.773814,25.9965
-0.759431,26.202
-0.884048,26.3432
-1.03937,26.467
-0.967675,26.6584
-1.10119,26.8121
-1.04472,27.0134
-1.03136,27.2145
-0.885927,27.3498
-0.956343,27.5355
-0.958051,27.729
-0.906319,27.9177
-0.963675,28.1075
-0.912889,28.3005
-0.89218,28.5145
-0.807476,28.6875
-0.926445,28.8413
-0.97874,29.05
-0.973579,29.2533
-1.02257,29.452
-0.910198,29.6134
-0.988265,29.8098
-1.02006,29.9977
-1.15596,30.1616
-1.17957,30.3712
-1.089,30.5556
-1.03901,30.7454
-1.16273,30.896
-1.33376,30.9988
-1.19362,31.1562
-1.21446,31.3634
-1.02908,31.4561
-0.93877,31.6362
-1.01441,31.8323
-0.953132,32.0164
-0.934004,32.2219
-0.915475,32.4271
-1.02904,32.6172
-1.1334,32.8015
-1.22229,32.9868
-1.36437,33.1242
-1.35201,33.3285
-1.3298,33.5275
-1.18032,33.65
-1.16711,33.8506
-1.2332,34.0307
-1.30058,34.2235
-1.15996,34.3659
-1.27048,34.5379
-1.25049,34.7409
-1.24055,34.9394
-1.27542,35.1334
-1.30119,35.3136
0.252707,0.287171
0.270793,0.480846
0.4068,0.626658
0.210466,0.689346
0.144293,0.876512
-0.0121361,0.999324
-0.164013,1.14158
-0.180788,1.33703
0.0258506,1.27488
0.0463388,1.47037
0.136217,1.64547
0.113773,1.85123
0.174431,2.04786
0.177369,2.24518
0.140281,2.44626
0.0788785,2.63328
-0.0511329,2.77712
0.0721377,2.93673
-0.0335382,3.09653
0.0949933,3.23972
0.152612,3.43023
0.100113,3.63213
-0.0349724,3.7908
-0.0525741,3.99215
0.0256604,4.17888
-0.159327,4.24601
-0.0502165,4.42326
0.0242147,4.6194
-0.058012,4.80155
-0.0722519,4.99535
-0.0685534,5.20173
-0.0647552,5.40092
-0.187046,5.56642
-0.0605508,5.71832
0.120462,5.62483
0.218237,5.80434
0.245328,5.99322
0.251009,6.20087
0.154089,6.38507
0.0389117,6.55456
-0.0292086,6.74896
0.0163151,6.93964
-0.0692765,7.11499
-0.0695464,7.31692
-0.0059136,7.50417
0.00358859,7.71808
-0.0305469,7.92772
0.0559616,8.11936
-0.0435745,8.29813
-0.237998,8.35717
-0.0795016,8.51235
-0.100311,8.73522
-0.116275,8.93241
-0.120222,9.13601
-0.0714486,9.32943
0.12716,9.36072
0.153224,9.56849
0.229084,9.76358
0.0902825,9.90468
0.0486513,10.0969
0.168311,10.2641
0.285777,10.4226
0.136018,10.5176
-0.0613028,10.5601
0.0337369,10.7451
-0.0100117,10.9629
-0.142466,11.1316
-0.156831,11.3365
-0.198844,11.5487
-0.177766,11.7506
-0.121293,11.9486
-0.0500363,12.1364
-0.0624521,12.3189
-0.106689,12.524
-0.193942,12.7131
-0.0819444,12.9068
-0.0445345,13.1063
-0.028907,13.2936
-0.128625,13.4579
-0.230649,13.6347
-0.0671787,13.7683
-0.0549859,13.9887
-0.0632297,14.2095
-0.274347,14.2587
-0.140077,14.3984
-0.204393,14.5905
-0.141946,14.7768
-0.0723311,14.9647
0.0830415,15.0848
0.11361,15.2795
0.149348,15.4761
-0.0374968,15.4022
-0.0369849,15.6057
0.0543686,15.7811
0.0927922,15.975
0.193854,16.1575
0.149237,16.3664
0.108278,16.558
0.177354,16.7449
0.165927,16.944
0.191033,17.1442
0.12677,17.338
0.0363351,17.5128
-0.117202,17.635
-0.0978139,17.838
-0.159867,18.0409
-0.279945,18.2131
-0.285221,18.4096
-0.281041,18.6047
-0.271318,18.7996
-0.222543,18.9748
-0.0804111,19.1091
-0.257249,19.2297
-0.251484,19.4295
-0.227791,19.6498
-0.097606,19.8221
0.0689425,19.9465
-0.0151699,20.131
0.149464,20.2309
0.162432,20.4137
0.178778,20.6309
0.010224,20.7425
0.168196,20.8725
-0.0254262,20.947
0.121643,21.1032
-0.0234024,21.2531
-0.0161417,21.4508
0.0797019,21.6252
-0.0780918,21.7457
0.0988621,21.8281
0.109816,22.0251
0.14763,22.22
0.0623165,22.4071
0.0681365,22.6043
-0.0258743,22.7795
-0.222826,22.8604
-0.302837,23.0443
-0.145458,23.1773
-0.0576575,23.3552
-0.177331,23.5147
-0.162271,23.7193
-0.074741,23.9107
0.0890978,24.0322
0.171147,24.207
0.211033,24.4063
0.383768,24.4845
0.26641,24.6526
0.13797,24.807
0.0480292,24.9952
0.000314526,25.1849
-0.120686,25.3434
-0.173619,25.5446
-0.201237,25.7533
-0.159409,25.9588
-0.139959,26.1711
-0.0527343,26.3649
-0.10683,26.5594
0.0888854,26.6372
0.0655129,26.8262
-0.0637086,26.9737
0.0507004,27.1631
0.0630329,27.3665
0.188968,27.5353
0.182345,27.7205
0.010811,27.8259
0.111864,28.0022
0.119019,28.2038
0.244484,28.3588
0.264745,28.5617
0.206992,28.7575
0.125482,28.9598
0.191518,29.1366
0.058438,29.2973
0.0305644,29.4989
-0.124878,29.6351
-0.0323159,29.8194
0.126359,29.9724
0.137796,30.1806
0.090058,30.3806
-0.0207161,30.5625
-0.0718289,30.7606
-0.273039,30.7742
-0.302237,30.9745
-0.304204,31.1931
-0.332542,31.394
-0.335109,31.592
-0.347324,31.8067
-0.153231,31.8542
-0.0660749,32.0307
0.00328581,32.2307
-0.102006,32.3881
0.0419869,32.551
0.0866522,32.7664
0.00170714,32.9698
0.041899,33.1585
0.0740893,33.3502
-0.0506059,33.5012
0.0346287,33.686
0.101285,33.8905
0.0961558,34.1049
0.71682,0.288163
0.716364,0.489896
0.702068,0.693978
0.884924,0.769397
1.01046,0.928846
0.806778,0.993158
0.818018,1.20574
0.96247,1.34766
0.913529,1.53912
0.872555,1.73966
0.771379,1.91795
0.833809,2.12298
0.90101,2.33827
0.967781,2.5543
0.978795,2.75738
0.774499,2.84024
0.696782,3.02103
0.810956,3.17744
0.777695,3.3703
0.750448,3.55915
0.697648,3.75899
0.747931,3.96545
0.709653,4.17151
0.593075,4.33416
0.739911,4.47328
0.790483,4.66459
0.898864,4.8484
0.821292,5.02784
0.858471,5.22461
0.883979,5.43236
0.846108,5.6432
0.937837,5.81509
0.959218,6.01619
0.93415,6.21494
1.0671,6.35663
0.959003,6.52218
0.925024,6.71848
0.851112,6.9211
1.00074,7.07124
1.04518,7.29127
1.02014,7.48426
1.03374,7.68123
0.88869,7.82032
0.905731,8.00624
0.817154,8.19605
0.725105,8.41082
0.59627,8.56392
0.547448,8.76226
0.644307,8.93507
0.685471,9.13116
0.800085,9.30699
0.907773,9.49851
0.826989,9.68113
0.933276,9.86081
0.85826,10.0677
0.923595,10.2526
0.904326,10.4373
0.919919,10.6541
0.891299,10.8573
0.852162,11.0735
0.714141,11.2332
0.782186,11.4195
0.85073,11.5962
1.00627,11.7286
1.0966,11.9037
1.19917,12.0754
1.14297,12.2698
1.23871,12.4418
1.19278,12.6334
1.03047,12.7551
0.984431,12.957
0.888417,13.1505
0.92361,13.3434
1.08944,13.4765
1.13675,13.6986
1.18769,13.8939
1.3167,14.0475
1.3215,14.2368
1.23002,14.4249
1.29184,14.6075
1.3575,14.7999
1.34077,15.0012
1.50641,15.1037
1.3386,15.2319
1.14855,15.3324
1.05541,15.5177
0.876957,15.5883
1.00224,15.7447
1.11402,15.921
1.1821,16.1084
1.16438,16.325
1.02655,16.4824
0.966728,16.6808
1.01381,16.8686
1.02556,17.0699
0.910009,17.238
0.851491,17.4192
0.792092,17.6103
0.680391,17.7863
0.733678,17.9799
0.706362,18.1741
0.837524,18.3407
0.920039,18.5411
0.978151,18.7287
1.13349,18.8533
1.23035,19.0332
1.12494,19.1983
1.06593,19.3838
1.08874,19.5621
1.08634,19.7717
1.16129,19.9629
1.25736,20.1238
1.24402,20.3125
1.14051,20.5056
1.08807,20.7039
0.982104,20.8837
0.969642,21.0862
1.05668,21.272
1.10839,21.4709
1.18167,21.6611
1.17633,21.8663
1.01153,21.9931
1.20081,22.0647
1.20715,22.2834
1.13363,22.477
1.24894,22.6404
1.28693,22.8376
1.27395,23.0366
1.31866,23.2446
1.11555,23.2787
1.00447,23.4407
0.944407,23.6338
0.810713,23.7832
0.809986,23.9968
0.879744,24.1882
0.78519,24.3554
0.787332,24.5566
0.885131,24.7308
0.869742,24.9359
0.778708,25.1193
0.761457,25.3178
0.785422,25.5164
0.731555,25.7075
0.720685,25.9027
0.72077,26.1062
0.78534,26.2983
0.800858,26.5119
0.884357,26.6957
0.86439,26.9164
1.00914,27.0539
0.855791,27.2033
0.841359,27.418
0.777303,27.6068
0.841793,27.7998
0.940803,27.9735
1.1229,28.0602
1.2479,28.2044
1.15439,28.3979
1.18286,28.6012
1.27369,28.789
1.21645,28.9867
1.2383,29.187
1.42527,29.2433
1.48731,29.4393
1.3075,29.5115
1.25151,29.6997
1.07721,29.8027
1.16897,29.9931
1.28591,30.157
1.15349,30.3414
1.12236,30.5432
1.18372,30.7398
1.20707,30.9505
1.13968,31.1414
1.03831,31.3167
1.15369,31.4854
1.17427,31.6732
1.00938,31.8087
0.868554,31.9482
0.892691,32.1477
0.750187,32.3096
0.83782,32.4997
0.81869,32.6949
0.746692,32.8757
0.612193,33.0153
0.777517,33.1567
0.824785,33.3525
0.954502,33.5013
0.920963,33.6931
1.07603,33.8307
0.95686,33.9842
1.04708,34.1666
0.9794,34.3645
0.919109,34.5569
1.05942,34.696
0.898616,34.8212
0.824921,35.0231
0.836779,35.2252
0.894397,35.4338
0.801351,35.6058
1.28413,0.226288
1.40659,0.385648
1.51555,0.568823
1.57762,0.768457
1.59011,0.976065
1.62825,1.16464
1.64293,1.3578
1.71063,1.54434
1.67187,1.74949
1.77487,1.93076
1.6408,2.06618
1.48197,2.1821
1.5291,2.38547
1.69545,2.51274
1.64178,2.72055
1.67125,2.91412
1.65038,3.12128
1.6487,3.32275
1.6962,3.53888
1.85667,3.66414
1.91951,3.85763
1.88401,4.05987
1.91766,4.25886
2.01912,4.43145
2.08114,4.61898
2.05307,4.83025
1.99987,5.01961
2.0909,5.20092
2.03785,5.40445
2.02121,5.60802
1.99471,5.81352
2.14653,5.94685
2.16902,6.13458
2.25666,6.30931
2.27394,6.52271
2.27704,6.72993
2.28095,6.92262
2.20788,7.1121
2.22316,7.31592
2.23115,7.52953
2.14269,7.71704
2.18117,7.91603
2.11459,8.09447
2.19817,8.28173
2.12042,8.45497
2.07784,8.65145
2.15616,8.85051
2.11683,9.05018
2.02496,9.21621
1.88481,9.35325
1.85567,9.55412
1.89188,9.74863
2.00486,9.90425
2.10416,10.0711
1.99999,10.256
1.94969,10.4464
2.00277,10.6486
2.14066,10.7883
2.05201,10.9781
1.9576,11.1626
1.97701,11.3579
1.90056,11.5353
1.77631,11.6918
1.75359,11.8912
1.84316,12.0776
1.8884,12.276
1.97856,12.4519
1.8922,12.6461
1.7895,12.8471
1.89567,13.025
2.10988,13.0463
2.04762,13.2324
2.11942,13.4297
2.05905,13.6198
2.2013,13.7746
2.11866,13.958
1.93818,14.0501
2.00658,14.2494
2.02933,14.4401
1.95078,14.6323
1.91803,14.8392
1.92256,15.0468
2.05107,15.2041
2.01443,15.3952
2.07116,15.5902
2.05202,15.8097
2.13642,15.9912
2.10146,16.2062
2.13261,16.413
2.33159,16.4744
2.27952,16.6599
2.15735,16.819
2.25978,16.9801
2.26492,17.1955
2.11025,17.3309
2.16934,17.5329
2.16672,17.7393
2.23406,17.9532
2.35612,18.1147
2.28429,18.3032
2.26703,18.4912
2.2665,18.7018
2.25338,18.8959
2.14554,19.0604
2.11263,19.2665
2.12334,19.4551
2.08823,19.6597
2.29259,19.747
2.20055,19.9217
2.35543,20.0434
2.43385,20.2182
2.47224,20.4041
2.36573,20.5778
2.24482,20.756
2.04015,20.8094
2.03792,21.0229
2.0559,21.229
2.11738,21.4396
2.13894,21.6587
2.12962,21.8621
2.10684,22.0609
2.08423,22.2509
1.94988,22.4128
1.90264,22.614
2.01002,22.7804
1.95953,22.9877
1.83404,23.1514
1.74854,23.353
1.81128,23.5411
1.96307,23.6977
2.04056,23.9002
1.89027,24.0528
1.98021,24.2343
1.89306,24.4327
1.87934,24.6339
1.91639,24.8368
1.86276,25.0327
1.90254,25.2412
2.00851,25.4142
1.89934,25.5639
1.91459,25.7699
1.99703,25.9458
2.0241,26.1352
2.16224,26.2776
2.04986,26.4431
1.98018,26.6325
1.9052,26.8267
1.89418,27.0175
2.01835,27.1682
1.95289,27.37
2.01554,27.5567
2.10111,27.7434
1.99039,27.918
2.0942,28.0825
2.09544,28.2768
2.09377,28.4852
2.03445,28.6733
2.11912,28.8677
2.0154,29.0435
2.08117,29.2311
2.20436,29.3925
2.19017,29.5881
2.10343,29.7565
2.00922,29.9328
1.99578,30.1376
2.04773,30.3346
2.07167,30.5397
1.88339,30.6091
2.00898,30.7689
2.08791,30.9505
1.91852,31.0399
1.95121,31.2373
1.95645,31.4533
1.78385,31.5827
1.82775,31.7729
1.78394,31.9754
1.8689,32.1697
1.85872,32.3724
1.87946,32.5646
1.81523,32.7769
1.75483,32.9705
1.67933,33.1422
1.75553,33.3442
1.80771,33.5399
1.75934,33.7312
1.73323,33.9215
1.65457,34.1121
1.57712,34.3108
1.51161,34.488
1.61764,34.6647
1.81284,34.7257
1.76647,34.9153
1.61698,35.0441
1.58381,35.2404
1.68348,35.4065
1.49839,35.5178
1.45481,35.7049
1.44007,35.9104
1.35049,36.079
1.26939,36.2539
