-3.3133,0.0434161
-3.40239,0.231765
-3.22886,0.346242
-3.08298,0.483137
-3.19854,0.641857
-3.35318,0.77186
-3.40648,0.96753
-3.45684,1.16382
-3.39674,1.34619
-3.37206,1.525
-3.52999,1.62025
-3.71544,1.674
-3.91266,1.71318
-3.87192,1.90969
-3.86788,2.10498
-3.78758,2.28334
-3.70239,2.46891
-3.55726,2.61611
-3.39143,2.73994
-3.24001,2.88192
-3.21531,3.09449
-3.26757,3.28386
-3.32831,3.47972
-3.30342,3.66784
-3.43767,3.8165
-3.55177,3.98016
-3.67674,4.14375
-3.59968,4.33134
-3.58647,4.52825
-3.55884,4.73006
-3.45712,4.89666
-3.38376,5.09605
-3.43783,5.29623
-3.61143,5.40522
-3.59563,5.59564
-3.65076,5.7789
-3.65864,5.98078
-3.82318,6.09797
-3.6937,6.24885
-3.5928,6.4133
-3.63278,6.61943
-3.57103,6.80971
-3.45921,6.97911
-3.58592,7.14169
-3.50081,7.32459
-3.56293,7.50754
-3.56981,7.70673
-3.67527,7.87507
-3.59624,8.06691
-3.5752,8.26874
-3.65399,8.46224
-3.68834,8.68121
-3.76728,8.86537
-3.68273,9.06395
-3.80875,9.23051
-3.97581,9.34062
-3.94441,9.53889
-3.86208,9.72168
-3.86516,9.93546
-3.68476,10.0276
-3.73052,10.2187
-3.55572,10.3274
-3.5741,10.5432
-3.42615,10.6763
-3.32717,10.8483
-3.26804,11.0294
-3.12135,11.1438
-3.06944,11.3475
-3.06462,11.5461
-3.15806,11.7248
-3.28204,11.8784
-3.37071,12.0772
-3.42363,12.278
-3.48323,12.4829
-3.49328,12.6747
-3.4572,12.8735
-3.4668,13.0559
-3.45525,13.2678
-3.62655,13.3553
-3.57298,13.5462
-3.5029,13.7303
-3.4606,13.9216
-3.41773,14.1068
-3.53357,14.2682
-3.62278,14.4462
-3.74582,14.6079
-3.65521,14.7827
-3.50121,14.9203
-3.35566,15.0821
-3.50145,15.2188
-3.43048,15.4015
-3.37007,15.5946
-3.44299,15.7827
-3.34742,15.9478
-3.42234,16.1325
-3.38218,16.3177
-3.48046,16.4977
-3.557,16.6993
-3.54857,16.9067
-3.57277,17.1093
-3.62052,17.3201
-3.52133,17.51
-3.47197,17.702
-3.42571,17.9003
-3.44609,18.1121
-3.4783,18.3063
-3.27607,18.3806
-3.26224,18.5947
-3.27485,18.7907
-3.27335,18.9815
-3.34342,19.1725
-3.43391,19.3635
-3.3402,19.5352
-3.38561,19.7517
-3.32673,19.9585
-3.24923,20.1492
-3.32681,20.3455
-3.26774,20.5388
-3.16542,20.6971
-3.15205,20.8974
-3.18156,21.0941
-3.11564,21.2816
-3.22763,21.4558
-3.33228,21.6187
-3.29752,21.8207
-3.44698,21.9626
-3.53593,22.1471
-3.4178,22.3024
-3.46193,22.5065
-3.4453,22.7111
-3.49141,22.9125
-3.42758,23.1101
-3.36301,23.2935
-3.27205,23.4685
-3.38941,23.6323
-3.33578,23.8281
-3.31177,24.0284
-3.26693,24.2372
-3.18826,24.4202
-3.31309,24.5801
-3.37459,24.7696
-3.4726,24.9443
-3.44098,25.1513
-3.37361,25.3401
-3.4418,25.5351
-3.31114,25.687
-3.29114,25.885
-3.34546,26.0815
-3.31603,26.2783
-3.37948,26.4757
-3.42618,26.6702
-3.3515,26.8564
-3.25599,27.0432
-3.35848,27.2203
-3.31574,27.4192
-3.27927,27.6117
-3.22184,27.8068
-3.29874,28.0008
-3.31184,28.2012
-3.28114,28.393
-3.31002,28.5887
-3.15368,28.7189
-3.10794,28.9198
-3.05993,29.1074
-3.19742,29.2471
-3.23061,29.4415
-3.43693,29.5143
-3.44518,29.7194
-3.40696,29.9235
-3.39322,30.1416
-3.4368,30.351
-3.37337,30.5493
-3.32836,30.7466
-3.34967,30.9465
-3.44776,31.1321
-3.50162,31.3336
-3.62378,31.5012
-3.58199,31.7063
-3.42279,31.8406
-3.36654,32.0328
-3.32436,32.2326
-3.45598,32.3929
-3.54066,32.5728
-3.44323,32.7651
-3.31176,32.9132
-3.26488,33.105
-3.36875,33.2736
-3.30643,33.4553
-3.36994,33.6473
-3.29844,33.8331
-3.4349,33.9863
-3.3403,34.1728
-3.53887,34.2433
-3.45912,34.4327
-3.32406,34.5705
-3.44799,34.7316
-3.42863,34.9264
-3.34914,35.129
-3.45599,35.3107
-3.46508,35.5124
-2.26967,0.288304
-2.09805,0.383744
-2.2622,0.493708
-2.28445,0.704219
-2.27823,0.921461
-2.4138,1.0724
-2.29461,1.25042
-2.29916,1.452
-2.37715,1.64837
-2.36272,1.86672
-2.33704,2.07524
-2.25392,2.25666
-2.39445,2.40787
-2.28664,2.57614
-2.09581,2.69886
-2.18125,2.87624
-2.22181,3.06935
-2.18034,3.26221
-2.28729,3.41673
-2.17616,3.57752
-2.26931,3.76014
-2.28628,3.96379
-2.26016,4.16803
-2.30423,4.37132
-2.34203,4.57008
-2.27743,4.77016
-2.38854,4.93789
-2.4078,5.14205
-2.34156,5.32819
-2.44933,5.49822
-2.40269,5.70716
-2.2651,5.87326
-2.27891,6.08978
-2.20192,6.26293
-2.28367,6.44676
-2.24028,6.659
-2.27612,6.86926
-2.37536,7.04451
-2.35937,7.2476
-2.46795,7.442
-2.59567,7.60208
-2.43324,7.71836
-2.53859,7.88305
-2.69618,8.01774
-2.69964,8.22498
-2.77721,8.42787
-2.87363,8.60182
-2.72091,8.75996
-2.71138,8.95085
-2.73019,9.15001
-2.80196,9.33856
-2.7985,9.5552
-2.68368,9.70871
-2.55286,9.85645
-2.46202,10.025
-2.57401,10.201
-2.39815,10.2808
-2.46004,10.467
-2.39984,10.6624
-2.23306,10.7784
-2.17961,10.9722
-2.32871,11.0979
-2.52943,11.1647
-2.54552,11.3627
-2.54692,11.5619
-2.59032,11.7679
-2.58313,11.9802
-2.75917,12.0648
-2.87548,12.2393
-2.74006,12.3986
-2.67518,12.5966
-2.61,12.8002
-2.58726,12.9979
-2.70716,13.1643
-2.68348,13.3794
-2.7084,13.5656
-2.87464,13.692
-2.93391,13.8853
-3.01323,14.0813
-2.87822,14.2455
-2.81516,14.4364
-2.70645,14.6343
-2.68185,14.8393
-2.66139,15.0312
-2.64147,15.2309
-2.72828,15.429
-2.6448,15.6244
-2.61968,15.8265
-2.56199,16.0331
-2.64602,16.2183
-2.64307,16.4258
-2.78242,16.563
-2.5945,16.6424
-2.51239,16.8497
-2.46034,17.0572
-2.4683,17.2636
-2.39039,17.4456
-2.33042,17.6467
-2.27185,17.8524
-2.37566,18.0358
-2.44626,18.2258
-2.40707,18.4261
-2.46974,18.6067
-2.50593,18.8136
-2.43982,19.0038
-2.29477,19.1267
-2.22189,19.3251
-2.15425,19.5155
-2.02732,19.6605
-1.97028,19.8553
-2.14541,19.9592
-2.23701,20.1407
-2.2451,20.3358
-2.36298,20.5021
-2.42674,20.7072
-2.33519,20.889
-2.33783,21.0931
-2.22635,21.2752
-2.36511,21.409
-2.22091,21.5432
-2.24336,21.7479
-2.35931,21.9281
-2.34081,22.1347
-2.31002,22.3227
-2.24991,22.5096
-2.19733,22.7077
-2.17427,22.906
-2.25089,23.0831
-2.42503,23.1616
-2.48151,23.3501
-2.46111,23.5622
-2.51178,23.769
-2.42324,23.9448
-2.40468,24.1589
-2.39529,24.363
-2.33864,24.5679
-2.38399,24.7594
-2.41721,24.9642
-2.35347,25.1501
-2.46373,25.3307
-2.46378,25.5392
-2.50319,25.75
-2.5823,25.9472
-2.46982,26.129
-2.31343,26.2519
-2.23348,26.4469
-2.27672,26.6579
-2.18118,26.8267
-2.20598,27.0161
-2.21964,27.2231
-2.2825,27.4316
-2.44311,27.5429
-2.47317,27.7465
-2.39396,27.9347
-2.34272,28.1472
-2.30355,28.3482
-2.40264,28.541
-2.5588,28.6825
-2.40552,28.8123
-2.33821,29.0176
-2.29397,29.2394
-2.12959,29.332
-2.08734,29.5227
-2.08431,29.731
-2.06199,29.9276
-2.23359,30.0157
-2.16355,30.2054
-2.06527,30.3931
-2.15946,30.5639
-2.19648,30.7616
-2.16898,30.9624
-2.32339,31.0803
-2.48224,31.1961
-2.4807,31.4034
-2.31397,31.5117
-2.41242,31.6838
-2.38455,31.889
-2.3749,32.0801
-2.19181,32.1678
-2.18289,32.3714
-2.13532,32.56
-2.32977,32.6511
-2.39986,32.8551
-2.44673,33.05
-2.38972,33.2488
-2.30021,33.426
-2.3827,33.6112
-2.39986,33.8152
-2.42227,34.0148
-2.39904,34.2008
-2.2326,34.3149
-2.25668,34.5222
-2.20887,34.7107
-2.05754,34.8411
-2.21283,34.9722
-2.23807,35.1722
-2.3771,35.3073
-2.25341,35.4802
-2.12969,35.6337
-2.29636,35.7462
-1.83418,0.137657
-1.73791,0.328434
-1.7716,0.52489
-1.80003,0.712212
-1.82646,0.913773
-1.84142,1.11695
-1.92714,1.28735
-1.93452,1.48703
-1.88115,1.67221
-1.83659,1.8741
-1.82635,2.06298
-1.83207,2.26603
-1.8067,2.47373
-1.75057,2.67646
-1.65936,2.85278
-1.65866,3.06454
-1.72938,3.2605
-1.67488,3.45322
-1.79021,3.62454
-1.65048,3.75769
-1.75794,3.9491
-1.66961,4.14203
-1.7356,4.35372
-1.76445,4.55075
-1.81597,4.75271
-1.77782,4.95385
-1.75398,5.14732
-1.70297,5.34514
-1.81176,5.52939
-1.74343,5.72409
-1.57672,5.84289
-1.48331,6.01794
-1.34634,6.18002
-1.28011,6.37263
-1.39095,6.53396
-1.25038,6.67411
-1.33076,6.86816
-1.29328,7.07795
-1.26149,7.27942
-1.09863,7.41383
-1.09229,7.62757
-1.11267,7.83553
-1.05038,8.02943
-0.992422,8.22244
-0.964601,8.41344
-1.06167,8.60773
-1.25662,8.65353
-1.16095,8.84729
-1.14708,9.06186
-1.33532,9.15059
-1.31511,9.35766
-1.3579,9.54795
-1.27218,9.73503
-1.36644,9.91418
-1.41967,10.1192
-1.27163,10.2628
-1.36283,10.4439
-1.36933,10.6404
-1.32297,10.8384
-1.26554,11.0228
-1.19728,11.2212
-1.24362,11.4071
-1.36127,11.587
-1.33185,11.7799
-1.30098,11.9973
-1.43302,12.1595
-1.46715,12.3548
-1.26613,12.3902
-1.21601,12.5871
-1.17633,12.7772
-1.17121,12.9766
-1.24858,13.1484
-1.22615,13.3581
-1.32495,13.5504
-1.41227,13.7319
-1.34844,13.9501
-1.49097,14.0798
-1.39728,14.2547
-1.5769,14.3628
-1.55921,14.586
-1.41951,14.7255
-1.24985,14.8311
-1.42219,14.9286
-1.33087,15.0965
-1.4756,15.2408
-1.47903,15.446
-1.29137,15.5044
-1.15704,15.6626
-1.32373,15.7624
-1.39103,15.9618
-1.27423,16.1316
-1.26755,16.3291
-1.33838,16.5204
-1.45419,16.6842
-1.56373,16.8673
-1.53183,17.0623
-1.51167,17.2533
-1.58984,17.4342
-1.58082,17.6473
-1.51079,17.838
-1.39151,17.9894
-1.36104,18.2073
-1.48333,18.392
-1.36234,18.547
-1.44562,18.7264
-1.44733,18.9207
-1.37632,19.1054
-1.45391,19.3072
-1.55698,19.5014
-1.60059,19.7063
-1.39296,19.7332
-1.4737,19.9226
-1.36773,20.0953
-1.44657,20.2718
-1.40041,20.4813
-1.33318,20.6698
-1.19798,20.8185
-1.18102,21.016
-1.28638,21.192
-1.44614,21.3267
-1.32147,21.4864
-1.32487,21.6638
-1.31221,21.8749
-1.38753,22.083
-1.24885,22.2429
-1.13491,22.4134
-1.2117,22.5994
-1.14748,22.7969
-1.21922,23.0041
-1.40194,23.1118
-1.33475,23.303
-1.39969,23.4994
-1.38344,23.688
-1.26551,23.8373
-1.3656,24.0015
-1.44323,24.1979
-1.43421,24.4175
-1.38557,24.6034
-1.34806,24.8035
-1.50222,24.937
-1.55183,25.1282
-1.72855,25.2556
-1.60505,25.4223
-1.52248,25.5982
-1.49762,25.7971
-1.45566,26.0052
-1.50469,26.2037
-1.61898,26.3757
-1.5292,26.5655
-1.57027,26.7548
-1.49473,26.9408
-1.34476,27.0619
-1.26408,27.2551
-1.32549,27.4375
-1.27162,27.6468
-1.35561,27.8331
-1.49384,27.9647
-1.44811,28.156
-1.408,28.35
-1.42033,28.5409
-1.57317,28.6673
-1.55541,28.8808
-1.53542,29.0674
-1.48768,29.2445
-1.6351,29.392
-1.63491,29.5874
-1.58127,29.7847
-1.50357,29.9585
-1.50361,30.1746
-1.41968,30.3482
-1.31247,30.5238
-1.32753,30.7377
-1.41002,30.9244
-1.42615,31.1299
-1.49566,31.332
-1.53044,31.5335
-1.44005,31.7235
-1.39297,31.9087
-1.33971,32.111
-1.38475,32.3057
-1.39438,32.5126
-1.54076,32.6553
-1.54482,32.8453
-1.51494,33.0344
-1.46245,33.2376
-1.40799,33.448
-1.41743,33.6414
-1.60946,33.6464
-1.59964,33.8346
-1.6705,34.0413
-1.55619,34.2075
-1.61645,34.4059
-1.50296,34.5499
-1.41233,34.7151
-1.40563,34.9338
-1.35822,35.1422
-1.32234,35.3434
-1.50425,35.4289
-1.44399,35.6212
-1.40103,35.8011
-0.601117,0.325237
-0.618583,0.524264
-0.490772,0.693825
-0.504255,0.899831
-0.470784,1.09473
-0.437803,1.29622
-0.526156,1.46839
-0.357477,1.56118
-0.234209,1.74407
-0.137166,1.9141
-0.257115,2.07333
-0.150443,2.2458
-0.0296595,2.42278
-0.0883146,2.61483
-0.284452,2.61623
-0.224991,2.82872
-0.124216,3.02307
-0.186331,3.22225
-0.0421304,3.36786
-0.0385015,3.56329
-0.158163,3.72954
-0.206613,3.90155
-0.119974,4.0802
0.0881673,4.10483
0.1798,4.28571
0.0446727,4.43815
-0.0357294,4.63771
-0.193168,4.75644
-0.305693,4.9355
-0.318825,5.13695
-0.354081,5.34644
-0.298529,5.5462
-0.284946,5.74972
-0.324222,5.95868
-0.454747,6.11768
-0.548958,6.29436
-0.604552,6.47469
-0.521689,6.67174
-0.38555,6.82137
-0.440265,7.01255
-0.508796,7.20443
-0.533148,7.40606
-0.465144,7.60026
-0.385974,7.78687
-0.269877,7.94893
-0.267057,8.15319
-0.26861,8.36149
-0.283896,8.56981
-0.374752,8.75378
-0.355686,8.96653
-0.463299,9.15046
-0.522447,9.34491
-0.337022,9.41121
-0.219978,9.56914
-0.0967235,9.70876
-0.0857403,9.91725
-0.179134,10.1084
-0.261329,10.3008
-0.335474,10.4839
-0.401937,10.6799
-0.429607,10.9031
-0.429158,11.1165
-0.348315,11.2977
-0.251333,11.4718
-0.213956,11.6789
-0.414905,11.7013
-0.40463,11.9074
-0.294928,12.0765
-0.21608,12.2563
-0.108715,12.4139
-0.0193985,12.6024
-0.103364,12.7868
-0.236591,12.9784
-0.16153,13.1582
-0.124017,13.3465
-0.260285,13.4896
-0.222826,13.6833
-0.339718,13.8446
-0.405635,14.0212
-0.522409,14.1936
-0.582036,14.3896
-0.736132,14.4973
-0.693196,14.7013
-0.718409,14.9098
-0.703076,15.1322
-0.74205,15.3284
-0.7393,15.5267
-0.650656,15.7165
-0.527846,15.8648
-0.454055,16.043
-0.314526,16.1943
-0.294133,16.4056
-0.36511,16.591
-0.1747,16.6763
-0.259677,16.8634
-0.108169,17.0126
-0.0912078,17.2025
-0.189991,17.3859
-0.367206,17.4665
-0.316835,17.6684
-0.172599,17.8099
-0.333205,17.9135
-0.316157,18.1179
-0.351895,18.3231
-0.371999,18.5382
-0.215998,18.693
-0.106993,18.8574
-0.0513706,19.053
-0.00205881,19.2563
-0.161665,19.378
-0.2109,19.5842
-0.170721,19.7842
-0.109073,19.9746
-0.039779,20.1558
0.0281701,20.3543
0.160099,20.5181
0.0734754,20.7117
0.0386042,20.9198
0.0479658,21.1125
0.183879,21.2893
0.242609,21.4951
0.330753,21.6737
0.219228,21.828
0.278302,22.0243
0.183412,22.2022
0.13663,22.3854
0.12351,22.5865
0.140812,22.7947
0.153686,22.9952
0.220046,23.1851
0.1316,23.3886
-0.00520922,23.5303
-0.0565927,23.7242
-0.0864113,23.9266
0.0212919,24.09
-0.00277112,24.2959
-0.00568126,24.4936
-0.0361121,24.6939
-0.0250996,24.8995
-0.0529853,25.0965
0.0145508,25.2818
-0.109179,25.4364
-0.0737292,25.6318
0.0901513,25.7605
0.00161233,25.9625
0.110119,26.1414
0.147701,26.3464
0.172556,26.5447
0.09878,26.7325
-0.0493855,26.8892
-0.0611234,27.0848
-0.162269,27.2625
-0.186023,27.4666
-0.0907149,27.6296
-0.160426,27.8237
-0.206843,28.0265
-0.0632026,28.1405
-0.131619,28.3384
-0.0966778,28.5399
-0.166735,28.7142
-0.264873,28.8948
-0.136601,29.0517
-0.193061,29.257
-0.207487,29.468
-0.270349,29.6525
-0.260462,29.8544
-0.182205,30.041
-0.197983,30.2557
-0.197004,30.4605
-0.0102917,30.5368
0.0254925,30.7307
-0.0485694,30.9257
-0.147611,31.0839
0.0180463,31.1798
0.0773525,31.3747
0.111717,31.5916
0.114921,31.7774
0.106552,31.9735
0.113246,32.1729
0.194635,32.3623
0.128355,32.5631
0.326817,32.5976
0.458458,32.7633
0.369738,32.9357
0.279713,33.118
0.277568,33.3286
0.294902,33.5345
0.243485,33.7251
0.354228,33.8818
0.254078,34.0524
0.224143,34.2621
0.392567,34.368
0.376055,34.563
0.434488,34.7724
0.624315,34.8377
0.692828,35.0191
0.776361,35.196
0.922264,35.3359
0.915271,35.5497
0.906461,35.7505
0.991963,0.153389
1.01394,0.350728
0.900441,0.514706
0.837398,0.691781
0.790667,0.884869
0.805845,1.0789
0.746351,1.27917
0.735943,1.47225
0.782869,1.67695
0.946275,1.81123
1.04318,1.99072
1.07603,2.19278
1.1617,2.37367
1.2513,2.55735
1.27063,2.765
1.27244,2.96767
1.12316,3.10055
1.00733,3.27036
0.945732,3.46944
0.881014,3.65206
0.941284,3.85591
0.896584,4.0688
0.723552,4.20138
0.708206,4.40521
0.724136,4.6083
0.910617,4.70707
0.930827,4.90475
0.905671,5.08986
0.808718,5.27267
0.775316,5.48193
0.905035,5.65264
0.992232,5.85065
1.14117,5.99273
0.957734,6.09174
0.816632,6.24298
0.743411,6.41953
0.714673,6.63527
0.845501,6.79634
0.83238,6.99396
0.678654,7.12307
0.588857,7.31159
0.670685,7.4949
0.680825,7.69941
0.555452,7.85083
0.5836,8.05817
0.651136,8.24722
0.673698,8.44892
0.507029,8.55361
0.631724,8.71466
0.673588,8.91568
0.778239,9.08817
0.766923,9.27414
0.751958,9.48478
0.689513,9.68797
0.534888,9.81932
0.485501,10.0354
0.605225,10.2068
0.61966,10.3937
0.507437,10.5482
0.650902,10.6888
0.675953,10.8756
0.576691,11.0415
0.581616,11.2403
0.578028,11.4427
0.679487,11.6401
0.706385,11.8444
0.681832,12.0465
0.73607,12.2605
0.844278,12.4174
0.780418,12.6008
0.734859,12.7944
0.748401,12.9968
0.740931,13.1998
0.870016,13.3587
0.870865,13.5437
1.00201,13.7048
1.10489,13.8762
1.17659,14.0653
1.11811,14.2772
1.20952,14.4426
1.0975,14.625
1.08338,14.8286
1.00809,15.0074
0.993092,15.2111
0.823904,15.1032
0.771258,15.2929
0.802459,15.4929
0.708313,15.6585
0.801105,15.8404
0.792587,16.0417
0.72989,16.2462
0.840212,16.404
1.02971,16.4518
1.03457,16.6513
1.07458,16.8465
1.0089,17.037
0.873305,17.1929
0.751399,17.3662
0.722677,17.5588
0.545388,17.677
0.455727,17.8678
0.491581,18.0626
0.537514,18.2663
0.590588,18.4623
0.567269,18.6462
0.414194,18.781
0.509284,18.9738
0.616041,19.1504
0.626334,19.3597
0.60191,19.5514
0.638564,19.7498
0.451511,19.784
0.603267,19.9327
0.715985,20.0921
0.749605,20.2822
0.870158,20.4452
0.961052,20.6327
0.994255,20.8398
0.812328,20.9468
0.771402,21.1504
0.830844,21.3483
0.932764,21.5227
0.950987,21.7171
0.9004,21.9315
0.779496,22.0644
0.927136,22.2119
0.964209,22.4337
0.879002,22.6188
0.970269,22.7995
1.15609,22.8827
1.08858,23.0579
1.20703,23.2289
1.01918,23.3355
0.912293,23.4983
0.787533,23.6682
0.928336,23.8069
1.06669,23.9707
1.06848,24.1638
1.10697,24.3654
1.18551,24.5618
1.14955,24.75
1.03191,24.9372
1.1652,25.1063
1.20465,25.2752
1.30546,25.4481
1.17414,25.5955
1.0429,25.7456
0.842911,25.726
0.805719,25.9205
0.81727,26.1189
0.818677,26.3426
0.705703,26.521
0.80624,26.705
0.77794,26.9137
0.968916,26.9555
0.990277,27.1621
1.20029,27.1921
1.31571,27.3529
1.14431,27.4822
0.964814,27.5692
1.04275,27.757
0.917622,27.9113
0.857527,28.0963
0.884969,28.3019
0.975681,28.4755
1.02641,28.6749
0.985205,28.8698
1.00831,29.0835
1.0448,29.2824
1.08353,29.4991
0.935167,29.6344
0.981359,29.8438
0.839981,30.0081
0.856898,30.1997
0.820735,30.3993
0.879373,30.6077
0.854931,30.8061
0.815165,31.0184
0.771813,31.2145
0.892631,31.3911
0.928886,31.5987
0.879997,31.8005
0.926809,31.9859
0.738087,32.0786
0.776475,32.2644
0.878906,32.4392
0.783002,32.6113
0.801359,32.8003
0.988163,32.8896
0.983158,33.0884
0.891557,33.2646
1.05836,33.3651
1.03939,33.5595
1.13304,33.7416
1.03835,33.9157
0.891406,34.0522
0.739112,34.1984
0.87537,34.3542
0.924919,34.5579
0.859953,34.7604
1.83418,0.301378
1.81725,0.497701
1.83512,0.685999
1.64129,0.736567
1.62804,0.929483
1.74561,1.09246
1.5714,1.19743
1.53951,1.39632
1.52581,1.59699
1.53834,1.79697
1.46699,1.98481
1.58835,2.16449
1.62562,2.37054
1.69005,2.5642
1.6315,2.76879
1.63547,2.96206
1.52175,3.14405
1.53737,3.34458
1.58831,3.52777
1.53595,3.73133
1.62448,3.90713
1.72746,4.06631
1.68317,4.25425
1.68816,4.46227
1.85003,4.59113
1.80736,4.79468
1.78694,5.00627
1.83338,5.20519
2.04862,5.24073
2.08148,5.43671
2.05848,5.63628
2.14665,5.81326
2.02573,5.97076
2.09012,6.1607
2.02798,6.3385
1.97821,6.54616
2.01598,6.74175
2.06874,6.93168
2.15426,7.11333
2.11589,7.31726
2.27819,7.46426
2.26682,7.66915
2.33558,7.87708
2.33513,8.08599
2.15124,8.19879
2.02261,8.39398
2.13905,8.58297
2.04287,8.74559
2.04817,8.93289
1.90963,9.07026
1.93284,9.26491
1.96493,9.47586
1.89647,9.65385
1.8804,9.87515
1.91162,10.0742
1.97727,10.2537
1.93798,10.4707
2.03149,10.6471
2.10767,10.8458
2.18525,11.0385
2.16696,11.2286
2.18772,11.4275
2.08594,11.6034
2.14374,11.7857
2.2434,11.9745
2.19523,12.1717
2.13725,12.3775
2.13399,12.5695
2.11492,12.7764
2.28123,12.9197
2.26568,13.105
2.1571,13.2904
2.2229,13.4892
2.30615,13.6685
2.08924,13.6377
2.05796,13.8343
1.99585,14.0239
1.93867,14.2101
2.0273,14.3787
2.00318,14.5619
2.0875,14.7293
2.16502,14.9226
2.14477,15.1218
2.17693,15.3154
2.10467,15.5151
2.11431,15.7181
2.1075,15.9187
1.96146,16.0682
1.84378,16.2265
1.78691,16.4385
1.82722,16.6348
1.8315,16.8508
1.75294,17.0311
1.80006,17.2249
1.78762,17.4158
1.72032,17.6199
1.62277,17.808
1.53018,17.9875
1.47384,18.1764
1.65924,18.2803
1.64289,18.4995
1.67074,18.6882
1.71308,18.89
1.80375,19.0617
1.84695,19.2651
1.92127,19.4434
1.98603,19.6302
1.98783,19.8578
1.94904,20.0484
1.91418,20.2516
1.95449,20.4425
1.97758,20.6356
2.0043,20.8315
2.11061,21.0026
2.02619,21.1837
2.20632,21.2653
2.19727,21.4577
2.16165,21.6586
1.9709,21.7278
1.99988,21.9328
2.00976,22.138
1.80098,22.214
1.71969,22.3976
1.55946,22.5264
1.60276,22.7304
1.8065,22.7045
1.80237,22.9086
1.92014,23.0746
1.91298,23.2981
1.88347,23.5052
1.76201,23.6534
1.67495,23.8453
1.76996,24.041
1.8072,24.2587
1.9021,24.4539
1.9447,24.6484
2.05645,24.8142
2.15522,24.9956
2.16968,25.1939
2.22878,25.3831
2.20087,25.5767
2.06921,25.7413
1.86479,25.7843
1.97054,25.9618
1.94349,26.1799
1.81613,26.3615
1.78673,26.5661
1.83323,26.7591
1.85536,26.9569
1.80042,27.145
1.79804,27.3487
1.85779,27.5336
1.99072,27.7023
2.12966,27.8618
2.16563,28.0366
2.13351,28.2388
2.18114,28.4404
2.02081,28.5708
2.09417,28.7798
2.17983,28.9748
2.29693,29.1451
2.27612,29.357
2.38544,29.5211
2.38958,29.7152
2.33066,29.9053
2.40204,30.1032
2.20408,30.1911
2.1492,30.3839
2.08119,30.5792
2.1758,30.7595
2.06471,30.9211
1.97495,31.1033
1.91004,31.302
2.01707,31.4765
1.99299,31.6664
1.9309,31.8525
1.96396,32.0684
1.8709,32.2461
1.88324,32.4391
1.96606,32.6272
1.88749,32.8281
1.98625,33.0212
2.05512,33.224
2.15848,33.3805
2.21191,33.5722
2.06171,33.7143
2.02836,33.9141
1.98059,34.1199
2.01178,34.3121
1.94805,34.5072
2.03149,34.712
1.96487,34.9063
2.03829,35.0921
2.2279,35.1397
2.19466,35.3357
2.0927,35.5263
2.17354,35.7045
2.3416,35.8334
2.4058,36.0389
2.36742,36.2475
2.21996,0.253487
2.22703,0.447732
2.31553,0.625911
2.3781,0.808891
2.54802,0.917224
2.62411,1.10265
2.62788,1.31118
2.69115,1.50483
2.75356,1.69665
2.84762,1.87887
2.77241,2.06877
2.76785,2.26692
2.8496,2.46008
2.84643,2.65016
2.85054,2.84681
2.66836,2.9195
2.6504,3.12563
2.66153,3.34488
2.74711,3.52251
2.81632,3.71404
2.79588,3.91505
2.99018,4.0309
3.01226,4.2121
2.94602,4.42104
2.91973,4.62777
2.87236,4.83276
2.92345,5.05363
2.81801,5.22526
2.94162,5.37115
3.14555,5.43413
3.2384,5.62001
3.09664,5.79413
3.09684,6.01019
3.103,6.19914
3.20314,6.37707
3.20658,6.58065
3.28159,6.79164
3.11302,6.88451
3.14578,7.0742
2.96195,7.16649
2.85962,7.33818
2.84929,7.53657
2.88932,7.72499
2.90127,7.92998
2.88373,8.14379
2.94863,8.32994
3.13368,8.41472
3.18864,8.60505
3.02478,8.6919
3.08933,8.88538
3.23345,9.02393
3.37061,9.18974
3.34048,9.38687
3.34084,9.59454
3.14083,9.68646
3.20016,9.88866
3.11281,10.0721
2.99596,10.2224
2.94635,10.4146
2.92971,10.6333
3.01094,10.8212
2.93902,11.0107
2.87388,11.2105
2.91923,11.4211
2.91177,11.6293
2.97199,11.8163
2.98766,12.0214
3.03068,12.2183
3.09224,12.4025
3.20849,12.5631
3.08467,12.7217
3.05126,12.9165
2.92289,13.0653
2.97548,13.2638
2.83313,13.3813
2.82581,13.6076
2.96861,13.7291
2.89142,13.9176
2.92278,14.1087
3.02205,14.2716
2.95126,14.4582
2.8087,14.6006
2.7831,14.8051
2.66438,14.9844
2.79948,15.1351
2.73133,15.3351
2.82425,15.5152
2.83983,15.7175
2.84624,15.9171
2.84124,16.1244
2.90898,16.3348
3.0357,16.51
3.06292,16.6992
3.00312,16.8889
3.06442,17.076
2.94897,17.2352
2.95302,17.4423
2.89279,17.6407
2.85737,17.8432
2.92689,18.0398
2.87016,18.2273
3.03636,18.3194
3.1869,18.4616
3.11376,18.6515
3.09721,18.8557
3.10565,19.0588
3.05296,19.2478
3.03296,19.4805
3.01898,19.6953
3.04717,19.9158
3.14593,20.0783
2.9924,20.213
2.93742,20.3968
3.01483,20.5882
2.94917,20.8082
3.05877,20.9793
3.17642,21.1414
3.07972,21.3249
3.06277,21.5244
3.16121,21.7137
3.08549,21.8948
3.20019,22.0539
3.30652,22.2355
3.31966,22.4355
3.42078,22.5929
3.56929,22.7065
3.59975,22.9128
3.39374,23.026
3.35218,23.248
3.36033,23.4526
3.38002,23.645
3.47839,23.821
3.4173,24.0181
3.30446,24.1912
3.29333,24.4025
3.36127,24.599
3.36335,24.7935
3.35164,25.0068
3.22272,25.1497
3.14796,25.3313
3.1183,25.5298
3.09754,25.7315
2.93794,25.8543
3.10556,25.9836
2.98328,26.1583
2.95533,26.3595
3.00753,26.563
3.10332,26.7504
3.14873,26.9442
2.9759,27.0311
3.10974,27.1734
2.95065,27.2882
2.98811,27.4951
3.05467,27.6681
3.13364,27.8478
3.13072,28.0538
3.1159,28.2577
2.97057,28.4021
3.02542,28.5982
3.07793,28.7929
3.00385,28.995
2.93124,29.1824
3.0157,29.3649
3.06075,29.5521
3.08047,29.7559
3.04191,29.9544
2.86282,30.0519
2.8267,30.2587
2.99993,30.3534
2.96507,30.5488
2.89556,30.7297
2.79215,30.9088
2.83642,31.1089
2.82497,31.3192
2.64196,31.4397
2.5738,31.6214
2.67552,31.7979
2.85456,31.9178
2.89544,32.1348
2.80425,32.3373
2.81917,32.5292
2.68201,32.6776
2.7241,32.8703
2.68851,33.0696
2.866,33.1936
2.88226,33.3908
2.88444,33.5963
3.00882,33.7561
3.11595,33.9472
3.14764,34.1321
3.24783,34.3216
3.27488,34.5215
3.07538,34.5733
2.9562,34.7345
2.99847,34.95
3.09284,35.1366
3.04589,35.3334
3.10472,35.5377
3.06661,35.743
2.87143,35.7164
3.28722,0.644524
3.20622,0.818252
3.35156,0.95126
3.47207,1.1295
3.59049,1.29674
3.70075,1.46746
3.68197,1.6558
3.70318,1.86985
3.74648,2.07317
3.65885,2.26605
3.54242,2.44492
3.51702,2.62972
3.5001,2.83581
3.65865,2.95937
3.73356,3.13714
3.73938,3.34402
3.82811,3.52454
3.90978,3.70572
3.97697,3.90394
4.02119,4.10177
4.03254,4.31423
4.05956,4.50302
4.19567,4.65251
4.11228,4.85994
3.97392,4.99387
3.83546,5.15625
3.89698,5.3352
3.75382,5.48584
3.81962,5.6671
3.9567,5.81265
3.99129,6.01561
4.03873,6.20925
4.09839,6.39729
4.09918,6.60846
4.21108,6.76876
4.35545,6.92498
4.37216,7.13336
4.44412,7.3154
4.45154,7.5104
4.45235,7.73447
4.30375,7.87386
4.26325,8.07991
4.2263,8.28602
4.20818,8.5106
4.29817,8.69111
4.32647,8.90494
4.20592,9.06693
4.37843,9.14719
4.32983,9.33239
4.4461,9.50446
4.43473,9.70615
4.43585,9.90979
4.3253,10.0657
4.30633,10.2661
4.2612,10.4807
4.37535,10.6366
4.25649,10.7994
4.1627,10.9785
4.25121,11.1629
4.36236,11.3449
4.36163,11.5403
4.2658,11.7116
4.35935,11.893
4.31569,12.0859
4.34069,12.2887
4.396,12.4764
4.31864,12.6858
4.28607,12.8768
4.20411,13.0582
4.11929,13.2456
4.22114,13.4342
4.25306,13.6304
4.34165,13.8044
4.53427,13.8808
4.46856,14.0657
4.41551,14.2675
4.40925,14.4871
4.36278,14.6788
4.31095,14.8849
4.25198,15.0819
4.34835,15.2524
4.21751,15.4209
4.28149,15.6061
4.37111,15.8071
4.31739,16.0053
4.40566,16.1874
4.26215,16.3304
4.20951,16.5287
4.15687,16.7137
4.16027,16.9128
4.34036,17.0127
4.40636,17.1886
4.49784,17.3644
4.51991,17.5644
4.45469,17.7518
4.35451,17.9276
4.33535,18.1188
4.32634,18.3276
4.4017,18.5185
4.40832,18.7302
4.52951,18.8914
4.3973,19.0671
4.48557,19.2499
4.36302,19.4204
4.20113,19.522
4.24793,19.7108
4.35292,19.8917
4.37249,20.094
4.27102,20.2454
4.35306,20.4304
4.2913,20.6178
4.24601,20.8102
4.31375,21.007
4.32284,21.1946
4.46722,21.3171
4.42461,21.5178
4.46533,21.714
4.52828,21.8891
4.42181,22.061
4.53239,22.236
4.42229,22.42
4.43714,22.6325
4.52614,22.8001
4.35559,22.9062
4.37272,23.1073
4.36898,23.2888
4.41406,23.4821
4.33172,23.6646
4.43966,23.8512
4.34786,24.0315
4.44295,24.2057
4.34934,24.3792
4.39029,24.576
4.37026,24.7786
4.4224,24.9657
4.37363,25.1861
4.25691,25.3683
4.37912,25.535
4.34133,25.7446
4.24708,25.9195
4.31823,26.1149
4.36704,26.3157
4.44599,26.507
4.4282,26.7104
4.37046,26.9138
4.25198,27.0891
4.28183,27.2944
4.2029,27.4773
4.22948,27.687
4.28639,27.8703
4.39824,28.0473
4.58524,28.1474
4.60964,28.3492
4.76706,28.4602
4.89848,28.6219
4.97954,28.8105
4.89762,29.0032
4.86143,29.1972
4.81372,29.3854
4.92942,29.5727
4.8977,29.7651
4.86216,29.9772
4.74796,30.1398
4.87996,30.3093
4.70102,30.4196
4.78873,30.601
4.75251,30.8134
4.73052,31.0124
4.92264,30.9472
4.96482,31.1528
4.92109,31.3522
4.95168,31.5377
4.949,31.7368
4.97248,31.9249
5.05379,32.0979
5.04481,32.3068
5.04063,32.5073
5.09671,32.6957
4.92801,32.8365
5.10825,32.9069
4.9297,33.0093
5.04266,33.1711
5.07994,33.3732
5.13127,33.5768
5.26498,33.7237
5.36586,33.9077
5.41251,34.105
5.32378,34.2782
5.41918,34.4455
5.26101,34.5644
5.19139,34.756
5.21827,34.9568
5.34026,35.1047
5.38618,35.3157
5.33246,35.5052
5.29721,35.7047
5.21748,35.8925
5.32737,36.0556
5.22284,36.2426
5.19413,36.4492
4.91666,0.233771
4.94133,0.451382
5.03984,0.63129
5.09758,0.825263
5.10208,1.0245
5.17005,1.21853
5.10173,1.41914
5.14482,1.60332
5.3403,1.62621
5.27448,1.82197
5.19477,2.00338
5.12174,2.18753
5.13021,2.38845
4.94203,2.47712
4.90172,2.68125
4.97655,2.86035
5.03381,3.05705
5.11583,3.24131
5.20937,3.44575
5.12657,3.63865
5.17584,3.82313
5.31502,3.96669
5.36547,4.16457
-5.48574,4.2904
5.48202,4.49069
-5.42777,4.67364
-5.42154,4.86984
-5.37746,5.07816
-5.32881,5.28907
-5.35118,5.49338
-5.38995,5.69794
-5.36198,5.91237
-5.45645,6.08913
-5.34434,6.26142
-5.26505,6.46931
-5.23341,6.67872
-5.14118,6.86213
-5.21374,7.04096
-5.12687,7.21424
-5.16395,7.40747
-5.26354,7.5911
-5.46189,7.6497
5.42313,7.81451
5.28928,7.96053
5.23729,8.16648
5.34215,8.35672
5.24334,8.53514
5.21545,8.73106
5.20455,8.94007
5.30659,9.12262
5.30109,9.31805
5.43908,9.46128
5.47681,9.65111
-5.37146,9.77801
-5.4108,9.9784
-5.39608,10.1793
-5.35832,10.3831
-5.28349,10.5611
-5.43171,10.7062
5.40354,10.8252
5.34428,11.0239
5.34096,11.2274
5.3868,11.4177
5.48153,11.5926
-5.3638,11.723
-5.41606,11.9343
-5.25051,12.051
-5.31068,12.2419
-5.45402,12.3844
-5.39568,12.5804
-5.41329,12.786
-5.39385,12.9923
-5.36354,13.1995
5.43554,13.2275
5.37554,13.4279
5.49281,13.5935
5.29702,13.601
5.34562,13.8041
5.38684,14.0106
5.39324,14.2076
5.29874,14.3789
5.22934,14.5787
5.17361,14.7661
5.16438,14.9762
5.13758,15.1981
5.15306,15.3878
5.1185,15.5957
5.09944,15.7866
5.11795,15.9838
5.18291,16.1685
5.23971,16.3587
5.3172,16.5488
5.39254,16.7353
5.23966,16.8803
5.26255,17.0844
5.18101,17.2769
5.1748,17.4715
5.29804,17.6189
5.29171,17.8159
5.29762,18.0081
5.32806,18.1939
5.37822,18.3993
-5.49405,18.541
5.39915,18.7259
5.36923,18.9377
5.29899,19.1387
5.48508,19.2464
-5.40073,19.4244
5.43987,19.5243
-5.4346,19.6843
5.47257,19.8686
5.4822,20.0559
-5.44338,20.237
-5.40379,20.4396
-5.46374,20.6456
5.4277,20.817
5.32451,20.9971
-5.47804,21.0557
5.39315,21.2211
5.36614,21.4226
5.39391,21.6272
-5.48624,21.7802
-5.40025,21.9624
-5.40422,22.1746
-5.41388,22.3711
-5.44385,22.5722
-5.44883,22.7809
5.47853,22.9595
-5.42893,23.1535
5.47545,23.3232
5.36381,23.4749
5.31121,23.6669
5.22679,23.8491
5.32587,24.0114
5.31279,24.2298
5.42382,24.4171
-5.47338,24.577
5.48669,24.7895
5.48691,24.9769
5.36471,25.1321
5.36969,25.3283
-5.45699,25.4064
-5.38901,25.6156
5.4959,25.7667
5.39574,25.9493
5.29777,26.1199
5.30596,26.3216
5.43696,26.4989
5.30536,26.6613
5.44807,26.8078
-5.49763,26.9963
-5.40848,27.1932
-5.4279,27.4031
-5.40297,27.5897
-5.48675,27.7879
5.46862,27.9909
5.45436,28.2121
5.47808,28.4204
5.47601,28.6214
5.4292,28.8355
5.25072,28.8996
5.2812,29.1011
5.42883,29.2316
5.43255,29.43
5.4668,29.6212
5.4722,29.8079
-5.38715,29.9387
-5.39665,30.1478
5.46569,30.308
-5.44422,30.4881
-5.44718,30.6945
5.35893,30.7839
5.29319,30.9742
5.31234,31.182
5.36381,31.3824
-5.47541,31.5152
-5.48542,31.7221
5.49816,31.9233
5.34431,32.0716
5.4336,32.2508
5.35381,32.4493
5.38943,32.6557
-5.4412,32.7903
-5.41437,32.9933
-5.46588,33.188
-5.40541,33.3938
-5.48419,33.5747
-5.37016,33.7536
-5.23551,33.8919
-5.14708,34.0889
-5.23395,34.2769
-5.34652,34.4369
-5.25186,34.6088
-5.24163,34.8195
-5.26011,35.0218
-5.23507,35.2276
-5.13539,35.3889
-5.03101,35.5736
-4.94636,35.7586
-4.94087,35.9574
-5.43943,0.264652
-5.46286,0.46365
-5.38581,0.635637
-5.23492,0.783044
-5.12277,0.939123
-5.1273,1.15462
-5.18518,1.3448
-5.1236,1.54014
-4.93309,1.59336
-4.94421,1.79276
-4.78296,1.92125
-4.75421,2.12577
-4.66604,2.30061
-4.68744,2.49463
-4.63483,2.68716
-4.66304,2.88646
-4.82298,2.9844
-4.8271,3.19377
-4.90705,3.36785
-4.97506,3.56221
-5.00498,3.78778
-5.06817,3.99443
-5.13515,4.1889
-5.09162,4.3856
-5.17765,4.56952
-5.13712,4.75995
-5.08302,4.94377
-4.98973,5.11766
-5.01567,5.30843
-4.86123,5.44047
-4.86542,5.63765
-4.86126,5.84508
-4.68382,5.94668
-4.58525,6.13926
-4.78761,6.20747
-4.73963,6.41779
-4.8027,6.60995
-4.59334,6.66026
-4.48649,6.84099
-4.54258,7.02562
-4.68723,7.16754
-4.65219,7.37877
-4.73668,7.56064
-4.71754,7.76474
-4.72238,7.96369
-4.60638,8.12679
-4.60254,8.33352
-4.62932,8.55023
-4.49105,8.70729
-4.47745,8.90375
-4.3291,9.04331
-4.32413,9.24674
-4.37464,9.43634
-4.3986,9.64004
-4.37141,9.8458
-4.31923,10.0508
-4.32718,10.2561
-4.35983,10.4569
-4.17779,10.5165
-4.32436,10.6612
-4.38562,10.8581
-4.45557,11.046
-4.54209,11.2169
-4.56085,11.4108
-4.64743,11.5963
-4.73082,11.7843
-4.60501,11.9271
-4.5321,12.1159
-4.66409,12.2696
-4.65832,12.4832
-4.82332,12.5785
-4.86003,12.773
-4.92902,12.9548
-4.97344,13.1572
-4.94527,13.3594
-4.97055,13.5607
-4.88108,13.7326
-4.90697,13.9488
-4.80728,14.1194
-4.83523,14.3293
-4.71948,14.5004
-4.59166,14.6822
-4.63531,14.8689
-4.67029,15.0791
-4.61884,15.2858
-4.59697,15.4925
-4.49747,15.6784
-4.5554,15.8681
-4.54869,16.082
-4.63982,16.2718
-4.56931,16.4727
-4.50526,16.6606
-4.63888,16.8316
-4.66894,17.0144
-4.68181,17.2158
-4.55012,17.3725
-4.47789,17.5573
-4.429,17.76
-4.48902,17.9516
-4.4038,18.1396
-4.34192,18.3199
-4.3676,18.5228
-4.51838,18.6307
-4.32061,18.7046
-4.25937,18.8844
-4.37915,19.0746
-4.29094,19.2577
-4.42537,19.4172
-4.45743,19.6045
-4.36778,19.7827
-4.50008,19.9366
-4.49749,20.1479
-4.45034,20.3795
-4.42456,20.5706
-4.42945,20.7874
-4.44063,20.9902
-4.36793,21.1869
-4.30389,21.3755
-4.3166,21.5744
-4.24564,21.7745
-4.37572,21.9156
-4.51156,22.0602
-4.59667,22.2459
-4.76753,22.3241
-4.9048,22.4706
-4.79034,22.6331
-4.61642,22.7218
-4.57322,22.9395
-4.47738,23.124
-4.35148,23.287
-4.28874,23.4956
-4.24148,23.6957
-4.21862,23.9073
-4.08031,24.0493
-4.00938,24.2457
-4.15479,24.3981
-4.31608,24.5395
-4.327,24.7326
-4.19606,24.8908
-4.29239,25.065
-4.17283,25.2467
-4.16828,25.4516
-4.16179,25.6573
-4.32529,25.7886
-4.32855,25.9854
-4.50943,26.0419
-4.62117,26.2019
-4.7016,26.3919
-4.63076,26.5719
-4.53519,26.7545
-4.52836,26.9545
-4.44624,27.15
-4.43026,27.3506
-4.49166,27.5482
-4.57699,27.7579
-4.58697,27.9857
-4.45167,28.1665
-4.54507,28.3409
-4.49135,28.5427
-4.66371,28.6262
-4.66289,28.8296
-4.58843,29.0132
-4.47449,29.1785
-4.49602,29.3924
-4.54926,29.5784
-4.5988,29.771
-4.50301,29.9485
-4.52146,30.1438
-4.63699,30.3292
-4.6685,30.5383
-4.47396,30.608
-4.55391,30.8187
-4.56343,31.0189
-4.54089,31.2311
-4.60467,31.4377
-4.4163,31.5296
-4.49991,31.7175
-4.59718,31.9142
-4.67601,32.0938
-4.82457,32.2241
-4.8262,32.4313
-4.83645,32.6325
-4.96245,32.8074
-4.91091,32.9955
-4.99136,33.1739
-4.83302,33.3077
-4.93296,33.4843
-4.87487,33.6825
-4.77931,33.8573
-4.77493,34.0632
-4.67158,34.243
-4.76354,34.4335
-4.74105,34.6266
-4.77143,34.836
-4.6469,34.9977
-4.46942,35.0861
-4.51893,35.2714
-4.3034,35.2991
-4.15799,35.4406
-3.99928,35.5642
