-2.10973,0.332372
-2.05974,0.530986
-2.21202,0.672308
-2.20773,0.874231
-2.14989,1.0711
-2.08346,1.27601
-1.91832,1.43461
-2.03503,1.59594
-2.14833,1.77106
-2.17172,1.96681
-2.13947,2.17527
-2.19812,2.3773
-2.31853,2.54129
-2.22822,2.71552
-2.09746,2.87875
-2.10881,3.07763
-2.25998,3.21062
-2.22129,3.41941
-2.10936,3.6048
-2.08242,3.80272
-2.21226,3.96938
-2.29027,4.15327
-2.32729,4.35892
-2.16774,4.47105
-2.09057,4.65107
-2.11533,4.86115
-2.06706,5.06546
-2.03089,5.2605
-1.85211,5.36885
-1.85583,5.56337
-2.05285,5.61899
-2.0822,5.82966
-1.944,5.97288
-2.0286,6.15246
-1.92112,6.33919
-1.89104,6.53191
-2.06023,6.68062
-2.12172,6.87636
-2.19039,7.08034
-2.18424,7.2831
-2.13866,7.48917
-2.04238,7.66322
-2.06652,7.87335
-2.17629,8.03939
-2.25206,8.23906
-2.29582,8.46307
-2.28097,8.67568
-2.11386,8.81451
-2.12323,9.02024
-2.03936,9.19884
-1.87096,9.32524
-1.84574,9.5194
-1.79223,9.71054
-1.90303,9.89025
-1.98363,10.0704
-2.09962,10.2359
-2.05909,10.4347
-1.96622,10.6095
-1.9232,10.8071
-1.81066,10.9724
-1.71988,11.1583
-1.70065,11.3785
-1.53777,11.5082
-1.53476,11.7128
-1.59454,11.9055
-1.74645,12.0452
-1.72578,12.2519
-1.80117,12.434
-2.00076,12.476
-1.97379,12.6654
-1.87975,12.8504
-1.84412,13.0466
-1.7178,13.2126
-1.75324,13.4191
-1.7519,13.6331
-1.86406,13.8121
-1.90591,14.0023
-1.75033,14.1297
-1.70123,14.3498
-1.75464,14.5436
-1.66558,14.7121
-1.8218,14.867
-1.75067,15.0537
-1.72463,15.2424
-1.83855,15.4088
-1.79094,15.6073
-1.76443,15.8138
-1.81974,16.0116
-1.83727,16.2072
-1.74503,16.4158
-1.85456,16.5897
-1.80076,16.7801
-1.83204,16.9896
-1.89718,17.1698
-2.04803,17.2751
-2.02506,17.498
-2.09704,17.6908
-1.93855,17.8006
-1.95632,17.9972
-1.82258,18.1551
-1.67281,18.3063
-1.48412,18.3909
-1.55856,18.5672
-1.50401,18.7647
-1.49757,18.9535
-1.35334,19.0881
-1.19419,19.2207
-1.30069,19.3868
-1.16076,19.5568
-1.03571,19.7332
-1.08129,19.9267
-1.12294,20.1327
-1.01939,20.307
-1.01722,20.5121
-1.18869,20.6291
-1.14096,20.8191
-1.16974,21.0109
-1.04574,21.1719
-0.984806,21.3821
-0.839312,21.5254
-0.697968,21.6921
-0.793612,21.8873
-0.972975,22.0077
-0.988453,22.2173
-0.891218,22.3837
-0.903559,22.5974
-0.94741,22.7778
-0.978793,22.9769
-0.882761,23.156
-0.896098,23.35
-0.86581,23.5419
-0.92575,23.7326
-0.94677,23.9399
-1.12818,24.0455
-0.961075,24.1656
-1.01953,24.3433
-1.11998,24.5356
-1.07609,24.7133
-0.924565,24.858
-0.887519,25.0593
-1.05038,25.1759
-0.959543,25.3597
-0.934997,25.5775
-0.832383,25.7423
-0.770531,25.952
-0.739806,26.1537
-0.807092,26.353
-0.851151,26.5557
-0.861214,26.7583
-0.756352,26.9259
-0.59449,27.0484
-0.40242,27.1308
-0.368865,27.3364
-0.370158,27.5461
-0.368887,27.7484
-0.370286,27.9492
-0.388652,28.1542
-0.385808,28.3668
-0.255173,28.5036
-0.335649,28.6809
-0.215675,28.8396
-0.0645745,28.9659
-0.116698,29.1635
-0.0495028,29.3525
-0.0662884,29.5594
0.0126651,29.7553
-0.0445081,29.961
0.098263,30.1134
-0.100584,30.1705
-0.0978111,30.3693
-0.100096,30.5681
-0.0449395,30.7739
-0.0513815,30.9786
0.033467,31.1713
-0.13668,31.2637
0.0106513,31.3992
0.141684,31.5491
0.15248,31.7461
0.114566,31.9409
0.079861,32.1342
-0.00766669,32.3312
0.015234,32.5355
0.184938,32.6448
0.251318,32.8384
0.165811,33.0218
0.224457,33.2144
0.150689,33.4056
0.0256768,33.5654
-0.0703722,33.7464
0.00350546,33.9502
-0.112349,34.1218
-0.00415297,34.2981
-0.0811879,34.4856
-0.0785986,34.6884
-0.094263,34.8818
-0.219882,35.033
-0.189036,35.2247
-0.134472,35.4162
-0.276997,35.5611
-0.345098,35.755
-1.75715,0.5489
-1.69435,0.735011
-1.7062,0.931145
-1.60818,1.10653
-1.58456,1.31381
-1.58958,1.51046
-1.64455,1.71393
-1.47027,1.82383
-1.49408,2.0239
-1.44794,2.22765
-1.42977,2.42428
-1.36404,2.6241
-1.30279,2.82
-1.21031,3.01179
-1.30182,3.19214
-1.11571,3.21723
-1.06116,3.41085
-1.11604,3.61076
-1.04394,3.78832
-1.16754,3.95028
-1.09537,4.13368
-0.904668,4.22615
-0.907665,4.42626
-0.941168,4.62942
-0.986085,4.83007
-1.13272,4.98206
-1.23422,5.1448
-1.15155,5.34526
-1.13831,5.54302
-1.05996,5.72567
-0.996998,5.91798
-0.982225,6.12047
-1.04172,6.3392
-1.10572,6.54257
-1.13482,6.75378
-1.18397,6.93506
-1.29017,7.10656
-1.41846,7.28784
-1.34827,7.46526
-1.25268,7.64355
-1.40678,7.763
-1.42893,7.97199
-1.36803,8.15933
-1.34429,8.36155
-1.33413,8.56464
-1.49016,8.7002
-1.51755,8.89577
-1.54805,9.10385
-1.42955,9.2834
-1.34138,9.46133
-1.40504,9.64975
-1.3574,9.85149
-1.44379,10.0326
-1.32354,10.209
-1.31559,10.4116
-1.307,10.6194
-1.20881,10.8007
-1.14902,10.9882
-1.14851,11.1968
-1.08064,11.3825
-0.998202,11.5707
-0.952817,11.7588
-1.12295,11.8721
-1.07588,12.0669
-1.00034,12.2515
-1.1045,12.4203
-0.947557,12.542
-1.1068,12.6877
-1.10142,12.8829
-1.05239,13.0776
-0.995149,13.2819
-1.07517,13.4648
-1.11267,13.6629
-0.965092,13.8144
-0.98134,14.0199
-0.959083,14.2338
-0.98855,14.4356
-1.03099,14.638
-0.967465,14.8319
-0.9553,15.0591
-0.857281,15.2421
-0.940856,15.4295
-0.875444,15.6103
-0.866482,15.8058
-0.806072,15.9949
-0.814764,16.197
-0.827872,16.416
-0.723744,16.5707
-0.84837,16.7337
-0.95991,16.9142
-1.00474,17.1162
-0.966669,17.3219
-0.939975,17.5343
-0.797963,17.6699
-0.804721,17.8823
-0.80658,18.0859
-0.778582,18.282
-0.73793,18.4847
-0.824279,18.6633
-0.808967,18.8788
-0.707129,19.0524
-0.744241,19.2523
-0.797356,19.4483
-0.801893,19.6575
-0.644691,19.7979
-0.699526,19.986
-0.517238,20.0831
-0.520001,20.2887
-0.372169,20.4258
-0.311602,20.6284
-0.270451,20.8304
-0.260969,21.0343
-0.108674,21.1713
-0.0215745,21.3565
-0.0664777,21.5476
-0.064616,21.7498
-0.0719745,21.9498
-0.109748,22.1431
-0.214998,22.3199
-0.100705,22.4969
-0.188234,22.675
-0.150044,22.8806
-0.22294,23.0658
-0.125432,23.2468
-0.00867878,23.4074
0.0929771,23.5906
-0.0670331,23.7155
-0.224447,23.8513
-0.141069,24.0498
-0.0670281,24.2557
0.0398616,24.4448
-0.0497594,24.6342
0.098108,24.7736
0.136745,24.9669
0.180274,25.1609
0.278256,25.3323
0.297498,25.5231
0.324481,25.7155
0.341144,25.9117
0.221955,26.0588
0.373882,26.212
0.429571,26.399
0.450333,26.6103
0.444119,26.8131
0.589414,26.9714
0.61608,27.1647
0.54682,27.3471
0.533359,27.5574
0.729005,27.6235
0.632438,27.8014
0.778933,27.9513
0.895304,28.1265
0.923929,28.3278
0.910764,28.5378
0.736017,28.6389
0.691636,28.8327
0.713498,29.0387
0.653759,29.2399
0.62685,29.4459
0.633599,29.6598
0.668242,29.8542
0.853909,29.9154
0.731166,30.0767
0.765596,30.283
0.789753,30.4901
0.88816,30.6582
0.805076,30.8574
0.885207,31.0373
0.993065,31.2165
0.951432,31.4175
1.06772,31.5815
1.14052,31.7972
1.12419,32.0026
1.04703,32.193
0.99577,32.3859
0.971346,32.5743
0.914116,32.7758
0.878835,32.9782
0.837845,33.1904
0.899428,33.3945
0.905308,33.592
0.984517,33.7852
1.18319,33.837
1.2524,34.0259
1.25458,34.236
1.26134,34.44
1.16595,34.6185
1.10305,34.8184
0.953533,34.9583
1.09993,35.1202
1.16794,35.3215
1.26634,35.5034
1.22342,35.7145
1.05819,35.8392
1.11889,36.043
0.979325,36.1846
1.02158,36.39
1.13421,36.559
1.16738,36.7697
1.29119,36.9075
-0.895617,0.306092
-0.913723,0.493661
-1.09734,0.575577
-1.13894,0.775519
-1.14125,0.975956
-1.0089,1.11915
-1.19664,1.20229
-1.17725,1.42675
-1.15215,1.62356
-1.1604,1.81794
-1.06377,2.0139
-0.939183,2.18433
-0.938596,2.39294
-0.753567,2.47643
-0.721111,2.67989
-0.658175,2.88033
-0.659472,3.08277
-0.703079,3.29951
-0.651545,3.50818
-0.666302,3.71219
-0.60334,3.91262
-0.667549,4.11672
-0.602581,4.31382
-0.611617,4.5191
-0.524732,4.72061
-0.502229,4.93857
-0.298911,4.92477
-0.175297,5.09516
-0.123354,5.29831
0.0741678,5.30243
-0.00881778,5.48164
0.0466312,5.6811
0.223116,5.79523
0.209002,6.00373
0.0865204,6.16889
-0.00698645,6.3651
0.0837016,6.54665
0.143002,6.74867
0.00247481,6.92069
-0.0315581,7.1118
0.0519485,7.30488
0.0130123,7.50934
0.054247,7.70438
0.117988,7.90044
0.172595,8.09798
0.0827027,8.27108
-0.0348706,8.43254
0.00862062,8.6271
0.118912,8.79574
0.129536,8.99731
0.125511,9.21041
0.201205,9.40028
0.139033,9.59979
0.0984645,9.8066
0.0378527,10.0096
0.127913,10.1869
0.314926,10.315
0.252466,10.5062
0.224734,10.7119
0.294562,10.9004
0.118073,10.9861
0.0758047,11.179
-0.0952424,11.3029
0.0098736,11.4958
0.054204,11.6777
0.150085,11.8439
0.0504732,12.0476
-0.0144147,12.2281
-0.045848,12.4335
-0.0135986,12.6398
-0.0409378,12.8369
-0.0518192,13.0391
0.0389021,13.2229
-0.0722785,13.3876
-0.051022,13.6002
-0.0863569,13.7939
-0.00572678,13.9844
-0.0419174,14.1855
-0.131694,14.3527
-0.151393,14.5513
-0.312967,14.6707
-0.266972,14.8762
-0.421484,15.0078
-0.478534,15.199
-0.429259,15.4065
-0.386408,15.6036
-0.300305,15.7975
-0.111526,15.8448
-0.099358,16.0505
-0.0790701,16.249
0.0635262,16.3972
-0.0527939,16.5684
0.0556712,16.7305
-0.123948,16.8458
-0.112149,17.0497
-0.172103,17.2403
-0.2773,17.411
-0.165414,17.5737
-0.00554705,17.6995
0.061753,17.8862
0.147877,18.072
-0.010741,18.1649
0.0900859,18.3416
0.0334337,18.5375
-0.0835132,18.687
-0.0254687,18.8726
0.154514,18.9754
0.0210809,19.1182
0.0507945,19.3354
0.0765408,19.5502
0.0654572,19.7517
0.118372,19.9377
0.300868,20.0133
0.466994,20.0979
0.537743,20.2769
0.490834,20.4722
0.504161,20.6758
0.416718,20.8594
0.338066,21.0529
0.47264,21.2141
0.500884,21.3943
0.578057,21.571
0.59308,21.7808
0.496428,21.9526
0.596615,22.1493
0.704514,22.3179
0.584103,22.4936
0.664869,22.6793
0.756578,22.8835
0.845069,23.0854
0.730102,23.2572
0.72173,23.46
0.697004,23.667
0.582652,23.8342
0.550203,24.0379
0.662174,24.2165
0.593654,24.408
0.691986,24.5953
0.804241,24.7564
0.890982,24.9407
0.985613,25.1391
1.10057,25.288
1.18421,25.4788
1.10011,25.6745
1.11078,25.875
1.15444,26.0869
1.1178,26.2856
1.22471,26.4616
1.30278,26.6528
1.40198,26.8484
1.35237,27.0387
1.44293,27.2121
1.33255,27.3669
1.32689,27.5689
1.26246,27.7609
1.12169,27.9223
1.20978,28.1044
1.36235,28.2424
1.38413,28.443
1.49829,28.6163
1.33446,28.7271
1.23017,28.8951
1.24279,29.0873
1.37511,29.2393
1.2013,29.3493
1.07513,29.5004
1.14628,29.6824
1.13839,29.8742
1.05316,30.0582
1.23865,30.0949
1.22054,30.294
1.32398,30.4556
1.26717,30.6344
1.28677,30.8333
1.33564,31.0291
1.23028,31.2011
1.2646,31.4034
1.31284,31.5906
1.41,31.7554
1.43503,31.9627
1.34539,32.1502
1.27646,32.3411
1.16219,32.4979
1.17158,32.7187
1.3535,32.7913
1.38838,32.9827
1.44777,33.1648
1.58477,33.3119
1.70476,33.4722
1.90379,33.5084
1.87486,33.7208
2.01247,33.8838
1.96143,34.095
1.91878,34.2969
1.88092,34.5016
1.9534,34.6869
2.04972,34.8715
2.07857,35.0689
1.92874,35.2193
2.01006,35.3983
-0.191777,0.0406669
0.000540461,0.0827577
0.122017,0.243848
-0.0240975,0.408484
-0.037354,0.621461
0.0946041,0.777371
0.0180367,0.966682
-0.0691605,1.14477
-0.221768,1.26528
-0.182845,1.45645
-0.213202,1.66054
-0.173892,1.85493
-0.137748,2.04166
-0.0966949,2.24355
0.0240716,2.41169
-0.00652258,2.61411
-0.184728,2.72503
-0.0188122,2.85312
0.147097,2.99037
0.17387,3.18834
0.219906,3.38459
0.0768789,3.52948
0.184435,3.70138
0.33649,3.84434
0.163762,3.97361
0.345104,4.09971
0.431838,4.2765
0.405201,4.46437
0.393273,4.68014
0.394709,4.87004
0.459342,5.05101
0.380212,5.23111
0.397829,5.43753
0.434612,5.63003
0.490921,5.82865
0.437089,6.02613
0.496357,6.22767
0.598352,6.39617
0.497362,6.57164
0.344494,6.69442
0.304807,6.88952
0.304833,7.08272
0.349564,7.2757
0.420088,7.47137
0.48238,7.66585
0.600393,7.82268
0.658581,8.00377
0.560464,8.19713
0.386711,8.28634
0.422212,8.48617
0.487031,8.67853
0.518756,8.88261
0.667808,9.01223
0.814139,9.15465
0.756154,9.34592
0.91139,9.4593
0.826817,9.63937
0.8229,9.84477
0.754153,10.0534
0.730807,10.2504
0.718957,10.4495
0.70988,10.6387
0.809038,10.811
0.878776,11.0196
0.802583,11.203
0.842747,11.4079
0.907546,11.6234
0.71426,11.6411
0.787344,11.8222
0.821852,12.0318
0.872691,12.2202
0.954292,12.3986
1.02987,12.5872
1.00487,12.805
0.908082,13.0043
0.821584,13.1902
0.621842,13.2513
0.644254,13.4656
0.548729,13.6699
0.592331,13.8692
0.560243,14.076
0.567683,14.2835
0.728351,14.4106
0.740593,14.6166
0.868355,14.7736
0.944934,14.9793
1.0298,15.1716
1.02994,15.3765
0.860926,15.5148
0.996826,15.6737
0.900628,15.848
1.03109,16.0179
1.0461,16.2367
0.971203,16.4308
1.12644,16.5552
1.10218,16.7512
0.979995,16.9132
1.0305,17.1106
1.08832,17.2969
1.12716,17.5024
1.15609,17.6957
1.18516,17.9065
1.18187,18.1111
1.24939,18.3096
1.32902,18.4851
1.23574,18.6739
1.16135,18.8559
1.18359,19.0555
1.03791,19.1941
0.904435,19.358
0.819345,19.5542
0.814524,19.7445
0.860482,19.9378
0.939657,20.1092
0.908623,20.3085
0.754833,20.4262
0.711821,20.6322
0.768897,20.8371
0.839035,21.019
0.862649,21.234
0.855727,21.4286
0.898015,21.6328
1.04334,21.7854
0.929011,21.9654
0.988432,22.1805
1.0515,22.3817
1.05522,22.5732
1.04551,22.7717
1.0746,22.9817
1.12852,23.1863
1.11476,23.3947
1.27929,23.5199
1.18605,23.7004
1.12297,23.9027
1.14888,24.1161
1.05496,24.2954
1.2141,24.4417
1.36798,24.5759
1.46287,24.7369
1.46297,24.9447
1.54404,25.1321
1.63599,25.3076
1.62857,25.5012
1.5146,25.6741
1.40179,25.8446
1.54266,25.9928
1.56562,26.2107
1.66876,26.3854
1.51332,26.5276
1.65296,26.6971
1.68717,26.8992
1.62368,27.1077
1.76177,27.2632
1.88986,27.4138
1.72993,27.5429
1.83962,27.7262
1.93574,27.902
1.99212,28.1057
1.91102,28.3094
1.79118,28.462
1.72816,28.6614
1.78178,28.8455
1.7099,29.0543
1.87302,29.1598
1.90917,29.3446
1.89512,29.5459
1.99604,29.7349
1.87521,29.9093
1.93783,30.0979
1.94651,30.2987
1.9708,30.5039
1.76488,30.516
1.87673,30.6823
1.91568,30.8814
1.92011,31.0831
1.81238,31.2532
1.74131,31.445
1.88811,31.5914
2.05725,31.7106
2.01368,31.9069
2.07793,32.1164
2.24855,32.2363
2.27923,32.4376
2.23931,32.6383
2.4382,32.7306
2.63569,32.7751
2.76706,32.9409
2.70423,33.1295
2.73191,33.3338
2.64207,33.5318
2.76646,33.6948
2.88168,33.8778
2.85738,34.0819
2.89917,34.2876
2.93369,34.4847
2.92944,34.6953
2.74624,34.6336
2.60266,34.8293
2.62984,35.0537
2.64819,35.2777
0.831683,0.14982
0.753596,0.323011
0.787783,0.53342
0.696788,0.71831
0.577578,0.894774
0.656592,1.10029
0.738643,1.28546
0.734761,1.49237
0.654256,1.683
0.744354,1.86175
0.914315,1.98267
0.827442,2.16157
0.720041,2.32438
0.662304,2.52586
0.701268,2.72447
0.798578,2.89688
0.811009,3.08841
0.883173,3.28607
0.872312,3.48235
0.921772,3.67654
0.804373,3.83509
0.834138,4.03979
0.909783,4.22324
0.843769,4.41152
0.859865,4.60756
0.919307,4.80908
0.906058,5.00613
1.09006,5.0937
1.11018,5.2942
1.20128,5.48217
1.09433,5.66042
1.02358,5.83705
0.961969,6.03714
0.885841,6.22346
0.953389,6.41993
1.05068,6.59354
0.933572,6.73527
1.04127,6.9128
1.14511,7.08193
1.30981,7.19399
1.30135,7.41474
1.26437,7.60697
1.40597,7.74668
1.29219,7.92335
1.28707,8.13078
1.43298,8.25537
1.41086,8.4534
1.48438,8.62853
1.60105,8.78238
1.5736,8.98
1.60869,9.18389
1.69282,9.37162
1.59655,9.55658
1.55889,9.76369
1.50925,9.97068
1.47556,10.1762
1.41551,10.3724
1.45065,10.571
1.43516,10.7713
1.40391,10.9804
1.38403,11.192
1.33147,11.3741
1.25471,11.5632
1.36573,11.7517
1.45343,11.9378
1.53015,12.1364
1.61025,12.331
1.76634,12.4389
1.72891,12.6218
1.83141,12.7891
1.8955,12.9862
1.96682,13.1801
1.85736,13.3664
1.67063,13.4458
1.52744,13.5848
1.58727,13.7715
1.70323,13.9412
1.87017,14.0748
1.85807,14.2806
1.71826,14.43
1.67386,14.6153
1.62945,14.8061
1.7129,14.9943
1.72311,15.1988
1.78673,15.3948
1.80177,15.6004
1.74935,15.7983
1.6701,15.9794
1.79217,16.1529
1.71694,16.3271
1.82563,16.5092
1.95632,16.6734
2.01203,16.8536
2.09371,17.0453
2.07145,17.2289
2.0687,17.4206
2.08099,17.6324
2.12209,17.8376
2.09509,18.0356
1.98354,18.2046
1.83051,18.353
1.88417,18.5487
1.94773,18.7423
2.02767,18.928
2.03182,19.1359
2.05575,19.3523
1.9652,19.5399
1.93585,19.738
1.78063,19.8646
1.68313,20.0489
1.6321,20.2447
1.54937,20.4267
1.54312,20.6339
1.51244,20.8322
1.57263,21.0234
1.60053,21.2179
1.76576,21.333
1.86123,21.5282
1.93259,21.7198
1.89786,21.9237
2.02127,22.073
2.07724,22.2631
2.17841,22.4289
2.2295,22.6295
2.27783,22.8131
2.21441,23.0018
2.24361,23.2103
2.0486,23.2814
2.08579,23.4721
2.24276,23.6197
2.38529,23.7813
2.28895,23.9616
2.34783,24.1617
2.38267,24.3535
2.33134,24.5467
2.37088,24.7568
2.50611,24.9191
2.6451,25.0811
2.59758,25.2665
2.60952,25.4738
2.70884,25.6545
2.5659,25.7876
2.63249,25.9858
2.53608,26.1704
2.61209,26.3496
2.58618,26.5601
2.62609,26.7559
2.62314,26.9555
2.63312,27.1622
2.49122,27.3022
2.57307,27.4839
2.4913,27.6606
2.38806,27.8242
2.52789,27.9918
2.5245,28.2099
2.44142,28.4067
2.54033,28.6009
2.48309,28.8002
2.45944,29.0199
2.5767,29.1885
2.4918,29.3724
2.4424,29.5808
2.47459,29.7776
2.49257,29.9866
2.60727,30.164
2.66901,30.3647
2.69213,30.5683
2.67345,30.7905
2.7014,31.002
2.9095,31.0727
2.86037,31.2784
2.95539,31.4442
2.89324,31.6232
2.87098,31.82
2.91967,32.0177
2.87201,32.2066
2.96986,32.3731
2.98317,32.5804
3.07091,32.7819
3.19486,32.9537
3.08211,33.11
3.24687,33.2448
3.20942,33.4522
3.19469,33.653
3.3394,33.7916
3.31783,33.9939
3.3744,34.2016
3.44173,34.4077
3.55605,34.5638
3.73275,34.6768
3.83496,34.8506
3.91944,35.0388
3.91978,35.2467
3.88247,35.4459
3.8142,35.6343
3.8015,35.8485
3.85857,36.0266
3.89271,36.2177
3.9744,36.4054
4.09441,36.5562
1.21355,0.267772
1.32467,0.437593
1.35919,0.633506
1.51595,0.745849
1.37374,0.895948
1.388,1.10014
1.51192,1.28895
1.61335,1.46233
1.75974,1.60195
1.70872,1.80498
1.58538,1.97971
1.71662,2.1247
1.8501,2.27149
1.79665,2.47629
1.60554,2.53619
1.66681,2.72267
1.81338,2.86593
1.78098,3.06511
1.72792,3.25427
1.79252,3.44114
1.73286,3.6267
1.77319,3.83051
1.92153,3.9617
1.99621,4.14789
2.07907,4.31726
2.10142,4.50987
2.00136,4.69317
2.05649,4.9028
2.02491,5.10204
2.16145,5.24315
2.04767,5.41437
2.11252,5.615
2.03871,5.79807
1.99422,5.9879
1.79747,6.03557
1.89145,6.20598
1.87506,6.41464
1.94125,6.5969
1.87317,6.79113
1.82484,7.00576
1.97129,7.14808
2.06138,7.33285
2.14007,7.5268
2.12299,7.73063
2.11617,7.93389
2.16818,8.13125
2.16163,8.34479
2.1714,8.55912
2.11113,8.76739
2.10499,8.97842
2.18726,9.16975
2.2201,9.37773
2.14914,9.57027
2.1833,9.75614
2.20329,9.95473
2.12882,10.1512
2.25308,10.3192
2.2243,10.5239
2.20691,10.7283
2.27415,10.9271
2.26563,11.127
2.08764,11.2154
2.12812,11.417
2.16302,11.6129
2.16126,11.8108
2.06324,11.9839
2.02983,12.1881
2.17385,12.3186
2.06873,12.5047
2.15902,12.6811
2.31107,12.8034
2.36601,13.0164
2.3547,13.2225
2.40678,13.4163
2.4048,13.6262
2.27003,13.7988
2.45262,13.9
2.60486,14.0455
2.70361,14.2089
2.69618,14.4053
2.73868,14.6081
2.89885,14.7298
2.88932,14.9329
2.91749,15.133
2.87281,15.3406
2.79375,15.5351
2.79403,15.7352
2.75452,15.9234
2.80696,16.1176
2.82591,16.3206
2.7531,16.5109
2.80426,16.6978
2.99666,16.726
3.06659,16.9123
2.99379,17.1054
2.98062,17.3015
2.94474,17.502
2.87453,17.6962
2.7581,17.8617
2.7118,18.0667
2.61817,18.2378
2.55464,18.4233
2.60872,18.6175
2.58872,18.8286
2.68592,19.0144
2.53735,19.1752
2.46527,19.3972
2.44286,19.5997
2.59132,19.7567
2.79207,19.8037
2.75258,20.0055
2.87242,20.1704
2.8954,20.3695
2.81221,20.567
2.99874,20.6002
3.17195,20.697
3.06153,20.86
3.20955,21.0007
3.07929,21.1573
3.25153,21.2584
3.33413,21.4394
3.47397,21.5696
3.48828,21.7907
3.55202,21.9817
3.66216,22.1693
3.70471,22.3759
3.80364,22.5563
3.82897,22.7621
3.76298,22.9664
3.75041,23.1685
3.83403,23.365
3.79991,23.5629
3.88889,23.7549
3.73397,23.8671
3.61203,24.0214
3.71851,24.2065
3.78702,24.3937
3.64708,24.5467
3.63056,24.7784
3.66949,24.9734
3.77802,25.1292
3.80063,25.3384
3.79182,25.5363
3.86057,25.7278
3.7968,25.9248
3.64107,26.0405
3.7314,26.2074
3.88337,26.327
3.91688,26.5231
3.98305,26.7243
3.99825,26.9248
4.13306,27.0747
4.13744,27.2695
4.18694,27.4772
4.13295,27.6606
4.1883,27.8534
4.27146,28.0406
4.30262,28.2198
4.36453,28.4153
4.38939,28.6008
4.43436,28.7878
4.49854,29.0161
4.41068,29.1973
4.34977,29.3831
4.44491,29.5559
4.52047,29.7402
4.46653,29.9285
4.66476,29.9932
4.56,30.1456
4.5072,30.343
4.39436,30.5153
4.30078,30.6929
4.29221,30.905
4.3097,31.094
4.1619,31.2242
4.2785,31.4041
4.18468,31.5846
4.2158,31.7699
4.27318,31.9651
4.22294,32.1545
4.15412,32.3398
4.19449,32.5471
4.24006,32.7577
4.19888,32.9638
4.24159,33.1716
4.29924,33.3654
4.28694,33.5597
4.28908,33.7806
4.41686,33.9271
4.26477,34.0792
4.21439,34.2801
4.19101,34.4752
4.18426,34.6671
4.26897,34.8549
4.14464,35.0011
4.12535,35.2094
4.13282,35.4102
4.1145,35.6052
4.09942,35.8077
4.16632,35.9942
2.70994,0.141661
2.89956,0.0953291
2.90611,0.295388
2.98919,0.493259
2.9136,0.674813
3.07151,0.794682
2.93617,0.941194
2.7878,1.08428
2.80386,1.2918
2.8998,1.45968
2.9009,1.66554
2.85837,1.84503
2.99934,1.9715
3.00951,2.16875
3.00871,2.35713
3.05222,2.56534
3.14495,2.74253
3.09714,2.93677
3.14632,3.14651
3.31694,3.27762
3.24016,3.46825
3.13223,3.64636
3.33402,3.65923
3.22924,3.84077
3.11143,4.00504
3.09681,4.20761
3.03541,4.40393
2.96649,4.59955
2.93663,4.79687
2.91156,4.99582
2.91054,5.19893
3.04007,5.3444
3.02404,5.55052
2.9264,5.73153
3.02237,5.91034
3.11035,6.08018
3.14468,6.26005
3.14234,6.45489
3.09517,6.64521
3.02409,6.85503
2.969,7.05847
2.87203,7.23385
2.83621,7.4456
2.95586,7.60654
2.92165,7.8166
2.81368,7.98313
2.7714,8.20134
2.91032,8.31157
2.74742,8.41843
2.57739,8.54089
2.45725,8.71773
2.58148,8.86947
2.67338,9.03741
2.75853,9.20189
2.87178,9.35894
2.94287,9.53714
2.83179,9.7239
3.00686,9.82547
2.94889,10.0139
2.81397,10.1717
2.80803,10.3783
2.82739,10.5871
2.8257,10.7963
2.98117,10.9337
3.05798,11.1276
3.09031,11.3389
3.05148,11.5363
3.05881,11.7457
3.17808,11.9114
3.23822,12.1121
3.30505,12.3019
3.34662,12.5127
3.29431,12.7081
3.20782,12.8854
3.19768,13.0812
3.2054,13.2933
3.27195,13.4804
3.08589,13.5602
3.23317,13.6893
3.16361,13.8685
3.24263,14.0607
3.16974,14.24
3.25058,14.4218
3.2398,14.6235
3.27425,14.8217
3.30996,15.0182
3.39939,15.2299
3.30789,15.4077
3.37334,15.609
3.4037,15.7985
3.54583,15.9339
3.54757,16.1336
3.44997,16.3237
3.50933,16.5352
3.60344,16.7014
3.59009,16.9062
3.67001,17.0797
3.61971,17.2817
3.82871,17.3122
3.9527,17.4582
3.83693,17.6243
3.74993,17.8079
3.76693,18.0066
3.84176,18.2031
3.74343,18.4016
3.72318,18.6151
3.87299,18.7338
3.99225,18.9147
4.07532,19.1061
4.02001,19.3152
4.17198,19.4394
4.12051,19.6405
4.16931,19.8259
4.37747,19.8603
4.41589,20.0508
4.36059,20.2314
4.37828,20.432
4.52174,20.556
4.34405,20.635
4.46743,20.7912
4.4904,20.9929
4.54669,21.1721
4.45162,21.3575
4.40618,21.5618
4.6203,21.572
4.81127,21.6445
4.82152,21.8456
4.79147,22.0464
4.90117,22.2096
4.96578,22.4025
4.97571,22.6231
4.95698,22.8246
-4.94275,22.9976
-4.90239,23.195
-4.8587,23.4034
-4.84132,23.618
-4.7826,23.8091
-4.84762,24.0043
-4.87898,24.2151
-4.84723,24.4391
-4.84436,24.6364
-4.7174,24.7863
-4.65053,24.9756
-4.6966,25.1644
-4.75335,25.3755
-4.78491,25.5817
-4.87395,25.7623
-4.89105,25.952
-4.72313,26.0659
-4.70867,26.2855
-4.84928,26.4249
-4.91116,26.6085
-4.97191,26.7952
4.88623,26.9482
4.86286,27.1577
4.86974,27.366
4.79274,27.5473
4.79979,27.7591
4.96128,27.8938
4.77891,28.0004
4.93106,28.1471
-4.95025,28.319
4.98561,28.5265
-4.95253,28.7195
-4.90975,28.9295
-4.77325,29.0738
-4.69967,29.2572
-4.6422,29.4597
-4.51868,29.6182
-4.50729,29.8292
-4.60547,30.0298
-4.45535,30.1596
-4.49183,30.356
-4.56584,30.5277
-4.41297,30.6651
-4.35619,30.8593
-4.31483,31.0505
-4.40529,31.2279
-4.58173,31.3203
-4.5093,31.5173
-4.56297,31.7076
-4.46854,31.908
-4.40398,32.1045
-4.28226,32.2816
-4.22264,32.4576
-4.08381,32.6182
-3.93114,32.7736
-3.94725,32.9693
-3.89836,33.1696
-3.79455,33.3409
-3.78257,33.5383
-3.86578,33.7215
-3.93562,33.9146
-3.78288,34.0562
-3.63694,34.2026
-3.8019,34.3456
-3.88369,34.5335
-3.90547,34.7128
-3.83927,34.899
-3.80619,35.0904
3.82945,0.217761
3.81453,0.42752
3.87559,0.635317
3.92126,0.822856
3.96552,1.01676
4.08966,1.1952
4.22472,1.35901
4.33673,1.54378
4.28358,1.74491
4.16302,1.89352
4.16398,2.09808
4.08381,2.29219
3.99867,2.4736
3.97008,2.67184
4.05319,2.85347
3.92957,3.01398
3.80701,3.1703
3.80519,3.37643
3.88469,3.5801
3.86833,3.78077
3.96152,3.95884
4.06974,4.11225
4.04177,4.31007
3.89481,4.42665
4.04021,4.55845
4.10117,4.76017
4.16524,4.96277
4.07616,5.15215
3.96361,5.34614
3.77482,5.41405
3.77432,5.61712
3.72452,5.81904
3.84652,5.98789
3.90085,6.20765
3.89179,6.40722
3.89247,6.62655
3.92255,6.82226
4.00224,7.02442
3.86402,7.1649
3.97633,7.34735
3.95405,7.55651
3.9216,7.76787
3.84393,7.95675
3.75831,8.12876
3.83796,8.29909
3.76393,8.47536
3.82468,8.67059
3.97452,8.80741
4.04108,9.00022
3.98587,9.19589
4.06296,9.37628
4.11301,9.57812
4.21323,9.75644
4.30801,9.92878
4.37273,10.1243
4.4322,10.3244
4.38724,10.518
4.32361,10.723
4.18021,10.8671
4.18103,11.0752
4.23108,11.266
4.22374,11.4666
4.35832,11.6169
4.32951,11.8084
4.21502,11.9695
4.18146,12.1734
4.12589,12.3645
4.10042,12.5483
4.14061,12.7296
3.95194,12.7714
3.93803,12.9667
3.78222,13.1018
3.81655,13.3011
3.79465,13.5088
3.99827,13.6141
4.13121,13.7477
4.18524,13.9516
4.07018,14.1293
4.16645,14.3053
4.26535,14.4805
4.26017,14.68
4.44376,14.7639
4.30974,14.9246
4.31298,15.1225
4.40854,15.2999
4.50237,15.4872
4.36553,15.6453
4.27956,15.8134
4.29291,16.0261
4.4509,16.1537
4.46712,16.3417
4.46489,16.5448
4.38056,16.7304
4.50224,16.8857
4.43494,17.0833
4.39543,17.2877
4.38907,17.4942
4.5782,17.5825
4.64527,17.7747
4.71896,17.9598
4.5669,18.1035
4.7606,18.1594
4.81691,18.3559
4.83006,18.5567
4.94353,18.7457
4.89117,18.9341
-4.9679,19.0693
-4.98645,19.2771
4.99899,19.4932
4.993,19.7064
-4.93384,19.8944
4.98914,20.087
4.90983,20.2652
4.94311,20.461
-4.96208,20.6428
-4.90844,20.8309
-4.92328,21.0341
-4.87424,21.2112
-4.93064,21.4127
-4.86383,21.5968
-4.67561,21.6659
-4.7236,21.8618
-4.70066,22.0445
-4.7482,22.2487
-4.61656,22.4088
-4.61212,22.6275
-4.59604,22.8319
-4.48108,22.9934
-4.43979,23.2039
-4.37146,23.4035
-4.33303,23.5988
-4.29794,23.791
-4.39929,23.9819
-4.27558,24.1435
-4.32175,24.3472
-4.31433,24.5697
-4.14126,24.699
-3.98491,24.8068
-3.85805,24.9786
-3.78009,25.1734
-3.70845,25.3718
-3.77379,25.5606
-3.89734,25.7429
-3.76202,25.8904
-3.65798,26.0667
-3.72115,26.2539
-3.68076,26.4657
-3.59445,26.6622
-3.58729,26.8662
-3.65981,27.0542
-3.65312,27.2747
-3.6822,27.4782
-3.70625,27.6721
-3.64092,27.8709
-3.645,28.0811
-3.58767,28.264
-3.63008,28.4719
-3.66958,28.6764
-3.55576,28.8482
-3.53432,29.0407
-3.52793,29.2322
-3.50294,29.4198
-3.38432,29.5606
-3.41616,29.7727
-3.53071,29.9581
-3.53398,30.1684
-3.4927,30.3633
-3.55021,30.5602
-3.51316,30.7687
-3.46022,30.9686
-3.26412,30.9497
-3.32591,31.1475
-3.34428,31.3573
-3.2988,31.5562
-3.17507,31.7204
-3.29384,31.8819
-3.25012,32.0997
-3.10069,32.2499
-3.0851,32.4488
-2.88524,32.5408
-2.97163,32.7273
-2.89247,32.9094
-2.89704,33.0978
-2.88704,33.3053
-2.98135,33.4795
-2.89562,33.6529
-2.81987,33.8521
-2.96935,34.0062
-2.96327,34.2123
-3.05867,34.3874
-3.0709,34.5878
-3.02279,34.7779
-3.15723,34.9275
-3.16438,35.1375
-3.0611,35.3208
-3.16186,35.499
-3.26754,35.6616
-3.36685,35.8402
-3.45,36.0327
-3.30514,36.184
4.25584,0.215515
4.41427,0.358946
4.40867,0.548966
4.57379,0.673172
4.67443,0.834218
4.78279,1.00783
4.6952,1.18977
4.69654,1.39451
4.53373,1.50939
4.55268,1.70874
4.52294,1.90527
4.53721,2.10093
4.51843,2.29933
4.63566,2.46851
4.74923,2.63101
4.79412,2.83393
4.68363,3.00678
4.69278,3.21879
4.7975,3.39077
4.76388,3.60358
4.64973,3.75642
4.70522,3.97753
4.83173,4.13599
4.99138,4.28104
-4.94038,4.4591
-4.96763,4.65135
-4.88473,4.82625
-4.77496,5.00135
-4.6889,5.19053
-4.62213,5.38409
-4.65365,5.58632
-4.51654,5.73061
-4.46545,5.92918
-4.43663,6.12194
-4.31154,6.27821
-4.25259,6.48399
-4.41952,6.60883
-4.45827,6.82208
-4.5087,7.02234
-4.50559,7.23462
-4.4761,7.42659
-4.50163,7.63944
-4.53164,7.84195
-4.73138,7.76839
-4.81134,7.95992
-4.70013,8.12978
-4.77592,8.31796
-4.59508,8.39876
-4.55253,8.59994
-4.45487,8.77834
-4.45638,8.9956
-4.45372,9.20001
-4.4903,9.40287
-4.56793,9.6015
-4.50695,9.7793
-4.54972,9.98499
-4.40496,10.1188
-4.33048,10.3253
-4.3043,10.5373
-4.20047,10.7136
-4.20471,10.9157
-4.2683,11.1161
-4.28057,11.3225
-4.41581,11.4575
-4.42769,11.6525
-4.38311,11.8414
-4.26437,12.0055
-4.23158,12.2034
-4.23916,12.4287
-4.19284,12.6461
-4.17223,12.85
-4.1667,13.0464
-4.04467,13.204
-4.04347,13.4047
-4.24603,13.452
-4.37223,13.6042
-4.37326,13.8161
-4.21831,13.9442
-4.17,14.1397
-4.19281,14.3337
-4.15928,14.5471
-4.06657,14.7359
-4.14888,14.9279
-4.11913,15.121
-3.96562,15.237
-3.91308,15.444
-4.11672,15.4647
-4.27392,15.6204
-4.26803,15.8126
-4.28159,16.0258
-4.29837,16.2249
-4.15074,16.3621
-4.21411,16.5574
-4.0595,16.693
-4.14566,16.8572
-4.03898,17.0306
-3.89122,17.1697
-3.9456,17.3568
-3.84658,17.5316
-3.71297,17.6988
-3.85992,17.835
-3.88601,18.0431
-4.01658,18.1957
-3.92038,18.3565
-3.87143,18.5499
-3.6958,18.6752
-3.76855,18.8559
-3.63487,19.0112
-3.69459,19.2217
-3.62114,19.4
-3.56951,19.5959
-3.53551,19.7897
-3.65679,19.9655
-3.72226,20.173
-3.77804,20.3693
-3.70739,20.5615
-3.79876,20.7473
-3.62556,20.8358
-3.62822,21.0323
-3.49573,21.1986
-3.45681,21.4018
-3.34562,21.5817
-3.18423,21.7326
-3.14551,21.9457
-3.11868,22.154
-3.00768,22.3347
-3.14282,22.4946
-3.09988,22.6958
-2.99113,22.8686
-2.91047,23.0496
-2.88388,23.2418
-2.96829,23.439
-2.9596,23.6362
-3.01346,23.8476
-3.01735,24.0617
-3.07086,24.2761
-3.1217,24.4621
-2.97734,24.6056
-3.0792,24.7976
-2.90165,24.8641
-2.78556,25.0346
-2.84451,25.2532
-2.83426,25.4614
-2.78564,25.6724
-2.81346,25.8663
-2.62051,25.9406
-2.61749,26.1491
-2.58916,26.3664
-2.59875,26.5833
-2.63238,26.783
-2.52946,26.9749
-2.3958,27.1543
-2.35312,27.3469
-2.3142,27.559
-2.22576,27.735
-2.11597,27.9053
-2.14313,28.1115
-2.14089,28.3171
-2.26398,28.4796
-2.34878,28.6562
-2.36279,28.858
-2.4794,29.0154
-2.46498,29.2411
-2.38468,29.429
-2.376,29.6413
-2.199,29.7311
-2.15326,29.9383
-2.13459,30.1281
-2.1634,30.3172
-2.32187,30.4344
-2.22084,30.6074
-2.32859,30.7829
-2.2431,30.971
-2.41024,31.1042
-2.43728,31.3039
-2.49757,31.5102
-2.55796,31.7048
-2.58392,31.9063
-2.41822,32.0284
-2.37844,32.2339
-2.35327,32.4419
-2.39534,32.6614
-2.36341,32.862
-2.27444,33.039
-2.39547,33.1935
-2.48243,33.3846
-2.37873,33.5501
-2.51298,33.7126
-2.42239,33.8953
-2.26688,34.0373
-2.18967,34.2181
-2.14942,34.4389
-2.17662,34.6473
-2.21712,34.8424
-2.33503,35.0138
-2.28927,35.204
-2.22051,35.393
-2.08987,35.5554
-2.11609,35.7559
-2.05502,35.9644
-4.1812,0.429333
-4.11697,0.621231
-4.01018,0.795678
-3.92098,0.982702
-3.87419,1.18974
-3.90828,1.39724
-3.96761,1.59042
-3.90255,1.77664
-3.81331,1.95079
-3.62319,2.01079
-3.72731,2.17785
-3.66926,2.3685
-3.57724,2.56897
-3.69389,2.75709
-3.75369,2.95249
-3.6477,3.15007
-3.70075,3.33602
-3.55563,3.49286
-3.44437,3.67113
-3.35889,3.85458
-3.2938,4.05961
-3.27516,4.25374
-3.21882,4.44982
-3.08592,4.60778
-3.172,4.79919
-3.02756,4.96167
-3.00455,5.15578
-3.09983,5.32773
-3.18475,5.50659
-3.29819,5.68525
-3.27188,5.89076
-3.30352,6.10456
-3.28256,6.3125
-3.19971,6.48109
-3.15794,6.68208
-3.30303,6.83084
-3.21657,7.00192
-3.1294,7.17288
-3.27302,7.3118
-3.38988,7.50279
-3.33311,7.71047
-3.51602,7.80068
-3.55898,8.00406
-3.56709,8.20437
-3.47769,8.39437
-3.6182,8.55333
-3.52332,8.71447
-3.43956,8.91647
-3.45613,9.11264
-3.43672,9.32273
-3.35978,9.50182
-3.3234,9.71399
-3.30472,9.93348
-3.42675,10.085
-3.39129,10.2697
-3.26445,10.4195
-3.29181,10.6305
-3.32682,10.8149
-3.4043,10.9941
-3.29941,11.1678
-3.19731,11.3629
-3.15444,11.5795
-3.12658,11.7739
-3.08574,11.9914
-2.98112,12.1623
-3.18037,12.1873
-3.20836,12.3947
-3.21856,12.5833
-3.18611,12.7795
-3.1713,12.9829
-3.16451,13.1927
-3.16437,13.3897
-3.12283,13.576
-2.94804,13.6642
-2.97389,13.8532
-2.889,14.0421
-2.84633,14.2432
-2.91622,14.4326
-2.85803,14.6109
-2.96087,14.7609
-2.86925,14.9205
-2.78865,15.1158
-2.81921,15.3433
-2.75275,15.5261
-2.90083,15.674
-3.02368,15.8339
-3.03506,16.0324
-3.11408,16.2045
-2.93082,16.2774
-2.98399,16.4669
-2.99618,16.6575
-2.83365,16.7795
-2.89933,16.9714
-2.89556,17.1838
-2.98678,17.3653
-3.00275,17.5773
-3.05008,17.789
-3.07953,17.9916
-2.89622,18.0872
-3.00722,18.2565
-2.88195,18.4212
-2.69475,18.5068
-2.70002,18.7127
-2.70441,18.915
-2.61731,19.0929
-2.52959,19.2697
-2.38566,19.4029
-2.4949,19.567
-2.29855,19.6181
-2.37016,19.817
-2.41014,20.0104
-2.40446,20.2035
-2.35089,20.4183
-2.36551,20.6375
-2.21696,20.7796
-2.20088,20.9896
-2.37623,21.0971
-2.27516,21.2827
-2.37931,21.459
-2.26152,21.6209
-2.23789,21.8264
-2.25468,22.0249
-2.1714,22.2068
-2.14832,22.4091
-2.00563,22.557
-2.0165,22.7626
-2.01277,22.9619
-2.04372,23.1522
-2.1423,23.3287
-2.23259,23.5093
-2.32007,23.703
-2.27075,23.9013
-2.13957,24.0668
-2.06168,24.2453
-1.96095,24.4089
-1.85187,24.584
-1.92704,24.7611
-2.05122,24.918
-1.92869,25.0814
-2.04087,25.2425
-1.91691,25.4141
-1.94001,25.6508
-2.10442,25.7773
-1.9339,25.8809
-2.00393,26.07
-2.13813,26.2205
-2.14648,26.4197
-1.95829,26.4969
-1.86325,26.6777
-1.83838,26.8739
-1.72405,27.027
-1.67312,27.2146
-1.53211,27.371
-1.53059,27.5753
-1.47876,27.7749
-1.44067,27.9914
-1.46871,28.209
-1.59557,28.3821
-1.71921,28.538
-1.6419,28.7175
-1.59717,28.9322
-1.52564,29.1197
-1.67353,29.2592
-1.58759,29.4262
-1.40955,29.4938
-1.52059,29.6564
-1.64177,29.8386
-1.59581,30.0222
-1.46214,30.1615
-1.29756,30.3274
-1.08823,30.4015
-1.05891,30.6021
-1.0356,30.7933
-1.05965,30.9861
-1.18103,31.1341
-1.32882,31.2641
-1.37863,31.4499
-1.30865,31.6448
-1.26347,31.8432
-1.08108,31.9312
-1.00679,32.1208
-0.843393,32.2433
-0.738331,32.4316
-0.552557,32.5425
-0.635226,32.7371
-0.548587,32.9174
-0.513433,33.1242
-0.544862,33.3284
-0.563937,33.5359
-0.557519,33.7327
-0.699062,33.8694
-0.742355,34.076
-0.831411,34.2649
-0.810126,34.4639
-0.765823,34.6645
-0.870579,34.8293
-0.753806,34.992
-0.702967,35.1853
-0.658434,35.3918
-0.663576,35.6018
