-4.7159,0.238596
-4.59312,0.400581
-4.48058,0.559496
-4.34223,0.7101
-4.44765,0.880545
-4.38107,1.078
-4.39457,1.27208
-4.26937,1.4364
-4.40363,1.59008
-4.57653,1.69677
-4.51902,1.88083
-4.61443,2.05268
-4.41283,2.08953
-4.47938,2.27291
-4.54027,2.46795
-4.66168,2.64525
-4.49154,2.74499
-4.41212,2.93192
-4.5883,3.01784
-4.4612,3.17471
-4.4249,3.36292
-4.26583,3.50697
-4.34172,3.68893
-4.40826,3.87626
-4.34041,4.04842
-4.20494,4.20629
-4.23236,4.40493
-4.23937,4.5991
-4.23527,4.79703
-4.23695,4.99093
-4.29959,5.17404
-4.32118,5.38119
-4.35371,5.57871
-4.17415,5.67268
-4.22883,5.86895
-4.2942,6.0528
-4.4126,6.21732
-4.21247,6.29922
-4.11092,6.46734
-3.94009,6.5767
-3.9678,6.77949
-4.06389,6.96884
-4.21079,7.1016
-4.21979,7.29514
-4.17176,7.50626
-4.12817,7.69608
-4.20842,7.87994
-4.26623,8.08084
-4.1864,8.2717
-4.23253,8.46666
-4.26306,8.65535
-4.07596,8.7378
-4.04534,8.93993
-4.04894,9.14405
-3.85169,9.20358
-3.85396,9.41547
-3.89778,9.61065
-3.92272,9.82309
-3.95338,10.0419
-4.00353,10.2439
-3.93694,10.4209
-3.93898,10.6254
-3.8357,10.8088
-3.8592,11.0105
-3.70255,11.1358
-3.83565,11.2859
-3.89264,11.4743
-4.0352,11.6334
-3.89232,11.775
-3.79486,11.9581
-3.65389,12.1241
-3.60948,12.3359
-3.484,12.4844
-3.42439,12.6943
-3.53713,12.8747
-3.60191,13.084
-3.74356,13.2221
-3.58864,13.3478
-3.60945,13.5608
-3.76972,13.6757
-3.73842,13.8738
-3.56356,13.9943
-3.53616,14.202
-3.44779,14.3767
-3.44872,14.5728
-3.52768,14.7654
-3.39264,14.9318
-3.50875,15.0835
-3.45617,15.2865
-3.35616,15.4504
-3.47566,15.6064
-3.51862,15.799
-3.51975,15.9935
-3.54646,16.1935
-3.56888,16.4086
-3.4578,16.5573
-3.55613,16.7268
-3.59845,16.9263
-3.48153,17.0861
-3.55948,17.2878
-3.54246,17.4929
-3.54193,17.6916
-3.5145,17.8822
-3.52012,18.0746
-3.51408,18.2748
-3.50024,18.4762
-3.53995,18.6784
-3.61261,18.8612
-3.48025,18.9972
-3.35523,19.1596
-3.42443,19.3547
-3.5649,19.516
-3.4476,19.6943
-3.35454,19.8857
-3.43496,20.0528
-3.48233,20.2496
-3.54074,20.4537
-3.50516,20.6567
-3.4449,20.8725
-3.44971,21.0697
-3.43783,21.2696
-3.53141,21.4515
-3.50343,21.6453
-3.4414,21.8579
-3.48637,22.062
-3.44839,22.2683
-3.39931,22.4774
-3.3693,22.6748
-3.28656,22.8528
-3.19128,23.0322
-3.2637,23.2239
-3.24446,23.4316
-3.14135,23.6192
-3.26236,23.7882
-3.3528,23.9753
-3.42954,24.1589
-3.39497,24.3522
-3.35489,24.5534
-3.23306,24.6987
-3.0939,24.8691
-3.10934,25.0575
-2.98359,25.2051
-2.99872,25.422
-2.8576,25.5704
-2.97077,25.7385
-2.90809,25.9339
-2.8765,26.1266
-2.97637,26.3081
-2.82426,26.4293
-2.94724,26.583
-2.89149,26.7803
-2.9385,26.9821
-3.08522,27.1159
-3.16189,27.3084
-3.01342,27.4443
-3.09755,27.6372
-2.96998,27.7994
-2.80832,27.9095
-2.81677,28.1218
-2.70034,28.2938
-2.7311,28.5067
-2.53081,28.5292
-2.52348,28.7343
-2.61903,28.911
-2.61905,29.1203
-2.5831,29.3376
-2.71105,29.4903
-2.62903,29.6654
-2.57718,29.8536
-2.48511,30.0197
-2.48565,30.2134
-2.44443,30.418
-2.47458,30.6183
-2.5782,30.7953
-2.46718,30.941
-2.45499,31.1415
-2.54011,31.3245
-2.42721,31.4841
-2.46646,31.6914
-2.33765,31.8542
-2.26732,32.0562
-2.28851,32.2392
-2.12764,32.3899
-2.1368,32.6029
-2.33528,32.6332
-2.25701,32.8146
-2.40882,32.9412
-2.54803,33.0911
-2.62811,33.2704
-2.59613,33.4718
-2.48831,33.6558
-2.597,33.8228
-2.41473,33.8914
-2.29073,34.063
-2.32328,34.2563
-2.32526,34.4588
-2.42699,34.6371
-2.39585,34.8364
-2.33547,35.0263
-2.44372,35.1987
-3.88283,0.292318
-3.99783,0.446096
-3.91918,0.632751
-3.95128,0.831808
-4.13822,0.953432
-4.00969,1.12928
-4.0421,1.32375
-3.90049,1.47385
-3.96589,1.65887
-3.99784,1.85226
-3.90234,2.03084
-3.91556,2.23756
-4.04388,2.39684
-4.08768,2.58719
-3.95219,2.72997
-3.99106,2.91743
-3.94144,3.11637
-4.03192,3.30518
-4.01946,3.51378
-3.90419,3.6711
-4.00172,3.8611
-3.9022,4.05211
-3.86966,4.25814
-3.83584,4.45014
-3.82842,4.64849
-3.89624,4.84056
-3.88385,5.03493
-3.74389,5.17729
-3.81342,5.37281
-3.69326,5.56028
-3.69044,5.75587
-3.66526,5.97697
-3.70723,6.17268
-3.6315,6.36456
-3.46377,6.48596
-3.46641,6.6841
-3.53222,6.86832
-3.55763,7.08135
-3.37405,7.14916
-3.47734,7.32396
-3.50541,7.52897
-3.53799,7.73755
-3.38126,7.85969
-3.29022,8.05085
-3.27449,8.25211
-3.37761,8.41531
-3.36829,8.62721
-3.46402,8.81263
-3.52214,9.00412
-3.49727,9.21595
-3.53311,9.42135
-3.52075,9.61239
-3.4349,9.8064
-3.41379,10.0069
-3.40401,10.2138
-3.31648,10.4116
-3.19495,10.5677
-3.27103,10.7731
-3.32007,10.9726
-3.23161,11.1503
-3.17466,11.3521
-3.11892,11.5403
-3.21025,11.7234
-3.018,11.7939
-2.96242,11.9808
-2.98332,12.1722
-2.83532,12.3073
-2.94493,12.4741
-3.05186,12.6324
-3.08542,12.8396
-3.23053,12.9612
-3.20787,13.1698
-3.23753,13.3742
-3.21318,13.5703
-3.1951,13.7718
-3.18214,13.9746
-3.10366,14.1499
-3.23347,14.3048
-3.13496,14.4719
-3.06184,14.6573
-3.12207,14.8545
-3.20271,15.0329
-3.1981,15.239
-3.13813,15.4346
-3.13525,15.6451
-3.09394,15.8437
-3.16955,16.0362
-3.08783,16.2125
-3.12179,16.4282
-3.25644,16.5667
-3.33195,16.7541
-3.16703,16.8863
-3.04228,17.059
-3.11667,17.2634
-3.0533,17.4546
-3.07316,17.6631
-3.25227,17.771
-3.16013,17.9456
-3.12855,18.1487
-3.08984,18.3288
-3.15753,18.531
-3.04381,18.695
-3.02631,18.8913
-2.98821,19.0878
-3.06734,19.2647
-3.05579,19.4575
-3.04464,19.6615
-3.04022,19.8757
-3.02372,20.0812
-2.98444,20.2785
-2.81493,20.3876
-2.78958,20.5745
-2.72466,20.7712
-2.67155,20.9648
-2.80051,21.114
-2.78621,21.3153
-2.78355,21.5178
-2.74502,21.7188
-2.82642,21.9162
-2.73298,22.1103
-2.6476,22.2928
-2.68861,22.4888
-2.66334,22.6996
-2.53899,22.8563
-2.58149,23.0489
-2.52442,23.2452
-2.4762,23.4538
-2.69215,23.5077
-2.56406,23.6855
-2.75873,23.7485
-2.67936,23.9373
-2.71533,24.1302
-2.58085,24.2809
-2.50455,24.4753
-2.52347,24.6808
-2.34442,24.7635
-2.32483,24.9709
-2.1374,25.0593
-2.08984,25.2504
-1.97488,25.4308
-1.98708,25.655
-2.04832,25.8497
-1.88532,25.9596
-1.94828,26.1484
-2.01279,26.3597
-1.92122,26.5377
-1.89316,26.7617
-2.04832,26.8973
-2.03689,27.1007
-2.0933,27.284
-2.04286,27.4871
-1.95019,27.6671
-2.04066,27.8576
-2.0642,28.0679
-2.03832,28.271
-1.85298,28.359
-1.81611,28.5653
-1.84167,28.7583
-1.91358,28.9609
-1.93634,29.1557
-1.90061,29.3548
-2.02358,29.5231
-1.93563,29.7167
-1.8037,29.8675
-1.91514,30.0324
-1.84362,30.2244
-1.71252,30.3712
-1.73348,30.5699
-1.72664,30.7688
-1.80653,30.9618
-1.95685,31.0791
-1.84131,31.2356
-1.83032,31.4456
-1.88944,31.6378
-1.75207,31.7914
-1.60282,31.9335
-1.56219,32.1331
-1.52345,32.3221
-1.62001,32.4874
-1.57629,32.7002
-1.50322,32.8951
-1.33297,32.9663
-1.47941,33.1137
-1.50387,33.3018
-1.48371,33.5118
-1.32198,33.6373
-1.2222,33.8186
-1.32023,33.991
-1.20074,34.1657
-1.08062,34.3278
-1.06312,34.5201
-1.05095,34.7276
-0.907564,34.8834
-0.936508,35.0897
-0.857484,35.2834
-0.989297,35.4383
-0.895912,35.6131
-0.901819,35.8205
-0.973493,36.0122
-1.08621,36.1797
-3.45874,0.315862
-3.39713,0.505128
-3.31901,0.6826
-3.45748,0.858434
-3.37361,1.05922
-3.37192,1.25556
-3.31382,1.455
-3.31139,1.64859
-3.28452,1.84752
-3.23163,2.03785
-3.19858,2.23133
-3.18012,2.43115
-3.28235,2.6161
-3.23886,2.80133
-3.22316,3.01177
-3.21705,3.21128
-3.09475,3.37129
-3.03178,3.57131
-3.07436,3.77419
-3.06105,3.96494
-3.06262,4.16765
-3.18783,4.32871
-3.16019,4.53237
-3.25363,4.72979
-3.173,4.92169
-3.20284,5.11971
-3.21129,5.3216
-3.04125,5.42204
-3.13264,5.61718
-3.21223,5.80138
-3.01898,5.79227
-3.01837,5.99986
-2.86982,6.16684
-2.97203,6.35071
-2.88391,6.53521
-2.87416,6.72625
-2.95178,6.93139
-3.0008,7.11218
-2.9759,7.30473
-2.81302,7.42132
-2.6164,7.52365
-2.68012,7.71257
-2.64312,7.92091
-2.65383,8.13401
-2.74663,8.30071
-2.68772,8.50509
-2.58267,8.6729
-2.52952,8.85778
-2.55784,9.04781
-2.71009,9.20295
-2.85931,9.35889
-2.9573,9.53461
-2.75482,9.54827
-2.80707,9.73664
-2.8049,9.94314
-2.75678,10.1352
-2.57228,10.231
-2.57287,10.4345
-2.5263,10.6264
-2.47815,10.8242
-2.42547,11.0255
-2.31181,11.1981
-2.1507,11.3071
-2.20096,11.515
-2.30507,11.7
-2.408,11.8631
-2.45492,12.0533
-2.43832,12.2728
-2.52476,12.4428
-2.51186,12.6497
-2.58724,12.8367
-2.4399,12.9773
-2.48978,13.1736
-2.39907,13.3638
-2.42612,13.573
-2.53124,13.7423
-2.38902,13.8754
-2.35471,14.0712
-2.43075,14.2716
-2.30191,14.4467
-2.36485,14.6426
-2.45631,14.8083
-2.53284,15.0015
-2.6031,15.1919
-2.59508,15.3946
-2.73687,15.5159
-2.65346,15.6833
-2.52182,15.8396
-2.45587,16.0188
-2.38947,16.2161
-2.47457,16.3954
-2.32146,16.5473
-2.19011,16.7043
-2.22801,16.8999
-2.25716,17.0826
-2.21863,17.2905
-2.29678,17.4642
-2.33665,17.6611
-2.26195,17.8602
-2.1616,18.0365
-2.18468,18.2227
-2.1844,18.4328
-1.998,18.517
-1.8292,18.6345
-1.86437,18.8257
-1.75078,18.9998
-1.8457,19.1704
-1.92016,19.3608
-1.87945,19.5663
-2.03367,19.6954
-2.03351,19.8943
-2.16104,20.0414
-2.22414,20.2226
-2.18071,20.4348
-2.05085,20.5806
-2.14578,20.7585
-2.26647,20.933
-2.17192,21.1302
-2.17229,21.3321
-2.22801,21.5291
-2.38908,21.6446
-2.31252,21.8352
-2.28044,22.0427
-2.27636,22.2314
-2.20447,22.4322
-2.08095,22.5862
-2.16391,22.76
-2.13241,22.9566
-2.05102,23.1516
-1.9591,23.333
-1.8683,23.5198
-1.8672,23.7244
-1.82049,23.9203
-1.76777,24.1337
-1.58715,24.2298
-1.55778,24.4383
-1.50186,24.622
-1.43785,24.8111
-1.42754,24.9969
-1.42737,25.1924
-1.31799,25.3613
-1.19853,25.5375
-1.10576,25.7031
-1.18343,25.88
-1.25079,26.061
-1.20004,26.2806
-1.14442,26.4816
-1.1239,26.6791
-1.05687,26.8693
-1.07076,27.0695
-1.0832,27.2644
-1.09859,27.47
-1.27364,27.579
-1.11925,27.7214
-1.09629,27.9275
-1.04198,28.1182
-1.09842,28.308
-1.06325,28.4968
-1.14519,28.6966
-1.04395,28.8819
-1.08442,29.0784
-1.00341,29.2605
-1.11818,29.4282
-1.18012,29.6174
-1.11856,29.807
-1.10443,30.0128
-1.07457,30.2176
-1.09916,30.4195
-1.21858,30.586
-1.36118,30.7269
-1.40721,30.9121
-1.24239,31.0539
-1.14844,31.2282
-1.27931,31.3867
-1.23304,31.5972
-1.1774,31.7825
-1.05862,31.962
-1.06202,32.1734
-1.00773,32.3755
-1.06589,32.5722
-1.03663,32.7801
-0.921662,32.9601
-0.755618,33.1008
-0.692848,33.2899
-0.633305,33.4825
-0.631101,33.6818
-0.505163,33.8423
-0.406587,34.0086
-0.376178,34.2136
-0.229554,34.3668
-0.364743,34.5419
-0.366116,34.7488
-0.241563,34.9188
-0.291171,35.1163
-0.268911,35.3163
-0.257239,35.5246
-0.131312,35.6903
-0.249119,35.8602
-0.15872,36.0331
-0.0254692,36.1722
-2.21195,0.159805
-2.16003,0.35692
-2.09114,0.565723
-2.19738,0.747424
-2.23507,0.937454
-2.14768,1.1247
-2.12641,1.32222
-2.25858,1.45374
-2.10986,1.59759
-2.04885,1.78793
-2.07879,1.97064
-2.01706,2.16813
-1.91837,2.3501
-1.99218,2.52717
-1.98915,2.73106
-1.91717,2.90724
-1.93567,3.11821
-2.04603,3.27697
-2.00593,3.47316
-2.03503,3.66245
-2.13816,3.85819
-2.17149,4.05889
-2.08476,4.23815
-2.10439,4.43679
-1.97394,4.59729
-1.90497,4.799
-1.90694,5.01258
-1.77715,5.15095
-1.71998,5.34825
-1.79739,5.52879
-1.69564,5.70835
-1.71058,5.91724
-1.75892,6.10722
-1.61978,6.25327
-1.63766,6.44958
-1.65257,6.65201
-1.71629,6.8593
-1.62817,7.03725
-1.54209,7.21924
-1.55767,7.40953
-1.5442,7.60599
-1.57114,7.80086
-1.47447,7.96694
-1.41194,8.18304
-1.57634,8.29983
-1.69454,8.47207
-1.89516,8.49785
-1.91944,8.688
-1.8619,8.89959
-1.9922,9.06012
-1.84477,9.21782
-1.66133,9.29043
-1.65398,9.48337
-1.50189,9.61486
-1.46917,9.81478
-1.46688,10.0144
-1.46844,10.2017
-1.31093,10.3026
-1.23991,10.4857
-1.27415,10.6974
-1.29992,10.9038
-1.31137,11.1193
-1.43416,11.2793
-1.64345,11.3026
-1.62965,11.5174
-1.55719,11.7012
-1.48568,11.8962
-1.59457,12.0595
-1.67925,12.2378
-1.69904,12.4366
-1.55408,12.5797
-1.59289,12.8011
-1.52781,12.9878
-1.53671,13.1937
-1.65841,13.3495
-1.68921,13.5454
-1.80785,13.7099
-1.63008,13.8082
-1.64877,14.0093
-1.5512,14.178
-1.6922,14.3224
-1.85397,14.4351
-1.8424,14.6348
-1.82645,14.8427
-1.855,15.0527
-1.72399,15.2031
-1.64489,15.4065
-1.73637,15.5819
-1.76333,15.7729
-1.63582,15.929
-1.47101,16.0425
-1.38183,16.2361
-1.3579,16.4473
-1.3222,16.6316
-1.29896,16.8173
-1.21638,17.0092
-1.26688,17.1988
-1.18542,17.3887
-1.08083,17.5823
-0.949272,17.7615
-0.806341,17.907
-0.899114,18.0836
-1.04823,18.2235
-1.17933,18.3759
-1.11177,18.5756
-1.20675,18.7684
-1.20639,18.9885
-1.37022,19.1161
-1.43389,19.3089
-1.39223,19.5021
-1.32578,19.689
-1.41545,19.8631
-1.30594,20.0314
-1.29981,20.2447
-1.32977,20.4376
-1.16205,20.5503
-1.13002,20.7424
-1.22989,20.92
-1.16602,21.1098
-1.09188,21.2942
-1.21797,21.438
-1.29812,21.6406
-1.16556,21.79
-1.20944,21.9926
-1.13046,22.1732
-1.12236,22.383
-1.02491,22.5674
-1.01803,22.7762
-0.973023,22.9734
-0.959958,23.1818
-0.886253,23.3624
-0.844808,23.5556
-0.863322,23.7655
-0.724973,23.9334
-0.7287,24.1241
-0.708999,24.3424
-0.85762,24.459
-0.890779,24.6512
-0.934337,24.8487
-1.03318,25.0254
-1.00323,25.2467
-0.827037,25.3307
-0.771839,25.521
-0.710565,25.7107
-0.592589,25.8599
-0.759593,25.9907
-0.768472,26.2057
-0.56982,26.294
-0.617314,26.5032
-0.623731,26.7034
-0.456435,26.8098
-0.524731,27.0233
-0.450736,27.2202
-0.389512,27.4141
-0.385741,27.6227
-0.463688,27.8019
-0.388099,27.9979
-0.406962,28.1978
-0.458614,28.3869
-0.264472,28.4192
-0.0968551,28.5275
-0.163897,28.7175
0.0294538,28.7959
0.126871,28.9561
-0.0325565,29.0902
0.0441369,29.2807
-0.0905913,29.4082
-0.0842107,29.619
-0.101586,29.8309
-0.0417138,30.0338
0.00922384,30.2491
-0.167192,30.3533
-0.0287788,30.5067
-0.0415579,30.7209
-0.226504,30.8024
-0.299719,30.9978
-0.394612,31.1759
-0.314614,31.3622
-0.122047,31.4687
-0.014711,31.6594
-0.00801756,31.8654
-0.0428776,32.0583
-0.0454799,32.2588
-0.102386,32.4517
-0.122648,32.6471
-0.112942,32.8413
-0.200099,33.0141
-0.0104696,33.0923
-0.0380884,33.293
0.0570585,33.4677
0.191336,33.618
0.173503,33.8233
0.2437,34.0123
0.27698,34.2342
0.238175,34.4265
0.221842,34.6316
0.186734,34.8289
0.243573,35.0164
0.242039,35.2179
0.315112,35.3961
-1.36258,0.694761
-1.52111,0.830294
-1.43743,1.01162
-1.3975,1.20591
-1.34175,1.39429
-1.23546,1.56849
-1.4206,1.63624
-1.5287,1.80088
-1.46684,1.98949
-1.47915,2.18879
-1.33908,2.32045
-1.13882,2.27776
-1.19109,2.48231
-1.2548,2.66769
-1.22845,2.86816
-1.14313,3.07066
-1.08154,3.25151
-1.17161,3.43698
-0.974275,3.5179
-0.809096,3.62836
-0.688718,3.79075
-0.594167,3.97405
-0.393715,4.05262
-0.386458,4.25287
-0.4241,4.47198
-0.37972,4.667
-0.485818,4.84348
-0.36421,5.01246
-0.562593,5.09704
-0.717137,5.2387
-0.719814,5.44221
-0.568117,5.58841
-0.634657,5.77849
-0.618629,5.98841
-0.672661,6.19906
-0.645606,6.38979
-0.582699,6.58558
-0.537214,6.78031
-0.393426,6.92552
-0.351722,7.11989
-0.363322,7.32011
-0.230798,7.48736
-0.361021,7.62809
-0.26424,7.83887
-0.066049,7.89217
0.0703349,8.04747
0.0320201,8.24952
-0.126021,8.38784
-0.0797001,8.57866
-0.120777,8.77002
-0.0968102,8.96566
-0.0286872,9.15699
-0.101931,9.33641
-0.233631,9.49865
-0.27038,9.69255
-0.157385,9.86089
-0.15727,10.048
-0.275362,10.2178
-0.332948,10.3934
-0.461163,10.5411
-0.588894,10.6828
-0.488521,10.8611
-0.290814,10.8851
-0.238035,11.0869
-0.21337,11.2905
-0.184801,11.4783
-0.163039,11.6842
-0.0961763,11.8801
-0.112226,12.0852
-0.0115908,12.2498
-0.115903,12.4233
-0.278972,12.5568
-0.331674,12.7506
-0.29952,12.9595
-0.224608,13.1412
-0.13528,13.3147
-0.0116341,13.4683
-0.0723042,13.665
-0.220238,13.8035
-0.171699,13.998
-0.212202,14.1914
-0.202796,14.4062
-0.213808,14.6293
-0.0359283,14.7237
0.00232194,14.9312
0.0533061,15.1291
-0.0562256,15.2965
0.0316865,15.4734
0.102716,15.6614
-0.00303478,15.8432
-0.0247772,16.0543
-0.20498,16.1513
-0.368636,16.2618
-0.29967,16.4495
-0.330826,16.6615
-0.321959,16.871
-0.311116,17.074
-0.28782,17.2957
-0.263474,17.4924
-0.169514,17.6685
-0.308383,17.8319
-0.397669,18.037
-0.386586,18.23
-0.291242,18.4098
-0.208845,18.6105
-0.285857,18.8033
-0.131489,18.94
-0.096363,19.1475
-0.0740102,19.3543
-0.0871123,19.5549
0.05698,19.703
0.205804,19.8392
0.249273,20.0406
0.151552,20.2073
0.204728,20.4219
0.262098,20.6244
0.188892,20.8062
0.230488,21.0152
0.354632,21.1606
0.318683,21.3572
0.259599,21.5419
0.315897,21.7382
0.46314,21.8766
0.543034,22.0601
0.710261,22.2098
0.626337,22.3813
0.574299,22.5742
0.464207,22.7375
0.492524,22.9456
0.489275,23.1361
0.494195,23.3298
0.471609,23.5294
0.587293,23.7245
0.596737,23.9248
0.526923,24.1145
0.481699,24.3142
0.356372,24.4688
0.499937,24.6084
0.512749,24.8095
0.633298,24.9912
0.618992,25.1823
0.60519,25.3822
0.713593,25.5676
0.582085,25.7284
0.656682,25.9172
0.673436,26.1071
0.646088,26.302
0.694781,26.4934
0.686818,26.6896
0.522412,26.799
0.407602,27.0024
0.500282,27.2061
0.5937,27.3936
0.563513,27.5891
0.732387,27.7258
0.619691,27.8907
0.607103,28.0811
0.500518,28.259
0.583386,28.4635
0.675178,28.6404
0.65604,28.8427
0.57771,29.0195
0.706949,29.1821
0.807262,29.3682
0.81913,29.5661
0.709206,29.7306
0.821742,29.924
0.837741,30.1271
0.884843,30.3251
0.995984,30.506
1.13646,30.6453
1.07328,30.8417
0.997154,31.0374
0.87248,31.2045
0.82119,31.3928
0.686616,31.5501
0.819874,31.7185
0.811291,31.9222
0.902352,32.0922
0.748594,32.1995
0.826374,32.3911
0.874182,32.5827
0.915001,32.801
0.97214,32.9964
0.8611,33.1665
0.900816,33.3594
0.740613,33.4524
0.548619,33.4443
0.620561,33.6276
0.686586,33.8274
0.673901,34.0286
0.784524,34.2112
0.92852,34.3504
0.853088,34.5489
0.767812,34.711
0.782366,34.9317
0.897063,35.1009
0.926735,35.3124
0.786735,35.4592
0.72084,35.6468
-0.841874,0.272244
-0.79594,0.474162
-0.763099,0.674826
-0.580462,0.759182
-0.421732,0.895633
-0.343528,1.08667
-0.230918,1.27741
-0.216322,1.48022
-0.0857756,1.63713
-0.099845,1.85152
-0.0597666,2.0436
-0.112263,2.23056
-0.223214,2.39363
-0.23561,2.59127
-0.132409,2.7477
-0.041966,2.93135
-0.0978336,3.14011
-0.298461,3.13125
-0.279822,3.33308
-0.258113,3.53483
-0.220276,3.7311
-0.200618,3.91895
-0.107897,4.09723
-0.0564167,4.28864
-0.0397155,4.4873
-0.174327,4.65281
-0.0898991,4.83721
0.026174,5.01603
0.0790358,5.20728
0.0535501,5.41306
0.237335,5.51462
0.225789,5.71683
0.370231,5.88002
0.450347,6.06045
0.537966,6.24438
0.528089,6.45667
0.461353,6.65722
0.421737,6.83831
0.437867,7.05291
0.488381,7.25994
0.536435,7.44056
0.463698,7.63667
0.578911,7.80437
0.471517,7.97745
0.4616,8.17781
0.548033,8.35544
0.579632,8.57516
0.722887,8.71371
0.925293,8.75112
0.801053,8.90816
0.89304,9.08906
0.910503,9.30017
0.948059,9.51104
0.774906,9.61284
0.589478,9.71966
0.739391,9.83656
0.758032,10.0517
0.83528,10.2481
0.870409,10.4571
0.903137,10.645
0.979124,10.8324
0.9172,11.0263
0.930774,11.2311
0.859862,11.4257
0.886134,11.637
0.898684,11.8438
0.711087,11.9231
0.700836,12.1311
0.699843,12.3307
0.625946,12.5205
0.601214,12.7236
0.725916,12.8756
0.639978,13.0768
0.770697,13.2188
0.916085,13.3457
0.723686,13.4079
0.658593,13.5922
0.532998,13.7531
0.53396,13.951
0.491685,14.1471
0.361648,14.3042
0.3392,14.5021
0.252979,14.684
0.227742,14.879
0.321403,15.065
0.378423,15.2574
0.422618,15.4785
0.492302,15.6793
0.347053,15.8056
0.278664,15.9976
0.410691,16.1471
0.273677,16.2959
0.415372,16.4404
0.526412,16.6218
0.515128,16.8249
0.626337,16.9992
0.735916,17.1605
0.769748,17.3641
0.879228,17.5443
0.883602,17.7507
1.01594,17.9279
1.16732,18.067
1.02156,18.2098
1.12185,18.4091
1.15275,18.6198
1.27805,18.789
1.29768,18.9893
1.22421,19.174
1.06561,19.3134
1.14172,19.488
1.1036,19.6955
1.2029,19.8621
1.13913,20.0671
1.11453,20.2647
1.2362,20.4242
1.38771,20.5509
1.26001,20.6961
1.27729,20.9009
1.36154,21.0903
1.40528,21.2936
1.46307,21.4736
1.50248,21.6661
1.4048,21.8489
1.54881,21.974
1.44172,22.1315
1.40128,22.3333
1.56572,22.4475
1.63483,22.6611
1.57974,22.846
1.56653,23.0447
1.62275,23.2302
1.73944,23.3913
1.82003,23.5839
1.81211,23.7919
1.66804,23.9249
1.67442,24.1265
1.62514,24.3167
1.5477,24.4818
1.60126,24.6749
1.53186,24.8723
1.59135,25.0639
1.60003,25.2765
1.61999,25.4852
1.69947,25.657
1.65842,25.8438
1.65893,26.0607
1.79244,26.2032
1.80073,26.3911
1.68117,26.5649
1.748,26.7475
1.81961,26.9503
1.88277,27.1286
1.83368,27.3332
1.8128,27.5383
1.90146,27.7163
2.00454,27.8783
1.93486,28.0676
1.88008,28.246
1.79187,28.4271
1.87486,28.6045
1.76633,28.7843
1.67647,28.951
1.57962,29.1278
1.55818,29.3208
1.62867,29.5126
1.75441,29.6602
1.9202,29.8132
1.89861,30.0166
1.9186,30.2314
1.89887,30.4375
1.98784,30.633
2.02833,30.8291
2.10126,31.032
2.02063,31.2032
1.96431,31.3852
1.94191,31.5835
1.8383,31.7628
1.66372,31.8658
1.72004,32.0679
1.6899,32.2555
1.74894,32.4595
1.70955,32.6541
1.89277,32.7569
2.00029,32.9322
2.01591,33.1382
2.01164,33.3368
2.17644,33.4485
2.0611,33.6222
2.26692,33.6741
2.32672,33.88
2.28279,34.0848
2.40124,34.2639
2.57153,34.4115
2.71846,34.5702
2.89019,34.6902
2.93183,34.9055
2.87584,35.0869
2.7935,35.254
2.88316,35.4476
2.90849,35.6405
1.54148,0.289714
1.62504,0.480716
1.67914,0.668112
1.76693,0.85029
1.96142,0.929882
2.0284,1.12118
2.21027,1.22463
2.32029,1.40103
2.41872,1.56208
2.47561,1.76815
2.6003,1.91906
2.49494,2.0946
2.49878,2.30464
2.43311,2.49096
2.47806,2.68988
2.68376,2.71573
2.59664,2.92014
2.66075,3.0996
2.61205,3.29768
2.71975,3.47894
2.80888,3.67327
2.80398,3.86628
2.86729,4.05634
2.9099,4.26478
2.86098,4.46657
2.82961,4.6753
2.88377,4.85533
2.84674,5.05351
2.85558,5.266
2.84415,5.47575
2.96286,5.6416
2.85835,5.81896
2.89064,6.02204
2.95952,6.2238
2.83225,6.37672
2.78379,6.55597
2.66156,6.69616
2.60048,6.89649
2.65785,7.08893
2.67757,7.29754
2.57819,7.47865
2.55195,7.67854
2.45835,7.85112
2.54204,8.03759
2.70917,8.1679
2.75473,8.35292
2.83728,8.5372
2.84595,8.73325
2.86002,8.94354
2.70542,9.08549
2.56399,9.23225
2.56244,9.43197
2.62232,9.62619
2.80646,9.70964
2.94678,9.8507
2.89481,10.0522
2.84672,10.2549
2.98611,10.3952
2.95048,10.6077
3.04673,10.8007
3.14628,10.9859
3.11904,11.1892
3.27772,11.3185
3.14835,11.4882
3.11453,11.688
3.16873,11.8772
3.22434,12.0553
3.31491,12.2332
3.39803,12.4124
3.32563,12.593
3.49791,12.7007
3.52525,12.9081
3.56787,13.0965
3.36608,13.1195
3.30245,13.3147
3.27593,13.5178
3.38637,13.6903
3.41443,13.8832
3.38722,14.088
3.53625,14.2318
3.50145,14.438
3.5013,14.647
3.50655,14.8527
3.38233,15.0013
3.32271,15.1929
3.37322,15.3973
3.46334,15.5894
3.34125,15.7729
3.41368,15.9541
3.47395,16.1432
3.59338,16.2936
3.44225,16.4202
3.4659,16.603
3.49581,16.8196
3.55019,17.0303
3.73003,17.1425
3.65242,17.3294
3.79474,17.47
3.71844,17.6657
3.67049,17.8654
3.55065,18.0248
3.70484,18.1634
3.80947,18.3454
3.93381,18.5252
4.06619,18.6745
3.93478,18.8375
3.91467,19.0404
3.86299,19.2396
3.9482,19.4364
4.00263,19.6378
4.14447,19.7976
4.01172,19.954
4.05724,20.1602
4.04876,20.3593
4.00506,20.546
3.99338,20.7516
4.01482,20.96
4.05627,21.1611
3.92296,21.3217
3.79706,21.4854
3.92124,21.6538
4.02863,21.8216
3.97519,22.0075
3.90525,22.19
3.79982,22.3649
3.86495,22.5536
3.98269,22.7115
4.01154,22.9088
4.05588,23.0967
4.08956,23.2977
4.04454,23.4907
3.99916,23.6993
3.84725,23.8249
3.78981,24.0141
3.86297,24.2036
4.05785,24.2783
4.15074,24.4532
3.98204,24.594
3.9486,24.7953
3.971,25.0078
3.94822,25.2228
3.96608,25.4294
3.7973,25.541
3.77973,25.7412
3.79613,25.9346
3.68513,26.083
3.71449,26.3001
3.73673,26.4893
3.69791,26.6779
3.70161,26.8806
3.75212,27.0788
3.82739,27.2801
3.87623,27.5037
3.72748,27.6398
3.85269,27.7927
3.7795,27.982
3.9447,28.1273
3.85553,28.309
3.8201,28.5086
3.72858,28.7172
3.8413,28.8928
3.89026,29.0909
3.92333,29.287
3.92686,29.4767
4.05143,29.6416
3.88966,29.7646
3.88548,29.9772
3.7904,30.1667
3.80962,30.3605
3.93249,30.506
4.03769,30.6777
4.00415,30.8897
4.09898,31.0582
4.13892,31.2621
4.25616,31.4323
4.27927,31.6326
4.25986,31.8264
4.25828,32.0269
4.16806,32.2049
3.98576,32.2969
3.96738,32.4948
4.08317,32.6519
4.08561,32.8756
4.20115,33.0214
4.31349,33.1815
4.33906,33.3782
4.33318,33.5883
4.28066,33.7923
4.1676,33.9794
4.00265,34.0943
4.08544,34.2847
4.15147,34.4755
4.1693,34.6702
4.1685,34.8765
4.17526,35.0673
4.17953,35.2628
4.36057,35.3528
4.52803,35.4509
4.56241,35.632
4.55645,35.8417
3.43717,0.629972
3.35469,0.826384
3.41153,1.01805
3.6061,1.1138
3.5836,1.31324
3.57747,1.51854
3.60646,1.7115
3.54008,1.90342
3.55329,2.09014
3.46611,2.25783
3.4191,2.44944
3.55994,2.57224
3.57038,2.77312
3.5091,2.95398
3.52163,3.16538
3.4187,3.34942
3.48808,3.53452
3.53094,3.72238
3.61072,3.90635
3.58873,4.108
3.69941,4.29009
3.79203,4.46634
3.73329,4.66359
3.86613,4.79232
3.91587,4.99572
3.80458,5.17773
3.73629,5.36008
3.86726,5.49449
3.89314,5.69554
3.80145,5.88015
3.78196,6.07371
3.90765,6.21692
3.79396,6.3802
3.93352,6.53287
3.99662,6.73129
4.06768,6.9242
4.15024,7.10741
4.15794,7.3133
4.10757,7.51155
4.09936,7.72109
4.22248,7.86613
4.16843,8.07411
4.05727,8.23311
3.98678,8.4316
3.97531,8.63138
4.06233,8.82215
4.04655,9.0147
4.06997,9.23699
3.99081,9.42432
3.8727,9.57602
3.70463,9.66617
3.82667,9.82468
3.93455,10.0057
3.93746,10.2017
3.80251,10.3485
3.74307,10.5536
3.74955,10.7626
3.78709,10.9602
3.90944,11.133
3.89465,11.3407
3.98664,11.5356
4.06069,11.7248
4.03307,11.9195
4.03055,12.1033
3.94964,12.3036
4.08261,12.4708
4.12251,12.676
4.12997,12.8813
4.18346,13.0695
4.14408,13.2623
4.06366,13.4611
3.97228,13.646
4.06896,13.8082
4.17811,13.9791
4.32689,14.1205
4.38415,14.3248
4.33317,14.5183
4.1877,14.6852
4.36241,14.8081
4.28072,14.9961
4.33203,15.1894
4.41705,15.3868
4.35437,15.5735
4.36145,15.7881
4.33427,15.9911
4.36041,16.1793
4.53378,16.2946
4.52964,16.517
4.52638,16.7307
4.34539,16.8462
4.50004,17.007
4.46179,17.2001
4.30546,17.3333
4.36304,17.5146
4.38081,17.7109
4.27786,17.9042
4.27263,18.1062
4.30178,18.307
4.27327,18.498
4.37427,18.6624
4.52204,18.7951
4.37474,18.9524
4.38774,19.1731
4.37665,19.3756
4.36056,19.5808
4.38605,19.7799
4.48803,19.9396
4.54918,20.1438
4.53049,20.336
4.59397,20.5295
4.63026,20.7364
4.64146,20.9397
4.70166,21.1207
4.74462,21.314
4.77817,21.5082
4.9622,21.6113
-4.98431,21.7943
4.95791,21.9798
4.84288,22.1466
4.75335,22.3376
4.71995,22.5272
4.55761,22.6511
4.62882,22.8428
4.76644,22.9853
4.7078,23.1831
4.71749,23.3851
4.6795,23.6087
4.70998,23.8032
4.74656,24.0011
4.69165,24.1967
4.55978,24.3503
4.61883,24.5414
4.60878,24.7481
4.64374,24.9518
4.69467,25.1464
4.65485,25.3608
4.6967,25.5584
4.76806,25.7303
4.76055,25.9451
4.97218,26.0087
-4.98405,26.2048
-4.98236,26.4088
4.89337,26.5769
4.99561,26.7351
-4.86756,26.8891
-4.95213,27.084
4.95639,27.2759
4.82251,27.4416
4.76934,27.6363
4.70908,27.8359
4.72892,28.0422
4.62962,28.2302
4.50131,28.4027
4.58928,28.5773
4.79112,28.6212
4.74347,28.8097
4.74689,29.0211
4.72504,29.2364
4.72385,29.4528
4.7389,29.6618
4.74276,29.8555
4.69025,30.0447
4.81592,30.1918
4.80901,30.4003
4.67498,30.5587
4.86414,30.6432
4.77596,30.8257
4.75432,31.0367
4.8233,31.2529
4.77829,31.461
4.77042,31.6587
4.7786,31.845
4.93714,31.9621
4.98701,32.1598
4.94288,32.3571
4.89101,32.5541
-4.9635,32.6893
-4.96386,32.8997
4.89687,33.0389
-4.90369,33.101
4.92674,33.2305
4.92068,33.4337
4.91773,33.6325
4.85302,33.8376
4.85793,34.0251
4.9143,34.2269
-4.87503,34.2615
-4.80522,34.4414
-4.81597,34.6453
-4.70027,34.7701
-4.78888,34.9694
-4.74177,35.1558
-4.82316,35.3488
-4.86663,35.5372
4.94277,35.6218
4.96274,35.8455
4.87211,36.0429
4.7913,36.2116
4.75398,36.4039
4.79908,36.6074
3.81077,0.272227
3.82012,0.478926
3.79989,0.669481
3.84871,0.870771
3.88432,1.05756
3.86237,1.2675
3.88968,1.46613
3.96,1.6672
3.94431,1.87822
3.89522,2.06119
3.97092,2.24996
3.99281,2.45007
4.01545,2.65317
4.18206,2.74185
4.17082,2.93523
4.03638,3.07735
4.09905,3.26281
4.23333,3.40543
4.26922,3.61382
4.34329,3.8086
4.34974,4.0108
4.35189,4.20731
4.42739,4.37889
4.44912,4.59601
4.51082,4.77236
4.439,4.95493
4.49108,5.15393
4.45475,5.34963
4.36728,5.55847
4.48058,5.71428
4.48666,5.91212
4.67057,6.01435
4.71334,6.20902
4.69885,6.40166
4.79348,6.58515
4.78378,6.79538
4.89522,6.97173
4.82773,7.16967
4.82915,7.38306
4.68054,7.51899
4.73836,7.71121
4.64011,7.87987
4.54254,8.04267
4.52135,8.25154
4.65461,8.39647
4.69664,8.59308
4.7041,8.79588
4.82108,8.96959
4.70052,9.13648
4.64264,9.33867
4.71002,9.52645
4.77193,9.70995
4.82432,9.90519
4.97489,10.0523
4.92523,10.2436
4.85112,10.4363
4.79659,10.6405
4.8106,10.8491
4.91058,11.0347
4.95619,11.2354
4.9412,11.459
4.7792,11.5869
4.69111,11.7893
4.7428,11.9799
4.76082,12.1731
4.75756,12.3832
4.63761,12.5375
4.72032,12.7193
4.82531,12.8792
4.85173,13.0745
4.93451,13.2638
4.96141,13.4585
-4.96548,13.648
-4.86595,13.8326
-4.7995,14.0309
-4.80981,14.2394
-4.98109,14.3263
-4.99949,14.5294
4.91271,14.7116
4.9956,14.9005
4.97824,15.1152
-4.97268,15.3089
-4.98309,15.5178
-4.97198,15.7171
-4.80845,15.8518
-4.73386,16.027
-4.75645,16.2186
-4.93304,16.3256
4.99652,16.5186
-4.93692,16.7335
4.96079,16.8994
4.80332,17.0224
4.83661,17.2325
4.98367,17.3829
-4.94519,17.5662
-4.94324,17.7747
-4.91796,17.9935
-4.86921,18.1847
-4.79964,18.4036
-4.68401,18.5632
-4.84905,18.7077
-4.91771,18.901
-4.80525,19.0634
-4.74472,19.2736
-4.71884,19.4861
-4.66559,19.6771
-4.85836,19.7069
-4.92355,19.9022
-4.87351,20.0992
-4.8695,20.31
-4.74383,20.4754
-4.93477,20.552
-4.78053,20.6612
-4.8039,20.8594
-4.72808,21.0506
-4.66826,21.2399
-4.7386,21.4349
-4.74284,21.6307
-4.65054,21.8097
-4.66974,22.0235
-4.64151,22.2249
-4.75069,22.394
-4.67043,22.5707
-4.68339,22.7759
-4.51985,22.8986
-4.43701,23.0865
-4.36647,23.2715
-4.50875,23.4209
-4.52318,23.6216
-4.46415,23.8166
-4.52881,24.0132
-4.56597,24.2149
-4.62434,24.4
-4.56246,24.6002
-4.49972,24.7854
-4.46975,24.9748
-4.43634,25.1729
-4.44498,25.3767
-4.44463,25.5879
-4.43613,25.7841
-4.4269,25.9799
-4.55401,26.1675
-4.61211,26.3641
-4.54827,26.5561
-4.58531,26.7522
-4.39072,26.7063
-4.31828,26.8895
-4.33519,27.0933
-4.16823,27.2143
-4.2006,27.4273
-4.10046,27.6074
-4.08061,27.8315
-4.18592,28.0112
-4.0912,28.1914
-4.09863,28.4086
-4.06932,28.631
-4.05088,28.8211
-3.96447,28.9955
-3.95376,29.1925
-3.98148,29.4122
-3.91726,29.611
-3.84098,29.8079
-3.72421,30.003
-3.64889,30.2064
-3.71714,30.3971
-3.67643,30.5942
-3.69048,30.7881
-3.73869,30.9843
-3.79167,31.1732
-3.92175,31.3217
-3.91309,31.5157
-3.84262,31.7011
-3.69805,31.8275
-3.6565,32.0294
-3.75447,32.1984
-3.9408,32.2909
-3.97001,32.49
-3.98693,32.7068
-4.02092,32.9255
-4.123,33.1127
-4.01205,33.2829
-4.09465,33.4597
-4.02134,33.6529
-4.17207,33.7871
-4.06981,33.9577
-4.12753,34.147
-3.94133,34.2519
-3.9492,34.4438
-4.0169,34.6439
-3.88974,34.8103
-3.93898,35.0156
-3.92607,35.2182
-3.75894,35.3564
-3.70288,35.5449
-3.70307,35.7558
-3.52899,35.8388
-3.48283,36.0493
-3.63436,36.1903
-3.60539,36.3896
-3.54662,36.5838
4.89481,0.342654
4.76579,0.497915
4.87127,0.669151
4.95757,0.849725
4.79261,0.964039
4.786,1.17623
4.92633,1.3098
4.81336,1.46996
4.8364,1.67545
4.8123,1.87822
4.83239,2.08378
4.68343,2.22601
4.65278,2.41002
4.48635,2.5162
4.63531,2.65465
4.77373,2.81827
4.92196,2.94605
4.82429,3.12398
4.91,3.29975
4.92525,3.49501
4.98629,3.69491
-4.91564,3.87889
-4.92804,4.0769
-4.87788,4.27825
-4.9724,4.44592
4.98903,4.64242
-4.85469,4.7571
-4.87161,4.96744
-4.95577,5.16588
4.95495,5.34726
4.93313,5.546
-4.98676,5.7145
4.89782,5.8823
-4.9465,6.03117
-4.78715,6.17136
-4.69363,6.35097
-4.5838,6.52846
-4.60718,6.73191
-4.54094,6.92302
-4.44165,7.1065
-4.52023,7.29974
-4.39066,7.459
-4.45055,7.65865
-4.52276,7.85277
-4.47808,8.04713
-4.43787,8.23655
-4.45506,8.44853
-4.45408,8.65731
-4.38017,8.83785
-4.41667,9.03434
-4.50986,9.20438
-4.63445,9.35676
-4.64049,9.55047
-4.53194,9.72099
-4.70938,9.83166
-4.66387,10.0436
-4.46975,10.027
-4.43338,10.224
-4.43949,10.4184
-4.33318,10.593
-4.37961,10.788
-4.39092,10.9806
-4.38485,11.1787
-4.49958,11.3662
-4.6222,11.5153
-4.67533,11.7229
-4.62219,11.9255
-4.58269,12.121
-4.66939,12.3275
-4.67341,12.538
-4.5031,12.6683
-4.50469,12.8737
-4.40866,13.04
-4.58727,13.1314
-4.55945,13.328
-4.54,13.5367
-4.51472,13.7431
-4.53426,13.9502
-4.42805,14.1162
-4.28484,14.2768
-4.39644,14.4517
-4.4373,14.6321
-4.39422,14.8317
-4.48386,15.0052
-4.57305,15.1889
-4.57237,15.3821
-4.37961,15.4023
-4.36613,15.6039
-4.18051,15.682
-4.09696,15.8765
-4.12992,16.0614
-4.10842,16.2698
-4.27233,16.4076
-4.1902,16.5996
-4.04148,16.7509
-4.08498,16.9621
-4.03153,17.1572
-4.02526,17.3558
-4.01342,17.5616
-4.01748,17.762
-4.08259,17.9455
-4.00474,18.1482
-4.12333,18.3142
-4.14778,18.5243
-4.08144,18.7071
-4.12646,18.9071
-4.23622,19.0866
-4.11083,19.2494
-4.09005,19.4494
-4.05657,19.6532
-4.09543,19.8492
-4.03869,20.0268
-4.03342,20.2341
-4.05354,20.4504
-4.19679,20.6027
-4.07487,20.7667
-4.13271,20.9483
-4.01846,21.1284
-3.96534,21.322
-3.95529,21.5332
-3.93447,21.7211
-3.95158,21.9229
-3.89796,22.1109
-3.79028,22.3075
-3.822,22.503
-3.87935,22.7073
-3.77812,22.8789
-3.81165,23.0948
-3.77289,23.291
-3.81468,23.4921
-3.84734,23.6888
-3.81671,23.8995
-3.69288,24.069
-3.74459,24.2499
-3.70612,24.4539
-3.71445,24.667
-3.56853,24.8233
-3.59235,25.0242
-3.57929,25.2301
-3.64825,25.4144
-3.62501,25.6213
-3.45173,25.7321
-3.38515,25.908
-3.48267,26.0967
-3.64084,26.2134
-3.68989,26.4277
-3.67213,26.6284
-3.70798,26.8293
-3.79123,27.0136
-3.76911,27.2083
-3.65629,27.3712
-3.74373,27.5591
-3.77797,27.764
-3.73568,27.9688
-3.67484,28.1605
-3.70772,28.351
-3.83569,28.5149
-3.7225,28.6775
-3.58877,28.8242
-3.54072,29.0147
-3.42119,29.16
-3.30964,29.3325
-3.2623,29.5526
-3.23805,29.7638
-3.2667,29.9587
-3.30535,30.1667
-3.41156,30.3532
-3.35068,30.5515
-3.27314,30.7349
-3.2158,30.9249
-3.27962,31.1093
-3.17379,31.3021
-3.2087,31.4946
-3.23444,31.6979
-3.24482,31.9086
-3.18114,32.0891
-3.09623,32.2884
-3.04973,32.4855
-3.01903,32.6709
-3.19664,32.7546
-3.16995,32.9547
-3.25112,33.133
-3.24644,33.3333
-3.38568,33.4993
-3.30499,33.6827
-3.32856,33.8729
-3.33349,34.0675
-3.15797,34.1707
-3.18067,34.3697
-3.00436,34.4714
-2.82726,34.5728
-2.91408,34.7624
-2.93273,34.9686
-2.81183,35.1379
-2.7216,35.3193
-2.70114,35.528
-2.51641,35.6129
-2.42025,35.8094
-2.2845,35.9675
-2.19876,36.1577
