2.47885,0.45151
2.48462,0.659396
2.61026,0.831417
2.59534,1.02757
2.52586,1.2069
2.42994,1.37193
2.45155,1.56878
2.41028,1.77133
2.36672,1.96398
2.34509,2.18216
2.30027,2.39252
2.46154,2.51015
2.39154,2.71351
2.3914,2.90559
2.47553,3.08312
2.40372,3.26299
2.54892,3.40151
2.65285,3.59369
2.49869,3.73603
2.56246,3.93939
2.47203,4.12099
2.40428,4.3182
2.43439,4.52061
2.35211,4.716
2.43986,4.89814
2.43665,5.11009
2.32382,5.29156
2.4951,5.40398
2.49531,5.59259
2.47692,5.80339
2.49174,6.00024
2.52393,6.21086
2.39703,6.37718
2.26576,6.52373
2.1654,6.68784
2.24937,6.86671
2.22158,7.08679
2.42517,7.16627
2.35,7.36244
2.45893,7.55812
2.3945,7.74088
2.52279,7.89652
2.61191,8.07298
2.69827,8.25649
2.60511,8.43603
2.5276,8.622
2.55343,8.80502
2.67408,8.97356
2.71363,9.15882
2.83488,9.32469
2.68192,9.47697
2.73285,9.65709
2.80008,9.84235
2.7979,10.0378
2.80229,10.2595
2.72383,10.4435
2.80818,10.6187
2.79311,10.8269
2.60409,10.7834
2.47779,10.9304
2.64275,11.0531
2.8381,11.0481
2.77689,11.2392
2.7614,11.4387
2.8623,11.6232
2.87775,11.8279
3.01135,11.9988
2.93167,12.1794
2.84576,12.3419
2.86747,12.5397
2.81525,12.7451
2.99877,12.8526
3.10362,13.0269
3.10392,13.2243
3.08951,13.439
3.09266,13.639
2.90669,13.7298
2.85911,13.9266
2.82073,14.1257
2.87311,14.3176
2.88726,14.5223
2.95534,14.7091
2.88883,14.9015
2.8807,15.1027
2.85184,15.3066
2.99565,15.444
3.06733,15.62
2.95665,15.819
2.89059,16.0096
2.79812,16.1856
2.87947,16.3714
2.79218,16.5599
2.74609,16.7707
2.68437,16.9744
2.85678,17.1028
2.79907,17.3109
2.90593,17.4735
2.86879,17.6712
2.87667,17.8751
2.74113,18.0322
2.82437,18.2261
2.71662,18.4252
2.75983,18.6095
2.70475,18.8001
2.55654,18.9405
2.7059,19.0894
2.82915,19.2346
2.95554,19.3923
2.75064,19.4757
2.76318,19.6966
2.71238,19.8771
2.78818,20.0735
2.7965,20.2639
2.7456,20.4523
2.6072,20.5914
2.54234,20.7914
2.59396,21.002
2.46188,21.1478
2.39969,21.3295
2.31214,21.5077
2.34225,21.6981
2.32609,21.882
2.23962,22.0407
2.2576,22.2402
2.28209,22.4329
2.46817,22.5447
2.46508,22.7421
2.50044,22.9379
2.40294,23.1339
2.39513,23.3477
2.54188,23.5023
2.68322,23.65
2.72471,23.858
2.78433,24.0351
2.75157,24.2471
2.91943,24.3617
2.91103,24.5632
2.79377,24.7361
2.75201,24.9501
2.84681,25.1274
2.76908,25.3144
2.83303,25.4933
2.75336,25.6724
2.704,25.8827
2.65503,26.0739
2.76571,26.2483
2.71076,26.4391
2.75205,26.6249
2.69108,26.8081
2.80674,26.9457
2.87546,27.1556
2.87919,27.3644
2.93681,27.5617
3.11351,27.6807
2.95181,27.7999
2.9251,28.0018
2.81099,28.1557
2.81499,28.3614
2.77312,28.5493
2.59256,28.6283
2.57619,28.8171
2.72122,28.9414
2.85106,29.0995
3.03901,29.1633
3.07772,29.3842
2.94484,29.5225
2.81147,29.676
2.96486,29.8269
2.89509,30.0079
2.86688,30.1986
2.932,30.3958
2.9566,30.5873
2.78763,30.6903
2.88248,30.8709
2.86369,31.0723
2.94519,31.2691
3.12856,31.3197
3.15695,31.5192
3.20657,31.7069
3.23959,31.906
3.35359,32.0776
3.34956,32.2825
3.20569,32.43
3.13276,32.6188
2.95125,32.7017
3.09166,32.8652
3.20302,33.0389
3.03142,33.1317
3.10751,33.3434
3.15303,33.5323
3.04672,33.7003
3.06899,33.8981
3.0114,34.1003
3.04144,34.3189
2.93118,34.4843
2.87151,34.6918
3.02322,34.8182
3.09295,35.0231
3.08366,35.221
3.08859,35.4112
-3.15001,0.0823159
-3.10697,0.288193
-2.97615,0.453716
-2.89433,0.639234
-3.08507,0.700124
-3.16991,0.893146
-3.17352,1.09468
-3.20892,1.29631
-3.11367,1.47262
-3.15291,1.65674
-3.22699,1.85668
-3.18188,2.06583
-3.04513,2.22658
-3.05946,2.43621
-3.10676,2.63594
-3.15858,2.83118
-3.07934,3.01191
-3.04956,3.22247
-3.00003,3.40505
-3.0299,3.60669
-3.13228,3.76553
-3.16528,3.96533
-2.99447,4.05701
-3.07303,4.24097
-3.09555,4.43536
-3.1107,4.64776
-3.1945,4.85107
-3.38148,4.92961
-3.48651,5.10563
-3.60458,5.26546
-3.63059,5.46189
-3.73764,5.64297
-3.68239,5.84811
-3.73418,6.06999
-3.63004,6.2434
-3.44373,6.34468
-3.36533,6.52596
-3.19696,6.62548
-3.272,6.82894
-3.29189,7.02684
-3.13896,7.17989
-3.08289,7.36328
-3.20074,7.54705
-3.21093,7.7406
-3.06373,7.89849
-3.01675,8.10709
-2.88936,8.27062
-2.88413,8.48082
-3.0503,8.60116
-3.11175,8.7999
-3.10761,9.02308
-3.20777,9.20147
-3.17859,9.40587
-3.20655,9.61414
-3.18411,9.82727
-3.15491,10.0404
-2.96213,10.1129
-2.95435,10.3112
-2.90228,10.5034
-2.87202,10.7119
-2.97014,10.8935
-2.83104,11.042
-2.8664,11.2551
-2.8847,11.461
-2.94782,11.6522
-2.92359,11.8682
-3.0338,12.0507
-3.00818,12.2468
-3.09841,12.4352
-3.00894,12.609
-2.95971,12.8172
-3.03173,13.007
-3.00118,13.2123
-3.08355,13.4062
-3.09203,13.6242
-3.11064,13.837
-3.13837,14.04
-3.08876,14.2418
-3.17972,14.4388
-3.25976,14.6353
-3.13041,14.7869
-3.09468,14.9829
-3.02252,15.1711
-2.91989,15.3569
-3.00147,15.5565
-3.00535,15.7563
-2.94419,15.9398
-2.97332,16.1364
-2.96707,16.3448
-3.05521,16.5396
-2.96571,16.7201
-2.85049,16.8868
-2.96238,17.0658
-3.06021,17.246
-2.93477,17.4058
-2.95302,17.5852
-2.83001,17.7547
-2.9275,17.9312
-2.76045,18.0334
-2.81269,18.2323
-2.85534,18.4168
-2.827,18.6197
-2.73023,18.8055
-2.55234,18.893
-2.41002,19.0436
-2.45868,19.2473
-2.33308,19.4241
-2.28031,19.6185
-2.38093,19.8009
-2.45038,19.9891
-2.35409,20.1821
-2.34533,20.3875
-2.40821,20.5779
-2.37702,20.7884
-2.26554,20.955
-2.38131,21.1176
-2.19874,21.2135
-2.20671,21.4171
-2.26203,21.614
-2.12622,21.7761
-1.99578,21.9345
-2.05085,22.1167
-2.02851,22.3178
-2.0585,22.5178
-1.99258,22.702
-1.963,22.9077
-2.03181,23.0999
-2.0056,23.3106
-2.1215,23.465
-2.06485,23.6577
-2.03947,23.8697
-1.98709,24.0828
-2.11188,24.2394
-1.9673,24.3892
-1.95758,24.5918
-1.86549,24.7689
-2.01041,24.9204
-2.06712,25.107
-2.24187,25.1865
-2.17678,25.3818
-2.21023,25.5839
-2.1107,25.7567
-2.10621,25.9712
-2.11929,26.1764
-2.13655,26.3717
-2.03216,26.5444
-1.97415,26.7498
-2.07245,26.9186
-2.16391,27.1063
-2.04791,27.2716
-2.01311,27.4713
-2.08748,27.6523
-2.14647,27.8386
-2.23138,28.0244
-2.17484,28.225
-2.13971,28.4329
-2.1184,28.6417
-2.2129,28.8322
-2.11449,29.0173
-2.16331,29.2202
-2.31643,29.349
-2.21552,29.5478
-2.37934,29.6756
-2.37385,29.8734
-2.19869,30.0025
-2.25932,30.211
-2.20221,30.4043
-2.09354,30.5925
-2.08592,30.8
-2.01985,30.9815
-1.99599,31.1761
-2.00184,31.3897
-1.969,31.5834
-2.13724,31.701
-2.19585,31.8981
-2.19628,32.1045
-2.04591,32.2452
-1.94571,32.4292
-1.79734,32.6089
-1.79928,32.8136
-1.79671,33.0184
-1.82818,33.2129
-1.8495,33.4067
-1.9287,33.5886
-1.93102,33.7821
-1.91927,33.9778
-1.97773,34.1896
-1.91845,34.388
-1.91131,34.596
-1.99105,34.7987
-2.0378,34.9867
-2.11957,35.1586
-2.14757,35.3786
-2.00937,35.5236
-1.90892,35.7104
-2.01233,35.8837
-2.02451,36.0936
-2.07414,36.2989
-1.96571,36.4789
-1.75759,36.5142
-2.44883,0.516157
-2.29975,0.654905
-2.35197,0.870391
-2.31218,1.07059
-2.40382,1.24626
-2.37356,1.44369
-2.19021,1.5175
-2.19034,1.71985
-2.10187,1.90029
-2.08916,2.12
-2.18376,2.30849
-2.14265,2.51178
-2.23221,2.69915
-2.18824,2.9094
-2.19073,3.11443
-2.27882,3.3044
-2.28604,3.50253
-2.3723,3.68855
-2.33196,3.88291
-2.4052,4.0776
-2.34867,4.26143
-2.2577,4.4578
-2.20039,4.65595
-2.09806,4.84037
-2.11427,5.04467
-2.22617,5.20811
-2.35481,5.36025
-2.5495,5.45155
-2.57426,5.66612
-2.56847,5.87164
-2.58919,6.06182
-2.66716,6.2441
-2.53898,6.42374
-2.32992,6.40064
-2.26587,6.57809
-2.22335,6.76101
-2.32994,6.92895
-2.42114,7.08773
-2.40257,7.28199
-2.33511,7.47854
-2.28302,7.6699
-2.2654,7.88308
-2.34545,8.06855
-2.43494,8.25456
-2.39162,8.45976
-2.30501,8.64655
-2.20242,8.82245
-2.14249,9.03261
-2.23447,9.20348
-2.41119,9.30711
-2.23595,9.43133
-2.08183,9.56366
-2.12281,9.76384
-2.22247,9.92233
-2.29121,10.117
-2.39561,10.3103
-2.46996,10.498
-2.55287,10.6732
-2.47906,10.8722
-2.53168,11.0915
-2.45548,11.2788
-2.56352,11.4515
-2.43122,11.6073
-2.36987,11.7939
-2.41997,11.9911
-2.39463,12.1927
-2.29964,12.3601
-2.184,12.5395
-2.05442,12.7048
-1.93102,12.8727
-2.09112,12.9831
-2.09035,13.1763
-1.95636,13.3278
-1.86493,13.5166
-1.94134,13.7116
-1.91534,13.9037
-2.11083,13.9884
-2.13621,14.1912
-2.12781,14.4045
-2.0773,14.5981
-2.04617,14.8216
-2.03111,15.0139
-2.05798,15.2061
-1.90712,15.3585
-1.8749,15.5555
-2.01781,15.6934
-1.94477,15.8731
-2.07373,16.0374
-2.21521,16.2024
-2.11449,16.3728
-2.13943,16.5771
-2.20455,16.7832
-2.17553,16.9945
-1.99039,17.0744
-1.90076,17.2507
-1.74831,17.3734
-1.72768,17.5708
-1.78899,17.7495
-1.92361,17.8916
-2.03398,18.0582
-1.99017,18.2665
-1.99553,18.4685
-2.10594,18.6383
-1.9302,18.7268
-1.81698,18.8999
-1.79051,19.0999
-1.93797,19.2399
-1.94375,19.4372
-1.84496,19.6139
-1.76905,19.8067
-1.77473,20.0048
-1.91643,20.1666
-1.99393,20.3603
-1.99221,20.562
-2.00499,20.7508
-2.05054,20.9468
-1.90914,21.0987
-1.7776,21.2646
-1.57226,21.3011
-1.6237,21.487
-1.63779,21.7079
-1.73993,21.8791
-1.77444,22.082
-1.75839,22.2784
-1.82274,22.4789
-1.72654,22.6681
-1.63977,22.8336
-1.73951,23.0093
-1.6454,23.1974
-1.57945,23.4035
-1.61795,23.5993
-1.50429,23.7879
-1.40687,23.9774
-1.51043,24.1474
-1.48026,24.3425
-1.49208,24.546
-1.58214,24.7257
-1.48893,24.9157
-1.3766,25.0896
-1.3948,25.2711
-1.37103,25.4654
-1.45167,25.6441
-1.46938,25.8388
-1.58533,26.0082
-1.52427,26.2171
-1.63034,26.3795
-1.50277,26.537
-1.63632,26.6881
-1.56961,26.8699
-1.55887,27.086
-1.4317,27.2357
-1.36506,27.4303
-1.42831,27.6075
-1.43717,27.8076
-1.50661,27.9873
-1.45823,28.2007
-1.47315,28.4146
-1.46165,28.6026
-1.53642,28.788
-1.45923,28.9878
-1.48998,29.1954
-1.51385,29.3917
-1.33299,29.4701
-1.47347,29.6295
-1.45877,29.8434
-1.27109,29.931
-1.23309,30.1421
-1.24982,30.3355
-1.30951,30.5374
-1.36631,30.7236
-1.29865,30.9266
-1.35964,31.1314
-1.34113,31.3382
-1.14376,31.3039
-1.13539,31.4981
-1.15238,31.6993
-1.19508,31.9006
-1.26794,32.0996
-1.44676,32.1704
-1.42539,32.3813
-1.5161,32.5618
-1.47323,32.7708
-1.37558,32.9527
-1.40615,33.148
-1.37682,33.3409
-1.42413,33.5374
-1.41549,33.755
-1.60319,33.8185
-1.57385,34.0162
-1.46407,34.1685
-1.41727,34.3712
-1.47784,34.5513
-1.46511,34.7532
-1.54492,34.9384
-1.4937,35.1377
-1.42285,35.345
-1.48546,35.5544
-1.42823,35.7346
-1.50924,35.9162
-1.35013,36.0581
-1.64414,0.284105
-1.60843,0.483028
-1.42802,0.55667
-1.6039,0.670281
-1.70869,0.83918
-1.70569,1.03973
-1.67105,1.23568
-1.60282,1.43784
-1.6185,1.63778
-1.59632,1.83324
-1.54522,2.02873
-1.54776,2.23062
-1.43553,2.39181
-1.52907,2.56606
-1.42921,2.72241
-1.54423,2.86407
-1.46097,3.03617
-1.40801,3.24315
-1.35919,3.45279
-1.19971,3.54916
-1.31529,3.70954
-1.41964,3.89372
-1.48384,4.07909
-1.65984,4.00486
-1.64765,4.19405
-1.68798,4.37795
-1.73129,4.58196
-1.61184,4.75296
-1.59998,4.97078
-1.71215,5.1322
-1.70791,5.34913
-1.7697,5.57255
-1.77004,5.77335
-1.79016,5.97871
-1.80533,6.18932
-1.77755,6.39295
-1.82318,6.59597
-1.85227,6.80697
-1.80284,6.99993
-1.66485,7.14435
-1.61112,7.34244
-1.6488,7.5217
-1.79996,7.67363
-1.83892,7.86141
-1.66306,7.9989
-1.63544,8.19004
-1.67041,8.39166
-1.85209,8.46422
-1.6943,8.60294
-1.71962,8.81045
-1.62565,8.99808
-1.61465,9.20387
-1.61719,9.40946
-1.49265,9.56967
-1.48249,9.77996
-1.45668,9.98114
-1.41246,10.1845
-1.48941,10.3686
-1.57562,10.5742
-1.51077,10.7616
-1.61466,10.9218
-1.66647,11.1346
-1.69777,11.3383
-1.61983,11.5305
-1.45838,11.6812
-1.52939,11.8594
-1.57594,12.0722
-1.64678,12.2472
-1.63114,12.4555
-1.47978,12.5913
-1.52987,12.7966
-1.4346,12.9563
-1.44243,13.1555
-1.38687,13.3574
-1.33,13.5632
-1.23368,13.7292
-1.32192,13.9093
-1.28461,14.1129
-1.31789,14.315
-1.25737,14.5013
-1.28673,14.7093
-1.38956,14.8943
-1.3648,15.0867
-1.28105,15.2698
-1.3227,15.4804
-1.21717,15.6718
-1.3447,15.8142
-1.28309,16.0012
-1.27054,16.2006
-1.33281,16.4128
-1.31939,16.6123
-1.47829,16.7414
-1.32862,16.8777
-1.13749,16.9305
-1.26742,17.0958
-1.24126,17.313
-1.11078,17.4795
-1.08898,17.6786
-1.02116,17.8942
-1.20108,17.9901
-1.26837,18.1826
-1.18839,18.3829
-1.20432,18.5777
-1.24589,18.7819
-1.06299,18.873
-1.12345,19.0853
-1.04724,19.2723
-1.0566,19.4638
-1.02403,19.6637
-1.12966,19.8452
-1.0508,20.0467
-1.03207,20.2449
-0.977717,20.4589
-0.83759,20.582
-0.742372,20.7625
-0.730618,20.9655
-0.614312,21.1285
-0.503826,21.2932
-0.668993,21.4436
-0.778359,21.6008
-0.723417,21.8037
-0.812491,21.9816
-0.886835,22.1688
-0.996419,22.3345
-1.12379,22.4831
-1.12044,22.6736
-1.09216,22.8739
-1.12959,23.0848
-1.2016,23.2825
-1.13215,23.4765
-0.997434,23.6253
-0.928767,23.8144
-0.948576,24.017
-0.957809,24.2339
-0.925239,24.4214
-0.796824,24.5765
-0.701354,24.7594
-0.817834,24.9174
-0.623904,24.997
-0.578552,25.1851
-0.67345,25.3765
-0.611453,25.5719
-0.695816,25.7404
-0.772194,25.9286
-0.786455,26.1376
-0.740579,26.3507
-0.846177,26.5468
-0.800554,26.7562
-0.812635,26.9661
-0.69213,27.1328
-0.672606,27.3405
-0.643918,27.5437
-0.691656,27.7528
-0.843739,27.8657
-0.913939,28.0404
-0.789299,28.2088
-0.899234,28.383
-0.791154,28.5514
-0.870466,28.7303
-0.819321,28.9197
-0.792961,29.1191
-0.793639,29.3144
-0.643992,29.4376
-0.673285,29.6545
-0.708836,29.8709
-0.797693,30.0503
-0.866207,30.254
-0.784615,30.433
-0.788912,30.6428
-0.755826,30.8486
-0.680959,31.0405
-0.627081,31.2364
-0.774656,31.4036
-0.830947,31.6084
-0.82449,31.8171
-0.810507,32.0314
-0.89757,32.1972
-0.909989,32.4015
-0.929785,32.6223
-0.982688,32.8144
-1.00188,33.0366
-0.993948,33.2494
-0.943049,33.4512
-0.811548,33.6049
-0.79945,33.8132
-0.800976,34.0256
-0.803386,34.2387
-0.886192,34.427
-1.00799,34.5707
-0.880533,34.7374
-0.830065,34.9387
-1.01969,35.0157
-1.16239,35.1579
-1.07558,35.3252
-1.04366,35.5195
-0.903716,35.6889
-0.743538,35.8167
-0.838869,36.0083
-0.960337,36.1881
-1.07616,36.3518
-0.819829,0.336946
-0.778243,0.541658
-0.949881,0.637806
-0.985251,0.858062
-0.951329,1.05213
-0.883636,1.22497
-0.992451,1.38782
-1.0883,1.56235
-1.22339,1.71747
-1.17797,1.91342
-1.07276,2.11679
-0.893781,2.1861
-0.777665,2.33709
-0.969288,2.44983
-1.11469,2.59124
-1.03143,2.76577
-1.01158,2.97199
-1.04905,3.17871
-1.07608,3.38404
-0.951638,3.54562
-1.00422,3.74003
-1.00627,3.96204
-1.06881,4.14919
-0.977386,4.33071
-0.84672,4.47316
-0.890495,4.68384
-0.931294,4.88209
-0.820603,5.04475
-1.00545,5.09123
-1.05676,5.29869
-1.22814,5.42083
-1.34311,5.61116
-1.30021,5.82079
-1.21189,6.01763
-1.22728,6.21268
-1.19874,6.4091
-1.1741,6.60462
-1.18545,6.82053
-1.04681,6.95263
-0.964404,7.13975
-0.798903,7.27856
-0.846933,7.47929
-0.770428,7.68458
-0.85785,7.86035
-0.7582,8.03509
-0.802044,8.22254
-0.681534,8.38938
-0.644987,8.59548
-0.667081,8.80077
-0.608,9.01078
-0.551762,9.2291
-0.716898,9.34072
-0.713549,9.54545
-0.615957,9.71698
-0.652392,9.92298
-0.696469,10.119
-0.686182,10.3096
-0.743192,10.49
-0.724183,10.704
-0.646653,10.8987
-0.743546,11.0893
-0.877548,11.2242
-0.911821,11.441
-0.860996,11.6275
-0.835785,11.8276
-0.728257,11.9931
-0.781874,12.1903
-0.969639,12.2592
-0.941666,12.4604
-0.963119,12.6564
-0.952876,12.8681
-0.87859,13.0604
-0.715324,13.1875
-0.727759,13.3886
-0.653741,13.5829
-0.866647,13.6422
-0.815045,13.8434
-0.855337,14.055
-0.70486,14.1927
-0.627473,14.3801
-0.722975,14.5724
-0.63562,14.7515
-0.578137,14.9488
-0.732215,15.074
-0.64824,15.2685
-0.627197,15.4742
-0.571103,15.6735
-0.479107,15.8421
-0.63886,15.9586
-0.800424,16.0959
-0.966497,16.2282
-0.850466,16.3994
-0.793508,16.586
-0.620316,16.6913
-0.689935,16.8983
-0.742832,17.0969
-0.705278,17.3173
-0.635925,17.5108
-0.555082,17.7025
-0.568338,17.9056
-0.527267,18.1084
-0.499369,18.3096
-0.465623,18.5122
-0.442964,18.7222
-0.435334,18.9242
-0.380592,19.125
-0.496191,19.3081
-0.431431,19.5117
-0.378181,19.7271
-0.254939,19.8783
-0.16737,20.0534
-0.341864,20.1443
-0.301868,20.3487
-0.33813,20.5485
-0.272877,20.7323
-0.303103,20.9443
-0.169901,21.095
-0.256621,21.2782
-0.252069,21.4897
-0.277635,21.681
-0.366311,21.8834
-0.394138,22.0888
-0.407098,22.2887
-0.457969,22.484
-0.365811,22.6706
-0.334148,22.8712
-0.179316,23.0017
-0.250481,23.2055
-0.272063,23.4121
-0.412787,23.5671
-0.336168,23.7549
-0.45972,23.9263
-0.415774,24.1275
-0.378875,24.3333
-0.288507,24.5082
-0.385197,24.6863
-0.325321,24.8879
-0.364625,25.0841
-0.271413,25.2516
-0.269019,25.4585
-0.394248,25.6123
-0.452606,25.8077
-0.439105,26.0083
-0.341134,26.1688
-0.326617,26.3637
-0.248422,26.5463
-0.465511,26.5713
-0.371404,26.7684
-0.284012,26.9416
-0.294067,27.1338
-0.120164,27.2281
-0.0628781,27.4201
-0.170968,27.5906
-0.173263,27.7912
-0.133866,27.9811
-0.0782112,28.1699
-0.0431432,28.3661
-0.189657,28.5038
-0.23384,28.703
-0.230806,28.9184
-0.236816,29.1177
-0.22454,29.319
-0.369871,29.4663
-0.270331,29.6448
-0.173861,29.8288
-0.28575,30.0085
-0.324203,30.2035
-0.294209,30.3944
-0.256972,30.5935
-0.272608,30.8127
-0.371851,30.9929
-0.46725,31.1598
-0.372987,31.3623
-0.411009,31.5629
-0.223474,31.6755
-0.243908,31.8836
-0.125079,32.043
-0.108744,32.2486
-0.15665,32.4389
-0.254508,32.6222
-0.27033,32.8172
-0.120256,32.9478
-0.268386,33.0896
-0.138605,33.2302
-0.298904,33.3882
-0.130254,33.5265
-0.0898578,33.7296
-0.28599,33.7609
-0.392049,33.9465
-0.35973,34.1378
-0.198032,34.2601
-0.333962,34.4198
-0.214788,34.5675
-0.224027,34.7724
-0.266816,34.9755
-0.215214,35.1765
-0.381381,35.2885
-0.394095,35.4996
-0.316121,35.6781
-0.191436,35.8431
-0.464414,0.354738
-0.449139,0.577699
-0.442405,0.776442
-0.41651,0.971342
-0.251086,1.07829
-0.255456,1.28336
-0.313619,1.46883
-0.26258,1.6571
-0.29681,1.84832
-0.226869,2.03958
-0.285836,2.22846
-0.34023,2.42572
-0.269387,2.6311
-0.303549,2.83616
-0.216946,3.03601
-0.0498,3.1315
-0.0824966,3.32918
-0.234664,3.46467
-0.17685,3.65788
-0.2828,3.83464
-0.313035,4.0322
-0.31925,4.25777
-0.240729,4.45845
-0.194263,4.66562
-0.105505,4.87436
-0.0996011,5.08662
-0.143636,5.293
-0.113247,5.50218
-0.185218,5.69313
-0.0736246,5.86151
-0.208357,6.00748
-0.103829,6.20076
-0.257616,6.33565
-0.22505,6.53601
-0.288659,6.73727
-0.417622,6.88224
-0.358045,7.06533
-0.372087,7.27124
-0.554076,7.3727
-0.597319,7.57515
-0.482621,7.74935
-0.410592,7.93412
-0.363785,8.13497
-0.455132,8.32134
-0.347181,8.48898
-0.253639,8.66045
-0.187761,8.83222
-0.129197,9.02947
-0.245459,9.19018
-0.111637,9.33279
-0.130491,9.52594
-0.180179,9.7185
-0.101875,9.89829
-0.244119,10.0456
-0.243838,10.2469
-0.335776,10.4159
-0.225865,10.5862
-0.246551,10.7944
-0.330458,10.9807
-0.153019,11.0651
-0.13447,11.2612
-0.217263,11.4601
-0.304965,11.636
-0.328104,11.84
-0.284986,12.0369
-0.3572,12.2309
-0.306244,12.4283
-0.21147,12.5947
-0.263481,12.7941
-0.213172,12.9963
-0.204445,13.1944
-0.18868,13.4007
-0.20941,13.6139
-0.114173,13.8118
-0.16898,14.0166
-0.0408897,14.1666
-0.0828367,14.3561
-0.109575,14.5492
-0.211463,14.7223
-0.249106,14.9158
-0.352081,15.0808
-0.227636,15.2405
-0.110481,15.4047
-0.0865937,15.6189
-0.168748,15.7967
-0.165746,15.9917
-0.212152,16.1994
-0.241564,16.4099
-0.179207,16.6011
-0.107776,16.803
-0.0898813,17.0057
-0.041676,17.2078
0.0355844,17.3954
0.142158,17.5755
-0.0768637,17.5812
-0.0565854,17.7852
-0.147021,17.9567
-0.0695033,18.1376
-0.153782,18.3218
0.0262054,18.4137
0.0497608,18.6155
0.0760088,18.8079
-0.0388542,18.9794
0.0163845,19.1572
-0.143322,19.2792
-0.150061,19.4925
-0.105845,19.7187
0.00286518,19.8876
0.108041,20.0836
0.146136,20.2947
0.120018,20.5017
0.0807095,20.6957
0.0962712,20.9024
0.0743076,21.0975
0.123029,21.3032
0.0990451,21.4947
0.155227,21.6895
0.0451158,21.8918
0.0645359,22.0924
0.100866,22.2956
0.123373,22.5008
0.106161,22.7062
0.22641,22.8924
0.289531,23.1026
0.194625,23.2795
0.155584,23.4786
0.0713963,23.6853
0.158424,23.8794
0.2867,24.0183
0.336781,24.2311
0.199074,24.3692
0.134976,24.5679
0.0454388,24.7593
0.11837,24.9529
0.0923421,25.1584
0.165817,25.3409
0.138425,25.5635
0.133823,25.7544
0.119748,25.9786
0.156462,26.1696
0.232348,26.3461
0.289539,26.5382
0.406745,26.7202
0.425699,26.9084
0.35559,27.0959
0.360324,27.304
0.404259,27.5145
0.427022,27.7172
0.314483,27.9011
0.382562,28.0837
0.358338,28.2807
0.287509,28.4656
0.325825,28.6627
0.240939,28.8366
0.174529,29.0513
0.0683817,29.2099
0.17041,29.3734
0.0654735,29.5335
-0.00646357,29.7255
0.00260626,29.939
0.0790871,30.1357
0.0185577,30.3419
-0.0145934,30.532
-0.0176908,30.7412
0.0921023,30.9202
0.0451336,31.1206
0.0275221,31.3316
0.102568,31.5122
0.137075,31.7066
0.0245168,31.9052
0.22504,31.909
0.17343,32.1041
0.164285,32.3071
0.093406,32.4812
0.000669158,32.6714
0.0979655,32.8584
0.0909509,33.083
0.182091,33.2685
0.0904833,33.449
0.116702,33.6535
0.0970078,33.8702
0.149983,34.0814
0.209976,34.2643
0.27064,34.4598
0.215874,34.6544
0.218722,34.8701
0.170052,35.0748
-0.0172264,35.1632
-0.0749246,35.3469
0.0568854,35.5147
0.169751,35.6861
0.223592,35.8838
0.135834,36.0704
0.266524,36.21
0.279351,36.4166
0.0896452,36.5144
0.124459,36.7267
0.00687246,36.9202
0.0244368,37.1186
-0.0448787,37.3046
-0.0567135,0.428396
0.123013,0.535299
0.121123,0.738244
0.237326,0.909303
0.323508,1.09915
0.270858,1.29578
0.226578,1.47716
0.179546,1.66203
0.168503,1.85668
-0.037902,1.91604
0.113912,2.04645
0.115093,2.25084
0.109181,2.44881
0.159435,2.65598
0.331213,2.77844
0.247798,2.96336
0.370036,3.11661
0.244227,3.30909
0.268911,3.49163
0.292081,3.70381
0.140314,3.83315
0.249922,4.01569
0.344153,4.20242
0.265008,4.38101
0.0938511,4.51666
0.168534,4.71831
0.235109,4.91069
0.243316,5.12087
0.169607,5.32088
0.0887186,5.52244
0.11099,5.73321
0.22788,5.88253
0.197882,6.07857
0.120657,6.27102
0.0487787,6.48155
0.0675528,6.69293
0.024704,6.89827
-0.0353234,7.10241
-0.0369238,7.29092
0.0580913,7.45093
-0.0893009,7.58584
-0.0487329,7.7852
-0.0108045,7.97354
0.0433957,8.17132
0.145557,8.34513
0.0164606,8.49473
0.153832,8.64781
0.0404491,8.81416
0.160118,9.00281
0.22453,9.196
0.3217,9.37049
0.326438,9.56515
0.271621,9.75648
0.345763,9.93364
0.279184,10.1422
0.316197,10.3304
0.359438,10.5169
0.36347,10.7309
0.528981,10.8409
0.374548,10.9971
0.269792,11.1738
0.247185,11.3845
0.0880672,11.5088
0.126021,11.6948
0.115717,11.9064
0.163491,12.1049
0.137182,12.2995
0.203652,12.4914
0.127193,12.6891
0.161005,12.8914
0.0809967,13.079
0.0700037,13.2688
0.0320935,13.4563
0.117965,13.6345
0.199688,13.8037
0.406135,13.8148
0.449862,14.0259
0.355056,14.1984
0.480444,14.3598
0.611471,14.5185
0.510739,14.7015
0.517825,14.8969
0.449544,15.0836
0.527223,15.2688
0.547254,15.4657
0.432056,15.6388
0.418759,15.8475
0.260679,15.9808
0.336723,16.1676
0.312201,16.3678
0.300505,16.5664
0.408031,16.7273
0.327863,16.9136
0.315474,17.1127
0.286365,17.3086
0.331109,17.5052
0.352139,17.7021
0.305951,17.9093
0.299078,18.1068
0.354237,18.2993
0.450361,18.4764
0.559255,18.6394
0.658018,18.8336
0.503276,18.958
0.519157,19.1673
0.494576,19.36
0.577526,19.5423
0.532867,19.7248
0.712661,19.8411
0.657249,20.0518
0.506133,20.2026
0.626003,20.3616
0.692834,20.5692
0.630415,20.7568
0.762497,20.9031
0.708188,21.1004
0.66691,21.3097
0.625817,21.5157
0.584462,21.7095
0.636835,21.9022
0.572697,22.0908
0.652026,22.2978
0.596101,22.504
0.670855,22.6905
0.605968,22.894
0.564013,23.0961
0.558974,23.3028
0.521684,23.5057
0.50524,23.717
0.594981,23.8951
0.638573,24.0983
0.738471,24.2749
0.862185,24.4386
0.805949,24.636
0.606796,24.7186
0.410106,24.8017
0.468825,24.9843
0.383142,25.1685
0.39735,25.3656
0.54057,25.5142
0.676557,25.6707
0.702257,25.8638
0.661245,26.0535
0.627659,26.2418
0.760444,26.3842
0.715778,26.5895
0.773951,26.7773
0.86658,26.9527
0.893928,27.1593
0.902001,27.3594
0.904158,27.5773
0.921601,27.797
0.838946,27.9956
0.876413,28.1861
0.855866,28.4128
0.832088,28.6094
0.754928,28.7875
0.721279,28.9898
0.703116,29.184
0.740279,29.3845
0.608658,29.5465
0.406244,29.6266
0.419056,29.8421
0.414449,30.0435
0.558945,30.2065
0.502145,30.4181
0.374527,30.5734
0.40271,30.7697
0.401194,30.9711
0.387425,31.1634
0.451104,31.3523
0.425446,31.5468
0.56542,31.695
0.373649,31.7657
0.420807,31.9804
0.433541,32.1781
0.501782,32.3528
0.430336,32.5519
0.418649,32.7501
0.402945,32.9624
0.44691,33.172
0.651025,33.1957
0.637193,33.399
0.513562,33.5519
0.456472,33.7568
0.498535,33.9601
0.626267,34.1278
0.611722,34.3365
0.552416,34.5358
0.640516,34.7091
0.545119,34.877
0.512441,35.0793
0.369692,35.2065
0.398063,35.4087
0.53924,35.5599
0.516096,35.7646
0.53096,35.9845
0.622789,36.1698
0.591196,36.3697
0.645392,36.5495
0.834498,0.367281
0.888017,0.565021
0.778907,0.718363
0.776497,0.918502
0.713434,1.1132
0.886571,1.19354
0.866913,1.38443
0.727355,1.5435
0.817127,1.71465
0.724167,1.89345
0.599446,2.06421
0.547376,2.25855
0.65666,2.41958
0.686278,2.61701
0.689804,2.82235
0.75307,3.03288
0.73874,3.22687
0.695961,3.41806
0.771425,3.61269
0.799413,3.81429
0.986213,3.74752
1.07252,3.9384
0.938338,4.09308
0.967417,4.27607
0.842018,4.41056
0.853577,4.6234
0.756036,4.81722
0.698905,5.00488
0.592243,5.16837
0.443712,5.3094
0.37959,5.50464
0.514222,5.62611
0.557678,5.81577
0.509577,6.01223
0.462836,6.21872
0.364061,6.41485
0.465919,6.60032
0.457721,6.79754
0.43391,7.00667
0.330145,7.1839
0.443419,7.35947
0.373316,7.55965
0.370713,7.7609
0.301193,7.93944
0.369061,8.14129
0.380221,8.33712
0.385825,8.53311
0.443323,8.7388
0.357629,8.92643
0.421125,9.12551
0.494778,9.30897
0.601344,9.46881
0.669247,9.65296
0.718827,9.85971
0.648941,10.0399
0.68425,10.2361
0.879212,10.3079
0.981396,10.4718
0.978124,10.6909
0.902578,10.8809
0.80708,11.0708
0.906553,11.2383
0.747068,11.3827
0.755023,11.5702
0.703117,11.7773
0.782821,11.9699
0.711707,12.1692
0.793468,12.3689
0.982602,12.4754
0.941076,12.6773
0.923637,12.9009
1.05413,13.0652
0.92331,13.2306
0.919748,13.434
1.04282,13.5878
1.00073,13.7919
1.07308,13.9834
1.06655,14.1838
0.948802,14.3521
1.00991,14.5578
1.023,14.7458
0.989704,14.9486
0.955411,15.1566
0.923066,15.3643
1.01956,15.5416
0.936092,15.7337
0.81032,15.9162
0.744017,16.1163
0.741947,16.3116
0.748854,16.522
0.61528,16.6719
0.676768,16.8553
0.716555,17.0511
0.624861,17.2266
0.734982,17.4015
0.844811,17.5685
0.827395,17.7655
0.993269,17.9015
1.1053,18.0543
1.07783,18.2423
1.01953,18.4342
1.19922,18.5208
1.13796,18.7052
1.18012,18.8925
1.20654,19.0969
1.1776,19.2917
1.17216,19.4953
1.07912,19.6731
1.01113,19.8572
0.874622,20.0072
0.939261,20.1994
0.90205,20.4028
0.953333,20.5995
0.991815,20.8076
1.04936,21.0004
1.08324,21.1979
1.13371,21.3904
1.04695,21.579
1.14076,21.77
1.24901,21.9447
1.17831,22.1438
1.01932,22.2667
1.03157,22.4746
0.937363,22.6461
0.912497,22.8356
0.953093,23.0264
1.06715,23.1821
1.14938,23.3614
1.18877,23.5739
1.191,23.7808
1.1189,23.9763
1.14759,24.1738
1.20015,24.3589
1.19176,24.5749
1.10676,24.7537
1.07413,24.959
0.906428,25.0658
0.827082,25.2495
0.982433,25.3703
0.94344,25.5789
1.01447,25.77
1.11397,25.9439
1.18443,26.1493
1.14554,26.3537
1.14709,26.5507
1.16858,26.7767
1.32562,26.892
1.3241,27.1022
1.23434,27.2847
1.16622,27.4703
1.15486,27.6697
1.15029,27.8617
1.1469,28.0514
1.34484,28.1193
1.25488,28.2892
1.3616,28.4608
1.52667,28.5856
1.43185,28.7754
1.41962,28.9766
1.40114,29.1852
1.49632,29.3753
1.42052,29.5653
1.41896,29.7564
1.35747,29.9585
1.23648,30.1209
1.12744,30.2889
0.99484,30.4793
0.849832,30.6075
0.773605,30.7954
0.953695,30.8712
0.992367,31.0711
0.914594,31.2718
0.827342,31.4582
0.975099,31.6044
0.922206,31.7755
0.892012,31.968
0.91422,32.1782
1.019,32.3355
0.972338,32.5373
1.01742,32.7548
0.951232,32.9533
0.938648,33.144
0.95717,33.3259
1.11778,33.4447
1.18356,33.6164
1.07085,33.7949
1.10321,33.9796
1.12644,34.183
1.22148,34.377
1.22279,34.5721
1.30521,34.7578
1.20015,34.9468
1.24005,35.1453
1.4006,35.2885
1.47086,35.4717
1.27196,35.4862
1.26818,35.7035
1.19422,35.8971
1.13519,36.0987
1.17979,36.2923
1.26401,0.190623
1.27382,0.395943
1.32531,0.598943
1.37928,0.791085
1.3211,0.98145
1.23032,1.16637
1.23221,1.36985
1.06632,1.46164
1.18746,1.61992
1.2122,1.8053
1.10461,1.97844
1.14559,2.18518
1.05054,2.36987
1.11312,2.55217
0.934909,2.63424
1.00125,2.82077
1.09386,2.99948
1.12754,3.18746
1.23343,3.36703
1.39719,3.48285
1.37897,3.68348
1.36119,3.8834
1.26465,4.07854
1.32206,4.2844
1.25815,4.47876
1.27774,4.67151
1.1135,4.79557
1.13639,4.97982
1.11111,5.17915
1.09457,5.37095
1.19201,5.57088
1.07795,5.73833
1.02752,5.93188
1.09692,6.12765
0.92588,6.23421
0.953121,6.44086
0.949399,6.65385
1.00155,6.8674
1.02742,7.0501
1.09397,7.22843
1.19592,7.42789
1.18726,7.62741
1.19389,7.83275
1.10848,8.02192
1.27322,8.14957
1.15893,8.32895
1.05266,8.51958
1.08715,8.71462
1.07107,8.91754
1.16758,9.09798
1.23867,9.28513
1.23133,9.48809
1.16954,9.6914
1.1487,9.88961
0.94609,9.88372
0.87071,10.0671
1.05447,10.1152
1.19328,10.2594
1.32431,10.41
1.20594,10.5762
1.27676,10.7557
1.41188,10.8883
1.30241,11.0477
1.40627,11.2208
1.43279,11.4431
1.46236,11.6404
1.51116,11.8451
1.40073,12.0378
1.46968,12.2249
1.54179,12.4082
1.45765,12.5929
1.49282,12.7958
1.56467,13.003
1.54173,13.2067
1.63957,13.3888
1.68782,13.5931
1.49894,13.5139
1.4516,13.7156
1.3644,13.8893
1.43556,14.077
1.45926,14.2762
1.32327,14.4359
1.24919,14.6318
1.27961,14.8338
1.3922,14.9951
1.39579,15.1932
1.33027,15.3808
1.30732,15.5865
1.49443,15.6725
1.41519,15.8686
1.55303,16.0217
1.41614,16.1761
1.2814,16.3057
1.23073,16.5138
1.14295,16.686
1.22443,16.8758
1.2296,17.0756
1.23558,17.2762
1.25858,17.4793
1.34338,17.6605
1.41924,17.8558
1.5124,18.0601
1.48129,18.2627
1.57698,18.4426
1.5103,18.6278
1.59129,18.8191
1.57777,19.0214
1.60493,19.2221
1.55542,19.4302
1.64454,19.6236
1.66492,19.8231
1.68577,20.0226
1.49336,20.0452
1.55138,20.2412
1.58321,20.4426
1.48879,20.6193
1.39919,20.7878
1.42438,20.9799
1.38602,21.1967
1.44515,21.3981
1.52731,21.5959
1.65921,21.7468
1.62672,21.942
1.59092,22.1352
1.52008,22.315
1.50885,22.5222
1.48161,22.738
1.46106,22.9356
1.66892,22.9655
1.74125,23.1483
1.75238,23.3501
1.65664,23.5376
1.49179,23.665
1.49252,23.8619
1.47896,24.0593
1.65825,24.1425
1.75145,24.317
1.67635,24.5013
1.67698,24.7022
1.61842,24.8894
1.63101,25.081
1.6759,25.2843
1.77098,25.4671
1.66579,25.6617
1.73379,25.8543
1.82546,26.0328
1.71482,26.2196
1.84572,26.3603
1.77224,26.5415
1.75117,26.7334
1.72694,26.9443
1.88369,27.0853
1.8875,27.2765
1.92712,27.4964
1.91321,27.6954
1.80958,27.8629
1.69285,28.0219
1.7981,28.203
1.7274,28.3942
1.87347,28.5472
1.8209,28.7582
1.80237,28.9661
1.77499,29.1632
1.91734,29.3092
1.83081,29.4989
1.73316,29.6894
1.63418,29.8564
1.66634,30.0745
1.75894,30.258
1.73685,30.4602
1.76658,30.6765
1.64274,30.8349
1.77582,31.0069
1.63593,31.153
1.71221,31.3437
1.82394,31.5209
1.70869,31.6923
1.60365,31.8621
1.41834,31.9953
1.43994,32.1898
1.49446,32.3816
1.53764,32.5699
1.61407,32.7492
1.62704,32.9523
1.74771,33.0975
1.79343,33.3015
1.82141,33.5021
1.93557,33.6783
2.00327,33.8724
2.11557,34.0504
2.14963,34.2531
2.11171,34.4436
2.15855,34.6328
2.27381,34.8025
2.18168,34.9847
2.12815,35.1734
2.24696,35.3391
2.17846,35.5205
2.0307,35.6642
2.03932,35.8618
1.39739,-0.0260715
1.45291,0.176355
1.53763,0.358735
1.65746,0.525931
1.63059,0.738655
1.65635,0.95207
1.61001,1.14866
1.70483,1.33056
1.74948,1.53506
1.85627,1.71113
1.9079,1.92165
2.0355,2.06982
2.04853,2.28056
1.89367,2.423
1.91882,2.62049
2.02716,2.80973
1.90885,2.9922
1.88389,3.18774
1.92908,3.38966
1.76505,3.52669
1.75351,3.71203
1.9313,3.78714
1.99125,3.98414
1.82104,4.08198
1.841,4.28905
1.73664,4.46782
1.73172,4.67165
1.55065,4.74959
1.58048,4.94471
1.52851,5.12888
1.48388,5.34346
1.48107,5.5428
1.43111,5.73729
1.36427,5.91369
1.32812,6.11676
1.44355,6.25963
1.58567,6.38673
1.60481,6.58818
1.54103,6.78032
1.53272,6.98039
1.70968,7.09504
1.76228,7.31601
1.65067,7.48751
1.63564,7.7015
1.68269,7.90927
1.57277,8.07274
1.55611,8.27118
1.68854,8.43825
1.80924,8.58893
1.74214,8.79146
1.61895,8.94883
1.65433,9.16617
1.78293,9.32069
1.65152,9.50042
1.4908,9.62534
1.4009,9.82459
1.40795,10.0178
1.59119,10.0739
1.71801,10.2373
1.71822,10.4506
1.77717,10.652
1.86314,10.8594
1.78493,11.0382
1.87899,11.2178
1.90479,11.4101
1.98743,11.5957
2.07926,11.7676
2.06585,11.9684
1.87632,11.8664
1.85789,12.0791
1.76073,12.2492
1.81463,12.4515
1.66008,12.5869
1.77752,12.7545
1.79516,12.9432
1.98199,13.0422
1.90775,13.2342
1.84364,13.4311
1.88948,13.6359
1.87272,13.8382
1.97132,14.0077
2.014,14.2117
2.02988,14.4156
2.18802,14.5509
2.12713,14.744
2.14678,14.945
2.20621,15.1337
2.2132,15.3362
2.04458,15.4793
1.86408,15.5161
1.83489,15.7059
2.02973,15.7215
2.00674,15.9311
1.82497,16.039
1.76774,16.2449
1.73106,16.4536
1.72931,16.6758
1.69052,16.8721
1.75321,17.0611
1.78363,17.2672
1.90651,17.4406
2.08574,17.5447
2.01747,17.741
1.88657,17.891
1.87298,18.0946
1.77172,18.2582
1.83101,18.4502
1.82536,18.6522
1.78509,18.8534
1.86111,19.0413
1.84721,19.2495
1.90794,19.4477
1.9561,19.6471
1.90619,19.8486
1.91729,20.049
1.943,20.2615
1.88059,20.46
1.7225,20.593
1.8089,20.7811
1.86546,20.9751
1.91039,21.1897
1.84825,21.3884
1.85972,21.5973
2.03563,21.6977
1.92907,21.8652
1.84874,22.0555
1.79326,22.2424
1.85856,22.4329
1.84977,22.6325
1.93898,22.8255
2.05832,22.991
2.18202,23.1417
2.09053,23.3244
2.1358,23.5124
2.14411,23.7033
2.11516,23.8895
2.03787,24.0736
2.06954,24.2833
1.95435,24.4373
1.90915,24.6264
1.85063,24.8152
2.04298,24.8848
1.93768,25.0601
2.03305,25.2383
2.09731,25.4213
2.16957,25.6181
2.26208,25.7928
2.16531,25.9777
2.00183,26.1071
2.15524,26.2613
2.29979,26.4158
2.44126,26.568
2.35032,26.7562
2.1835,26.8857
2.12653,27.0834
2.13098,27.2938
2.16833,27.4916
2.15363,27.7122
2.32259,27.8127
2.37285,28.0217
2.35608,28.2249
2.34394,28.4277
2.39352,28.6232
2.31795,28.8073
2.12312,28.8451
2.18351,29.0366
2.24703,29.2362
2.15878,29.4108
2.0692,29.5948
2.20734,29.7549
2.34702,29.9059
2.45727,30.0931
2.49105,30.2912
2.55785,30.4934
2.46282,30.6682
2.52799,30.857
2.58283,31.0507
2.63078,31.2486
2.45922,31.3293
2.36145,31.5046
2.33751,31.6946
2.24399,31.87
2.32437,32.0536
2.40469,32.2336
2.33633,32.4307
2.17477,32.5595
2.28661,32.7272
2.40774,32.8808
2.33157,33.0633
2.26271,33.2508
2.35142,33.4438
2.37228,33.6437
2.55615,33.7518
2.56964,33.9288
2.50431,34.138
2.57777,34.3173
2.55718,34.5239
2.54895,34.7104
2.6523,34.8747
2.5631,35.0515
