5.12785,0.421308
5.14766,0.643131
5.18173,0.842836
5.26464,1.04786
5.14756,1.23765
5.11279,1.44209
5.16001,1.6389
5.24587,1.84428
5.26097,2.05035
5.20046,2.25129
5.17195,2.45604
5.27672,2.61506
5.23565,2.81561
5.20456,3.01913
5.22276,3.2299
5.24506,3.4254
5.33351,3.60412
5.3307,3.79935
5.36992,3.99823
5.35324,4.20267
5.47778,4.38226
5.43859,4.5716
-5.43199,4.72805
5.45964,4.9008
-5.44466,5.07946
-5.45785,5.26189
-5.36701,5.43516
-5.40666,5.62139
-5.43886,5.82219
5.47298,6.00081
5.44478,6.20406
-5.46378,6.39008
-5.47792,6.59461
-5.47901,6.7829
-5.45834,6.98797
5.34777,7.04854
5.43572,7.22412
5.4303,7.41907
5.32544,7.57955
5.38149,7.79257
5.49235,7.95994
-5.48317,8.1629
5.48236,8.37068
-5.40017,8.52207
-5.22713,8.66087
-5.29442,8.85884
5.49722,8.89542
-5.3951,9.06705
5.49864,9.2286
-5.37784,9.37646
-5.35777,9.59418
-5.44002,9.76949
-5.37752,9.9804
-5.37843,10.2045
-5.45161,10.3953
5.4946,10.6048
-5.4603,10.7917
-5.33383,10.9502
-5.40883,11.1588
-5.3278,11.3342
-5.2067,11.5225
-5.01837,11.6288
-4.92319,11.8231
-4.85211,12.0121
-4.7382,12.1783
-4.88535,12.3233
-4.97238,12.5083
-4.79303,12.6033
-4.77815,12.82
-4.72656,13.0144
-4.66559,13.2062
-4.59312,13.3967
-4.50184,13.5712
-4.45516,13.7738
-4.47129,13.9704
-4.43999,14.1898
-4.37889,14.3898
-4.37782,14.5966
-4.49532,14.7831
-4.49067,15.0032
-4.56354,15.1854
-4.35556,15.1863
-4.28229,15.3832
-4.18878,15.5623
-4.27814,15.7528
-4.37668,15.9308
-4.53839,16.0655
-4.47594,16.2776
-4.59789,16.446
-4.55551,16.6459
-4.61528,16.8375
-4.7327,17.0124
-4.80418,17.1937
-4.79671,17.3936
-4.84422,17.5938
-4.73341,17.7576
-4.81178,17.9369
-4.70631,18.1093
-4.83987,18.25
-4.87126,18.4624
-4.773,18.6353
-4.7284,18.8256
-4.86987,18.9605
-4.87495,19.152
-4.84341,19.346
-4.94509,19.5325
-4.83093,19.6954
-4.74284,19.8659
-4.68768,20.0626
-4.61494,20.2398
-4.61687,20.4312
-4.52152,20.5936
-4.45726,20.7853
-4.62745,20.9052
-4.66111,21.0916
-4.6633,21.2878
-4.79733,21.455
-4.74715,21.6449
-4.77024,21.8587
-4.73858,22.0561
-4.83263,22.2254
-4.87533,22.429
-4.80781,22.6227
-4.85056,22.8266
-4.85143,23.0246
-4.90972,23.2242
-4.89112,23.4184
-4.85165,23.6206
-4.68041,23.7506
-4.75763,23.9451
-4.85445,24.1155
-4.87479,24.3253
-4.77305,24.5223
-4.8424,24.7215
-4.65042,24.7701
-4.75086,24.9595
-4.60917,25.113
-4.58833,25.3195
-4.46617,25.4825
-4.36107,25.6485
-4.22875,25.795
-4.14679,25.9776
-4.25271,26.1714
-4.30495,26.3701
-4.35734,26.5657
-4.47198,26.7366
-4.58122,26.9052
-4.64241,27.0958
-4.7655,27.2661
-4.58441,27.3599
-4.64284,27.561
-4.5237,27.7216
-4.40663,27.8797
-4.36025,28.075
-4.30571,28.2716
-4.47282,28.4041
-4.60136,28.5567
-4.41566,28.6018
-4.39639,28.8149
-4.36772,29.0218
-4.45104,29.2097
-4.24493,29.2474
-4.11786,29.4039
-4.07655,29.5904
-3.99906,29.7787
-4.01077,29.9772
-4.00074,30.1818
-4.05749,30.3695
-4.02548,30.562
-3.89116,30.7037
-3.8796,30.9247
-3.8714,31.1412
-3.89105,31.3436
-3.86964,31.5529
-4.03366,31.6443
-4.16927,31.8061
-4.01786,31.9175
-3.99927,32.1146
-3.97852,32.2963
-3.9667,32.5025
-3.94297,32.733
-3.93187,32.9585
-3.82845,33.128
-3.7498,33.3101
-3.77118,33.5129
-3.75415,33.7151
-3.59883,33.874
-3.77556,33.9786
-3.67874,34.1533
-3.66578,34.3514
-3.70637,34.5545
-3.62591,34.7327
-3.49026,34.8748
-3.3761,35.0419
-3.44065,35.2213
-3.50361,35.4294
-3.43395,35.6102
-3.5625,35.7794
-3.4662,35.9595
-3.43637,36.153
-5.12212,0.291344
-5.06689,0.488752
-5.071,0.686575
-5.01005,0.893046
-4.85989,1.02463
-4.77482,1.20948
-4.75075,1.41131
-4.68938,1.61168
-4.68171,1.81918
-4.51996,1.96644
-4.51536,2.16666
-4.45514,2.35914
-4.51328,2.54022
-4.42122,2.70235
-4.49218,2.89534
-4.55785,3.10271
-4.55257,3.31663
-4.58848,3.51754
-4.49947,3.70082
-4.58942,3.87902
-4.5735,4.08452
-4.60931,4.28152
-4.52281,4.46771
-4.67693,4.60821
-4.6269,4.79572
-4.73077,4.97519
-4.61986,5.15096
-4.5646,5.35481
-4.55682,5.55322
-4.57275,5.76937
-4.43679,5.90279
-4.4785,6.10486
-4.43242,6.30759
-4.29074,6.46486
-4.3985,6.60343
-4.49003,6.78425
-4.45246,6.99825
-4.36855,7.1977
-4.36941,7.39213
-4.43665,7.5788
-4.46178,7.79093
-4.49577,7.97112
-4.36212,8.10947
-4.3439,8.30346
-4.42446,8.49749
-4.36761,8.68299
-4.27641,8.85505
-4.44779,8.95913
-4.40984,9.15383
-4.30555,9.30666
-4.4188,9.46921
-4.56668,9.60455
-4.42955,9.75457
-4.32209,9.9246
-4.39402,10.1106
-4.45806,10.2925
-4.45257,10.5037
-4.41495,10.7155
-4.49125,10.9135
-4.59993,11.0674
-4.41372,11.1498
-4.33423,11.332
-4.17425,11.4477
-4.21726,11.6626
-4.22404,11.8566
-4.0832,11.9964
-4.24466,12.112
-4.20861,12.3001
-4.19199,12.5101
-4.23068,12.7288
-4.02798,12.7257
-4.08927,12.9318
-4.0421,13.1285
-4.18604,13.2545
-4.05583,13.4064
-4.14204,13.6006
-4.05865,13.7934
-4.12283,13.9851
-4.18341,14.1811
-4.15703,14.3788
-4.07297,14.5676
-4.01267,14.7695
-3.93318,14.9529
-3.94843,15.1446
-3.90198,15.3515
-4.00056,15.5195
-4.00771,15.7176
-4.06594,15.9182
-4.14095,16.1017
-4.0955,16.3007
-4.01477,16.4765
-3.8496,16.5992
-3.87404,16.7976
-3.95214,16.9877
-3.89502,17.1823
-4.05451,17.3018
-4.061,17.5114
-4.07389,17.7368
-4.07496,17.9415
-4.0535,18.1437
-4.07004,18.3387
-4.08821,18.5519
-4.08301,18.7517
-4.08475,18.9821
-4.12431,19.1805
-4.11462,19.3741
-4.03937,19.5587
-4.06475,19.7519
-4.21515,19.8727
-4.35583,20.0091
-4.22275,20.1615
-4.20232,20.3572
-4.05425,20.4936
-4.00595,20.6885
-4.16918,20.7969
-4.00951,20.9396
-3.96549,21.1394
-3.87883,21.3236
-3.72103,21.4675
-3.74155,21.6719
-3.858,21.8309
-3.99096,21.9631
-4.16283,22.0924
-3.99997,22.202
-3.99937,22.3938
-3.82876,22.5042
-3.94436,22.6577
-3.84542,22.826
-3.87465,23.0234
-3.93044,23.2197
-3.89015,23.4016
-3.88977,23.6177
-3.87159,23.8178
-3.88316,24.0334
-3.76951,24.1963
-3.73923,24.3969
-3.84405,24.5817
-3.74857,24.7724
-3.65174,24.9485
-3.68213,25.1511
-3.63255,25.3633
-3.58116,25.5551
-3.61829,25.7532
-3.62858,25.9475
-3.68384,26.1391
-3.75599,26.3221
-3.74119,26.5202
-3.69954,26.7345
-3.70287,26.9336
-3.64159,27.1332
-3.61642,27.3401
-3.6643,27.5496
-3.7266,27.7468
-3.74158,27.9352
-3.72601,28.138
-3.72794,28.328
-3.76215,28.5248
-3.86619,28.6971
-3.89956,28.8961
-3.82162,29.0935
-3.68777,29.2437
-3.73787,29.4393
-3.64775,29.6207
-3.60339,29.8105
-3.62376,30.0192
-3.69016,30.2108
-3.73016,30.4173
-3.64386,30.5921
-3.70037,30.7992
-3.66421,31.0017
-3.67628,31.1987
-3.66932,31.4131
-3.59572,31.6031
-3.66295,31.7844
-3.62285,31.9864
-3.56646,32.1738
-3.52353,32.3712
-3.36612,32.4826
-3.48566,32.6443
-3.42287,32.8455
-3.51364,33.0125
-3.50558,33.2181
-3.41632,33.4068
-3.33473,33.5784
-3.28745,33.7638
-3.2849,33.9698
-3.21563,34.1645
-3.27527,34.3547
-3.29441,34.5628
-3.18227,34.7246
-3.12923,34.9251
-3.00805,35.0761
-2.97003,35.2901
-3.07208,35.4671
-3.09336,35.6598
-3.05208,35.8518
-2.97407,36.048
-2.90026,36.2519
-2.96322,36.4583
-2.98815,36.662
-4.28035,0.463865
-4.24044,0.658677
-4.19997,0.8657
-4.18434,1.06194
-4.20373,1.24529
-4.10523,1.41582
-4.1516,1.62391
-4.19022,1.82253
-4.09364,2.00413
-3.91365,2.09358
-3.92913,2.31123
-4.00148,2.50582
-3.95135,2.70447
-4.01954,2.89782
-3.97196,3.08897
-3.97304,3.29069
-4.0173,3.48997
-3.91524,3.64811
-3.91601,3.85793
-3.8132,4.0487
-3.68249,4.22638
-3.63853,4.41748
-3.7215,4.58981
-3.7937,4.78239
-3.63707,4.91875
-3.46405,5.04947
-3.6467,5.1366
-3.61153,5.34431
-3.73646,5.52142
-3.55102,5.6201
-3.64731,5.79396
-3.58053,5.97967
-3.64768,6.16535
-3.69698,6.36476
-3.64651,6.54824
-3.74619,6.74326
-3.82449,6.9481
-3.8152,7.15775
-3.73926,7.33664
-3.82341,7.52786
-3.69123,7.69748
-3.65049,7.89625
-3.80809,8.03624
-3.73654,8.22441
-3.79694,8.41846
-3.70976,8.59314
-3.61608,8.77705
-3.66882,8.9882
-3.60785,9.19236
-3.56801,9.41854
-3.50229,9.59709
-3.48172,9.80685
-3.35736,9.9585
-3.44742,10.1538
-3.45942,10.3543
-3.50071,10.5479
-3.32235,10.6009
-3.3052,10.7986
-3.47998,10.9298
-3.49949,11.121
-3.47469,11.3117
-3.44953,11.5216
-3.38429,11.7123
-3.50407,11.9
-3.65568,12.0524
-3.65983,12.2556
-3.5393,12.4207
-3.61476,12.6055
-3.71835,12.7766
-3.69377,12.9748
-3.79084,13.1405
-3.83916,13.335
-3.79449,13.5413
-3.72563,13.7248
-3.77461,13.909
-3.73632,14.1175
-3.85683,14.2829
-3.82366,14.4915
-3.68892,14.6617
-3.6581,14.8494
-3.71129,15.0567
-3.72092,15.2566
-3.72782,15.453
-3.70265,15.6727
-3.65807,15.8679
-3.58324,16.0724
-3.51888,16.2639
-3.56996,16.4671
-3.4734,16.6387
-3.46473,16.84
-3.3764,17.0356
-3.56679,17.1161
-3.49238,17.3363
-3.48627,17.5402
-3.45074,17.7371
-3.59594,17.8689
-3.52842,18.079
-3.57533,18.2749
-3.65388,18.4771
-3.70813,18.6864
-3.67715,18.896
-3.79609,19.0801
-3.91933,19.2583
-3.76376,19.4123
-3.67299,19.6087
-3.68508,19.7909
-3.70068,20.0035
-3.82765,20.1604
-3.77376,20.3516
-3.66815,20.5299
-3.63016,20.7542
-3.48225,20.9048
-3.40188,21.0735
-3.3054,21.2519
-3.37481,21.4555
-3.38914,21.6459
-3.28511,21.8094
-3.36621,22.0015
-3.55797,22.0997
-3.44233,22.2694
-3.44421,22.484
-3.36328,22.6665
-3.36748,22.861
-3.22781,23.0167
-3.13953,23.1962
-3.28862,23.3133
-3.40262,23.4887
-3.47187,23.6795
-3.50905,23.874
-3.56273,24.072
-3.49972,24.2731
-3.48958,24.4865
-3.39936,24.682
-3.26286,24.827
-3.3462,25.0079
-3.44775,25.1759
-3.44694,25.3766
-3.36072,25.5532
-3.41377,25.763
-3.40488,25.9846
-3.27259,26.1453
-3.34728,26.3408
-3.34078,26.5372
-3.17956,26.6797
-3.3157,26.8488
-3.29025,27.0732
-3.1783,27.2563
-3.30024,27.3985
-3.22002,27.5861
-3.33117,27.7544
-3.51146,27.8523
-3.52408,28.0448
-3.36807,28.1863
-3.27883,28.3563
-3.32374,28.5486
-3.34916,28.7422
-3.21958,28.8689
-3.33316,29.0215
-3.33091,29.2239
-3.33941,29.429
-3.27054,29.6151
-3.35347,29.7937
-3.41353,29.9926
-3.19602,30.0011
-3.24352,30.1917
-3.28993,30.3814
-3.10027,30.442
-2.96252,30.5787
-2.92077,30.7651
-2.94734,30.9717
-3.12996,31.0347
-3.2168,31.2314
-3.18084,31.4238
-3.17162,31.6339
-3.22318,31.8428
-3.05777,31.9765
-3.11971,32.1674
-3.04374,32.3684
-3.06528,32.5676
-3.04148,32.7761
-3.00447,32.9832
-2.87701,33.1505
-2.8855,33.345
-2.78263,33.5242
-2.72579,33.7179
-2.68733,33.9186
-2.66019,34.1229
-2.63297,34.3176
-2.74353,34.4816
-2.6936,34.6878
-2.64214,34.887
-2.66357,35.0956
-2.55166,35.2529
-2.50763,35.4492
-2.43097,35.6408
-2.58883,35.7686
-2.53284,35.9715
-2.64197,36.1373
-2.56371,36.3369
-2.67389,36.4921
-4.05623,0.555029
-3.97102,0.742671
-3.99656,0.945167
-3.92969,1.13659
-3.87655,1.34572
-3.732,1.47771
-3.64559,1.65858
-3.67469,1.86824
-3.60895,2.06527
-3.65106,2.28444
-3.69716,2.48882
-3.68823,2.69001
-3.77199,2.8633
-3.76251,3.06859
-3.72944,3.26547
-3.69222,3.48991
-3.63311,3.68121
-3.60415,3.88017
-3.40569,3.91489
-3.31715,4.07945
-3.36117,4.28764
-3.21786,4.40733
-3.09901,4.56922
-3.20909,4.74231
-3.2133,4.9474
-3.28294,5.14289
-3.17209,5.30162
-3.22219,5.50852
-3.3149,5.68426
-3.21834,5.85502
-3.27991,6.04571
-3.22474,6.23545
-3.36968,6.36708
-3.31802,6.56998
-3.23338,6.76151
-3.13673,6.92219
-3.10261,7.13024
-3.14706,7.33399
-3.28522,7.20618
-3.35635,7.39712
-3.40271,7.58605
-3.33929,7.76915
-3.30215,7.96775
-3.25166,8.15227
-3.22232,8.34816
-3.17773,8.55277
-3.22958,8.7447
-3.26873,8.9464
-3.33663,9.1454
-3.20122,9.32544
-3.16791,9.52163
-3.14979,9.73101
-3.10717,9.92599
-3.06422,10.1161
-3.22471,10.2111
-3.09376,10.3769
-3.11683,10.5829
-3.02371,10.7656
-2.97044,10.9641
-2.87212,11.1367
-2.99052,11.3068
-2.88372,11.4675
-3.00679,11.6268
-3.01414,11.8193
-3.15549,11.9611
-3.13028,12.1828
-3.22482,12.3614
-3.2455,12.5878
-3.29132,12.7851
-3.29684,12.996
-3.27076,13.1956
-3.2014,13.3926
-3.32389,13.5721
-3.13477,13.6511
-3.05038,13.8253
-3.09122,14.0095
-3.12158,14.1911
-3.27605,14.3179
-3.18812,14.4967
-3.28885,14.6843
-3.23651,14.8773
-3.22213,15.0936
-3.26117,15.2923
-3.35981,15.4667
-3.36473,15.6711
-3.3657,15.869
-3.25227,16.0599
-3.17993,16.2491
-3.17154,16.4523
-3.15124,16.6548
-3.19083,16.8663
-3.15551,17.0611
-3.27096,17.2427
-3.2675,17.4688
-3.11737,17.6235
-3.10476,17.8232
-3.07887,18.0374
-2.99705,18.2283
-2.95654,18.4342
-2.8387,18.602
-2.71545,18.7507
-2.86445,18.8642
-2.92921,19.0699
-2.80818,19.2232
-2.96382,19.3348
-3.04458,19.5282
-3.05183,19.726
-2.85721,19.7224
-2.95156,19.9087
-2.94436,20.1109
-2.92808,20.311
-2.9699,20.5068
-2.81846,20.6536
-2.81198,20.8656
-2.788,21.0795
-2.77578,21.2813
-2.97418,21.3389
-2.89179,21.5195
-3.02574,21.6724
-3.08511,21.863
-3.08547,22.0656
-3.15319,22.2594
-3.12432,22.475
-3.04883,22.7064
-2.92103,22.8902
-2.92383,23.0868
-2.88528,23.294
-2.83034,23.4782
-2.95775,23.6239
-3.10889,23.7563
-3.18341,23.9428
-3.15184,24.1537
-3.18539,24.3611
-3.02749,24.5013
-3.14151,24.6715
-3.08061,24.8631
-3.02138,25.051
-2.94638,25.2577
-3.02536,25.4382
-2.99119,25.6367
-2.9914,25.8242
-2.9582,26.0332
-2.91653,26.2423
-2.88228,26.4502
-2.90959,26.657
-2.8982,26.8459
-2.8615,27.0491
-2.83809,27.2398
-2.93834,27.4137
-2.99309,27.6049
-3.0906,27.7901
-3.03254,27.9727
-2.88267,28.1265
-2.77594,28.2969
-2.75999,28.4953
-2.86887,28.6787
-2.82804,28.8797
-2.89912,29.0598
-2.9427,29.2704
-2.87239,29.4542
-2.69052,29.5633
-2.69414,29.7637
-2.62926,29.9579
-2.64856,30.1635
-2.51788,30.2999
-2.55507,30.5042
-2.6767,30.6572
-2.65397,30.8743
-2.71633,31.0762
-2.88226,31.1876
-2.82214,31.3873
-2.65426,31.4791
-2.59905,31.6861
-2.45272,31.8053
-2.28674,31.9233
-2.47331,32.0453
-2.4695,32.2456
-2.32499,32.4027
-2.33682,32.5987
-2.40392,32.7774
-2.29721,32.9653
-2.29428,33.1764
-2.24474,33.3634
-2.34097,33.5547
-2.2901,33.7602
-2.27587,33.9632
-2.12115,34.0995
-2.14014,34.3023
-2.23617,34.5008
-2.28798,34.7002
-2.33031,34.895
-2.15231,34.9943
-2.27632,35.1705
-2.199,35.354
-2.21387,35.5663
-2.03822,35.6675
-1.96519,35.846
-1.89005,36.0382
-1.78617,36.2149
-1.81001,36.4211
-3.79631,0.319066
-3.73168,0.506335
-3.53192,0.513234
-3.5945,0.700635
-3.43694,0.801348
-3.47629,0.991052
-3.45844,1.19932
-3.3314,1.33395
-3.42995,1.5097
-3.25374,1.61187
-3.28322,1.80655
-3.20938,1.9982
-3.11975,2.17508
-3.08326,2.39169
-3.19905,2.55554
-3.24609,2.75944
-3.20307,2.97443
-3.18448,3.18108
-3.03437,3.34547
-2.81177,3.3628
-2.75145,3.54499
-2.92492,3.65394
-2.92194,3.84683
-2.7585,3.75665
-2.64283,3.93522
-2.58555,4.13772
-2.6576,4.3129
-2.76007,4.49815
-2.84594,4.68513
-2.8222,4.88123
-2.91503,5.05518
-2.76168,5.17466
-2.73133,5.37059
-2.84843,5.54023
-2.80351,5.73529
-2.72848,5.92722
-2.80501,6.12909
-2.77745,6.33127
-2.71611,6.54923
-2.75063,6.75318
-2.88009,6.91039
-2.76262,7.07019
-2.68859,7.26989
-2.57239,7.42371
-2.55714,7.63536
-2.52432,7.83201
-2.50365,8.0295
-2.60905,8.21875
-2.61225,8.41909
-2.70638,8.59412
-2.68446,8.78056
-2.83881,8.9126
-2.90409,9.0939
-2.78757,9.26944
-2.85313,9.47191
-2.92866,9.66595
-2.85331,9.85184
-2.82284,10.0478
-2.727,10.2423
-2.64877,10.4296
-2.67894,10.6291
-2.71956,10.838
-2.61577,11.0131
-2.64907,11.2173
-2.65707,11.4223
-2.56601,11.592
-2.55634,11.8013
-2.60293,12.0037
-2.51266,12.2008
-2.47895,12.4022
-2.52433,12.6142
-2.54874,12.829
-2.58585,13.0389
-2.47393,13.194
-2.43281,13.3896
-2.40356,13.5828
-2.46643,13.7842
-2.48807,13.9784
-2.59398,14.1644
-2.6092,14.3691
-2.6786,14.5665
-2.59805,14.7411
-2.43917,14.8728
-2.5222,15.0527
-2.55557,15.2555
-2.6684,15.4381
-2.63771,15.6442
-2.78197,15.7831
-2.98003,15.8606
-3.00634,16.0623
-2.8957,16.2251
-2.77042,16.3955
-2.64575,16.5549
-2.67006,16.7486
-2.72322,16.9448
-2.75503,17.1329
-2.72589,17.3319
-2.5996,17.4747
-2.56311,17.6758
-2.56096,17.8738
-2.48789,18.0516
-2.43051,18.2598
-2.43614,18.457
-2.37424,18.6552
-2.2829,18.8361
-2.19081,19.0085
-2.37688,19.0216
-2.47683,19.2018
-2.46307,19.4026
-2.47243,19.6113
-2.52057,19.8084
-2.41448,19.9866
-2.61766,20.0519
-2.45552,20.17
-2.36655,20.3507
-2.37394,20.5602
-2.41474,20.7751
-2.47581,20.956
-2.49902,21.1528
-2.51211,21.3621
-2.33139,21.4694
-2.46678,21.6166
-2.46714,21.8167
-2.51219,22.0236
-2.45557,22.2136
-2.45017,22.4134
-2.55381,22.6017
-2.52538,22.7981
-2.54387,23.0067
-2.54536,23.2001
-2.59346,23.4025
-2.54204,23.598
-2.45788,23.7909
-2.48009,23.9841
-2.51399,24.1864
-2.55493,24.3704
-2.58711,24.5672
-2.62542,24.7732
-2.52393,24.9609
-2.6094,25.1538
-2.56702,25.3521
-2.51947,25.552
-2.67219,25.6673
-2.71801,25.8632
-2.5435,25.9792
-2.48036,26.1666
-2.43517,26.3722
-2.27731,26.5168
-2.11107,26.6325
-2.04328,26.8214
-2.04675,27.0325
-2.06907,27.2563
-2.15798,27.4423
-2.27737,27.5996
-2.39105,27.7439
-2.46179,27.9352
-2.35306,28.0899
-2.43731,28.2601
-2.37524,28.4482
-2.3791,28.645
-2.51761,28.798
-2.53721,29.0011
-2.55441,29.2141
-2.42394,29.3704
-2.24535,29.4451
-2.25674,29.6514
-2.33232,29.8268
-2.20462,29.991
-2.10038,30.1753
-2.02147,30.3713
-1.89053,30.5313
-1.89372,30.7329
-1.92967,30.9361
-1.93853,31.1398
-1.9981,31.3321
-1.87106,31.4931
-1.87751,31.6919
-2.04397,31.7798
-2.0139,31.9779
-1.87194,32.0994
-1.78532,32.281
-1.65315,32.4368
-1.6893,32.6366
-1.68642,32.8488
-1.6574,33.0723
-1.51599,33.2179
-1.55372,33.4391
-1.56292,33.6575
-1.60754,33.8521
-1.64905,34.0389
-1.60278,34.2275
-1.50076,34.4003
-1.53046,34.5926
-1.52877,34.793
-1.55828,35.0012
-1.64903,35.1856
-1.47436,35.3081
-1.58318,35.4889
-1.65469,35.6702
-1.60217,35.8635
-2.83757,0.220989
-2.84481,0.40575
-2.80666,0.596184
-2.68867,0.758305
-2.68206,0.966187
-2.65641,1.18485
-2.54325,1.33918
-2.45987,1.53821
-2.46923,1.73324
-2.44611,1.93613
-2.62009,2.03253
-2.54079,2.21987
-2.6656,2.38174
-2.49997,2.525
-2.56112,2.7192
-2.65243,2.89783
-2.56556,3.0639
-2.36321,3.09676
-2.37765,3.30594
-2.41806,3.50893
-2.42482,3.70076
-2.31848,3.86558
-2.24816,4.05595
-2.25449,4.26091
-2.19089,4.46052
-2.33889,4.59845
-2.34849,4.79911
-2.27739,5.01398
-2.1992,5.19272
-2.27993,5.37857
-2.33565,5.56847
-2.3065,5.76894
-2.30073,5.95821
-2.34939,6.13985
-2.39221,6.33785
-2.3556,6.52702
-2.24377,6.69211
-2.36759,6.85959
-2.27247,7.04586
-2.30326,7.23986
-2.24193,7.42181
-2.25241,7.63297
-2.19849,7.82912
-2.27236,8.01821
-2.29367,8.23304
-2.15013,8.37761
-2.22597,8.56884
-2.268,8.77336
-2.40872,8.91583
-2.51235,9.08194
-2.57812,9.27633
-2.56874,9.47446
-2.466,9.63011
-2.27175,9.7178
-2.35209,9.89814
-2.39326,10.1064
-2.40096,10.3102
-2.428,10.5039
-2.39786,10.7121
-2.21549,10.775
-2.15703,10.9594
-2.16618,11.1535
-2.18841,11.3697
-2.10847,11.5633
-2.14185,11.76
-2.14261,11.9735
-2.1913,12.1892
-2.14103,12.3734
-2.11898,12.5701
-2.04422,12.7608
-2.09578,12.9621
-2.13636,13.1794
-2.12095,13.403
-2.13537,13.6044
-2.22818,13.7802
-2.22023,13.9839
-2.26009,14.1843
-2.32226,14.3708
-2.15637,14.4954
-2.03217,14.6641
-2.14218,14.8311
-2.15109,15.0341
-2.21693,15.23
-2.08615,15.3851
-2.17516,15.568
-2.23041,15.7687
-2.25697,15.9674
-2.25719,16.1676
-2.31108,16.3807
-2.28292,16.579
-2.17821,16.7654
-2.07859,16.926
-2.12165,17.1262
-2.1848,17.3306
-2.09293,17.502
-2.11375,17.7081
-2.09318,17.9156
-1.96988,18.1023
-1.96515,18.3054
-1.88484,18.5088
-1.99672,18.689
-1.87769,18.8436
-1.94506,19.0336
-2.07746,19.1589
-2.08805,19.3681
-1.99269,19.5414
-2.05351,19.7375
-2.1141,19.9288
-2.04946,20.1264
-1.99469,20.3152
-2.03728,20.5199
-1.97483,20.7118
-2.06942,20.8867
-2.21502,21.0426
-2.02628,21.1283
-2.12231,21.3262
-2.14262,21.5355
-2.02934,21.6966
-1.98178,21.8907
-2.16815,21.9502
-2.11663,22.144
-2.02386,22.3384
-2.10225,22.537
-2.1123,22.743
-2.1878,22.9315
-2.17503,23.1396
-2.27714,23.2993
-2.2208,23.4964
-2.14288,23.691
-1.97415,23.8396
-2.14786,23.9179
-2.11992,24.1184
-2.19131,24.3097
-2.20681,24.5144
-2.27735,24.7101
-2.21672,24.8923
-2.13217,25.0791
-2.07634,25.2703
-1.98957,25.4574
-1.98664,25.6611
-1.93152,25.8527
-1.83497,26.0163
-1.70384,26.1695
-1.64307,26.3456
-1.62863,26.5494
-1.63495,26.7522
-1.68802,26.9393
-1.6998,27.1383
-1.70674,27.3265
-1.52706,27.4051
-1.53685,27.6025
-1.56485,27.808
-1.53792,28.0198
-1.61121,28.2107
-1.57559,28.417
-1.57978,28.6302
-1.44062,28.7908
-1.50586,28.9757
-1.58647,29.1522
-1.51127,29.3483
-1.3937,29.5149
-1.23932,29.6463
-1.12552,29.8164
-1.12513,30.016
-1.12748,30.2139
-1.12786,30.4195
-1.07693,30.6209
-0.897426,30.7154
-0.803332,30.8925
-0.900907,31.0616
-0.853232,31.2617
-0.81304,31.4587
-0.818142,31.6515
-0.744155,31.8388
-0.765854,32.0474
-0.702384,32.2254
-0.532701,32.3531
-0.441129,32.5428
-0.355277,32.7235
-0.464216,32.8864
-0.296824,32.9755
-0.389771,33.1896
-0.252069,33.3264
-0.255112,33.524
-0.332694,33.7309
-0.232761,33.9351
-0.241996,34.1228
-0.262632,34.3172
-0.169978,34.4927
-0.279798,34.6498
-0.330639,34.8366
-0.257353,35.0199
-0.266988,35.2193
-0.203962,35.407
-0.0485791,35.5237
-0.202491,35.6648
-0.156459,35.8606
-0.214617,36.0466
-0.170111,36.2273
-0.0141636,36.3574
-2.1666,0.482434
-2.16716,0.696211
-2.13584,0.898173
-2.14276,1.10428
-2.17284,1.29597
-2.25867,1.46057
-2.28389,1.66578
-2.18519,1.84582
-2.09119,2.02818
-2.20189,2.19461
-2.03416,2.28972
-2.07912,2.48269
-2.051,2.70094
-2.0933,2.90583
-2.02831,3.11363
-2.04705,3.31572
-2.03663,3.52651
-2.0062,3.73427
-2.03484,3.94491
-2.0676,4.1543
-2.03647,4.35308
-2.00832,4.54887
-1.97584,4.74755
-2.05541,4.93065
-1.99668,5.13382
-1.99354,5.32775
-2.081,5.53221
-1.95629,5.67692
-1.94279,5.87208
-2.04321,6.0485
-2.1336,6.2247
-1.96184,6.30259
-2.04781,6.48018
-1.94439,6.65228
-1.91253,6.84773
-1.87408,7.06513
-1.87548,7.2591
-1.86733,7.45112
-1.72075,7.61067
-1.8069,7.78214
-1.6207,7.86292
-1.59408,8.07056
-1.42017,8.17875
-1.34037,8.35518
-1.38809,8.54854
-1.37264,8.75286
-1.49618,8.91493
-1.54221,9.08938
-1.59211,9.29072
-1.46191,9.44846
-1.53781,9.62665
-1.38247,9.78337
-1.47387,9.95901
-1.30311,10.074
-1.36211,10.2651
-1.41034,10.4529
-1.41097,10.6515
-1.39286,10.8514
-1.59103,10.9082
-1.57496,11.0998
-1.62093,11.3024
-1.71847,11.4845
-1.85554,11.6374
-1.66398,11.6879
-1.73867,11.8699
-1.60679,12.0253
-1.58979,12.2177
-1.68983,12.3929
-1.615,12.5778
-1.49916,12.7628
-1.4354,12.9648
-1.3506,13.1505
-1.44401,13.3488
-1.50169,13.5484
-1.61969,13.7287
-1.69753,13.9152
-1.68296,14.1079
-1.7546,14.2931
-1.79539,14.5054
-1.84849,14.6968
-1.71288,14.8535
-1.6654,15.046
-1.78145,15.2175
-1.80137,15.4274
-1.84075,15.6077
-1.80246,15.805
-1.69847,15.9616
-1.60647,16.1458
-1.59071,16.3475
-1.53612,16.5352
-1.59261,16.7386
-1.55304,16.9555
-1.4878,17.1443
-1.56748,17.335
-1.69231,17.5016
-1.70367,17.719
-1.64191,17.9121
-1.57437,18.1223
-1.5876,18.3225
-1.64484,18.5197
-1.71585,18.7238
-1.58116,18.8814
-1.5385,19.0818
-1.45765,19.2627
-1.56665,19.4368
-1.67728,19.6194
-1.51562,19.7481
-1.61891,19.9265
-1.62,20.1299
-1.73449,20.2986
-1.62316,20.472
-1.64832,20.669
-1.69848,20.8484
-1.59798,21.0138
-1.60166,21.2182
-1.44933,21.3458
-1.48428,21.5415
-1.27623,21.5974
-1.42674,21.7507
-1.29622,21.9107
-1.20998,22.0935
-1.01955,22.1495
-0.919016,22.3137
-0.716187,22.3857
-0.804531,22.557
-0.80773,22.7731
-0.782436,22.9705
-0.782506,23.1774
-0.873893,23.3539
-0.695564,23.449
-0.596963,23.6153
-0.409137,23.7027
-0.259551,23.866
-0.23145,24.0615
-0.34726,24.2387
-0.243596,24.4288
-0.29674,24.6156
-0.251292,24.8105
-0.101837,24.9385
-0.1854,25.1302
-0.123731,25.3206
-0.191023,25.5144
-0.166558,25.7188
-0.164967,25.9144
-0.0220497,26.0815
-0.0866911,26.2826
-0.178575,26.4702
-0.159303,26.6613
-0.144444,26.8686
0.0557456,26.94
0.0818357,27.1425
-0.0380218,27.3207
-0.05894,27.5152
-0.00772677,27.7051
-0.185262,27.8104
-0.217818,28.0087
-0.345289,28.1736
-0.42756,28.3788
-0.374628,28.5792
-0.358948,28.7709
-0.250224,28.9563
-0.190298,29.1587
-0.107073,29.3462
-0.135587,29.5503
-0.0989683,29.7549
-0.0566342,29.9491
-0.0820864,30.1567
-0.0531531,30.3788
-0.256385,30.4355
-0.322359,30.6205
-0.174663,30.7522
-0.186893,30.9457
-0.199792,31.1533
-0.0509715,31.3037
-0.0904285,31.5206
-0.0177568,31.6998
-0.117282,31.8735
-0.100875,32.0679
-0.0930757,32.2666
-0.0141196,32.4421
-0.00239939,32.6478
0.0318418,32.8451
0.158179,33.0195
0.230849,33.1978
0.258013,33.3935
0.199327,33.5857
0.196653,33.7977
0.224924,33.9855
0.235056,34.2027
0.230903,34.3905
0.260618,34.5955
0.171136,34.7775
0.29875,34.9426
0.220542,35.1365
0.320335,35.3144
0.422242,35.4935
0.322347,35.6463
0.273728,35.8428
0.409764,36.0007
0.36977,36.2052
-0.150974,0.539347
-0.0943207,0.734341
-0.196637,0.911063
-0.207863,1.11096
-0.237173,1.30718
-0.268817,1.50298
-0.199907,1.70153
-0.0200433,1.80046
0.11061,1.94573
0.0349838,2.13961
0.196069,2.26171
0.221992,2.45113
0.302598,2.64309
0.40127,2.83424
0.409633,3.05004
0.477798,3.23975
0.29279,3.34443
0.350542,3.54514
0.239168,3.70376
0.383262,3.84538
0.449005,4.05147
0.537564,4.24258
0.572778,4.43593
0.482573,4.61084
0.546289,4.80102
0.700337,4.93097
0.802163,5.10452
0.790796,5.31299
0.87364,5.49106
1.03434,5.64361
1.03665,5.84876
1.2184,5.96231
1.41103,6.02513
1.39999,6.2387
1.42466,6.43315
1.31314,6.60101
1.2872,6.80056
1.39036,6.97414
1.43159,7.16467
1.51311,7.34558
1.451,7.53871
1.45782,7.73776
1.48444,7.92863
1.52842,8.12719
1.74099,8.196
1.83054,8.37171
1.81072,8.58443
1.98018,8.70197
2.1124,8.85668
2.03793,9.02609
2.0496,9.24018
2.07212,9.45525
2.12697,9.63735
2.19579,9.81377
2.23803,10.0091
2.09964,10.1672
2.16859,10.35
2.18435,10.5518
2.19271,10.7661
2.04237,10.9154
2.08242,11.1172
1.95298,11.2731
2.0939,11.4181
2.02396,11.621
2.01714,11.817
1.97089,12.0175
1.87738,12.2086
2.05207,12.3304
2.00261,12.52
2.02295,12.7221
1.94713,12.9058
1.882,13.0939
1.75728,13.2575
1.58502,13.3737
1.46791,13.5402
1.59677,13.7088
1.58143,13.9199
1.59543,14.1247
1.69742,14.3131
1.58658,14.4825
1.55861,14.6782
1.49188,14.8665
1.40443,15.0459
1.44787,15.2439
1.584,15.3902
1.5887,15.5976
1.62607,15.7871
1.66366,15.9854
1.74846,16.1648
1.85426,16.3376
1.79631,16.5337
1.82532,16.7388
1.76236,16.9273
1.83453,17.1113
1.63243,17.1843
1.73131,17.3643
1.7156,17.5714
1.78351,17.7596
1.71517,17.9372
1.81408,18.1084
2.02579,18.1524
1.90451,18.327
2.00953,18.5031
2.13359,18.6685
2.08536,18.8806
2.0805,19.0953
2.05382,19.3064
2.20636,19.4376
2.17376,19.6305
2.13123,19.8192
2.07359,20.0222
2.01715,20.2114
2.07657,20.3986
1.97961,20.5805
2.00673,20.7822
2.08305,20.9725
2.00109,21.1692
2.12712,21.3387
2.13143,21.5432
2.18205,21.7253
2.08241,21.8966
2.00758,22.0911
1.94885,22.2839
1.81777,22.4549
1.80007,22.6526
1.84661,22.8622
1.79899,23.0522
1.68223,23.2079
1.73053,23.3923
1.86985,23.5429
1.8776,23.7411
1.96057,23.931
1.95113,24.1246
2.10493,24.2489
2.12268,24.457
2.06711,24.6469
2.15794,24.8392
2.24971,25.0043
2.25807,25.2058
2.17843,25.3845
2.17257,25.583
2.09838,25.7836
2.02329,25.9658
2.23412,26.0166
2.26897,26.2325
2.10912,26.3622
2.12182,26.5693
1.97209,26.7046
1.95429,26.9153
1.98354,27.1212
2.06754,27.2978
2.04867,27.5186
2.1398,27.708
2.10161,27.893
2.1804,28.0852
2.02822,28.2024
2.00881,28.412
2.14278,28.557
1.99407,28.7106
2.14858,28.8735
2.10388,29.0658
2.08665,29.2694
2.07957,29.4663
2.0307,29.6453
1.92317,29.821
1.88334,30.004
1.89162,30.2097
1.88386,30.4054
1.87548,30.6007
1.74188,30.7456
1.68156,30.9358
1.52312,31.0419
1.47426,31.2354
1.49252,31.4302
1.59503,31.6088
1.6253,31.8026
1.67237,31.9957
1.49533,32.1112
1.50545,32.3023
1.36901,32.4603
1.5487,32.5419
1.5463,32.7658
1.56677,32.9753
1.50286,33.1668
1.37783,33.3213
1.52996,33.4325
1.50306,33.6322
1.50745,33.8239
1.52024,34.0408
1.63895,34.1967
1.50707,34.357
1.34147,34.4805
1.46597,34.6449
1.51055,34.8286
1.55591,35.019
1.54555,35.217
1.63154,35.4092
1.61989,35.603
1.65767,35.7949
1.53418,35.9533
3.28968,0.50983
3.27857,0.712071
3.36325,0.905576
3.40185,1.0999
3.39945,1.29935
3.37556,1.50757
3.38425,1.72527
3.44665,1.91901
3.45016,2.11091
3.46781,2.31742
3.50942,2.51086
3.57288,2.72089
3.66699,2.89399
3.66358,3.09391
3.64189,3.30682
3.69805,3.49439
3.56681,3.63269
3.74785,3.71631
3.73742,3.92604
3.63038,4.09433
3.68073,4.30722
3.75595,4.50584
3.91142,4.64815
3.91701,4.86203
3.78547,5.04102
3.73259,5.24206
3.73073,5.45678
3.75981,5.66212
3.72758,5.86473
3.85189,6.01295
3.96745,6.19191
4.00152,6.3868
4.0393,6.5904
4.19548,6.73361
4.1791,6.9334
4.14681,7.13396
4.11397,7.33044
4.06151,7.51771
4.09832,7.71626
4.19083,7.90521
4.17187,8.0977
4.29932,8.2668
4.28406,8.47451
4.27852,8.67373
4.33181,8.86847
4.21422,9.0263
4.06762,9.17594
4.25527,9.29684
4.25801,9.50664
4.26778,9.70617
4.31968,9.90617
4.36591,10.0992
4.35275,10.292
4.49773,10.4406
4.55784,10.6146
4.55964,10.8239
4.61667,11.016
4.7053,11.2016
4.68283,11.4017
4.53135,11.5285
4.52616,11.7394
4.70863,11.8364
4.58275,12.0145
4.46119,12.1604
4.46219,12.3726
4.59746,12.5162
4.50224,12.7066
4.61235,12.8703
4.59367,13.0614
4.57324,13.2822
4.45826,13.452
4.4428,13.6439
4.58549,13.8125
4.59941,14.0114
4.47483,14.1797
4.29258,14.2341
4.24127,14.4358
4.24407,14.6307
4.12114,14.7934
4.13642,15.0132
4.25393,15.1686
4.25605,15.3635
4.21486,15.5586
4.12791,15.7508
4.1945,15.9498
4.15878,16.152
4.2843,16.3105
4.36661,16.4941
4.32787,16.71
4.45203,16.8632
4.29809,16.9919
4.23921,17.2023
4.25458,17.3953
4.31147,17.593
4.1853,17.7516
4.01902,17.8626
4.07342,18.0709
4.11307,18.2663
4.01706,18.432
4.06511,18.6305
4.13585,18.8094
4.20588,19.0233
4.12064,19.2145
4.10058,19.411
4.14072,19.6169
4.23422,19.8029
4.27108,20.0049
4.32652,20.1899
4.20651,20.3514
4.0667,20.5161
4.04003,20.7242
3.85282,20.7275
3.8304,20.926
3.92013,21.1103
3.84847,21.3115
3.90957,21.5114
4.03825,21.6732
3.93095,21.8561
4.05313,22.0142
4.03605,22.2246
4.19728,22.3747
4.34018,22.5023
4.22228,22.6704
4.2921,22.8559
4.25874,23.0575
4.21268,23.2622
4.13791,23.468
4.14366,23.6604
4.33704,23.71
4.30024,23.8993
4.34221,24.0943
4.38128,24.2959
4.42715,24.4842
4.35808,24.6763
4.43786,24.8567
4.51533,25.0456
4.44748,25.2626
4.52173,25.4586
4.43723,25.6446
4.43903,25.8381
4.37825,26.0418
4.32203,26.2376
4.28052,26.4333
4.30982,26.6352
4.33041,26.8213
4.45886,26.9942
4.52181,27.1903
4.44277,27.378
4.29916,27.5301
4.18722,27.698
4.09556,27.8703
4.12057,28.074
4.25323,28.2235
4.17295,28.413
4.29627,28.5816
4.23474,28.7636
4.24725,28.9547
4.40729,29.0718
4.43355,29.2616
4.46049,29.4841
4.47675,29.6636
4.48316,29.881
4.38899,30.0644
4.44737,30.2711
4.43945,30.4691
4.51044,30.655
4.63467,30.8043
4.59398,31.002
4.67755,31.196
4.74354,31.3792
4.77015,31.5744
4.75048,31.7681
4.57591,31.8768
4.5789,32.0896
4.49267,32.2854
4.55195,32.4727
4.56829,32.6781
4.62941,32.8771
4.56834,33.074
4.42615,33.2206
4.33914,33.4223
4.37489,33.6301
4.33547,33.8236
4.23434,34.0045
4.18342,34.1924
4.30943,34.3481
4.33776,34.563
4.35681,34.7622
4.44648,34.9383
4.44275,35.1629
4.45513,35.3785
4.53392,35.5524
4.52592,35.7536
4.47645,35.953
4.48504,36.1649
4.46226,36.3712
4.54437,36.5589
4.68392,36.7086
4.69914,36.9103
4.89372,36.9818
3.85757,0.195513
4.0359,0.292957
3.95356,0.482865
3.75554,0.56642
3.71633,0.765307
3.70014,0.969528
3.74784,1.17294
3.95195,1.22717
3.97772,1.41798
4.0835,1.60879
4.16567,1.79317
3.9959,1.9097
4.15235,2.02412
4.24206,2.19694
4.28961,2.39711
4.4187,2.5394
4.32767,2.71369
4.44373,2.88226
4.45636,3.07747
4.32043,3.24005
4.37972,3.42546
4.39684,3.61997
4.3506,3.82612
4.35522,4.04289
4.18221,4.15688
4.06202,4.29641
4.04232,4.49812
4.1598,4.66055
4.28059,4.84709
4.30458,5.05424
4.14783,5.17637
4.24157,5.3399
4.1766,5.55393
4.19486,5.74708
4.25822,5.93416
4.29761,6.13139
4.25468,6.33783
4.31889,6.51935
4.44367,6.67464
4.50752,6.84716
4.44297,7.0419
4.46534,7.24023
4.48286,7.43002
4.65164,7.54834
4.65655,7.76445
4.70845,7.95262
4.79006,8.13785
4.88598,8.31647
4.9526,8.5196
5.05249,8.69578
5.10848,8.89394
5.07912,9.09398
5.15787,9.27414
5.28061,9.43793
5.38003,9.62132
5.24351,9.77233
5.1711,9.97219
5.11562,10.175
5.02936,10.3674
5.06065,10.5657
5.09971,10.7673
5.09903,10.9696
5.09148,11.179
5.11028,11.3861
5.16927,11.5976
5.17259,11.8019
5.15988,11.9922
5.13317,12.1874
5.1244,12.3964
5.32082,12.5027
5.3534,12.7019
5.42455,12.9005
5.40997,13.1078
5.32002,13.2886
5.31924,13.488
5.34175,13.6879
5.25803,13.8662
5.38693,14.0186
5.37267,14.2259
5.35459,14.4449
5.49066,14.614
-5.39739,14.7792
-5.41292,14.9823
-5.35336,15.18
-5.47324,15.3288
-5.49115,15.5238
-5.46818,15.7386
-5.4737,15.9359
-5.285,16.0139
-5.31881,16.204
-5.39939,16.3873
-5.45443,16.5837
-5.39985,16.7796
-5.44837,16.9779
-5.29872,17.1414
-5.40075,17.3096
-5.42689,17.5159
-5.4603,17.7115
-5.35429,17.8817
-5.37933,18.092
-5.29286,18.2729
-5.29088,18.4709
-5.30361,18.6814
-5.42551,18.8397
5.38889,18.8957
-5.47392,19.0714
-5.41513,19.261
-5.49217,19.4441
5.45461,19.6517
5.42955,19.8434
5.46849,20.0486
-5.45988,20.2551
-5.48286,20.4748
-5.4985,20.6665
-5.49861,20.8734
-5.3497,21.0204
-5.39865,21.2289
5.49179,21.3991
5.33019,21.5221
5.18564,21.6733
5.20936,21.8596
5.31966,22.016
5.27099,22.2191
5.38232,22.3854
5.44082,22.583
5.31553,22.7611
5.20938,22.9359
5.25536,23.1334
5.26532,23.3429
5.2167,23.5204
5.23946,23.7131
5.27016,23.9208
5.24962,24.1333
5.32732,24.3163
5.43393,24.4857
5.30602,24.6415
5.33884,24.8371
5.3666,25.0444
5.30672,25.2614
5.45499,25.4034
5.47755,25.611
5.39016,25.7856
5.33877,26.0001
5.25532,26.1857
5.35465,26.3591
5.39026,26.5635
5.48297,26.7482
-5.46168,26.9489
-5.47681,27.1453
-5.47638,27.3499
5.45761,27.5461
-5.41835,27.6933
-5.45875,27.8912
-5.46485,28.0918
-5.39401,28.2866
-5.48331,28.4636
-5.40404,28.6461
-5.2188,28.7179
-5.28453,28.9006
-5.2908,29.093
-5.24468,29.2991
-5.18692,29.485
-5.26406,29.6855
-5.22757,29.8811
-5.1215,30.0668
-5.21533,30.2223
-5.13999,30.4103
-5.05304,30.5841
-4.98314,30.7844
-4.86788,30.9466
-4.7808,31.1255
-4.74915,31.3181
-4.83792,31.5029
-4.82193,31.7127
-4.6477,31.8298
-4.67252,32.0206
-4.64401,32.2265
-4.49138,32.3578
-4.40526,32.5435
-4.39945,32.7416
-4.31042,32.9267
-4.25023,33.1167
-4.20362,33.3259
-4.11636,33.5219
-4.0143,33.6911
-4.08643,33.8783
-4.13128,34.0672
-4.07921,34.2517
-4.06383,34.4746
-3.9516,34.6421
-4.03091,34.8388
-3.95625,35.0409
-3.98742,35.2422
-3.90806,35.4453
-3.86693,35.6527
-3.94297,35.8326
-3.85788,36.0269
-3.7465,36.1973
-3.7448,36.4013
-3.89053,36.527
