-2.85398,0.101129
-2.69136,0.212617
-2.63929,0.4024
-2.5031,0.567292
-2.4375,0.764406
-2.44466,0.963509
-2.36662,1.14699
-2.4448,1.33713
-2.31818,1.48746
-2.12646,1.47844
-2.05014,1.67901
-1.97125,1.87429
-1.80655,2.02047
-1.84364,2.22476
-1.85595,2.42683
-1.74949,2.59087
-1.6538,2.76414
-1.63149,2.96657
-1.51287,3.12727
-1.49617,3.3321
-1.38621,3.49457
-1.45792,3.68407
-1.53666,3.87407
-1.61851,4.06492
-1.51283,4.24152
-1.40568,4.42267
-1.47272,4.61582
-1.64008,4.73481
-1.59283,4.94232
-1.56144,5.13873
-1.51104,5.32417
-1.38085,5.47371
-1.47566,5.64731
-1.43583,5.83505
-1.4872,6.03146
-1.43672,6.23522
-1.61434,6.33648
-1.66964,6.54411
-1.47339,6.6134
-1.54719,6.79841
-1.53187,6.99835
-1.47659,7.20342
-1.4418,7.40598
-1.39123,7.62132
-1.25915,7.79856
-1.44039,7.9107
-1.39643,8.09904
-1.43129,8.30431
-1.40021,8.49119
-1.29069,8.66001
-1.31603,8.8644
-1.33575,9.0718
-1.32376,9.27625
-1.24384,9.46471
-1.14468,9.64166
-1.04933,9.81419
-1.08893,10.0154
-1.12425,10.2187
-1.0991,10.4306
-1.22147,10.5926
-1.0765,10.7379
-1.09424,10.9429
-1.03978,11.1313
-0.945394,11.3118
-0.85523,11.4898
-0.821491,11.6908
-0.776947,11.8982
-0.744033,12.1122
-0.858952,12.273
-0.769305,12.4761
-0.641485,12.636
-0.608102,12.832
-0.57795,13.0239
-0.506579,13.2285
-0.388237,13.4011
-0.307936,13.5964
-0.372854,13.771
-0.457941,13.9559
-0.429186,14.1673
-0.444195,14.381
-0.326675,14.5568
-0.308442,14.7788
-0.466106,14.9071
-0.512817,15.1139
-0.444068,15.2987
-0.286026,15.414
-0.12668,15.5359
-0.118993,15.7442
-0.10377,15.9552
-0.135984,16.1686
-0.190437,16.3557
-0.0302402,16.4688
-0.142809,16.6337
-0.0305211,16.8232
-0.0521154,17.0089
-0.1451,17.1909
-0.266286,17.3476
-0.238913,17.5508
-0.236175,17.744
-0.116749,17.9263
-0.132824,18.1262
-0.0432889,18.3034
-0.00353755,18.5038
0.0300021,18.718
-0.109472,18.8587
-0.169995,19.0586
-0.22734,19.263
-0.274996,19.4709
-0.291366,19.6749
-0.429816,19.8401
-0.340409,20.0247
-0.466935,20.1794
-0.433021,20.3661
-0.332129,20.5664
-0.322972,20.7609
-0.399687,20.9514
-0.369511,21.163
-0.337847,21.3596
-0.237671,21.5235
-0.322134,21.7064
-0.197561,21.8695
-0.14699,22.0686
-0.0400802,22.2523
-0.171523,22.4155
-0.305678,22.5831
-0.254385,22.791
-0.221457,22.9915
-0.138658,23.1806
-0.0551546,23.3602
0.00307852,23.5672
-0.168343,23.6791
-0.213954,23.872
-0.300027,24.0594
-0.278965,24.2736
-0.377362,24.4517
-0.328977,24.65
-0.209436,24.8117
-0.195342,25.0113
-0.254056,25.2152
-0.177656,25.4115
-0.158352,25.6073
-0.188206,25.8137
-0.143199,26.0085
-0.17931,26.1952
-0.119056,26.3963
-0.0271668,26.582
-0.139581,26.7463
0.0658662,26.7862
0.150319,26.9693
0.267687,27.1227
0.385835,27.2696
0.55258,27.4064
0.636059,27.6069
0.766676,27.7556
0.821602,27.9583
0.666922,28.1161
0.582195,28.3023
0.648206,28.5135
0.487108,28.6494
0.653085,28.7649
0.587368,28.9781
0.637469,29.1645
0.48156,29.3075
0.501553,29.5034
0.625327,29.6646
0.741588,29.8317
0.771127,30.0317
0.828311,30.2124
0.80133,30.414
0.875107,30.6078
0.997668,30.7644
0.980142,30.9687
1.08266,31.1448
1.09557,31.3397
1.02376,31.5322
1.16714,31.6909
1.15815,31.8919
1.13976,32.0947
1.25803,32.2609
1.37693,32.4341
1.37986,32.6596
1.50057,32.8128
1.51066,33.0121
1.51157,33.2237
1.4656,33.4153
1.45448,33.6094
1.50139,33.8093
1.61238,33.9995
1.80136,34.0707
1.67545,34.251
1.69698,34.4489
1.78333,34.6303
1.67873,34.8064
1.78972,34.9835
1.89971,35.1615
1.84693,35.3701
1.82806,35.5758
1.85786,35.7708
1.83073,35.969
1.71573,36.1406
-0.628393,0.299541
-0.451704,0.418008
-0.406541,0.600771
-0.589405,0.643207
-0.560575,0.846396
-0.695006,0.987062
-0.608354,1.17448
-0.583165,1.37289
-0.563407,1.56553
-0.50327,1.74842
-0.453882,1.94853
-0.617422,2.04074
-0.628588,2.24355
-0.508778,2.4208
-0.526151,2.61684
-0.438579,2.79679
-0.459407,2.9998
-0.558303,3.19037
-0.45236,3.36465
-0.372927,3.5664
-0.396097,3.77582
-0.501451,3.94975
-0.499294,4.13829
-0.548219,4.33709
-0.650747,4.51004
-0.599109,4.70015
-0.479783,4.87041
-0.452347,5.08135
-0.293518,5.19642
-0.231794,5.37887
-0.333584,5.54573
-0.289547,5.7309
-0.232254,5.92558
-0.0965029,6.07832
-0.0214809,6.25939
-0.105154,6.47521
0.085672,6.58473
0.163267,6.77016
0.124137,6.97806
0.0176095,7.14706
-0.00455442,7.36015
0.163431,7.47884
0.177457,7.67422
0.217233,7.8712
0.391237,7.98841
0.270758,8.17579
0.296282,8.38069
0.481232,8.50699
0.497997,8.69016
0.34629,8.82653
0.425966,9.01924
0.437383,9.2179
0.554623,9.37935
0.442051,9.55628
0.474123,9.76041
0.561108,9.94147
0.399761,10.0872
0.546563,10.2359
0.750154,10.2735
0.767908,10.4952
0.636073,10.6504
0.608655,10.8548
0.444858,10.996
0.369184,11.183
0.232677,11.3443
0.249927,11.5574
0.387745,11.7115
0.272501,11.8759
0.224089,12.0902
0.288578,12.2881
0.387985,12.4687
0.3839,12.6616
0.446292,12.8781
0.372248,13.0651
0.269286,13.2315
0.379211,13.4073
0.457393,13.5929
0.558872,13.7668
0.477121,13.949
0.385102,14.1346
0.43485,14.3275
0.412644,14.5409
0.356686,14.7312
0.337408,14.9361
0.526861,15.0107
0.522368,15.2109
0.649192,15.3934
0.643734,15.5895
0.506039,15.7482
0.64455,15.9139
0.803051,16.053
0.685751,16.2113
0.548167,16.3619
0.640292,16.5503
0.509125,16.6996
0.577987,16.8868
0.50969,17.0977
0.414755,17.2749
0.567253,17.4126
0.652437,17.5863
0.729072,17.7669
0.670636,17.9658
0.8005,18.1357
0.856358,18.3249
0.757566,18.5173
0.661182,18.6894
0.679078,18.8811
0.836948,19.0107
0.760067,19.202
0.687006,19.3855
0.562274,19.5366
0.558242,19.7409
0.557334,19.9637
0.554048,20.1613
0.493916,20.361
0.587161,20.5254
0.617829,20.7376
0.793012,20.8488
0.967141,20.9328
1.09315,21.0949
1.09664,21.2896
0.950842,21.4173
0.925309,21.6273
0.727167,21.6768
0.618137,21.8556
0.728757,22.0233
0.647711,22.2075
0.570199,22.3972
0.652413,22.5647
0.75379,22.7445
0.800556,22.9524
0.95602,23.0834
0.89491,23.288
0.87452,23.4847
0.941948,23.6766
0.924598,23.8913
1.00905,24.0776
1.1691,24.2173
1.21169,24.4189
1.32031,24.5959
1.40878,24.7701
1.32225,24.9513
1.19953,25.1214
1.07304,25.2706
1.14138,25.4687
1.19037,25.6623
1.16681,25.8547
1.01975,26.0066
1.03764,26.1946
0.973095,26.3936
0.949379,26.594
0.848934,26.7792
1.01689,26.8963
0.999593,27.0996
0.935031,27.291
1.06677,27.4526
1.26359,27.4943
1.32242,27.692
1.35227,27.8901
1.45138,28.0697
1.6006,28.2038
1.72139,28.3605
1.87755,28.4911
1.91408,28.6955
1.93212,28.8896
1.94404,29.0998
2.06191,29.2659
2.08828,29.4619
1.90519,29.5504
1.84478,29.7417
1.71132,29.8858
1.70626,30.0697
1.7218,30.2763
1.61152,30.4663
1.57528,30.6469
1.64852,30.8399
1.6893,31.0322
1.78369,31.2182
1.74364,31.4091
1.71847,31.6211
1.67352,31.8125
1.84289,31.9187
1.81985,32.1316
1.797,32.3406
1.80031,32.5531
1.6459,32.6889
1.69548,32.8958
1.8613,32.994
2.04881,33.0443
2.21105,33.1746
2.27562,33.3659
2.33501,33.5579
2.43031,33.7501
2.39717,33.9455
2.37278,34.1609
2.24349,34.321
2.23449,34.5228
2.29571,34.721
2.34132,34.9095
2.18745,35.0285
-0.161736,0.339297
-0.188497,0.540772
-0.000717984,0.622367
-0.173539,0.747395
-0.184466,0.963174
-0.0219363,1.08295
0.035519,1.28877
0.0407811,1.50285
-0.0403415,1.68383
-0.0367266,1.89694
0.163614,1.94552
0.13039,2.16391
0.143718,2.36982
0.12007,2.56319
0.022373,2.73586
0.0332473,2.96108
0.122827,3.13653
0.205887,3.31536
0.292478,3.49272
0.433682,3.64092
0.471354,3.85832
0.405939,4.05459
0.30549,4.22595
0.427911,4.39106
0.361301,4.56953
0.324863,4.75602
0.449575,4.92551
0.460525,5.11912
0.58231,5.29503
0.711489,5.4641
0.794438,5.65199
0.781742,5.84739
0.805924,6.05083
0.804344,6.2786
0.784267,6.48149
0.84677,6.68894
0.856306,6.89514
0.874003,7.10927
0.960552,7.30694
0.94874,7.50214
0.944735,7.71002
0.970297,7.9333
0.940324,8.13559
0.939706,8.34954
0.826769,8.52971
0.882571,8.72345
0.904989,8.92978
0.785458,9.1094
0.854269,9.29698
0.99083,9.45816
1.01656,9.6536
0.97039,9.8475
1.04063,10.0434
1.11779,10.2402
1.08978,10.4255
1.15586,10.6204
1.1647,10.8271
1.04007,11.0109
1.16243,11.1645
1.09234,11.3901
1.14203,11.6092
1.20382,11.8015
1.19006,11.9859
1.2341,12.1763
1.22028,12.3674
1.08548,12.5315
1.06337,12.7231
0.941448,12.8926
0.854347,13.0814
1.00487,13.2296
1.12878,13.3955
1.02972,13.5758
1.04812,13.7753
1.16544,13.9466
1.16349,14.1416
1.19389,14.3354
1.2069,14.5315
1.10833,14.711
1.22236,14.891
1.33477,15.0504
1.35828,15.2547
1.35797,15.4545
1.4604,15.6201
1.44392,15.8153
1.29315,15.9438
1.31863,16.1319
1.2201,16.3224
1.11353,16.5063
1.23691,16.6663
1.17321,16.8531
1.23528,17.0529
1.39057,17.1764
1.44817,17.3918
1.55464,17.5765
1.61069,17.7609
1.54115,17.9538
1.55477,18.1595
1.65049,18.3463
1.64658,18.543
1.63064,18.7519
1.61722,18.9616
1.61207,19.1514
1.71604,19.3276
1.64235,19.5018
1.82222,19.5587
1.9652,19.7331
1.89107,19.9307
1.90121,20.1187
1.83254,20.3029
1.91689,20.481
1.8149,20.6647
1.79874,20.8842
1.77058,21.0893
1.83829,21.2815
1.96692,21.4491
2.02535,21.6481
2.05506,21.8447
2.09186,22.0367
1.90958,22.1387
1.83848,22.314
1.85414,22.4974
1.91084,22.6896
1.90383,22.8935
1.9545,23.0956
1.9926,23.285
2.07137,23.4726
1.88978,23.5701
1.86288,23.7723
1.85234,23.9967
2.03183,24.0482
1.88481,24.1996
1.98757,24.3704
2.13721,24.5129
2.22899,24.7015
2.40872,24.8114
2.41818,25.0107
2.45362,25.22
2.53027,25.398
2.66755,25.5456
2.63178,25.7572
2.60381,25.9527
2.43861,26.0577
2.59505,26.1898
2.65872,26.3945
2.61405,26.5938
2.589,26.8057
2.61851,27.0167
2.51416,27.1848
2.52433,27.3813
2.42082,27.5417
2.50008,27.7286
2.50168,27.9259
2.61305,28.0957
2.6094,28.3122
2.76796,28.4288
2.80847,28.6298
2.77095,28.8523
2.81466,29.0553
3.00589,29.101
3.02672,29.3063
2.99616,29.5125
3.11845,29.6759
3.11116,29.8722
3.18541,30.0445
3.34306,30.1743
3.22699,30.3367
3.34087,30.5363
3.17444,30.6484
3.0446,30.837
3.14884,31.0262
3.061,31.2104
3.0997,31.4105
3.13803,31.6099
3.09995,31.805
3.04506,31.9916
3.17259,32.1661
3.15571,32.357
2.97996,32.4514
3.04646,32.6559
2.99132,32.8347
3.14598,32.9709
3.00402,33.1221
2.98526,33.3386
3.17331,33.4518
3.28086,33.649
3.36883,33.8308
3.36231,34.055
3.28622,34.2394
3.41208,34.4229
3.38543,34.6253
3.29692,34.8152
3.40616,34.9904
3.41695,35.2099
3.44613,35.4028
3.6196,35.5113
3.68274,35.7119
3.83037,35.8625
3.72579,36.0287
3.83781,36.1939
3.81478,36.3925
0.998593,0.196104
0.825617,0.28506
0.792518,0.49057
0.83767,0.697221
0.711536,0.853577
0.810068,1.03463
0.922084,1.21264
0.855498,1.41317
0.802185,1.61903
0.774481,1.80925
0.811706,2.02323
0.86192,2.2272
0.766261,2.4004
0.771687,2.60132
0.877635,2.79887
0.834052,2.99868
0.80117,3.21438
0.848218,3.42041
0.884921,3.6218
0.909803,3.83204
1.02408,3.99958
0.898996,4.1299
0.929255,4.33631
1.07861,4.48863
1.23798,4.6303
1.24411,4.82195
1.27388,5.02556
1.27139,5.22355
1.46384,5.30177
1.45632,5.50532
1.35817,5.69216
1.36906,5.91064
1.39857,6.10449
1.37051,6.31321
1.31612,6.50067
1.45507,6.6438
1.52488,6.84218
1.33488,6.92815
1.2069,7.09478
1.16695,7.28343
1.23586,7.48196
1.21847,7.67544
1.37059,7.83038
1.25872,7.99844
1.30238,8.19118
1.40846,8.36131
1.44993,8.55339
1.48372,8.77154
1.44508,8.97437
1.50837,9.16169
1.45728,9.35916
1.53028,9.54472
1.45142,9.7265
1.59377,9.87428
1.79193,9.97147
1.93268,10.1112
1.89707,10.3183
1.94035,10.5119
1.98361,10.7049
1.83987,10.8531
1.81922,11.0698
1.7681,11.2643
1.87735,11.4426
1.99874,11.6134
2.09905,11.7955
2.27264,11.9281
2.3674,12.1023
2.51033,12.2575
2.52633,12.469
2.70437,12.5166
2.56072,12.6731
2.73445,12.7789
2.74976,12.9885
2.63735,13.1466
2.63516,13.355
2.63219,13.5515
2.52622,13.7196
2.52053,13.9351
2.4573,14.1206
2.4725,14.339
2.44723,14.5424
2.32689,14.7132
2.31044,14.914
2.27253,15.1042
2.17484,15.2698
2.08024,15.4521
2.22713,15.5836
2.22446,15.7874
2.2506,15.991
2.30724,16.1798
2.36079,16.3693
2.48412,16.5272
2.45805,16.7387
2.49171,16.949
2.44233,17.1301
2.45082,17.3477
2.33949,17.5277
2.50034,17.6685
2.54448,17.8703
2.47258,18.0601
2.4679,18.2709
2.51373,18.4675
2.53416,18.6702
2.55655,18.8599
2.71891,18.9884
2.63716,19.1636
2.65678,19.3522
2.59471,19.5442
2.75735,19.652
2.88844,19.8193
2.85966,20.0309
2.97999,20.1933
3.1072,20.3432
2.98616,20.51
3.03093,20.6966
3.0369,20.8979
2.94762,21.1007
2.9534,21.316
2.93561,21.5297
2.80652,21.6811
2.93586,21.8276
2.95215,22.0291
2.81669,22.1782
2.74218,22.3658
2.75461,22.5726
2.72521,22.7668
2.76341,22.9755
2.88936,23.1377
2.98303,23.3246
3.01248,23.533
3.07066,23.7088
3.27998,23.7669
3.36034,23.9491
3.28492,24.1363
3.22562,24.3188
3.27768,24.5151
3.21556,24.7116
3.1637,24.9058
3.27619,25.0688
3.15037,25.2365
3.22319,25.4308
3.13689,25.6118
3.32538,25.7257
3.33678,25.9326
3.35426,26.1428
3.3222,26.3432
3.41652,26.5141
3.33037,26.6913
3.38239,26.8765
3.343,27.1005
3.35593,27.2981
3.42794,27.4699
3.58647,27.6033
3.61222,27.8116
3.60031,28.0158
3.58575,28.2288
3.65289,28.4141
3.7074,28.6161
3.76965,28.8119
3.88639,28.972
3.9252,29.1805
3.84648,29.3644
3.98926,29.5223
3.84125,29.6474
3.99261,29.7972
4.08312,29.9791
4.02037,30.1647
4.1356,30.35
4.22754,30.5311
4.31566,30.7016
4.41273,30.8777
4.30276,31.0533
4.37039,31.2631
4.36385,31.4636
4.30572,31.6533
4.14324,31.7658
4.22921,31.9489
4.17163,32.1371
4.2545,32.3179
4.3003,32.5047
4.27492,32.7053
4.10104,32.8279
4.17669,33.0162
4.17684,33.2155
4.1642,33.4202
4.02209,33.5874
3.90689,33.7621
4.04446,33.9109
4.21265,34.0144
4.3531,34.1589
4.49088,34.3135
4.51921,34.52
4.6635,34.6585
4.57736,34.838
4.49731,35.0227
4.67921,35.082
4.6196,35.264
4.62971,35.4828
4.59905,35.6926
4.60081,35.8937
1.68698,0.478183
1.69552,0.685048
1.73321,0.88277
1.83352,1.05505
1.93063,1.22192
1.93141,1.42562
1.83112,1.59622
1.94793,1.76926
1.90648,1.97505
2.04711,2.14012
1.91811,2.30865
1.88117,2.51439
1.99311,2.69385
2.0383,2.90176
1.87188,3.02748
1.94877,3.21676
1.9712,3.41808
2.00465,3.62178
2.10779,3.80712
2.21138,3.99712
2.32256,4.16783
2.34766,4.37911
2.46145,4.54165
2.38995,4.73132
2.33497,4.92799
2.28002,5.12629
2.32466,5.33829
2.39807,5.54295
2.3484,5.72886
2.37597,5.92142
2.46337,6.1223
2.61998,6.25475
2.73951,6.40864
2.69625,6.60823
2.7242,6.81451
2.64951,7.00194
2.69992,7.20224
2.75752,7.3856
2.76003,7.59127
2.62709,7.74873
2.79662,7.85175
2.81364,8.04912
2.97488,8.16962
2.91764,8.35977
2.74107,8.4615
2.85772,8.64451
2.91139,8.85037
2.98243,9.0321
2.9502,9.22587
3.07432,9.36828
3.00029,9.56512
3.06413,9.77077
3.21946,9.90312
3.1025,10.0507
3.14723,10.2542
3.12773,10.4635
3.23836,10.6276
3.215,10.8127
3.19963,11.0332
3.10983,11.2092
3.13407,11.4177
3.10913,11.6113
2.98481,11.784
2.97033,11.9806
2.94321,12.1911
2.97968,12.3806
2.88411,12.5535
3.04143,12.6931
2.95246,12.8581
2.94242,13.0603
3.00883,13.2354
3.07599,13.4286
3.14173,13.6269
3.16337,13.8339
3.10535,14.0077
3.23744,14.1656
3.33687,14.3391
3.25703,14.5182
3.17631,14.7068
3.03266,14.8601
2.89927,15.0336
2.9772,15.2299
2.93774,15.4288
3.01961,15.6119
3.12276,15.7653
3.17632,15.9483
3.3474,16.0744
3.24854,16.2484
3.12983,16.4179
3.10493,16.617
3.09785,16.8198
3.09597,17.0155
3.17814,17.192
3.22145,17.396
3.24625,17.5956
3.40228,17.7257
3.36111,17.9264
3.40786,18.1211
3.54371,18.2589
3.68339,18.3917
3.76881,18.5747
3.664,18.7553
3.55004,18.9197
3.37544,19.0573
3.40129,19.241
3.50072,19.4178
3.56688,19.5977
3.69148,19.7498
3.87011,19.8272
3.89448,20.0217
3.99896,20.2014
4.07082,20.3961
3.86617,20.4298
3.85905,20.6383
3.88304,20.8529
3.93745,21.0512
3.82745,21.2274
3.80401,21.4192
3.73118,21.6099
3.84504,21.7931
3.78731,21.9824
3.7343,22.1771
3.71721,22.3799
3.80404,22.5678
3.86442,22.7657
3.93752,22.9505
3.78502,23.0935
3.80538,23.3038
3.88708,23.4892
3.99602,23.654
4.09981,23.8219
4.19157,24.0142
4.21959,24.1976
4.1717,24.396
4.17582,24.5997
4.2315,24.7823
4.40382,24.8777
4.54239,25.0264
4.47259,25.2101
4.44391,25.4144
4.60546,25.5182
4.54734,25.7247
4.56517,25.9394
4.5372,26.1423
4.35678,26.2535
4.52774,26.3604
4.37634,26.4954
4.39158,26.6964
4.48226,26.8734
4.48879,27.0721
4.42405,27.2647
4.58816,27.4
4.71463,27.5515
4.67739,27.7562
4.68082,27.9481
4.81021,28.1079
4.79782,28.3057
4.8324,28.5111
4.75286,28.7004
4.70176,28.8968
4.67377,29.0952
4.68238,29.3151
4.70952,29.512
4.76568,29.7144
4.65787,29.8936
4.77015,30.0756
4.79647,30.2904
4.73834,30.4896
4.86368,30.6612
4.85307,30.8647
4.92416,31.0611
4.8062,31.2421
4.97385,31.3496
4.98577,31.5552
4.78523,31.6261
4.84094,31.8225
4.91674,32.0188
4.71703,32.0736
4.78522,32.2811
4.80435,32.4825
4.90812,32.6526
4.96249,32.8587
4.89584,33.0555
4.99714,33.2299
5.09701,33.4326
5.10916,33.6335
4.98402,33.7895
5.01421,33.9859
5.05234,34.2016
5.09925,34.399
5.04915,34.5861
5.16905,34.7549
5.20125,34.9575
5.10356,35.1501
5.24009,35.3035
5.24875,35.4917
5.28405,35.6895
5.3989,35.8709
5.45497,36.0677
-5.40851,36.2066
2.45355,0.380145
2.45865,0.568502
2.58653,0.723748
2.58381,0.926603
2.79093,0.892969
2.74424,1.10226
2.84888,1.26925
2.94415,1.45887
2.89497,1.67415
2.7822,1.82731
2.9288,1.98285
2.99416,2.18495
3.10968,2.34039
3.10853,2.54799
3.07331,2.74691
3.01934,2.94954
2.91506,3.11206
3.00783,3.29549
3.01359,3.50776
2.95851,3.70436
3.02614,3.90027
3.11984,4.09379
3.17643,4.27911
3.13809,4.4897
3.04987,4.68245
2.92877,4.83252
2.8901,5.03348
2.83856,5.22772
2.84169,5.43253
2.81202,5.63215
2.82304,5.82923
2.82344,6.03864
2.95421,6.20652
2.93391,6.42127
3.00393,6.6075
3.10923,6.77116
3.14728,6.97095
3.21596,7.17499
3.25284,7.36938
3.32716,7.58016
3.26073,7.76849
3.28198,7.9759
3.39018,8.14331
3.34276,8.34612
3.42676,8.53905
3.53266,8.70967
3.48143,8.91218
3.56074,9.08786
3.62649,9.27304
3.57132,9.48025
3.66233,9.64295
3.81455,9.77616
3.75716,9.96666
3.75873,10.161
3.81428,10.3597
3.83392,10.5436
3.75419,10.74
3.78528,10.9398
3.79107,11.1349
3.74811,11.3353
3.82905,11.5211
3.96711,11.6757
4.09561,11.8319
4.13904,12.0261
4.06782,12.2091
4.11059,12.4157
4.05122,12.6031
4.01039,12.8111
4.13157,12.9748
4.20639,13.1746
4.26618,13.3597
4.23626,13.5611
4.39165,13.6873
4.36494,13.8748
4.32234,14.0647
4.2106,14.2327
4.0348,14.3319
4.12881,14.5095
4.15111,14.6942
4.21583,14.8922
4.42778,14.9171
4.4173,15.1123
4.2612,15.2487
4.30241,15.445
4.11543,15.5162
4.16413,15.7102
4.26301,15.8805
4.26566,16.0918
4.25372,16.2986
4.28247,16.4959
4.22624,16.6741
4.29232,16.8633
4.27799,17.0659
4.27531,17.2808
4.26376,17.4973
4.253,17.7009
4.3086,17.9066
4.31534,18.1008
4.25854,18.304
4.0723,18.3295
4.19592,18.4795
4.29328,18.6472
4.1952,18.8299
4.25878,19.0362
4.1454,19.1885
4.21553,19.3853
4.16147,19.5754
4.3139,19.7057
4.21488,19.8766
4.21096,20.0664
4.34471,20.2174
4.38223,20.4214
4.54268,20.5412
4.53807,20.7518
4.5814,20.9597
4.4966,21.1462
4.60491,21.3044
4.66227,21.5152
4.59652,21.6958
4.6206,21.9035
4.66846,22.091
4.84431,22.186
4.94225,22.3708
5.10347,22.47
5.24394,22.61
5.34018,22.8033
5.24155,22.9711
5.16674,23.1618
5.20752,23.3657
5.24197,23.5605
5.2034,23.7672
5.36187,23.9049
5.36579,24.0985
5.36431,24.3045
5.41716,24.501
5.33487,24.6821
5.26576,24.8757
5.34625,25.0538
5.20208,25.179
5.12636,25.3662
5.26905,25.5175
5.28683,25.6992
5.2668,25.9081
5.25433,26.1099
5.11139,26.2461
5.21313,26.4461
5.23445,26.6358
5.12905,26.8126
5.22322,26.983
5.24476,27.1708
5.32308,27.3542
5.27451,27.5475
5.38309,27.7362
5.41825,27.9603
-5.49507,28.1488
5.41814,28.3226
5.38572,28.5297
-5.42801,28.5677
-5.41792,28.7731
-5.31101,28.935
-5.41383,29.108
-5.42851,29.3094
-5.28245,29.4601
-5.25611,29.6603
-5.32171,29.8537
5.48485,29.9253
5.44529,30.1287
-5.3907,30.2586
-5.33836,30.4549
-5.26282,30.6497
-5.26253,30.855
-5.23204,31.0613
-5.2038,31.2654
-5.14594,31.462
-5.27658,31.6416
-5.34793,31.8299
-5.33186,32.0371
-5.35161,32.2544
-5.25319,32.4643
-5.32657,32.665
-5.27205,32.8704
-5.432,32.9837
-5.49032,33.1816
-5.36627,33.3188
-5.38303,33.5365
-5.29936,33.7218
-5.34962,33.9234
-5.3307,34.1369
-5.231,34.318
-5.24244,34.5153
-5.12245,34.6628
-5.22044,34.859
-5.29086,35.0545
-5.09151,35.1148
-4.94786,35.2561
-4.83144,35.4242
-4.96151,35.5743
-4.81094,35.6917
-4.72379,35.8787
-4.65656,36.0661
3.07623,0.427131
3.13115,0.618862
3.07446,0.831177
3.22989,0.975414
3.28261,1.15477
3.16533,1.31692
3.29802,1.4674
3.34007,1.66859
3.40821,1.8697
3.5778,1.95621
3.62647,2.15412
3.70558,2.33098
3.69425,2.53012
3.77061,2.72772
3.69645,2.91688
3.83814,3.05157
3.80684,3.25261
3.94671,3.37919
4.07096,3.53949
4.08934,3.73132
4.22315,3.87129
4.2143,4.06987
4.14227,4.25453
4.09522,4.46751
4.18974,4.64085
4.30789,4.79145
4.39589,4.98385
4.45561,5.19462
4.40025,5.39028
4.49974,5.57135
4.56002,5.75812
4.37883,5.84719
4.32312,6.03087
4.33281,6.22056
4.40783,6.41123
4.37293,6.61398
4.49371,6.78576
4.58421,6.9811
4.74436,7.08881
4.70925,7.27669
4.54519,7.40127
4.48258,7.58814
4.68407,7.60647
4.83448,7.79265
4.90508,7.97721
4.95291,8.17638
4.8768,8.36226
5.08034,8.41176
5.15578,8.5965
5.16897,8.79427
5.25849,8.96664
5.27601,9.18664
5.29755,9.40286
5.31399,9.61177
5.27028,9.83019
5.15569,10.0031
5.30885,10.1119
5.30942,10.3177
5.34576,10.5203
5.48462,10.6778
5.47758,10.8892
-5.48446,11.0884
-5.44417,11.2872
-5.27342,11.3922
-5.30188,11.5914
-5.19066,11.7895
-5.31889,11.9455
-5.3764,12.1292
5.47608,12.2615
5.34981,12.4197
5.38278,12.623
5.30117,12.7956
5.40007,12.9742
-5.47229,13.1262
-5.39894,13.3226
5.49664,13.5042
-5.32551,13.6265
-5.35306,13.8233
-5.27335,14.0128
-5.29897,14.2081
-5.18782,14.364
-5.25379,14.5474
-5.26174,14.7492
-5.11733,14.9041
-5.13191,15.1089
-5.14623,15.3135
-5.07553,15.4951
-5.00223,15.6823
-4.89133,15.8406
-4.88015,16.0422
-4.91095,16.2448
-4.88574,16.4456
-4.99142,16.6217
-5.03614,16.81
-5.15041,16.9697
-5.09644,17.1724
-5.09549,17.3878
-5.11125,17.5926
-5.03223,17.7715
-5.14534,17.9349
-5.00109,18.0608
-4.94444,18.2577
-5.0134,18.4472
-5.02895,18.6446
-4.9769,18.8581
-4.81956,18.9831
-4.94094,19.1462
-5.00505,19.3382
-4.86016,19.5002
-4.86962,19.6952
-4.93366,19.8807
-4.82911,20.0568
-4.68848,20.1804
-4.68785,20.3882
-4.61012,20.5907
-4.64652,20.7808
-4.65966,20.9771
-4.59168,21.161
-4.44493,21.3158
-4.64922,21.3633
-4.68848,21.5648
-4.54181,21.7085
-4.46414,21.9128
-4.55713,22.0848
-4.47431,22.2624
-4.53204,22.4501
-4.61858,22.6227
-4.55735,22.8222
-4.60957,23.0157
-4.72349,23.1728
-4.79644,23.3466
-4.86377,23.5228
-4.90301,23.726
-4.90315,23.9227
-4.78144,24.0957
-4.87232,24.2755
-4.94134,24.472
-4.89033,24.6797
-5.01084,24.8383
-5.02214,25.0508
-4.9096,25.2132
-4.78601,25.372
-4.76643,25.5737
-4.63752,25.7282
-4.50741,25.9001
-4.44086,26.1093
-4.51428,26.294
-4.42769,26.496
-4.36253,26.6974
-4.50455,26.8468
-4.45957,27.0577
-4.2672,27.1312
-4.18757,27.3044
-4.15739,27.4966
-4.29527,27.6597
-4.31717,27.8683
-4.29471,28.0681
-4.4127,28.2165
-4.42102,28.4393
-4.57104,28.554
-4.43895,28.7072
-4.41509,28.9057
-4.40224,29.0997
-4.37059,29.2852
-4.25163,29.4327
-4.22576,29.6424
-4.32735,29.8142
-4.21636,29.9858
-4.23833,30.1992
-4.23489,30.4018
-4.17053,30.6012
-4.14729,30.7961
-4.04304,30.9629
-4.07667,31.1651
-3.95637,31.3353
-3.81968,31.5063
-3.73953,31.6806
-3.58205,31.8312
-3.62065,32.0396
-3.5763,32.2504
-3.48618,32.4309
-3.46074,32.6427
-3.33217,32.8074
-3.40477,32.9971
-3.54051,33.1329
-3.4649,33.3169
-3.30601,33.469
-3.32279,33.6657
-3.28624,33.8666
-3.26905,34.0744
-3.30861,34.2807
-3.28545,34.4798
-3.38032,34.6671
-3.3134,34.8567
-3.31405,35.0639
-3.46409,35.2038
-3.50467,35.4189
-3.50397,35.6307
-3.63117,35.8066
-3.61609,36.0116
-5.0399,0.587388
-5.17985,0.740277
-5.11798,0.94873
-5.11544,1.14435
-5.13439,1.34096
-5.12246,1.5335
-5.18063,1.74104
-5.16186,1.94575
-5.23898,2.13093
-5.15119,2.31631
-5.04871,2.46947
-4.8867,2.58814
-4.80941,2.76678
-4.72026,2.95511
-4.81564,3.13306
-4.82642,3.3207
-4.67681,3.44647
-4.64833,3.64534
-4.69096,3.84364
-4.58714,4.02869
-4.67965,4.20313
-4.66967,4.40591
-4.61233,4.59892
-4.40148,4.63563
-4.38938,4.85189
-4.34841,5.04864
-4.44037,5.23614
-4.59593,5.34253
-4.60992,5.56265
-4.53088,5.75554
-4.60002,5.96907
-4.6936,6.14012
-4.66038,6.35166
-4.74366,6.5316
-4.80952,6.72494
-4.91831,6.89703
-4.78699,7.04834
-4.75388,7.25473
-4.84809,7.41803
-4.90476,7.616
-4.7512,7.78158
-4.71806,7.97878
-4.71947,8.1917
-4.76212,8.38552
-4.70388,8.61353
-4.7072,8.80739
-4.80713,8.97165
-4.71012,9.1627
-4.54572,9.26204
-4.54881,9.46461
-4.64103,9.64462
-4.73584,9.84021
-4.71124,10.0451
-4.69381,10.2502
-4.59246,10.4149
-4.55222,10.6157
-4.57403,10.8069
-4.60622,11.0174
-4.60179,11.207
-4.5663,11.4036
-4.48203,11.5884
-4.57582,11.7591
-4.71036,11.8975
-4.60319,12.0625
-4.54194,12.2588
-4.51388,12.452
-4.45654,12.6445
-4.58961,12.8142
-4.64215,12.9925
-4.75231,13.1659
-4.71554,13.3707
-4.69657,13.5858
-4.73912,13.7789
-4.77328,13.973
-4.8742,14.1589
-4.86151,14.3574
-4.80589,14.5761
-4.60433,14.65
-4.52291,14.84
-4.48268,15.0478
-4.42045,15.2298
-4.52948,15.3972
-4.46732,15.5935
-4.35188,15.7418
-4.43621,15.9142
-4.40936,16.107
-4.41285,16.3136
-4.45155,16.5366
-4.29955,16.6662
-4.38555,16.8461
-4.27177,17.0364
-4.15502,17.2066
-4.12555,17.4043
-4.1777,17.5971
-4.0739,17.787
-4.08395,17.9965
-3.96687,18.1518
-3.82364,18.2904
-3.72844,18.4628
-3.73102,18.6579
-3.61937,18.8499
-3.56147,19.0515
-3.47573,19.2454
-3.50681,19.4522
-3.40098,19.6116
-3.49566,19.7798
-3.47758,19.9975
-3.56486,20.1955
-3.46927,20.3792
-3.38043,20.5789
-3.3819,20.7816
-3.58013,20.8034
-3.49458,20.9776
-3.3115,21.0546
-3.28834,21.2533
-3.22177,21.4397
-3.32539,21.6161
-3.11643,21.7067
-3.16325,21.9076
-3.08289,22.0782
-3.11745,22.271
-3.12819,22.4788
-3.18425,22.6882
-3.14921,22.8889
-3.11362,23.0936
-2.95658,23.2502
-2.86589,23.4319
-2.87655,23.6323
-3.08069,23.6881
-3.10012,23.89
-3.22687,24.0527
-3.24686,24.2654
-3.24579,24.4866
-3.16788,24.6833
-3.04266,24.8373
-3.06821,25.0428
-3.11249,25.2274
-2.947,25.3207
-2.8218,25.5019
-2.82541,25.7065
-2.66555,25.8365
-2.61537,26.0303
-2.44458,26.1208
-2.28466,26.2125
-2.1965,26.3841
-2.23121,26.581
-2.20429,26.7803
-2.32597,26.9541
-2.4477,27.1093
-2.52161,27.3008
-2.54994,27.5057
-2.4801,27.7063
-2.61864,27.8496
-2.63784,28.0517
-2.70417,28.237
-2.58801,28.4015
-2.7161,28.5609
-2.7246,28.7731
-2.75227,28.9646
-2.60917,29.0879
-2.56894,29.2829
-2.70011,29.4575
-2.64997,29.6507
-2.50512,29.8071
-2.64072,29.9473
-2.53547,30.1246
-2.56525,30.3406
-2.4904,30.537
-2.61179,30.7015
-2.70066,30.8869
-2.60796,31.0685
-2.51268,31.2379
-2.41586,31.4008
-2.43879,31.5921
-2.38107,31.7841
-2.27581,31.9575
-2.18117,32.1184
-2.16613,32.3284
-2.06909,32.5053
-2.13767,32.6982
-2.27022,32.8323
-2.38094,33.0147
-2.34325,33.2006
-2.4368,33.3706
-2.45808,33.5753
-2.54899,33.7511
-2.53221,33.9685
-2.50214,34.1478
-2.50397,34.3678
-2.61954,34.5361
-2.65295,34.7336
-2.7104,34.9249
-2.54601,35.0523
-2.48217,35.2537
-2.49408,35.448
-2.41325,35.6321
-2.44873,35.8369
-2.52142,36.0271
-2.48571,36.2277
-2.46079,36.4228
-4.80918,0.408621
-4.78258,0.615094
-4.77607,0.812325
-4.84264,1.01309
-4.69757,1.15376
-4.57251,1.29691
-4.53775,1.50061
-4.44141,1.68033
-4.30143,1.83708
-4.10312,1.81232
-4.05743,1.9937
-3.94293,2.17463
-3.9773,2.37205
-3.99672,2.56215
-3.91184,2.7526
-3.82527,2.93678
-3.89824,3.12126
-3.93675,3.33055
-3.86822,3.5139
-3.84309,3.72002
-3.87855,3.93076
-3.97511,4.12662
-4.05717,4.31852
-3.87542,4.4167
-3.84997,4.61276
-3.79168,4.8133
-3.74184,5.02493
-3.80704,5.21323
-3.81154,5.41659
-3.98018,5.54772
-3.95152,5.74958
-3.8654,5.92373
-3.93555,6.11752
-3.92596,6.33232
-3.94786,6.54786
-3.96838,6.75314
-4.02178,6.93204
-4.10102,7.12051
-4.12336,7.31476
-4.07173,7.51277
-3.92775,7.66079
-3.94872,7.85428
-3.93283,8.07347
-4.12622,8.12811
-4.18687,8.3263
-4.06174,8.48804
-4.04643,8.69755
-4.07593,8.89571
-4.05571,9.09557
-4.028,9.30327
-3.87734,9.46336
-3.79055,9.64307
-3.7083,9.83067
-3.56371,9.99145
-3.40682,10.1266
-3.41884,10.3391
-3.43099,10.5256
-3.44801,10.7159
-3.3131,10.8865
-3.24049,11.0714
-3.06007,11.1398
-3.06782,11.3546
-3.10122,11.5827
-2.98573,11.7343
-2.9283,11.9257
-3.01736,12.0933
-3.12786,12.2709
-3.01403,12.4531
-3.01335,12.6442
-2.90429,12.8211
-3.02189,12.9874
-2.85498,13.0964
-2.83309,13.2914
-2.921,13.4773
-2.9191,13.6845
-3.00993,13.8857
-3.10052,14.0858
-3.18295,14.2804
-3.28555,14.4739
-3.21498,14.6648
-3.21247,14.8731
-3.08515,15.0292
-3.14407,15.2403
-3.07488,15.4283
-3.22657,15.5688
-3.40997,15.6823
-3.39727,15.8691
-3.24109,16.004
-3.23867,16.207
-3.28168,16.4086
-3.24036,16.6222
-3.25511,16.8165
-3.26452,17.0257
-3.19652,17.2203
-3.2187,17.4319
-3.29602,17.6129
-3.26149,17.8093
-3.18477,18.001
-3.12496,18.1929
-3.17927,18.3844
-3.15245,18.5737
-3.05713,18.7403
-2.97279,18.944
-3.07259,19.1253
-3.12894,19.3279
-3.03179,19.5064
-2.98476,19.711
-3.03987,19.8915
-2.89135,20.049
-2.87352,20.2517
-2.75402,20.4248
-2.83654,20.6198
-2.69702,20.772
-2.63083,20.9539
-2.6019,21.1481
-2.57811,21.3497
-2.53712,21.5591
-2.43894,21.7561
-2.42701,21.9671
-2.51768,22.1352
-2.32388,22.1421
-2.39202,22.3382
-2.33106,22.5308
-2.46917,22.6732
-2.41205,22.8615
-2.40761,23.0849
-2.20116,23.1237
-2.15994,23.3364
-2.04246,23.5075
-1.96598,23.71
-1.88277,23.9043
-1.8264,24.1061
-1.8598,24.3023
-1.81433,24.5007
-1.78445,24.7141
-1.85008,24.8947
-1.84437,25.1025
-1.86629,25.3055
-1.82555,25.5036
-1.67708,25.6495
-1.55706,25.8152
-1.5799,26.0352
-1.63618,26.2264
-1.50406,26.3662
-1.49617,26.5737
-1.46612,26.7771
-1.29259,26.8956
-1.38112,27.0804
-1.33821,27.2868
-1.40386,27.4774
-1.25199,27.6095
-1.25884,27.8126
-1.30021,28.0188
-1.33146,28.2114
-1.28334,28.4144
-1.34999,28.5992
-1.34534,28.8047
-1.46462,28.983
-1.50818,29.2
-1.47454,29.3968
-1.49407,29.5973
-1.43933,29.7959
-1.48678,29.988
-1.37547,30.1434
-1.21204,30.2587
-1.25763,30.4501
-1.39714,30.5991
-1.3364,30.7968
-1.39652,31.0048
-1.29124,31.1843
-1.24002,31.3799
-1.14452,31.5466
-1.06538,31.7331
-1.22546,31.8564
-1.25283,32.0582
-1.3029,32.2695
-1.3327,32.4674
-1.15222,32.6014
-1.18706,32.7954
-1.25312,33.0013
-1.24232,33.2002
-1.28705,33.4002
-1.15553,33.5434
-1.17612,33.7552
-1.11812,33.9517
-1.24549,34.1106
-1.22225,34.3128
-1.26641,34.5128
-1.16989,34.6911
-1.13283,34.8958
-1.22557,35.0662
-1.14475,35.2412
-1.0834,35.4382
-1.10207,35.6424
-1.21166,35.8078
-1.13492,36.0022
-1.13055,36.2154
-0.922238,36.2578
-0.837967,36.4545
-0.858378,36.6536
-3.69712,0.289138
-3.69102,0.489729
-3.64495,0.711844
-3.58208,0.90308
-3.62458,1.09059
-3.45162,1.19739
-3.44185,1.38729
-3.41457,1.59268
-3.40089,1.7925
-3.40734,2.00609
-3.54991,2.15636
-3.58537,2.36313
-3.50776,2.55653
-3.31681,2.62151
-3.31461,2.82134
-3.41589,3.00382
-3.35069,3.21595
-3.43018,3.39193
-3.34597,3.5844
-3.33467,3.78649
-3.39054,3.97516
-3.25725,4.14495
-3.16555,4.30967
-3.08342,4.48041
-2.9529,4.63324
-2.99483,4.84071
-2.79018,4.83728
-2.84866,5.03529
-2.77606,5.21016
-2.70969,5.40267
-2.75054,5.58972
-2.8943,5.71773
-2.88718,5.91462
-2.71724,6.04028
-2.84002,6.19116
-3.02248,6.3228
-2.95414,6.50726
-2.8497,6.6786
-2.96799,6.85331
-2.9513,7.06583
-2.98763,7.27682
-3.04356,7.48628
-3.04155,7.69589
-3.03201,7.90496
-3.01193,8.09192
-3.02662,8.28541
-2.99443,8.48739
-2.97633,8.67587
-3.03272,8.8604
-3.12523,9.0234
-2.96823,9.14207
-2.80685,9.28431
-2.74201,9.46799
-2.65618,9.64392
-2.56845,9.84094
-2.65502,10.0162
-2.64568,10.2152
-2.67178,10.4128
-2.57043,10.5879
-2.53396,10.7924
-2.62067,10.9858
-2.54459,11.157
-2.45554,11.3402
-2.4787,11.5397
-2.46682,11.7218
-2.28935,11.7974
-2.34974,11.9963
-2.41242,12.1706
-2.52738,12.3442
-2.50906,12.5555
-2.38985,12.7184
-2.55358,12.8456
-2.5242,13.0397
-2.44025,13.218
-2.42338,13.4002
-2.55941,13.5443
-2.61222,13.7424
-2.61281,13.9437
-2.59185,14.1391
-2.61834,14.3285
-2.58708,14.5385
-2.57045,14.7293
-2.68651,14.8953
-2.62147,15.1053
-2.49738,15.2737
-2.34377,15.3916
-2.28745,15.5943
-2.32191,15.804
-2.30214,16.0176
-2.30147,16.2328
-2.21816,16.4162
-2.18085,16.6179
-2.32121,16.7545
-2.31648,16.9678
-2.3604,17.1763
-2.29241,17.3689
-2.31152,17.5729
-2.50534,17.6168
-2.61837,17.7961
-2.62666,18.007
-2.75929,18.1642
-2.84863,18.3486
-2.83539,18.5651
-2.74552,18.7565
-2.59506,18.8954
-2.64255,19.1046
-2.56078,19.2908
-2.4649,19.4647
-2.38787,19.6421
-2.38279,19.8494
-2.38889,20.0475
-2.40482,20.2329
-2.4736,20.4186
-2.50928,20.6374
-2.38855,20.8001
-2.42727,20.9974
-2.35942,21.185
-2.17725,21.2829
-2.12456,21.472
-2.09229,21.6809
-2.10823,21.8795
-2.01477,22.0428
-1.92894,22.2278
-1.91407,22.4349
-1.86138,22.6267
-1.84843,22.8484
-1.75907,23.0309
-1.72058,23.2196
-1.58858,23.3972
-1.40523,23.4948
-1.30788,23.6629
-1.46007,23.7824
-1.4117,23.9934
-1.4322,24.1953
-1.40491,24.3893
-1.36589,24.5949
-1.23284,24.7589
-1.2224,24.9536
-1.16366,25.1551
-1.02811,25.2966
-1.05205,25.4899
-1.06888,25.6971
-1.12381,25.8891
-1.10197,26.0862
-1.17443,26.2745
-1.22799,26.4736
-1.0605,26.5829
-1.09777,26.8082
-0.996782,26.9595
-0.892046,27.1319
-0.803697,27.3265
-0.703851,27.4958
-0.6517,27.6856
-0.623932,27.8871
-0.574,28.0837
-0.460829,28.2484
-0.577541,28.4176
-0.504223,28.608
-0.392595,28.7823
-0.457161,28.9697
-0.349541,29.1411
-0.558836,29.2128
-0.426308,29.3678
-0.447016,29.5667
-0.501029,29.7619
-0.482887,29.9636
-0.531958,30.1456
-0.555466,30.3467
-0.59803,30.5343
-0.678773,30.7188
-0.655767,30.9275
-0.666143,31.1307
-0.740481,31.319
-0.653055,31.5077
-0.56602,31.6802
-0.692755,31.841
-0.667475,32.0677
-0.596391,32.2573
-0.4813,32.4436
-0.64036,32.5647
-0.77278,32.7203
-0.627951,32.8522
-0.684224,33.0415
-0.707868,33.2379
-0.680542,33.4301
-0.721913,33.6274
-0.52148,33.5979
-0.408433,33.7718
-0.459286,33.9643
-0.304839,34.0862
-0.331969,34.2952
-0.269142,34.4782
-0.197563,34.6673
-0.362602,34.7683
-0.368743,34.9787
-0.51118,35.098
-0.504888,35.3081
-0.420013,35.4995
-0.341419,35.704
-0.423033,35.8804
