parameters (x,y,w,h,rx,ry):-5,0,10.000000,40.000000,100,100
44,38,47,35,46,25,11,12,7,8,7,8,5,7,15,24,36,31,49,50,83,93,97,89,106,128,117,136,146,118,128,122,128,109,94,92,86,79,54,67,59,46,71,48,62,52,63,70,75,83,89,96,74,111,128,98,104,95,93,83,90,110,71,39,22,19,11,6,4,1,4,11,10,24,36,24,32,44,48,42,41,51,42,24,10,5,3,2,2,2,1,0,0,2,1,2,0,0,0,0
112,64,93,96,96,65,48,24,15,13,12,23,16,26,42,53,87,100,104,166,177,214,262,238,220,236,285,268,281,259,238,261,256,246,241,189,182,183,164,168,141,128,122,136,148,142,122,144,173,211,185,185,173,178,231,188,191,192,192,152,196,177,167,113,61,36,22,16,7,9,6,11,25,23,47,66,87,81,95,142,104,119,89,48,28,10,8,6,3,2,3,1,1,3,2,2,0,0,0,0
76,49,96,114,99,80,52,26,16,11,10,14,19,17,33,40,66,105,106,132,186,223,261,231,229,270,263,252,292,266,246,249,252,258,235,198,202,176,175,162,148,142,112,130,151,135,123,150,184,212,208,189,176,177,194,210,206,201,157,168,198,200,181,129,68,42,17,19,8,4,2,8,14,25,49,50,65,102,99,117,120,137,96,51,24,18,7,8,3,4,1,2,0,3,1,2,0,0,0,0
47,62,101,114,106,74,54,34,13,13,11,9,17,11,29,39,69,65,111,108,194,223,269,230,265,210,290,277,252,264,254,274,239,253,234,221,202,174,193,166,134,125,136,130,127,130,137,158,158,217,215,229,173,161,207,217,242,198,156,165,190,242,191,132,78,54,18,14,13,5,3,1,12,16,42,51,60,68,113,127,128,160,117,61,33,8,4,6,5,1,2,2,0,3,3,0,0,0,0,0
26,63,78,120,131,74,62,32,15,9,10,10,9,19,18,36,53,63,93,133,176,231,256,221,214,258,289,260,243,258,280,258,263,241,233,232,196,203,181,162,148,114,129,141,117,135,128,153,160,196,220,209,188,166,203,217,224,199,163,170,177,227,205,128,79,44,27,7,15,7,7,4,8,17,28,41,58,75,78,118,135,154,133,74,41,18,9,2,9,0,2,1,4,2,4,0,0,0,0,1
19,43,74,128,149,82,56,29,19,9,9,8,10,6,19,29,57,69,71,114,178,217,243,246,216,254,260,287,248,248,286,270,234,242,261,200,212,185,173,164,132,128,140,130,131,135,128,155,182,187,240,209,189,174,174,219,250,206,160,152,210,239,208,154,91,45,28,11,7,9,12,7,5,13,28,35,50,70,98,112,134,170,119,87,44,25,13,4,0,1,1,2,3,0,3,1,2,0,0,0
14,24,91,139,115,92,49,28,24,11,7,7,8,6,23,34,31,51,90,94,142,254,242,258,207,233,281,262,235,257,280,263,243,263,223,204,195,231,182,179,120,110,106,147,136,139,123,125,201,189,232,207,185,178,186,197,236,229,180,167,186,247,218,159,85,55,24,14,9,6,7,10,11,8,14,24,39,83,86,137,154,155,136,97,43,32,8,10,0,0,1,3,4,1,3,2,1,0,0,0
6,38,75,137,135,92,44,32,17,15,8,8,10,8,16,24,25,35,65,101,161,266,233,227,228,235,278,276,261,253,265,283,238,264,242,207,194,208,195,161,104,123,114,140,155,130,116,152,172,206,246,216,178,158,180,222,249,209,181,180,189,228,214,186,91,51,30,7,8,9,6,8,13,11,9,15,27,77,80,125,152,152,130,111,56,32,13,5,0,1,3,0,3,6,2,1,0,0,0,0
13,34,74,118,131,99,57,34,17,7,10,7,10,6,11,16,33,29,60,87,156,228,272,207,225,258,264,234,308,265,246,250,280,244,221,230,191,200,190,178,137,119,112,138,130,166,137,137,161,193,218,250,188,147,174,215,229,206,187,165,216,217,233,169,112,65,24,15,4,8,4,7,4,11,13,16,24,67,83,125,152,163,154,109,60,31,12,7,2,3,0,3,1,2,4,3,0,0,0,0
11,34,65,117,134,100,55,35,20,7,9,6,5,9,7,20,18,33,47,89,140,233,229,227,231,246,275,245,301,271,234,264,271,261,238,225,184,174,199,180,120,142,125,140,123,145,123,132,179,221,228,238,200,174,167,197,257,205,214,174,186,245,235,190,127,54,34,22,7,5,7,10,4,6,12,12,36,65,83,110,152,159,159,115,69,29,18,7,2,2,2,4,0,5,1,2,1,0,0,0
10,28,73,115,100,103,73,38,19,11,13,6,5,7,10,13,21,25,44,75,146,237,233,243,232,235,293,271,266,244,259,264,281,260,224,213,182,193,181,165,142,164,116,128,122,125,139,155,158,196,213,224,218,181,186,201,238,236,194,172,163,231,232,194,125,59,36,21,19,7,13,3,6,7,12,13,33,58,80,115,146,190,164,107,54,30,20,6,5,0,2,3,2,4,4,0,0,0,0,0
10,38,76,93,127,85,55,32,22,12,10,11,7,7,7,11,21,29,36,71,120,214,273,223,238,216,283,319,241,221,269,265,282,263,232,211,191,175,176,146,146,130,136,129,125,118,137,168,153,205,241,223,215,191,176,190,216,254,194,174,184,209,256,181,149,70,38,22,14,18,9,6,1,11,9,14,26,52,85,115,171,177,167,97,65,27,17,8,6,2,3,5,2,3,3,2,0,0,0,0
15,41,64,97,128,90,59,27,20,11,17,6,5,7,9,9,16,34,46,55,134,195,266,274,198,225,270,311,231,216,268,280,259,224,224,241,210,190,170,160,133,128,131,130,126,107,151,156,171,208,204,223,199,193,197,189,219,222,185,190,198,213,241,202,149,82,33,29,16,13,14,6,6,9,9,12,32,33,79,107,154,176,159,127,80,25,14,11,6,2,3,6,4,2,4,2,0,0,0,0
13,27,61,104,124,100,48,31,25,9,8,10,7,5,10,6,11,21,34,64,121,210,256,233,208,212,315,285,238,234,267,290,261,237,225,225,223,190,158,157,143,124,160,121,116,144,136,140,186,204,236,205,187,192,199,218,212,219,180,185,200,206,245,202,130,92,32,30,9,19,12,8,9,6,13,14,27,42,64,108,164,187,164,129,64,42,15,14,3,4,2,3,5,6,2,0,0,0,0,0
16,27,55,100,109,86,83,25,19,11,9,8,8,13,11,10,11,16,22,56,129,208,278,240,196,198,256,313,259,227,262,289,277,238,210,236,226,165,163,151,133,136,125,144,142,122,131,175,174,202,205,209,206,207,176,207,237,239,177,184,199,255,223,195,123,88,53,20,21,17,20,8,4,7,7,23,23,55,58,101,144,195,176,119,70,38,20,15,5,4,3,4,5,1,3,2,0,0,0,0
10,33,56,101,115,78,63,30,22,9,6,8,12,14,8,9,10,20,26,51,118,205,275,248,198,203,297,279,256,229,278,261,277,208,220,225,241,196,161,149,116,122,143,152,129,136,131,155,165,209,235,203,206,209,197,205,252,242,180,181,193,227,226,196,136,85,58,22,24,17,14,15,8,5,5,12,33,57,62,91,141,188,184,128,74,51,20,12,4,3,2,5,2,2,4,2,0,0,0,0
12,21,56,107,101,94,46,36,20,10,5,4,5,11,14,11,5,16,26,47,134,215,243,242,189,223,306,280,235,219,275,260,265,233,227,211,246,204,167,135,120,132,134,130,147,147,145,121,176,208,231,214,226,180,205,214,227,244,206,171,178,229,209,194,154,100,53,37,24,18,12,9,8,10,8,18,32,49,61,103,149,158,174,139,88,42,13,15,5,5,3,4,8,3,2,0,0,0,0,0
9,24,49,104,102,93,59,35,15,8,5,8,4,13,11,11,7,6,38,47,111,171,278,247,232,212,269,320,230,221,239,304,260,207,193,226,228,217,168,144,129,125,131,133,134,117,133,163,167,213,214,215,203,185,198,223,239,234,195,216,194,191,215,219,164,105,60,38,27,18,14,16,6,6,10,19,35,60,72,94,147,180,176,134,81,36,15,7,6,5,0,4,4,8,5,0,0,0,0,0
12,32,56,102,85,94,57,29,18,9,11,4,3,7,13,12,9,14,31,54,105,189,264,261,204,203,258,303,255,226,243,288,271,237,207,216,220,202,166,146,117,108,148,152,142,126,134,121,219,202,225,224,185,177,202,229,221,213,221,211,183,203,221,210,130,104,53,34,31,22,16,15,9,11,10,24,26,55,84,102,136,187,176,137,79,34,16,12,4,3,2,3,8,6,5,0,0,0,0,0
17,29,46,96,101,89,56,23,18,13,9,5,3,5,6,11,9,11,25,49,111,198,265,234,223,219,235,308,237,239,266,273,253,224,207,233,232,207,157,144,130,107,134,144,160,124,127,134,178,191,262,217,174,201,202,235,214,226,227,200,188,203,231,220,136,103,63,29,24,10,19,19,15,14,9,21,28,39,74,123,161,195,170,128,78,40,14,11,8,5,3,2,4,4,8,1,1,1,0,0
18,27,58,91,81,94,66,22,18,8,8,8,9,5,6,9,13,8,16,37,115,185,242,269,221,180,274,279,246,237,257,296,295,224,170,222,232,221,157,140,122,117,121,150,156,121,116,141,182,208,242,203,202,179,208,252,211,224,211,202,182,223,235,193,144,95,68,41,21,17,17,12,15,16,14,18,26,44,71,101,162,208,195,119,83,35,19,8,3,3,1,3,5,4,10,2,0,1,0,0
14,33,59,68,97,87,55,23,14,10,9,7,5,6,6,10,8,9,20,38,92,191,253,260,216,213,259,282,235,246,260,277,256,210,232,231,242,189,163,139,123,97,145,159,133,134,120,132,187,230,236,219,187,184,222,210,217,216,193,205,204,204,256,186,143,91,66,40,26,14,12,16,13,16,21,25,35,50,65,98,162,187,186,142,85,38,13,6,5,2,3,0,4,6,8,2,1,0,0,0
8,31,66,73,106,86,62,22,4,8,9,9,4,8,7,5,9,7,13,41,91,181,259,254,215,216,262,296,270,225,244,280,278,211,212,231,205,201,174,135,102,135,122,152,148,156,120,130,165,227,235,229,182,194,206,224,229,235,217,178,202,205,229,203,161,102,50,39,32,30,14,11,16,18,20,18,33,59,79,105,138,174,204,142,86,37,19,5,5,1,0,5,4,3,6,4,2,0,0,0
16,36,56,90,83,76,53,27,20,9,7,5,4,5,9,6,3,13,13,39,86,186,265,273,179,215,275,273,291,218,243,282,277,212,215,222,245,197,146,148,107,122,120,135,167,142,128,119,180,217,242,215,185,227,210,207,230,252,181,171,203,241,224,193,153,99,60,40,27,23,17,19,9,8,20,26,37,59,86,88,150,185,199,147,93,31,23,5,5,3,1,2,5,6,4,6,0,0,0,0
9,28,54,88,95,67,46,33,24,7,6,6,5,5,4,15,8,5,14,44,84,174,259,264,210,185,260,311,272,204,238,293,251,238,197,217,250,229,153,133,100,126,137,115,170,145,152,129,175,250,231,222,204,204,208,207,231,234,194,165,208,225,244,201,153,93,68,41,24,25,24,12,13,12,19,23,36,47,86,105,163,189,191,138,86,35,20,10,5,5,4,5,2,6,6,3,3,1,0,0
10,16,54,93,97,56,57,26,17,9,8,8,5,7,8,13,6,9,17,28,85,160,261,260,209,190,254,310,268,212,234,315,271,206,216,210,229,219,181,134,114,109,111,130,155,146,142,134,184,221,240,226,187,174,217,217,223,229,183,187,206,223,226,182,179,89,62,40,28,31,17,18,20,17,12,26,40,59,80,117,150,182,187,140,81,38,28,12,6,8,1,4,5,5,5,5,0,0,0,0
9,21,49,90,107,68,42,20,10,16,8,9,10,7,4,11,8,16,11,21,93,159,256,256,221,171,262,340,266,213,230,297,288,212,192,232,209,199,178,152,108,98,105,133,140,137,134,172,164,222,252,213,183,176,204,249,227,236,218,163,174,216,228,234,186,92,55,30,28,33,15,11,18,18,23,21,37,48,79,120,152,188,154,166,91,38,28,16,5,5,2,4,8,6,4,3,1,0,0,0
6,18,55,79,96,79,36,20,10,11,8,5,7,9,8,4,6,16,22,29,80,151,258,292,219,179,245,318,284,218,200,309,294,211,209,216,206,227,177,140,104,117,106,119,150,133,149,145,184,222,247,215,181,190,210,226,218,236,208,186,201,221,206,229,178,108,47,42,34,26,25,22,20,15,13,34,26,55,80,98,145,171,187,158,87,54,28,14,6,2,6,3,10,7,1,1,1,2,0,0
10,17,41,85,93,68,48,17,18,13,5,9,4,6,12,6,9,9,24,30,82,168,281,262,207,166,259,302,257,201,243,277,269,236,220,199,216,223,165,150,108,113,91,121,148,158,129,167,156,232,252,198,187,198,188,229,238,221,220,217,205,217,232,197,146,103,61,52,34,18,18,25,15,27,22,32,27,45,86,107,175,181,176,144,91,53,23,18,8,7,2,6,9,13,4,1,0,0,0,0
6,25,43,72,99,73,38,21,16,8,8,7,5,8,5,8,10,10,13,33,73,198,257,246,208,171,254,313,261,222,241,275,286,221,215,193,210,218,172,131,108,103,110,127,124,159,149,132,175,247,247,207,180,184,219,214,247,214,227,181,198,221,228,193,143,116,53,47,39,15,17,13,26,22,34,22,42,53,77,123,149,173,176,155,101,51,20,17,15,8,5,5,7,11,6,0,1,0,0,0
9,12,41,78,88,67,51,27,18,15,6,9,7,7,6,6,9,12,18,33,86,186,237,247,215,194,266,265,281,249,228,270,280,234,212,184,209,210,178,136,104,94,114,142,137,126,134,139,181,239,263,222,194,172,187,231,237,226,211,214,231,198,201,224,154,104,62,40,39,19,22,16,16,20,29,35,48,43,85,103,153,157,185,155,103,49,31,19,15,3,7,3,10,5,12,4,0,0,0,0
6,8,36,77,84,62,48,31,16,18,8,3,14,10,4,4,6,13,12,42,86,173,226,267,209,215,223,275,293,229,244,278,268,236,180,199,233,199,196,117,117,102,100,132,123,152,170,135,167,231,264,237,170,173,198,221,256,212,200,211,225,207,213,196,161,104,77,49,38,22,14,15,23,24,22,52,47,50,69,143,118,148,164,169,117,47,32,19,9,10,6,8,8,13,4,2,3,1,0,0
5,9,30,69,88,60,43,31,19,12,11,7,9,10,9,6,5,12,15,29,80,179,251,275,190,205,219,276,300,242,214,314,264,213,183,203,203,236,191,138,103,100,108,125,138,144,152,146,154,237,242,218,190,173,188,240,237,218,191,212,214,219,199,189,146,134,68,49,32,20,23,23,19,27,19,42,52,57,88,116,134,169,165,131,114,75,36,16,11,11,10,10,6,8,8,2,3,0,0,0
1,17,38,64,66,74,42,41,23,17,9,9,10,10,13,7,6,6,15,33,67,162,257,289,213,178,213,323,277,203,227,301,287,219,209,200,194,231,208,111,89,107,113,130,158,158,144,163,166,204,240,222,193,163,196,222,283,216,194,208,217,240,214,192,153,121,69,44,28,23,32,17,20,16,36,34,52,63,84,116,163,181,142,143,112,63,36,17,17,9,7,11,7,10,7,2,1,1,0,0
4,13,30,48,63,67,53,29,25,13,14,11,6,9,12,9,9,7,14,35,68,154,240,275,237,177,212,326,273,217,227,268,279,236,178,174,231,226,201,127,99,96,120,119,152,160,153,134,161,216,245,207,156,205,207,208,248,214,211,177,240,244,223,205,130,118,84,48,21,31,24,19,17,20,27,22,40,60,98,144,160,172,164,147,99,57,35,22,18,17,7,12,9,11,7,0,2,0,0,0
2,10,37,47,79,60,42,21,24,18,12,12,7,7,7,14,8,9,7,34,75,152,234,271,231,172,249,291,290,226,229,260,305,240,168,195,220,238,197,128,100,90,135,141,145,149,120,151,188,215,218,216,204,173,187,237,253,223,207,196,188,224,245,195,142,88,89,44,35,25,26,24,23,16,28,22,34,55,99,141,164,163,182,144,104,44,35,23,27,14,12,9,14,14,6,3,0,0,0,0
7,8,23,55,69,55,42,37,30,17,13,10,8,10,7,5,13,10,14,28,56,165,252,275,226,193,205,306,285,225,205,263,288,267,195,186,216,220,165,130,112,97,118,142,153,160,125,150,201,191,224,211,191,166,182,240,249,224,209,178,207,240,237,188,144,105,72,47,33,33,20,23,15,24,29,35,42,55,75,146,174,179,157,134,98,38,40,38,19,13,14,6,16,11,14,3,1,1,0,0
4,11,33,49,70,48,28,25,28,16,22,12,12,11,11,6,11,12,10,27,75,161,254,276,210,177,223,321,292,217,213,255,281,270,186,199,221,204,191,136,91,95,116,139,141,136,172,134,196,200,233,230,206,178,175,246,237,225,196,209,191,216,240,202,151,111,77,52,28,27,26,31,12,21,41,22,43,59,83,128,160,202,168,138,72,53,49,30,24,18,3,9,16,14,9,5,1,1,1,0
3,15,25,37,55,49,33,31,20,12,22,23,12,10,9,9,8,11,15,29,74,157,269,259,214,181,218,331,275,231,234,251,280,221,218,192,211,223,191,125,89,98,104,133,149,162,146,144,158,230,226,215,215,176,183,207,258,218,205,195,229,231,215,210,129,123,90,55,22,21,34,24,16,28,33,37,40,61,68,117,174,181,188,136,98,52,41,43,19,22,13,12,7,20,14,7,1,1,0,0
3,18,21,38,53,49,34,31,26,17,23,11,15,10,20,10,7,13,17,25,76,155,264,294,205,152,217,301,313,222,208,268,273,237,187,179,218,231,178,152,90,103,102,138,155,153,142,145,183,199,225,211,199,181,182,234,256,221,191,186,206,229,229,194,146,96,80,51,37,22,33,23,31,29,24,45,48,51,76,114,177,205,162,136,85,58,41,27,33,18,15,11,12,21,18,4,3,1,0,0
8,13,29,27,47,33,28,31,37,17,17,12,13,8,15,18,17,8,14,15,69,149,261,288,220,180,226,283,303,229,192,272,299,243,169,188,214,218,178,144,123,92,114,150,154,137,144,154,175,200,214,224,205,202,210,220,227,249,203,158,216,215,228,219,134,105,70,54,29,16,23,25,24,28,38,42,49,55,75,117,173,186,177,150,90,51,47,34,19,18,21,15,17,22,11,9,4,0,0,0
2,9,28,33,53,25,22,25,32,22,14,14,17,7,19,15,7,15,14,25,68,179,244,281,213,183,220,311,281,206,222,275,281,232,169,171,215,175,193,157,116,93,100,155,155,144,148,148,145,172,245,240,211,189,193,236,218,234,181,196,216,215,231,218,156,104,64,59,33,17,30,19,28,29,31,46,55,64,64,123,161,182,184,140,94,62,47,39,16,21,18,24,13,18,10,9,3,2,0,0
1,9,20,28,45,31,24,29,21,29,16,12,9,11,13,16,18,11,17,28,81,155,265,286,218,171,227,286,281,222,218,292,261,215,179,190,205,199,210,119,104,108,103,125,160,142,148,152,164,195,235,228,217,173,191,236,254,233,178,205,178,232,233,200,161,93,76,38,41,22,27,16,35,33,35,36,58,71,76,120,156,165,169,163,89,62,43,37,24,15,19,28,20,16,13,12,1,3,1,0
5,13,15,24,34,39,31,15,22,23,15,11,11,13,16,16,9,20,24,32,75,169,268,280,195,175,248,283,294,209,206,284,298,209,183,174,216,203,191,142,114,95,99,135,147,166,128,145,160,193,240,244,216,163,196,238,246,250,195,170,203,206,252,195,132,99,65,45,36,22,22,22,29,30,42,53,58,73,76,110,148,193,202,149,112,60,34,32,30,17,16,24,22,15,21,9,6,2,0,0
4,7,14,27,19,44,29,20,24,17,11,12,8,17,7,15,12,17,25,38,84,174,237,254,206,185,231,282,280,237,208,256,307,246,176,186,210,213,191,136,107,94,121,115,139,161,165,146,166,224,208,216,232,182,169,226,220,264,218,163,206,227,217,210,159,102,68,44,29,21,21,17,23,30,50,47,63,71,103,122,158,161,178,141,102,51,28,38,25,19,32,17,20,21,14,12,8,2,0,0
3,6,24,21,26,32,21,17,25,30,15,8,11,11,17,14,11,17,24,35,76,155,216,272,232,190,242,290,284,221,193,273,283,249,192,174,238,230,180,132,91,98,82,139,144,158,146,150,179,194,210,225,216,179,178,216,229,263,221,194,202,223,248,186,146,103,60,47,28,22,22,21,22,37,35,37,65,75,97,134,158,191,179,118,106,59,34,25,28,28,30,24,23,21,15,16,8,1,1,0
2,5,19,26,29,24,14,21,21,17,19,15,13,5,10,14,13,22,25,34,68,137,248,272,245,192,231,249,314,229,210,262,269,271,177,175,241,230,153,136,82,99,127,123,142,157,143,160,179,207,216,247,201,168,187,214,238,234,226,192,203,212,238,209,160,93,65,29,37,28,17,24,28,27,33,54,58,78,102,137,150,182,150,142,102,61,46,33,29,25,28,32,36,24,15,14,4,0,0,0
2,6,14,15,29,26,17,13,25,14,23,10,18,11,11,15,15,9,20,37,81,154,267,247,212,194,234,287,291,229,219,257,272,244,198,197,187,238,174,112,118,110,96,136,124,144,130,168,182,214,202,213,197,185,183,230,238,226,210,186,193,232,244,236,117,102,68,36,27,23,15,21,25,26,36,49,70,69,107,132,151,169,167,150,100,62,47,37,39,23,30,25,33,24,31,11,4,0,0,0
1,6,10,21,29,15,23,12,18,13,13,9,15,18,10,10,9,17,21,28,85,177,245,249,230,197,232,259,279,239,222,239,280,267,177,173,225,223,172,134,113,98,111,137,126,132,138,143,175,201,213,225,213,173,184,216,242,233,231,176,201,238,248,219,127,114,65,52,27,16,30,17,25,24,38,47,49,74,108,122,146,178,185,127,103,72,61,36,25,26,36,34,26,33,22,14,5,3,0,0
0,3,10,17,18,23,19,20,8,13,14,9,15,12,15,16,10,11,22,40,74,157,254,263,212,204,264,277,251,266,226,245,268,227,188,206,211,220,177,134,106,98,104,136,128,126,137,134,174,221,212,209,224,199,194,226,223,244,208,201,190,222,253,203,157,98,64,47,29,27,23,23,15,32,29,37,58,69,105,130,150,168,177,145,98,67,66,45,33,28,35,27,30,32,30,16,0,3,0,0
1,6,7,15,15,20,20,12,11,13,9,9,11,12,18,13,18,10,26,31,96,142,236,277,226,184,224,316,260,218,233,285,264,216,196,199,200,218,180,133,110,90,113,109,138,135,137,132,174,230,218,190,198,204,212,216,238,242,214,181,177,237,242,214,153,101,59,52,35,26,24,16,23,29,30,41,52,63,110,128,132,169,186,131,110,78,54,38,36,28,32,35,33,34,27,16,9,2,0,0
0,2,10,19,12,15,18,14,8,13,8,10,13,14,15,13,16,17,23,43,83,139,236,290,222,171,219,340,249,217,249,292,258,237,192,178,228,199,177,146,103,79,99,122,147,142,129,146,172,229,209,213,205,186,207,220,216,244,213,186,192,227,243,206,171,92,61,53,28,28,22,26,19,25,29,51,59,69,104,130,129,196,174,152,86,73,61,42,40,28,30,36,41,32,27,24,11,1,1,0
0,2,6,12,18,7,23,10,10,7,7,8,10,8,12,17,17,21,21,44,81,165,237,268,219,186,262,270,253,237,234,268,292,224,182,203,209,210,166,152,88,77,116,124,129,138,147,146,161,208,223,214,199,229,204,226,217,255,208,192,214,222,228,205,153,87,79,47,29,23,17,17,28,32,23,35,64,87,81,109,168,207,155,117,102,71,49,51,47,25,29,44,44,34,34,26,6,2,0,0
0,4,6,3,13,19,15,15,11,14,5,7,14,8,4,13,11,15,19,37,76,157,244,264,228,206,246,281,278,222,230,268,264,249,181,203,236,187,177,133,107,77,97,102,149,147,152,143,146,218,237,219,180,206,210,236,234,213,201,199,191,231,222,225,137,99,78,59,31,16,23,17,21,20,30,32,53,79,99,114,154,218,166,117,97,70,57,41,47,33,37,43,31,44,37,28,8,5,2,0
0,0,6,9,16,8,4,13,12,12,10,9,15,10,8,8,9,12,23,36,72,142,263,268,223,220,218,292,290,240,209,268,245,248,191,198,213,205,199,142,77,93,101,90,153,153,141,124,175,216,213,201,222,176,199,230,214,264,214,181,205,222,226,215,139,103,69,57,28,32,25,12,19,29,31,45,48,70,82,118,162,201,179,144,98,79,50,40,31,33,49,48,53,39,40,25,16,4,2,0
0,0,2,11,12,10,7,7,13,9,8,7,11,12,12,16,11,8,7,27,92,172,220,288,218,171,242,290,297,222,220,263,281,210,209,189,226,229,171,126,87,100,86,119,147,156,124,144,151,204,229,208,203,197,207,237,230,235,202,192,185,218,235,202,148,119,75,43,32,28,32,29,13,26,34,43,39,86,90,119,149,188,165,126,111,83,56,53,29,31,36,52,56,46,41,27,12,6,1,0
0,0,2,9,9,7,8,5,4,13,9,3,7,6,15,22,10,10,11,28,81,168,258,258,208,177,270,317,275,220,223,262,267,243,182,226,195,205,174,141,86,87,85,123,162,144,144,139,146,193,228,232,211,176,211,239,216,247,208,186,201,232,211,224,163,113,54,69,33,22,33,31,24,20,44,40,49,82,101,114,150,168,171,118,98,75,59,47,40,31,44,46,72,53,37,29,8,7,0,0
0,0,3,3,10,6,7,9,7,6,6,9,8,6,13,16,15,15,21,34,73,170,251,238,236,188,237,330,261,221,240,244,309,214,194,176,210,222,166,140,116,73,85,112,161,141,147,119,159,212,226,233,204,188,191,233,266,230,185,179,194,239,212,188,176,108,61,53,31,35,25,29,27,26,31,53,53,77,96,135,132,157,165,136,105,83,53,38,49,36,48,53,62,54,32,33,13,7,2,0
0,0,0,2,7,10,7,4,9,1,7,5,2,8,6,8,19,17,18,37,70,146,234,271,227,182,236,306,257,212,231,272,296,235,183,201,195,217,187,127,107,78,94,106,165,134,128,145,151,192,238,228,188,181,219,240,239,206,198,217,192,215,223,212,149,120,63,38,31,28,27,21,29,27,48,55,49,79,75,131,146,171,158,124,104,70,56,47,45,50,50,51,55,63,31,38,14,3,2,3
0,0,0,5,4,5,10,7,6,5,3,3,5,5,5,10,9,15,16,34,77,157,238,272,215,181,219,318,270,222,207,285,270,232,195,214,234,224,177,134,93,95,107,119,139,153,121,142,140,186,237,240,200,193,195,227,240,207,216,199,215,211,216,221,164,125,73,42,29,32,20,28,23,29,40,36,73,82,91,118,158,176,153,131,103,80,44,44,47,46,45,68,55,62,50,27,21,4,2,2
0,0,1,1,4,6,3,4,7,9,4,3,4,3,7,10,10,11,16,31,68,156,238,286,229,196,225,288,273,209,224,274,297,213,212,204,213,233,174,109,96,91,93,122,146,153,133,141,152,217,226,218,189,213,192,223,219,214,218,182,213,217,211,213,155,116,90,52,39,29,19,27,24,29,21,45,64,99,104,105,153,177,147,147,97,73,62,39,44,49,46,63,57,59,57,38,23,5,5,1
0,0,0,0,1,7,3,5,6,4,4,5,2,3,5,6,15,8,14,23,65,161,246,276,221,182,208,327,282,209,202,281,287,241,161,198,209,251,173,131,104,82,87,134,139,146,149,142,156,190,234,217,202,174,197,252,207,225,190,192,189,218,220,198,151,133,76,53,48,28,36,27,21,33,27,37,63,79,132,118,152,176,153,114,109,79,64,43,39,34,54,57,76,66,66,27,21,5,4,0
0,0,0,2,1,3,3,5,9,3,5,3,2,3,3,4,7,8,11,25,79,153,238,271,201,194,220,272,282,248,211,256,291,256,177,172,231,213,176,157,100,74,91,123,149,156,150,153,151,182,210,245,190,198,182,228,238,220,199,183,216,223,240,189,136,122,80,58,46,32,29,28,28,28,31,36,57,84,106,133,159,174,142,145,91,86,52,39,51,36,51,50,59,79,66,45,19,6,5,3
0,0,0,1,1,2,1,6,4,5,3,7,3,2,5,2,4,4,11,24,65,153,276,270,198,171,248,276,295,232,185,264,283,239,198,182,208,201,188,172,84,70,85,128,158,173,133,129,166,187,213,231,226,179,171,207,275,214,214,169,200,236,224,209,122,108,87,63,41,21,35,26,24,15,33,53,59,79,94,155,160,160,158,133,91,79,60,50,36,35,51,43,68,85,65,48,28,8,3,2
0,0,0,1,1,0,3,1,3,1,5,4,3,2,4,6,4,4,12,21,75,149,226,286,250,156,202,320,304,228,205,266,254,220,211,212,194,200,219,138,102,65,74,121,148,163,137,154,141,198,247,219,201,199,193,196,262,236,194,162,210,243,238,183,146,104,89,69,55,29,22,19,27,20,37,43,61,78,92,119,164,160,168,124,105,68,74,52,39,34,47,62,63,99,61,60,25,5,0,2
0,0,0,0,1,2,1,2,1,1,0,3,5,8,1,7,4,5,7,21,60,148,220,303,245,169,217,296,289,234,213,242,278,236,203,201,205,210,192,135,92,74,81,105,137,161,159,149,167,200,197,247,204,183,175,223,227,229,183,190,206,242,216,181,152,122,62,56,51,46,22,20,23,27,41,41,61,86,85,147,150,150,172,111,104,75,62,60,41,35,62,63,71,76,71,49,26,13,2,1
0,0,0,0,0,1,2,3,3,0,0,0,1,5,7,4,6,1,7,14,49,142,243,255,220,187,226,282,297,229,216,245,275,253,188,212,199,200,189,136,112,72,81,108,122,148,147,172,170,188,225,230,206,169,199,222,255,234,192,177,188,236,236,183,136,124,80,50,37,39,36,21,20,24,31,45,57,72,107,139,161,163,153,120,127,71,61,56,56,42,44,62,72,89,79,60,27,9,0,0
0,0,0,0,0,2,0,2,3,1,1,1,0,2,4,8,7,6,9,9,63,114,250,273,220,194,220,295,315,215,217,246,285,242,191,197,190,213,194,131,109,66,96,94,122,117,157,160,199,210,211,245,185,168,183,229,245,253,208,160,208,217,220,206,146,114,84,54,33,45,30,22,21,26,35,35,55,90,90,154,163,185,152,125,91,87,68,42,49,44,56,58,78,98,81,55,30,5,2,0
0,0,1,1,1,0,0,1,1,1,1,0,0,4,2,3,1,2,7,21,66,118,223,265,253,171,263,279,296,212,239,252,311,240,181,173,211,211,199,130,99,70,73,88,122,142,164,169,158,203,228,228,211,171,194,208,254,264,187,182,186,238,212,212,172,116,77,52,42,31,30,30,26,25,34,42,66,82,93,128,161,163,165,147,86,70,64,61,45,50,50,59,78,98,87,53,21,10,3,0
0,0,0,0,2,0,0,1,2,0,1,1,1,1,0,5,1,3,3,18,54,141,249,259,216,167,212,297,274,226,223,251,269,250,187,154,203,224,210,130,104,75,67,98,103,133,161,169,181,197,222,196,207,184,176,226,239,235,188,195,209,216,226,185,178,127,61,45,48,26,35,33,28,29,34,49,70,75,73,130,146,168,170,138,116,67,52,63,45,42,54,78,93,94,89,53,17,9,2,0
0,0,0,1,0,2,0,0,1,1,1,0,1,0,0,2,5,1,5,23,53,137,247,287,199,172,208,273,311,254,202,263,271,253,195,175,186,230,204,138,97,53,79,103,112,129,155,172,174,200,202,218,225,193,175,222,234,246,199,201,200,205,241,209,157,119,68,48,38,28,27,33,37,29,33,54,62,71,85,124,163,170,149,139,109,71,59,56,56,39,66,73,89,106,80,59,27,11,2,0
0,0,0,0,0,2,0,0,0,0,1,1,0,0,1,4,2,6,6,16,43,132,214,295,220,198,190,282,291,229,216,213,282,267,197,167,209,227,183,142,95,87,79,92,113,106,141,182,171,214,181,226,201,228,169,218,228,241,227,204,184,208,235,235,149,125,59,55,37,32,26,22,38,30,35,45,73,79,81,121,160,191,163,139,103,82,53,57,56,43,48,81,110,88,90,68,33,12,2,0
0,0,0,0,0,1,1,0,0,0,0,0,1,1,1,3,1,1,6,18,52,131,218,250,230,219,203,236,300,246,204,237,277,253,205,185,187,229,188,121,105,83,70,90,99,133,146,147,197,206,188,215,208,216,192,200,236,247,215,214,211,205,203,221,177,107,63,64,52,30,29,28,27,33,43,44,67,81,86,125,135,176,178,139,105,73,75,44,50,47,58,81,104,80,87,82,33,11,2,0
0,0,0,0,0,0,1,1,0,0,0,0,0,0,2,1,2,5,5,15,53,136,190,254,234,217,204,280,308,250,202,214,282,244,189,170,200,223,182,141,95,67,86,87,93,124,149,155,211,199,216,184,201,211,234,203,216,245,226,197,208,218,219,208,156,110,69,53,45,41,36,22,34,45,46,56,44,74,108,114,137,161,178,148,112,83,54,51,50,51,53,71,111,122,94,80,28,6,4,0
0,0,0,0,0,0,0,0,0,2,1,0,0,1,1,0,1,1,3,13,61,115,209,262,245,174,192,276,296,244,208,249,286,244,182,189,170,189,196,159,91,73,73,114,104,132,126,156,162,216,211,206,224,166,236,219,223,246,217,196,199,197,228,204,163,122,66,50,37,28,47,38,30,32,53,46,63,77,84,114,151,167,177,128,131,84,45,51,58,50,59,75,108,125,82,76,27,15,2,2
0,0,0,0,0,0,0,0,0,0,0,2,0,0,1,1,0,2,5,15,52,97,213,269,232,180,197,276,293,255,214,239,261,265,212,157,166,177,200,162,105,70,81,91,105,123,134,171,183,189,201,220,217,206,202,239,208,229,232,205,195,217,223,237,137,128,76,58,44,26,31,36,30,34,53,48,51,84,91,107,138,169,183,141,119,86,55,50,53,48,58,84,111,128,113,62,37,13,3,1
0,0,0,0,0,0,0,0,0,0,0,0,1,0,1,1,0,0,6,6,42,112,190,288,243,160,205,261,290,249,209,235,265,251,193,174,148,192,188,150,120,73,69,82,99,132,133,156,177,221,206,201,195,208,214,243,209,227,217,208,204,217,236,188,179,122,78,57,42,38,31,29,39,50,41,34,54,89,99,113,153,182,147,157,127,87,59,44,44,61,62,89,125,117,109,66,35,21,4,1
0,0,0,0,0,0,0,0,0,0,0,0,0,0,0,0,1,1,3,13,32,112,207,283,251,181,188,281,295,227,198,222,271,274,231,138,134,175,204,161,129,86,77,78,91,97,138,145,199,213,210,176,191,227,230,210,229,227,217,195,224,195,240,187,164,129,97,55,43,27,31,29,37,46,42,49,55,70,99,131,155,186,155,137,111,73,58,48,47,62,77,76,108,105,105,73,40,14,11,5
0,0,0,0,0,0,0,0,0,0,0,0,0,0,0,0,0,2,2,4,27,97,199,283,242,189,211,270,271,235,202,236,272,261,192,167,138,170,217,164,127,86,76,97,88,97,126,164,189,203,219,186,218,186,217,244,233,230,223,209,202,217,198,240,152,119,92,64,49,25,37,28,35,26,47,58,42,69,114,131,172,172,198,127,94,93,57,40,37,66,62,84,108,137,118,78,31,10,10,8
0,0,0,0,0,0,0,0,0,0,0,0,0,0,0,0,0,1,2,6,31,98,187,251,239,217,194,226,297,265,204,219,250,285,208,163,146,169,184,153,123,79,88,88,92,110,119,163,201,202,222,189,182,205,212,200,239,221,231,207,215,196,215,212,168,133,97,62,42,42,39,27,30,42,43,42,52,63,92,123,174,196,171,138,105,99,56,60,48,40,70,107,112,147,108,75,42,12,12,2
0,0,0,0,0,0,0,0,0,0,0,0,0,0,0,0,0,0,3,7,27,84,193,237,272,206,177,238,275,272,220,209,248,287,189,150,172,170,190,134,120,89,87,79,96,102,126,157,191,213,225,188,157,230,229,201,238,217,207,219,224,217,219,204,161,125,100,52,46,51,43,27,26,29,47,43,66,58,88,144,172,159,174,161,110,92,57,50,40,50,70,96,131,157,117,77,34,16,11,3
0,0,0,0,0,0,0,0,0,0,0,0,0,0,0,0,0,0,1,5,28,81,168,251,251,220,201,245,289,242,224,199,244,254,223,159,151,182,188,136,101,98,84,87,82,101,134,155,188,201,238,186,205,200,221,221,227,210,223,218,229,217,226,216,156,132,98,61,46,39,48,40,28,36,36,45,56,58,83,124,170,180,200,146,102,74,64,55,44,46,78,104,127,147,116,89,45,15,13,7
0,0,0,0,0,0,0,0,0,0,0,0,0,0,0,0,0,0,0,8,30,77,184,223,208,248,177,229,275,272,190,219,230,263,219,175,152,174,172,144,113,87,97,92,100,105,117,160,185,198,198,206,206,210,224,229,229,205,212,218,211,222,201,209,179,145,104,66,43,51,37,36,34,49,34,50,54,76,71,104,166,179,188,161,88,89,76,58,53,40,61,90,125,166,143,97,54,9,13,6
0,0,0,0,0,0,0,0,0,0,0,0,0,0,0,0,0,0,0,5,27,86,156,212,221,217,219,223,279,259,218,217,234,256,210,177,143,156,153,152,135,106,84,94,94,111,124,158,170,196,207,197,202,198,226,222,212,217,189,221,214,228,207,198,176,170,96,61,53,48,39,37,32,46,39,61,64,63,85,124,156,174,178,164,116,74,71,64,51,49,55,97,118,145,162,108,47,30,11,3
0,0,0,0,0,0,0,0,0,0,0,0,0,0,0,0,0,0,0,9,32,60,128,221,252,216,220,233,252,280,213,226,238,274,201,169,142,156,167,144,112,94,86,92,91,106,136,144,174,185,207,227,189,213,208,247,227,227,201,216,226,201,235,184,178,170,107,88,56,48,38,32,21,44,39,52,73,84,87,114,134,175,150,157,122,109,57,55,50,51,53,81,109,175,140,135,55,31,10,11
0,0,0,0,0,0,0,0,0,0,0,0,0,0,0,0,0,0,0,3,22,58,146,193,222,219,225,240,241,253,211,204,247,267,224,174,159,143,154,129,111,107,94,90,117,121,114,123,168,197,218,206,205,162,221,267,231,209,203,182,234,226,221,188,176,138,117,94,62,65,40,26,31,45,32,54,51,94,93,100,142,155,178,153,143,85,68,61,51,54,64,78,132,132,154,119,77,39,18,18
1,0,0,0,0,0,0,0,0,0,0,0,0,0,0,0,0,0,0,4,24,50,132,198,234,205,212,235,238,227,256,241,223,270,202,198,138,143,147,123,102,99,94,93,112,124,121,120,147,227,205,219,204,182,201,211,268,227,206,210,228,222,210,191,187,161,122,100,66,50,47,31,40,35,51,45,65,66,92,90,135,135,184,145,144,110,75,58,57,49,49,81,113,149,125,124,85,45,21,28
1,0,0,0,0,0,0,0,0,0,0,0,0,0,0,0,0,0,1,8,15,51,111,173,235,224,203,208,230,255,249,231,230,236,223,190,153,155,138,109,124,118,76,99,104,105,126,118,180,179,225,205,194,205,175,227,261,224,180,223,234,217,204,218,176,176,114,97,75,44,46,35,38,30,48,43,62,74,75,99,126,145,173,154,135,89,64,66,65,56,57,67,102,150,148,111,71,47,22,34
1,0,0,0,0,0,0,0,0,0,0,0,0,0,0,0,1,1,1,2,12,41,111,165,203,231,222,199,220,254,248,232,236,192,223,203,155,166,118,116,109,116,101,92,97,106,117,123,164,186,201,191,169,196,174,204,223,226,185,197,231,220,212,198,178,161,120,88,78,50,44,27,38,33,36,50,53,54,76,80,109,132,140,130,121,86,66,67,57,57,51,65,101,114,138,104,88,47,33,29
8,0,0,0,0,0,0,0,0,0,0,0,0,0,0,0,0,0,0,6,12,43,90,124,161,203,212,207,228,236,245,230,244,216,186,180,162,144,142,116,98,78,91,85,78,95,98,100,112,187,141,174,174,183,195,162,201,180,191,177,182,209,205,186,157,138,97,79,47,45,42,46,27,29,23,37,32,44,57,73,87,90,110,89,83,68,46,42,36,43,44,35,67,102,94,81,65,38,19,26
3,0,0,0,0,0,0,0,0,0,0,0,0,0,0,0,0,0,3,6,8,26,63,94,148,151,159,192,207,220,223,206,195,217,155,149,143,124,96,83,81,65,62,59,60,48,63,84,91,111,132,122,108,125,157,123,140,133,147,117,161,164,149,130,96,105,69,52,28,24,24,22,13,15,12,15,24,36,30,34,52,45,54,50,60,35,23,18,26,15,19,29,35,46,57,41,43,19,12,12
0,0,0,0,0,0,0,0,0,0,0,0,0,0,0,0,0,1,3,0,4,7,30,45,63,93,115,124,167,156,159,159,186,170,107,111,91,66,62,42,46,33,27,37,34,21,28,39,46,55,73,53,70,53,58,89,77,83,77,67,91,88,78,62,51,43,35,21,12,8,12,9,4,3,3,6,3,9,14,27,12,16,10,19,17,16,4,1,2,7,5,7,6,15,17,19,10,7,4,5
0,0,0,0,0,0,0,0,0,0,0,0,0,0,0,0,1,1,0,0,1,4,7,8,21,43,55,65,92,87,98,82,92,98,52,41,48,23,19,15,19,6,7,10,12,10,11,13,15,21,13,20,18,22,20,22,36,29,25,21,25,24,30,14,18,8,12,5,8,0,1,0,1,0,2,1,0,2,1,3,4,6,2,1,2,2,0,2,0,1,2,2,3,3,2,4,0,0,1,0
0,0,0,0,0,0,0,0,0,0,0,0,0,0,0,0,0,0,0,0,0,0,1,0,11,9,7,16,33,32,37,36,33,23,22,16,9,8,5,2,2,3,3,0,0,3,1,1,4,2,2,5,5,5,0,3,7,5,9,1,10,7,3,1,0,4,1,0,0,0,0,0,0,0,0,0,0,0,0,0,0,1,1,0,0,0,0,0,0,0,0,0,1,1,0,0,0,0,0,0
0,0,0,0,0,0,0,0,0,0,0,0,0,0,0,0,0,0,0,0,0,0,0,0,0,1,4,3,4,5,2,3,5,6,3,1,1,1,0,0,0,0,0,0,0,0,1,0,0,0,0,0,1,0,0,2,0,3,0,1,1,1,1,0,0,0,0,0,0,0,0,0,0,0,0,0,0,0,0,0,0,0,0,0,0,0,0,0,0,0,0,0,1,1,0,0,0,0,0,0
0,0,0,0,0,0,0,0,0,0,0,0,0,0,0,0,0,0,0,0,0,0,0,0,0,1,0,3,0,0,0,0,0,0,0,2,0,0,0,0,0,0,0,0,0,0,0,0,0,0,0,0,0,0,0,0,2,0,0,0,0,0,0,0,0,0,0,0,0,0,0,0,0,0,0,0,0,0,0,0,0,0,0,0,0,0,0,0,0,0,0,0,0,0,0,0,0,0,0,0
0,0,0,0,0,0,0,0,0,0,0,0,0,0,0,0,0,0,0,0,0,0,0,0,0,0,0,1,1,0,0,0,0,0,0,1,0,0,0,0,0,0,0,0,0,0,0,0,0,0,0,0,0,0,0,0,0,0,0,0,0,0,0,0,0,0,0,0,0,0,0,0,0,0,0,0,0,0,0,0,0,0,0,0,0,0,0,0,0,0,0,0,0,0,0,0,0,0,0,0
0,0,0,0,0,0,0,0,0,0,0,0,0,0,0,0,0,0,0,0,0,0,0,0,0,0,0,0,0,0,0,0,0,0,0,0,0,0,0,0,0,0,0,0,0,0,0,0,0,0,0,0,0,0,0,0,0,0,0,0,0,0,0,0,0,0,0,0,0,0,0,0,0,0,0,0,0,0,0,0,0,0,0,0,0,0,0,0,0,0,0,0,0,0,0,0,0,0,0,0
0,0,0,0,0,0,0,0,0,0,0,0,0,0,0,0,0,0,0,0,0,0,0,0,0,0,0,0,0,0,0,0,0,0,0,0,0,0,0,0,0,0,0,0,0,0,0,0,0,0,0,0,0,0,0,0,0,0,0,0,0,0,0,0,0,0,0,0,0,0,0,0,0,0,0,0,0,0,0,0,0,0,0,0,0,0,0,0,0,0,0,0,0,0,0,0,0,0,0,0
0,0,0,0,0,0,0,0,0,0,0,0,0,0,0,0,0,0,0,0,0,0,0,0,0,0,0,0,0,0,0,0,0,0,0,0,0,0,0,0,0,0,0,0,0,0,0,0,0,0,0,0,0,0,0,0,0,0,0,0,0,0,0,0,0,0,0,0,0,0,0,0,0,0,0,0,0,0,0,0,0,0,0,0,0,0,0,0,0,0,0,0,0,0,0,0,0,0,0,0
