parameters (x,y,w,h,rx,ry):-5,0,10.000000,40.000000,100,100
65,78,62,51,47,58,42,31,23,27,30,29,26,31,35,32,40,57,67,62,58,82,52,61,58,66,59,65,65,60,54,36,32,27,22,24,30,33,36,45,33,53,42,47,52,66,44,63,84,88,70,74,37,45,36,42,36,34,30,27,26,21,17,25,25,39,40,57,71,55,86,72,67,42,57,70,72,64,70,63,48,38,27,26,22,28,27,34,28,38,30,51,43,46,53,54,72,68,70,72
164,159,137,115,105,98,97,93,77,76,57,48,46,48,53,80,107,111,158,164,164,169,134,141,107,125,168,154,163,171,108,95,58,58,54,62,66,83,103,103,100,105,98,104,110,102,149,160,158,194,174,150,121,87,96,84,104,86,78,60,57,67,42,33,48,83,103,123,141,175,198,173,122,108,126,133,148,149,157,179,134,88,67,58,52,65,75,101,84,89,94,118,99,103,110,117,173,154,166,178
169,153,156,132,122,116,90,90,82,69,61,55,38,42,40,59,81,113,163,172,161,154,148,125,129,139,129,159,206,158,124,93,67,48,49,61,51,78,96,95,114,103,107,95,92,132,112,154,190,208,207,150,123,122,93,93,105,73,80,61,65,45,33,41,60,61,71,109,181,184,199,158,124,125,100,135,156,173,151,176,160,95,59,54,45,52,58,102,99,102,93,101,103,101,113,110,168,168,166,176
186,179,158,131,97,108,97,93,85,78,48,50,40,32,28,56,93,107,135,183,141,155,163,145,112,121,163,170,176,177,135,99,78,48,42,43,61,63,82,117,116,114,102,94,95,108,124,156,200,185,222,165,120,111,100,111,87,66,93,82,54,41,40,38,44,59,65,118,163,176,199,166,160,114,116,129,141,164,192,183,137,89,73,46,47,49,66,85,94,115,106,119,85,96,104,122,139,164,178,176
160,204,161,124,86,106,94,79,81,82,67,38,38,38,36,58,91,118,127,194,187,144,143,124,124,108,147,175,182,185,153,103,76,58,39,45,42,65,80,120,111,112,89,109,111,83,121,123,190,213,225,170,154,114,92,103,90,86,85,68,66,46,46,33,34,37,67,100,149,206,206,183,137,113,117,134,150,163,200,167,144,89,56,46,40,46,70,79,100,140,111,109,111,85,102,89,151,165,170,207
160,178,163,119,104,103,86,77,96,95,60,41,42,34,45,54,79,111,142,182,171,165,145,125,92,111,130,192,188,191,143,98,74,53,44,48,42,44,89,116,129,134,79,95,101,89,116,130,208,205,216,164,137,103,117,90,93,98,102,79,58,56,40,39,30,33,59,107,141,232,183,193,147,120,115,129,154,167,188,192,136,98,66,33,37,44,72,69,111,118,114,121,92,84,77,106,119,180,185,204
205,168,139,134,98,81,99,90,92,93,68,46,33,27,34,52,80,103,138,167,190,173,163,111,102,102,129,180,201,181,152,116,70,42,33,47,48,52,80,115,124,134,106,92,84,95,122,162,178,212,196,178,134,131,94,93,86,92,90,76,61,56,47,34,39,36,50,94,141,194,211,195,143,132,103,140,138,204,175,176,145,93,55,42,33,44,46,64,119,114,126,122,101,97,93,84,126,171,195,204
190,167,160,107,104,92,103,89,101,75,80,50,45,26,30,35,60,103,150,191,205,174,131,104,110,116,136,152,191,209,153,109,77,36,30,32,37,64,85,104,129,110,129,90,96,81,108,128,212,188,233,171,136,140,91,84,100,84,93,83,70,47,39,37,31,35,45,97,140,188,209,201,150,122,110,118,137,164,221,184,122,109,68,35,38,40,39,83,99,117,124,124,107,99,69,97,123,174,202,200
193,179,149,132,84,94,95,101,106,96,60,46,43,28,36,43,63,98,164,179,198,179,120,111,98,111,135,156,186,201,176,110,78,48,24,34,40,67,83,99,117,118,129,103,100,82,104,124,199,226,200,186,123,110,115,84,93,90,79,74,62,58,50,39,37,36,48,78,125,190,209,201,167,129,111,120,133,180,225,174,151,108,53,41,37,37,56,55,90,124,123,117,122,100,94,78,137,156,202,205
185,190,150,127,96,87,92,90,108,97,74,41,33,34,33,27,57,97,155,198,174,202,145,107,100,108,124,165,187,199,176,100,74,50,36,37,45,49,79,102,124,134,123,103,109,86,89,115,177,247,249,181,114,109,98,96,98,91,93,80,65,50,54,35,38,41,40,79,145,165,216,172,178,112,112,101,141,184,218,176,143,122,57,45,45,27,49,75,84,97,131,135,115,107,103,90,128,148,195,206
175,170,158,108,113,93,86,87,109,105,90,71,46,24,23,19,40,72,158,202,189,193,143,116,89,104,125,192,201,169,155,117,69,59,29,25,34,71,71,101,120,128,120,96,122,97,107,123,168,224,208,172,131,115,110,98,88,97,93,80,62,57,49,33,36,39,49,86,123,169,207,195,175,123,113,120,128,185,210,191,137,99,71,52,34,27,39,56,81,94,128,145,135,87,96,113,110,163,183,224
183,215,141,113,112,101,88,102,97,112,77,64,46,42,25,24,47,72,150,190,235,178,159,89,104,83,132,197,228,190,159,94,74,49,30,30,29,47,80,113,125,123,88,137,102,91,109,135,157,212,232,195,135,106,94,85,98,78,103,96,65,56,57,34,41,37,44,86,142,164,186,193,168,138,105,121,139,168,209,187,169,104,64,47,36,33,34,46,67,103,135,145,124,98,101,107,105,152,180,188
207,173,152,125,105,89,97,107,103,103,92,68,38,36,29,29,45,87,117,156,226,186,162,114,93,109,119,180,218,211,157,100,77,48,38,23,25,47,70,102,132,124,102,101,116,102,112,106,168,204,235,182,138,111,80,93,89,102,91,113,73,53,45,37,27,35,53,92,130,157,185,210,159,134,123,118,115,179,220,181,152,109,71,37,40,29,43,48,79,94,105,139,119,125,104,101,110,161,184,198
214,179,144,149,99,96,102,107,104,102,83,70,38,36,35,36,49,87,116,149,187,193,198,130,115,96,128,158,194,222,164,97,69,52,32,36,33,43,59,97,117,121,132,116,102,87,109,120,166,239,234,169,145,102,92,98,81,111,105,101,83,57,50,33,22,34,52,81,140,154,187,206,184,125,103,125,140,169,180,208,179,102,76,32,28,37,42,62,76,78,94,128,138,112,93,95,127,156,171,186
166,188,156,123,97,94,95,114,100,103,88,64,54,34,35,34,45,57,125,151,201,210,180,127,106,101,117,180,196,223,173,102,55,52,33,36,31,38,51,95,111,117,108,111,96,111,103,141,168,217,240,197,137,101,84,100,98,88,103,89,95,64,56,35,27,31,55,76,134,157,214,187,190,123,104,108,138,171,188,192,178,118,72,38,38,30,31,57,83,82,124,115,107,118,102,110,113,157,177,225
173,201,157,117,90,104,94,101,107,102,78,70,39,43,30,44,43,68,117,187,204,213,152,147,97,97,125,156,187,216,185,110,57,44,39,47,34,29,67,96,101,113,117,94,100,110,113,108,162,221,235,173,125,116,94,91,116,100,100,90,74,78,62,46,33,32,43,89,103,163,171,203,190,143,103,107,140,175,184,191,177,104,71,50,43,29,42,49,62,101,109,124,109,103,121,92,110,161,204,206
167,178,163,128,93,97,106,118,105,94,96,70,41,45,36,47,58,65,117,164,206,188,165,124,105,93,122,164,187,210,174,137,74,43,29,35,39,46,55,94,87,114,109,103,109,112,102,109,165,225,220,191,117,121,112,94,69,110,95,92,91,69,60,38,36,36,58,80,124,125,196,197,170,146,93,122,127,175,212,212,182,105,69,48,39,38,22,37,64,94,123,114,97,125,106,104,125,163,181,217
200,198,168,143,86,82,110,113,113,97,79,79,46,33,34,46,52,79,105,169,190,200,157,135,106,116,118,168,176,205,176,121,83,47,31,29,43,52,57,73,89,127,101,107,109,103,111,127,151,225,231,204,133,101,82,93,94,86,92,111,99,82,53,30,40,34,51,72,130,147,177,223,161,144,112,101,124,160,188,218,199,123,65,50,32,47,37,30,57,96,96,124,114,91,112,94,125,168,184,188
202,175,161,131,108,101,84,99,101,99,73,74,65,39,30,47,64,77,103,160,198,192,162,131,110,122,107,150,211,225,173,108,63,49,24,37,37,51,60,74,82,118,116,103,115,102,110,142,180,231,232,185,136,111,85,90,100,101,104,97,97,77,50,39,29,40,42,83,116,173,183,199,177,114,92,111,126,156,201,219,179,112,71,48,34,32,36,48,45,71,125,122,126,102,94,85,121,169,188,206
204,165,151,109,114,94,98,109,107,117,78,60,50,52,36,46,61,79,102,164,193,205,169,128,87,110,118,159,215,210,150,121,72,36,36,30,32,47,57,80,90,99,88,126,119,113,121,117,174,193,228,187,143,106,90,84,112,106,92,96,104,64,46,51,44,35,57,76,118,157,205,175,166,141,89,99,126,164,185,225,184,103,84,39,34,41,35,54,54,71,108,126,114,102,116,90,128,155,194,204
205,176,159,114,96,105,94,109,111,115,78,73,48,48,44,41,53,74,107,180,208,205,158,113,109,107,121,163,207,195,185,123,76,54,25,21,19,45,56,75,86,103,103,98,124,130,120,104,162,242,220,193,147,114,93,90,69,97,118,91,90,70,57,54,39,39,49,77,125,163,241,171,164,113,129,109,114,144,189,215,186,131,68,32,37,40,36,64,65,72,86,110,110,123,114,99,114,167,169,224
216,200,144,100,98,90,92,99,114,107,89,75,51,51,36,55,53,53,111,194,188,180,154,138,98,107,118,159,209,203,162,124,80,53,27,23,23,37,49,60,91,101,129,100,111,121,139,123,151,194,249,214,145,100,83,87,83,100,113,98,77,69,50,43,51,41,53,76,130,162,219,180,151,152,106,109,122,167,193,229,167,119,78,38,37,33,50,59,69,66,92,113,105,103,111,95,109,156,198,197
206,183,155,122,95,87,80,97,102,106,92,79,59,51,46,41,50,85,138,152,205,168,157,139,87,121,134,165,186,192,191,121,85,42,30,24,31,33,41,64,97,96,118,110,117,112,122,154,148,222,227,196,150,98,101,89,80,102,96,101,86,62,45,41,42,58,63,99,113,164,196,159,164,129,131,110,128,161,217,207,169,108,88,33,31,35,48,55,63,80,81,123,104,111,104,100,112,168,185,208
203,180,154,115,97,95,94,99,110,101,89,78,58,51,58,48,53,81,134,162,186,187,153,148,94,121,139,151,176,174,208,127,77,49,27,32,27,45,49,61,98,103,101,116,117,120,108,111,171,236,228,183,141,108,99,90,100,91,110,86,94,72,45,42,38,51,61,92,127,148,190,173,156,142,126,111,125,156,187,201,170,111,84,49,41,32,38,58,66,73,102,99,113,107,95,121,113,159,175,207
216,212,159,106,116,71,85,100,113,88,101,83,55,58,50,52,60,90,121,153,177,177,161,132,122,125,145,168,173,210,163,125,79,49,26,28,38,32,54,76,79,103,105,117,110,125,112,102,171,239,212,188,131,90,97,97,99,90,98,107,87,74,53,42,49,38,51,88,132,146,177,199,153,137,120,118,121,153,200,193,188,138,82,56,31,38,44,56,50,73,98,97,113,95,111,137,124,134,181,154
204,202,166,129,117,77,74,108,98,108,83,77,78,54,38,50,65,82,105,177,205,170,161,127,112,112,143,163,199,226,158,117,69,55,37,27,37,32,55,77,90,104,85,112,107,108,127,137,156,205,237,190,131,109,88,90,115,90,101,104,75,81,69,54,50,42,43,88,108,153,179,187,173,127,124,106,135,150,173,205,190,133,91,52,44,46,34,46,53,86,84,78,108,114,116,109,125,145,168,176
196,189,178,140,101,81,91,89,100,88,85,70,66,63,41,43,65,85,106,139,190,211,176,138,111,113,142,167,180,218,154,128,77,66,40,41,27,29,50,86,92,79,93,92,114,101,133,137,169,202,213,206,147,92,99,91,99,97,115,99,83,66,53,53,44,43,44,78,125,137,193,195,178,147,91,118,122,143,180,201,170,144,105,68,24,35,43,37,65,76,93,87,108,90,116,102,129,149,186,177
174,179,227,136,106,86,72,89,105,80,86,66,76,64,60,44,52,81,91,162,183,183,188,146,115,112,122,154,210,195,164,114,92,58,51,40,44,38,36,83,74,81,100,105,93,105,121,153,183,202,206,201,147,96,93,90,89,108,101,107,85,84,56,39,53,51,46,72,122,190,190,205,162,115,135,101,146,143,175,209,177,126,102,66,46,34,42,39,59,75,87,103,103,107,97,106,127,163,180,176
196,185,167,151,103,92,67,89,109,100,75,77,77,55,44,63,48,66,104,170,168,193,201,163,118,100,108,182,178,221,161,114,79,68,47,40,38,51,57,66,79,82,112,105,93,85,137,170,201,199,207,180,144,83,87,103,81,97,103,90,100,67,58,52,53,47,52,72,129,187,202,180,151,144,105,109,122,174,189,183,180,140,92,62,48,34,40,50,49,83,95,107,106,81,94,115,125,155,174,187
200,180,160,144,97,87,86,94,85,92,93,77,71,61,52,57,58,70,102,166,200,183,173,135,116,131,123,170,184,204,164,115,89,50,57,48,53,48,52,64,88,76,94,92,85,91,127,170,195,204,192,177,143,107,80,98,75,85,112,95,77,73,69,60,52,37,52,93,124,178,177,190,151,135,121,123,107,166,160,180,173,163,92,64,51,40,42,42,65,75,89,88,112,88,98,121,156,149,161,191
178,204,171,108,105,80,98,84,78,83,93,86,87,53,56,46,53,79,139,162,189,183,175,123,133,125,126,157,175,204,152,133,79,63,64,50,52,45,48,79,91,73,93,87,88,126,123,155,185,221,197,173,128,135,80,87,84,89,105,98,84,59,55,60,50,55,59,76,121,159,219,185,165,119,110,131,117,158,186,203,161,140,89,59,46,49,45,57,71,68,93,97,104,84,94,131,137,161,173,180
179,195,172,127,91,95,84,87,81,82,92,80,67,52,41,47,65,108,131,154,185,176,161,114,123,124,123,137,199,172,181,120,93,63,50,49,62,60,62,60,80,83,94,105,102,108,109,152,157,179,215,190,151,106,100,108,82,87,95,82,105,66,70,48,51,51,66,85,133,141,177,189,168,114,108,119,119,180,193,209,164,132,79,47,42,54,54,57,60,80,95,88,113,98,82,107,149,158,161,216
202,185,141,124,107,106,81,91,103,77,86,77,63,49,56,40,69,82,155,158,193,175,136,149,121,129,128,125,182,192,171,116,88,71,35,38,65,60,57,64,79,84,84,109,104,109,97,146,174,200,221,188,158,102,104,75,105,102,92,102,88,64,62,42,49,56,45,79,136,163,186,189,168,114,103,127,142,162,201,187,186,125,75,63,30,41,46,46,83,81,92,94,80,100,95,111,119,188,167,207
201,173,155,124,94,99,80,102,95,89,84,80,61,46,51,49,76,73,115,176,210,162,154,138,129,121,124,139,182,173,175,139,99,62,38,42,44,54,70,62,75,77,83,119,117,100,115,129,186,204,216,194,135,121,94,96,93,87,96,93,93,86,44,48,51,47,64,68,119,166,178,182,162,127,121,136,144,157,184,218,177,145,72,62,38,42,37,46,70,92,89,89,97,87,98,113,148,176,182,192
206,176,152,130,93,97,97,92,85,82,83,88,59,52,50,44,63,88,128,170,194,191,140,159,111,121,146,164,170,183,165,125,86,68,41,46,42,51,67,69,67,97,73,91,120,130,122,140,175,202,216,172,134,121,100,95,86,104,96,89,84,80,47,54,50,52,48,80,145,164,172,151,162,152,127,117,150,174,172,209,155,131,87,57,41,52,38,40,64,88,86,100,85,86,98,130,128,174,169,182
199,165,143,134,110,90,98,96,96,85,85,84,63,41,51,39,58,82,137,165,210,178,144,133,111,116,159,145,205,177,162,124,97,51,39,48,49,46,77,77,77,81,83,91,115,114,105,144,179,206,214,169,147,114,104,98,81,111,105,94,85,63,62,52,39,53,52,84,135,159,174,176,142,148,116,137,124,159,193,194,170,119,80,69,50,50,45,59,59,82,80,107,92,53,96,120,164,156,171,194
176,168,142,127,113,120,104,90,93,91,86,87,51,40,48,42,50,76,130,177,202,178,155,114,110,111,148,168,182,195,157,112,85,60,45,45,35,49,65,83,68,85,101,98,99,126,108,135,165,193,223,186,157,112,97,99,75,103,115,102,71,63,57,50,46,57,63,89,102,162,182,181,171,131,98,123,141,176,177,192,173,142,85,51,64,35,48,65,82,76,94,98,84,58,94,121,150,153,157,207
184,181,137,131,109,103,104,92,98,89,80,75,67,51,52,44,59,84,134,163,193,199,161,116,115,104,138,167,175,174,174,129,81,57,52,39,49,49,76,65,94,85,77,98,118,108,102,132,194,207,192,195,151,118,105,91,89,99,100,94,74,72,53,47,59,45,63,88,118,146,193,189,158,155,105,116,130,181,168,184,175,148,83,58,53,32,38,66,79,92,104,89,73,87,75,128,140,161,165,178
189,177,148,128,107,123,87,89,102,81,62,57,67,52,51,47,67,109,127,168,155,188,177,125,111,115,143,167,174,205,162,112,88,45,44,45,53,60,78,71,79,83,92,95,97,107,109,135,180,219,199,168,166,121,107,109,98,108,99,90,87,72,47,52,36,48,56,97,118,157,181,196,167,134,101,109,139,146,181,173,169,134,90,56,61,39,54,54,58,102,90,106,94,79,80,115,128,173,193,177
194,178,147,143,110,106,74,92,99,92,67,45,51,55,63,56,61,78,143,181,153,183,166,138,112,131,125,149,205,201,171,121,83,47,34,51,49,53,84,61,88,81,86,112,90,104,122,113,221,205,202,173,152,119,94,100,100,108,101,110,85,74,54,29,41,42,60,85,123,141,224,216,154,120,110,119,109,166,171,189,178,147,83,58,41,40,61,68,65,93,105,109,79,86,86,90,143,175,175,181
193,168,161,136,133,99,81,105,90,84,69,54,50,55,58,49,74,102,129,188,156,182,168,136,116,102,116,170,201,192,155,105,94,55,42,49,57,40,86,85,79,91,78,90,98,107,113,141,180,214,201,182,128,110,115,98,102,96,102,114,83,74,65,49,33,31,57,75,110,172,205,213,151,132,91,114,100,163,188,184,160,139,82,64,32,39,52,60,67,98,108,94,91,87,85,107,114,149,172,210
178,173,161,120,133,110,90,84,73,89,64,63,55,39,60,44,73,86,152,172,168,162,167,145,125,115,135,155,184,189,150,127,84,47,53,45,55,53,75,78,93,86,94,87,81,93,120,138,190,218,206,172,143,103,98,102,130,82,96,95,73,89,61,53,38,35,53,83,134,152,223,208,160,130,105,104,133,169,187,185,161,122,101,58,40,38,37,60,64,98,102,95,108,99,83,107,127,152,183,199
211,162,166,125,138,103,83,79,89,67,87,59,49,37,46,54,69,97,125,196,228,149,153,135,113,122,138,169,161,193,150,118,90,48,51,46,46,62,81,64,88,106,81,89,94,86,111,146,181,227,213,167,148,119,91,126,100,88,86,89,81,61,62,42,53,39,43,84,115,175,203,204,157,115,114,105,136,149,191,177,190,118,90,66,45,31,40,42,77,96,94,102,91,95,94,91,133,152,178,205
179,165,160,144,120,110,97,83,79,82,75,61,56,28,41,44,68,102,116,185,221,168,150,126,114,117,156,186,162,185,158,107,87,60,41,42,51,70,66,74,88,90,97,98,88,92,102,137,211,201,210,162,151,134,107,107,106,107,102,104,69,62,55,60,44,48,53,85,119,168,219,198,147,119,121,127,124,151,187,185,163,113,84,59,42,41,39,49,80,94,93,99,92,81,120,98,112,164,200,184
192,163,136,154,107,116,104,80,77,76,74,60,49,43,49,54,67,93,130,161,196,188,149,134,107,114,135,163,209,188,146,124,73,61,42,37,48,66,70,83,85,103,88,89,90,95,101,136,173,239,203,188,127,128,111,83,103,93,107,107,84,58,52,56,41,40,50,80,101,216,185,207,158,129,111,104,116,160,213,200,156,106,95,52,31,40,53,49,78,103,98,105,92,82,100,117,133,152,154,210
180,185,162,126,136,96,106,111,73,76,62,65,35,39,41,60,76,79,119,172,190,207,157,118,117,133,134,155,201,175,173,118,69,64,46,47,38,58,64,91,90,93,96,75,96,111,115,140,165,204,235,182,144,111,119,107,91,98,104,103,82,71,40,55,40,51,47,82,125,180,189,200,166,137,126,93,132,171,226,182,153,104,66,56,35,37,39,58,90,94,94,95,109,104,95,82,109,146,180,197
189,166,173,117,111,128,100,91,106,75,52,64,38,34,37,35,78,98,124,157,195,197,153,147,114,110,149,193,162,190,176,112,59,68,57,36,41,52,68,85,107,92,85,76,97,92,110,147,171,215,236,172,139,109,104,104,116,99,85,83,77,79,47,43,54,43,46,80,111,177,169,214,170,149,108,122,121,177,195,191,154,113,64,56,49,44,45,55,62,99,99,104,91,115,103,96,118,130,179,204
206,187,144,122,111,108,113,109,89,85,63,58,39,30,41,43,67,86,125,183,200,181,152,134,117,126,147,143,194,182,160,109,92,71,47,42,52,49,65,85,91,104,79,103,89,99,120,146,195,215,194,187,139,120,103,108,116,101,90,69,87,80,52,41,38,52,59,76,128,171,184,183,186,129,122,104,124,165,213,196,166,125,76,47,41,36,41,62,74,90,102,100,110,90,117,90,107,149,171,206
197,193,158,118,110,99,107,117,97,90,54,44,37,50,39,41,71,76,125,173,199,178,151,124,116,131,135,169,204,196,146,122,84,62,31,48,50,55,60,90,94,91,82,120,78,96,118,146,166,221,220,184,152,98,83,116,104,97,107,80,81,66,54,55,34,42,58,72,111,156,216,186,163,129,140,109,114,160,209,201,181,120,82,44,38,31,40,54,68,80,100,110,111,98,91,103,115,135,172,229
216,186,127,131,112,93,103,127,96,77,66,37,51,34,20,51,72,87,142,150,184,194,146,132,142,105,150,163,192,225,141,107,82,59,47,40,41,57,65,87,89,108,82,100,105,85,116,141,167,220,222,190,143,105,92,120,100,102,93,90,70,67,63,42,34,53,59,88,113,168,192,190,136,130,143,118,123,172,190,201,170,124,74,55,47,39,35,61,61,67,94,124,119,98,92,88,120,151,194,187
197,181,140,127,93,122,122,102,108,85,50,48,40,38,35,50,62,79,135,171,190,170,155,155,110,92,128,185,195,201,168,133,73,56,53,31,36,53,73,86,91,105,103,90,97,95,113,144,172,218,219,177,132,100,114,87,115,89,92,84,87,70,50,42,45,45,61,74,108,165,211,172,175,136,103,114,140,169,186,198,158,127,88,58,45,40,37,43,64,71,80,109,122,119,98,76,119,169,177,207
210,179,161,116,102,94,102,108,116,86,69,49,28,40,33,56,53,75,134,174,203,168,161,145,128,96,129,152,175,190,201,125,64,72,46,38,36,55,75,77,100,99,101,102,88,89,104,149,171,201,224,178,146,115,106,96,90,105,103,91,94,68,57,37,39,52,53,90,107,151,197,201,174,141,100,108,133,154,209,195,157,121,99,62,44,41,42,42,65,71,93,102,110,100,100,92,130,169,195,184
188,173,168,133,100,87,85,107,122,97,67,48,37,28,35,45,54,82,112,184,209,196,159,130,115,108,109,176,181,214,198,106,83,50,57,47,44,65,75,70,81,98,103,105,111,86,110,139,170,191,219,185,145,121,102,89,110,102,106,92,81,89,55,43,33,49,51,95,110,146,201,184,172,124,109,114,139,158,174,196,192,116,81,53,48,35,35,51,58,77,101,95,114,108,92,111,105,162,181,210
196,196,143,144,107,106,91,98,103,80,76,65,30,32,25,49,58,75,132,187,194,164,166,150,115,102,138,175,166,206,153,124,96,46,54,34,58,67,65,85,85,90,102,109,94,104,112,119,168,203,225,170,157,124,91,94,97,113,94,93,85,82,61,53,48,49,51,74,120,146,184,218,176,106,123,108,146,166,195,179,177,144,78,44,43,41,45,50,52,75,91,108,108,98,80,86,114,161,191,188
177,190,183,128,111,92,95,95,99,91,97,53,57,35,27,32,60,100,126,164,213,169,153,127,113,118,127,163,193,193,152,136,86,39,39,48,58,63,74,73,99,93,104,108,106,98,118,149,170,185,222,180,145,125,94,95,96,110,92,94,88,68,58,54,55,54,53,67,114,153,180,219,164,131,109,106,112,169,208,205,151,123,84,69,46,29,55,57,65,76,94,110,100,95,95,93,130,142,186,202
193,177,167,140,105,82,97,82,94,99,75,58,61,39,36,30,59,79,126,183,203,186,147,129,115,122,127,157,197,193,187,98,68,56,30,43,49,54,69,89,108,92,101,105,92,98,103,156,184,210,183,182,123,112,98,99,94,107,109,103,82,65,52,52,54,58,58,73,107,160,206,192,189,108,102,105,113,157,212,199,157,105,93,60,51,37,49,67,71,59,75,103,109,103,93,90,119,155,164,210
210,170,182,141,107,86,85,93,111,96,86,63,46,42,38,43,44,75,135,186,193,203,150,123,113,111,132,155,199,192,171,118,90,58,32,31,45,61,71,96,104,99,100,104,98,102,107,145,186,232,221,159,151,115,105,95,97,110,112,102,83,71,53,49,47,53,42,80,131,160,203,202,147,140,102,96,111,150,199,203,170,124,87,47,43,32,39,58,79,66,78,108,101,95,120,109,128,152,158,190
191,183,168,115,116,91,87,106,114,88,89,65,46,41,30,41,41,74,124,206,207,180,132,129,116,104,147,154,212,201,157,103,85,58,46,33,26,43,74,99,106,118,105,99,90,93,108,156,192,223,202,166,124,113,106,99,91,107,109,100,80,80,57,45,47,52,59,89,121,166,176,190,169,151,107,101,113,181,175,171,187,154,83,46,37,41,41,45,71,77,92,100,96,106,113,122,120,156,183,193
220,166,146,111,105,104,98,102,98,110,88,63,55,35,29,33,43,71,106,187,217,181,166,117,105,123,136,169,176,208,169,118,75,63,43,42,31,39,65,95,105,114,112,93,95,105,107,147,175,228,198,170,150,102,113,90,90,93,116,115,87,71,45,43,33,39,63,86,119,152,180,195,167,127,119,112,131,136,174,205,182,115,83,47,41,42,54,51,76,84,97,106,87,103,92,116,129,143,196,200
206,159,160,112,100,84,96,102,111,86,89,66,46,43,26,35,49,54,98,178,212,213,164,124,98,112,156,162,187,195,168,103,68,64,45,33,41,48,59,88,100,103,111,88,106,112,107,130,158,248,219,199,124,108,107,84,99,113,122,97,80,70,63,61,34,41,53,67,133,155,204,215,144,129,99,116,95,148,214,207,176,122,74,52,41,39,43,61,58,96,102,75,103,91,97,102,137,168,168,228
192,193,143,112,92,98,91,109,107,91,91,61,44,44,30,37,45,61,107,183,209,228,148,114,78,98,153,184,195,193,168,107,77,55,49,39,27,58,60,95,95,113,102,101,107,95,97,144,180,243,204,180,138,103,89,104,103,107,110,96,98,61,51,58,45,43,50,75,109,185,185,194,152,139,96,97,116,154,186,210,181,118,66,47,50,35,44,54,58,94,87,101,103,84,101,104,124,162,216,215
206,151,143,133,114,89,76,106,101,108,83,67,45,39,36,31,59,64,125,195,198,187,154,112,89,112,148,183,212,193,134,125,79,56,43,34,35,62,83,73,97,98,113,96,109,91,107,123,196,243,222,178,139,95,102,96,125,107,121,95,88,68,57,44,47,48,66,73,114,177,204,179,184,128,104,112,131,168,198,199,154,106,74,58,42,46,42,46,70,66,98,103,92,112,101,120,148,130,177,234
205,168,141,130,94,79,95,121,113,108,87,60,46,39,33,39,47,74,119,184,211,199,158,103,88,105,130,158,208,182,171,124,82,64,39,38,39,54,66,82,100,90,107,110,102,92,90,136,169,214,231,197,132,108,86,100,103,123,114,95,94,67,39,39,39,44,55,73,117,193,196,183,176,122,121,91,132,163,198,177,175,123,73,55,36,48,35,49,69,80,97,93,114,108,104,126,140,162,174,214
207,182,128,138,103,94,69,109,102,109,91,71,57,41,39,40,49,71,123,158,208,209,164,133,87,89,131,180,195,195,158,121,78,60,40,49,45,45,83,82,92,101,115,102,105,87,120,123,151,199,260,203,129,95,102,90,110,110,135,91,82,69,49,43,34,32,44,76,125,183,199,197,177,137,114,97,120,158,199,188,157,138,64,59,42,40,32,46,61,91,95,118,100,91,91,119,135,160,167,198
192,185,144,133,106,93,86,104,116,104,87,68,54,47,35,34,52,66,124,168,213,219,161,129,93,91,137,159,212,196,163,114,81,58,42,25,42,52,77,86,97,99,95,94,105,94,118,131,161,193,229,192,152,127,101,94,118,117,105,94,97,63,46,35,32,30,52,89,130,168,189,203,161,118,116,95,125,163,187,217,160,117,77,50,51,45,31,40,53,101,93,106,115,90,103,119,140,146,161,211
206,187,143,138,97,90,88,94,110,114,94,79,50,37,25,39,50,71,122,163,194,218,155,146,84,92,130,143,193,208,193,110,74,46,30,35,43,60,80,85,105,101,102,102,102,91,90,124,165,206,224,189,157,133,112,97,102,100,112,106,90,63,57,40,33,40,48,90,132,147,194,202,158,134,108,97,129,159,201,206,174,113,78,41,36,43,39,43,57,89,114,101,102,88,102,128,121,158,190,185
182,186,154,122,127,94,94,92,92,94,90,73,70,40,33,29,46,87,114,167,188,178,169,148,111,84,124,154,197,206,188,117,80,46,38,33,39,56,84,82,104,103,85,91,111,106,103,128,179,221,203,198,148,138,109,110,98,102,122,98,87,78,54,36,19,37,50,65,119,169,186,212,173,138,96,103,105,154,221,219,172,120,73,50,32,41,40,45,59,77,106,111,87,80,102,129,141,148,178,202
214,187,153,135,96,108,102,99,96,79,85,68,68,48,30,52,60,71,123,171,164,194,169,155,115,80,101,150,197,198,162,135,68,59,42,35,41,48,71,94,107,92,103,101,103,111,106,139,159,219,208,183,154,100,105,106,119,110,109,88,95,65,70,47,34,23,49,55,105,180,219,202,166,118,114,108,113,167,192,209,160,130,78,57,43,25,46,40,57,61,102,104,85,95,100,108,130,160,177,193
199,192,164,131,103,123,109,78,101,83,90,75,51,41,26,38,39,87,139,178,167,193,166,150,115,92,102,156,208,179,151,135,79,68,38,41,52,44,60,87,108,102,100,101,103,106,110,153,178,189,204,168,157,124,113,90,109,113,99,110,99,77,61,38,36,36,43,66,129,159,195,180,175,105,112,104,139,160,198,218,164,127,65,49,46,31,43,45,58,84,82,95,98,106,106,98,109,149,201,210
191,168,172,150,99,124,84,94,90,81,81,70,69,47,25,28,44,86,128,175,187,195,168,126,115,93,120,167,185,205,164,134,79,41,52,45,38,43,58,91,92,91,114,88,101,104,114,158,178,203,178,177,155,120,107,104,108,106,99,117,104,78,48,43,34,43,40,80,130,153,181,202,165,131,94,117,134,159,207,192,183,117,74,47,37,33,45,41,56,86,85,102,110,91,92,88,107,169,181,213
217,167,149,144,130,110,91,96,82,100,84,85,57,52,34,24,42,75,118,156,219,199,175,138,105,103,119,153,174,219,193,113,75,46,39,42,47,56,61,75,114,108,85,100,85,110,118,152,170,199,217,163,153,106,121,113,100,119,108,118,99,70,59,41,28,35,43,83,137,165,183,189,166,123,114,108,149,166,189,213,157,126,58,44,34,39,44,52,56,77,84,105,110,90,87,107,122,149,178,208
200,191,146,143,129,99,94,97,94,98,89,80,53,37,41,30,52,75,121,170,188,177,181,125,121,110,127,143,176,201,193,118,70,43,35,48,53,66,68,79,91,99,85,109,83,104,111,148,178,222,202,188,122,114,138,106,89,101,128,107,99,68,50,49,37,38,48,71,119,152,205,178,168,145,107,103,130,163,219,230,163,112,71,41,36,20,31,53,68,77,87,97,118,96,85,92,125,163,179,202
187,191,153,148,125,105,96,95,102,78,85,73,48,50,51,39,42,71,101,188,193,177,175,141,118,124,100,149,181,210,187,112,66,51,56,32,47,63,74,78,98,79,82,100,91,108,103,145,184,220,221,179,113,118,124,103,84,114,127,119,108,50,61,46,32,35,45,83,109,156,204,172,179,134,116,97,113,164,202,234,170,117,66,45,40,17,32,48,46,82,80,88,111,106,89,113,110,162,193,201
184,200,188,130,116,100,93,105,89,100,80,67,59,41,51,36,43,64,102,171,206,183,176,152,117,107,119,129,196,210,180,124,70,45,45,44,57,63,68,80,84,85,94,100,108,100,94,131,187,217,245,176,123,112,106,120,103,94,104,131,107,72,53,44,41,44,51,77,101,161,198,210,167,144,106,101,128,171,206,223,170,112,71,45,39,26,36,40,56,83,85,89,92,96,97,108,146,155,176,194
216,178,174,131,118,104,97,98,97,104,92,72,62,40,31,35,45,75,107,147,193,184,180,145,112,109,127,130,196,203,166,125,79,50,49,32,41,44,66,94,97,89,83,104,92,88,124,130,187,228,219,182,133,104,105,90,118,110,94,112,99,90,44,36,46,52,49,64,96,176,209,195,177,127,99,96,126,167,216,214,174,106,80,40,39,33,36,35,57,80,108,78,102,81,106,109,139,160,164,179
209,216,142,121,103,87,110,119,118,96,83,76,43,46,43,36,45,75,116,164,201,197,169,149,104,121,120,153,203,173,186,116,89,60,44,31,35,44,71,78,78,108,90,109,88,114,91,144,170,249,239,151,134,129,106,94,96,93,115,105,96,82,54,46,43,47,52,59,113,163,227,203,143,137,125,102,124,163,202,215,193,122,67,46,40,40,32,46,43,73,85,96,97,116,108,101,110,170,161,201
219,199,171,139,94,89,96,105,118,91,75,72,54,39,44,42,43,83,108,152,207,198,154,153,101,105,129,158,175,190,184,118,81,57,47,33,38,44,75,72,68,107,87,88,115,107,125,132,178,234,227,175,129,110,120,78,105,123,91,102,112,71,63,46,50,42,49,59,120,173,212,198,155,127,117,106,140,145,185,214,183,117,64,61,30,34,38,43,56,77,73,87,112,104,98,106,114,143,175,212
215,221,159,132,102,90,101,103,116,100,76,73,38,36,39,55,48,81,104,153,203,191,184,133,110,109,134,131,179,194,169,133,82,66,35,37,44,50,58,73,83,101,81,104,112,121,104,138,168,250,224,176,128,104,112,92,93,100,116,106,100,80,60,49,46,38,49,74,107,174,188,191,161,156,95,94,131,149,214,213,176,126,83,54,37,21,41,38,58,71,83,100,102,93,93,101,132,151,176,200
205,184,181,133,120,99,92,106,126,91,70,61,48,43,50,49,57,82,115,166,198,199,157,142,109,109,117,174,174,185,180,133,86,62,42,38,39,47,41,65,89,105,87,96,108,136,107,135,161,230,218,182,138,113,100,109,95,101,108,108,84,85,59,49,43,36,44,85,87,156,210,203,155,124,110,91,140,155,204,196,172,131,80,64,35,32,38,42,43,60,89,95,112,102,80,116,126,151,173,198
214,176,154,149,130,91,95,96,112,85,88,67,45,42,36,47,55,74,121,180,196,197,151,133,103,107,117,165,197,194,176,122,85,56,52,30,41,43,59,51,83,93,98,99,121,121,127,131,162,213,208,193,131,108,105,103,116,98,108,92,108,91,56,46,44,39,52,65,104,171,203,187,164,142,103,77,116,152,215,222,181,146,89,50,39,42,34,38,53,58,92,76,116,105,90,109,109,171,175,191
210,176,150,144,108,93,113,87,108,105,76,85,53,38,46,30,49,66,115,178,192,184,161,130,126,105,113,169,189,216,154,127,73,54,51,55,52,49,59,59,68,93,109,103,92,125,122,124,197,229,198,205,119,112,131,101,105,105,112,99,106,85,62,41,39,35,40,74,106,156,211,193,184,119,100,90,112,157,196,199,196,144,95,50,42,36,30,41,46,70,93,92,96,90,84,101,134,156,180,207
181,197,162,153,98,77,101,129,98,91,95,76,58,54,46,33,42,57,116,187,194,212,157,131,117,119,119,159,201,216,171,130,71,41,37,48,57,47,65,52,69,78,106,125,82,94,126,113,213,204,224,195,121,123,122,114,98,94,116,101,106,83,58,42,42,41,44,75,108,156,191,197,193,120,86,88,136,162,183,215,197,136,83,61,39,27,31,29,57,64,73,87,95,112,90,110,100,154,195,202
198,197,148,124,127,73,90,117,117,108,99,85,58,41,48,43,46,43,106,173,208,176,184,128,110,114,124,171,188,198,170,122,69,50,39,33,43,60,55,70,85,80,110,88,89,118,113,135,164,228,211,189,134,111,108,113,99,108,112,120,94,89,66,37,39,45,45,75,108,152,191,191,179,151,106,113,103,155,171,232,163,149,94,71,47,28,27,32,44,84,80,89,81,95,108,96,120,159,179,210
194,205,170,137,95,112,102,120,120,113,92,80,50,46,35,55,42,60,101,153,206,206,162,149,112,119,149,163,201,195,158,128,81,44,36,34,35,48,83,74,79,86,97,90,85,105,128,126,159,227,219,186,133,117,111,97,105,120,99,127,98,73,62,54,41,44,45,78,117,160,178,170,193,138,103,101,115,136,199,220,181,119,101,76,48,46,36,25,49,70,79,72,87,98,100,108,120,143,186,184
186,196,165,125,114,106,96,130,123,112,96,78,53,45,33,46,49,79,100,155,186,194,169,136,119,97,157,153,183,182,192,125,85,51,46,29,35,47,65,79,76,83,87,103,102,104,109,119,174,215,202,201,155,115,117,110,82,111,107,131,92,76,76,44,37,54,44,71,103,149,179,191,183,134,110,113,108,154,169,220,189,131,112,60,54,36,43,35,36,67,64,80,82,101,105,95,119,162,173,184
201,191,178,112,112,92,97,115,138,121,100,80,54,48,39,46,55,75,95,155,186,188,168,147,112,104,149,152,169,180,182,139,109,76,34,50,28,59,52,61,80,99,82,96,100,113,106,134,168,190,210,197,157,116,120,98,105,113,122,105,90,83,80,58,51,50,32,57,113,151,187,192,148,153,106,108,123,147,163,206,190,137,92,84,51,37,41,43,41,61,71,75,67,97,94,109,130,144,172,201
222,183,162,107,106,89,84,113,130,111,104,81,68,57,37,54,51,75,111,138,148,182,174,153,134,104,105,159,149,182,189,145,104,59,67,40,33,60,60,51,73,97,80,92,102,99,107,151,153,196,211,197,135,117,107,112,94,128,111,100,96,86,73,66,54,37,29,64,105,145,183,190,173,152,109,108,110,147,189,187,171,142,100,66,53,57,40,34,48,62,73,71,105,85,92,109,113,143,153,213
204,191,153,129,97,85,99,113,124,130,95,87,70,45,37,47,52,66,94,127,155,180,153,137,121,106,114,135,171,186,172,139,104,80,55,42,34,58,43,56,77,86,85,84,103,116,115,128,150,203,193,167,161,121,108,101,101,107,117,116,105,93,73,48,53,34,34,68,92,140,166,158,157,162,121,93,112,154,169,192,172,131,100,66,53,52,45,46,40,69,60,78,78,98,81,96,119,147,160,180
167,159,163,120,92,93,90,80,112,109,99,89,67,42,34,37,40,69,80,119,135,136,147,137,129,107,112,127,161,161,160,140,93,68,56,33,37,48,43,59,67,76,69,70,82,90,100,127,164,149,190,164,145,102,104,105,95,76,104,119,101,83,71,50,33,31,50,61,68,137,141,168,125,142,103,122,83,137,175,185,160,105,92,36,45,45,37,46,39,53,67,77,56,65,86,88,106,118,151,179
124,145,121,97,90,85,68,61,76,94,101,62,54,30,25,30,35,44,73,104,108,88,114,98,92,86,103,123,121,124,131,100,71,41,46,34,27,40,44,26,50,54,44,58,68,70,78,79,120,141,169,137,119,96,79,84,66,61,77,84,72,70,56,44,35,20,31,46,72,105,101,135,113,99,87,88,83,113,135,126,128,103,68,44,29,36,24,31,27,39,47,53,39,53,54,69,97,92,117,124
71,63,74,62,53,44,35,35,45,54,46,41,21,15,13,11,17,14,50,51,59,73,70,54,49,38,60,63,82,71,76,57,36,28,26,19,20,22,25,14,9,28,38,27,30,37,33,71,87,92,112,91,65,59,38,55,37,43,34,45,49,43,27,33,17,20,13,38,46,55,63,70,64,63,42,47,44,63,78,93,88,63,41,29,24,19,22,8,12,16,19,30,22,23,29,36,41,56,79,83
31,22,29,19,17,9,15,12,17,15,18,16,14,11,5,4,5,10,9,18,24,27,21,31,14,24,24,27,27,41,25,20,14,10,9,8,8,12,4,1,5,4,12,3,12,14,23,23,33,46,45,43,38,21,18,17,18,11,24,9,11,17,16,7,6,7,5,6,21,18,20,21,34,26,20,17,19,26,26,36,33,21,16,17,13,5,4,3,2,7,7,8,5,5,11,8,17,18,35,35
10,2,7,4,9,6,2,3,7,1,2,2,2,3,1,1,0,2,3,2,4,0,4,5,2,3,4,5,8,4,8,5,3,3,2,1,3,1,0,2,0,0,0,2,2,6,7,7,9,11,5,12,9,7,6,4,1,6,2,5,2,3,3,4,0,0,0,7,4,5,5,2,2,3,5,6,2,4,3,10,6,3,2,2,1,2,0,1,0,3,2,2,1,1,1,1,3,4,8,4
0,0,2,1,2,0,0,0,0,1,0,0,0,0,0,0,0,0,1,2,1,1,0,1,0,0,0,1,0,0,0,1,1,0,0,0,0,0,0,2,0,0,0,0,0,2,0,1,0,1,0,1,0,0,0,1,1,2,2,0,1,0,0,0,0,0,0,0,3,1,2,0,0,0,0,1,0,0,0,0,1,0,0,0,0,0,0,0,1,0,0,1,0,0,1,1,0,0,0,0
0,0,0,1,0,0,0,0,0,0,0,0,0,0,0,0,0,0,0,0,0,0,0,0,0,0,0,0,0,0,0,0,0,0,0,0,0,0,0,0,0,0,0,0,0,0,1,0,0,0,0,0,0,0,0,0,0,0,0,0,0,0,0,0,0,0,0,0,0,0,0,0,0,0,0,0,0,0,0,0,0,0,0,0,0,0,0,0,0,0,0,0,0,0,0,0,0,0,0,0
0,0,0,0,0,0,0,0,0,0,0,0,0,0,0,0,0,0,0,0,0,0,0,0,0,0,0,0,0,0,0,0,0,0,0,0,0,0,0,0,0,0,0,0,0,0,0,0,0,0,0,0,0,0,0,0,0,0,0,0,0,0,0,0,0,0,0,0,0,0,0,0,0,0,0,0,0,0,0,0,0,0,0,0,0,0,0,0,0,0,0,0,0,0,0,0,0,0,0,0
0,0,0,0,0,0,0,0,0,0,0,0,0,0,0,0,0,0,0,0,0,0,0,0,0,0,0,0,0,0,0,0,0,0,0,0,0,0,0,0,0,0,0,0,0,0,0,0,0,0,0,0,0,0,0,0,0,0,0,0,0,0,0,0,0,0,0,0,0,0,0,0,0,0,0,0,0,0,0,0,0,0,0,0,0,0,0,0,0,0,0,0,0,0,0,0,0,0,0,0
0,0,0,0,0,0,0,0,0,0,0,0,0,0,0,0,0,0,0,0,0,0,0,0,0,0,0,0,0,0,0,0,0,0,0,0,0,0,0,0,0,0,0,0,0,0,0,0,0,0,0,0,0,0,0,0,0,0,0,0,0,0,0,0,0,0,0,0,0,0,0,0,0,0,0,0,0,0,0,0,0,0,0,0,0,0,0,0,0,0,0,0,0,0,0,0,0,0,0,0
0,0,0,0,0,0,0,0,0,0,0,0,0,0,0,0,0,0,0,0,0,0,0,0,0,0,0,0,0,0,0,0,0,0,0,0,0,0,0,0,0,0,0,0,0,0,0,0,0,0,0,0,0,0,0,0,0,0,0,0,0,0,0,0,0,0,0,0,0,0,0,0,0,0,0,0,0,0,0,0,0,0,0,0,0,0,0,0,0,0,0,0,0,0,0,0,0,0,0,0
0,0,0,0,0,0,0,0,0,0,0,0,0,0,0,0,0,0,0,0,0,0,0,0,0,0,0,0,0,0,0,0,0,0,0,0,0,0,0,0,0,0,0,0,0,0,0,0,0,0,0,0,0,0,0,0,0,0,0,0,0,0,0,0,0,0,0,0,0,0,0,0,0,0,0,0,0,0,0,0,0,0,0,0,0,0,0,0,0,0,0,0,0,0,0,0,0,0,0,0
