parameters (x,y,w,h,rx,ry):-5,0,10.000000,40.000000,100,100
215,55,63,61,62,47,38,35,34,22,31,38,53,65,81,61,41,43,37,33,31,28,44,56,57,59,70,70,49,43,42,41,50,41,41,82,60,54,51,40,38,47,27,39,34,56,61,69,48,43,47,37,34,36,39,47,55,74,50,44,44,42,21,27,40,33,38,48,59,51,46,44,47,43,25,31,43,52,44,54,44,40,40,34,32,28,37,32,40,62,80,58,49,54,46,37,34,33,42,301
436,109,160,155,174,125,97,87,63,58,74,85,98,132,178,140,100,84,68,81,62,61,100,133,130,149,144,141,120,88,95,88,99,92,104,154,127,136,107,81,87,76,87,81,88,98,137,137,128,119,100,74,76,69,75,91,128,136,119,92,107,88,59,54,51,80,90,103,123,136,120,118,99,84,60,65,68,99,110,120,113,119,104,72,61,63,66,89,103,148,141,115,116,95,93,69,65,78,92,724
401,117,162,173,155,144,103,86,59,57,66,72,103,146,173,144,128,89,75,49,60,63,95,107,140,152,146,150,127,109,83,81,74,114,117,156,154,119,109,109,71,77,65,69,91,132,116,142,137,119,91,80,74,70,84,89,116,134,134,126,106,80,57,49,50,71,90,105,127,119,148,118,109,84,59,68,71,84,101,126,144,104,122,87,54,43,70,86,113,146,140,131,131,117,88,62,74,62,84,753
412,128,133,175,162,131,109,92,68,49,59,87,131,142,146,155,131,102,69,42,40,70,90,118,143,172,174,147,110,89,88,79,82,89,138,159,157,129,103,81,84,55,71,73,90,116,137,133,158,120,105,77,72,65,67,118,113,108,139,125,105,75,51,48,51,57,76,105,132,135,158,134,88,78,65,68,66,93,101,125,142,114,109,82,52,36,42,72,115,135,166,147,134,113,92,55,66,81,89,740
365,117,157,160,174,147,121,84,63,58,52,86,127,137,144,180,141,101,60,40,50,55,80,122,135,156,182,148,123,83,80,88,75,112,115,142,146,156,111,91,74,57,44,74,90,119,153,148,148,118,92,89,76,66,81,100,99,145,135,130,109,79,52,50,42,54,65,96,147,168,146,138,91,69,52,64,60,83,133,120,128,127,121,79,44,41,35,51,118,116,175,175,125,117,78,47,70,89,68,778
333,116,151,161,156,176,119,102,51,57,69,84,96,170,176,139,136,107,63,35,42,62,85,113,123,165,174,146,111,94,80,70,84,97,133,153,146,153,127,99,67,52,61,63,87,101,152,158,153,127,90,89,72,59,78,88,91,158,157,123,111,75,63,44,41,45,69,88,131,169,169,133,84,68,50,62,75,66,102,138,154,146,108,74,48,35,26,54,78,121,167,171,172,120,71,66,43,62,93,790
360,104,135,167,159,171,135,84,67,45,62,77,117,160,177,175,125,102,58,45,42,63,79,110,139,157,163,147,121,93,70,59,71,106,117,149,173,163,127,101,54,59,59,60,81,116,148,149,151,128,111,82,54,70,85,82,103,115,175,131,122,67,67,42,47,38,67,89,133,160,159,134,101,65,51,55,63,97,98,122,161,139,110,70,48,37,34,36,96,113,154,186,157,124,99,62,53,58,74,805
352,86,128,155,185,151,128,103,67,51,53,75,113,168,188,175,145,95,64,42,30,47,69,128,134,168,180,159,116,92,58,68,79,101,123,152,175,168,121,84,73,61,45,53,64,109,169,163,167,130,102,58,70,75,71,93,83,144,153,132,123,82,64,43,27,38,73,98,131,156,175,125,87,82,56,61,59,63,88,148,150,149,128,77,41,43,29,53,80,104,165,191,145,145,86,72,51,63,77,777
345,72,114,177,188,197,112,90,63,51,52,71,95,171,188,179,141,87,63,49,38,47,83,94,164,171,175,158,116,86,63,70,54,84,131,165,170,170,146,82,65,46,60,64,70,119,126,151,176,143,116,71,56,77,69,84,106,141,156,153,102,85,66,44,26,39,69,84,132,171,146,147,93,73,49,41,55,54,84,140,169,146,132,73,62,31,34,46,77,105,147,194,173,113,97,64,55,45,73,798
310,88,101,164,224,171,119,98,61,45,51,66,93,148,178,195,158,100,64,40,53,49,57,87,141,184,174,166,111,88,84,48,72,89,109,157,164,173,148,87,72,52,51,68,90,116,123,141,167,133,109,88,70,47,77,65,100,128,158,154,138,88,51,51,38,33,59,79,112,183,167,152,109,66,43,42,40,71,79,140,158,155,117,107,65,43,32,38,82,110,156,179,151,144,104,56,46,64,53,831
295,83,137,148,216,190,134,96,54,54,51,81,96,128,179,205,134,97,77,49,51,61,72,71,118,166,192,170,125,93,74,56,58,104,110,162,164,157,143,89,67,57,60,61,70,96,125,163,169,169,108,79,69,51,67,88,81,134,136,163,139,116,48,39,39,44,53,85,124,173,137,159,127,72,57,24,50,60,94,126,144,155,127,81,69,57,38,46,63,120,142,203,167,137,102,61,40,50,51,866
297,78,121,189,210,197,135,80,58,47,43,71,103,169,163,186,152,94,73,51,42,64,61,84,113,152,176,184,128,93,75,63,55,86,119,157,188,161,127,111,61,52,47,61,70,106,135,171,156,159,104,88,66,49,62,80,94,121,150,148,146,97,64,45,30,47,65,86,103,168,143,154,128,71,56,31,48,65,93,133,156,152,129,92,62,53,33,33,70,100,169,169,162,149,106,65,41,40,49,864
318,70,124,170,219,200,129,85,66,43,41,58,117,151,205,171,137,104,66,62,37,58,55,85,137,140,176,180,124,99,85,61,57,82,114,162,173,179,120,103,70,46,37,63,68,94,154,179,166,131,113,91,58,63,66,76,91,148,139,166,128,98,61,52,34,47,57,83,111,156,180,145,128,72,55,38,45,66,84,132,164,165,134,90,65,37,27,38,61,107,156,165,186,149,107,67,38,39,48,830
324,67,121,160,209,214,139,77,54,38,46,69,108,150,203,188,146,105,60,57,38,46,71,83,117,163,171,161,104,113,87,67,76,91,117,154,171,155,146,95,64,55,41,44,62,101,150,175,140,141,120,82,76,50,53,68,117,134,153,157,119,109,67,36,36,49,69,77,136,150,150,150,108,88,48,47,40,59,81,126,150,188,135,92,45,39,23,43,66,107,147,180,168,149,109,70,48,30,59,815
317,62,110,163,214,185,149,84,59,33,55,70,97,149,182,217,125,93,68,37,40,50,82,79,137,160,178,159,145,97,70,55,64,89,127,143,185,184,134,111,66,34,34,39,58,99,175,170,176,155,103,76,69,55,55,78,104,115,154,173,130,86,65,47,41,37,75,105,110,161,165,146,104,72,48,44,46,51,79,124,167,174,123,112,48,31,38,32,62,113,153,188,175,151,97,62,39,44,54,843
339,70,90,166,197,200,151,96,51,34,48,67,86,168,196,203,146,106,51,33,44,57,64,96,141,154,169,153,129,96,77,48,65,75,113,164,152,174,157,115,61,39,28,36,64,102,156,189,171,147,115,76,42,61,77,63,86,125,144,167,140,79,80,34,43,49,72,92,114,173,166,147,118,67,53,39,52,54,78,124,173,169,148,96,53,36,26,44,63,114,151,170,190,149,96,58,41,40,52,823
317,80,134,145,182,175,151,106,65,47,35,68,94,143,201,193,143,98,65,40,37,43,65,95,138,161,191,165,119,96,60,54,64,85,115,150,188,183,144,107,53,43,28,41,53,107,137,201,172,159,99,68,56,65,60,83,100,113,172,171,119,103,63,43,34,46,75,120,119,167,147,155,106,80,46,40,34,76,94,135,159,151,148,94,65,33,23,37,65,112,159,173,179,148,108,67,43,30,48,835
314,74,142,166,184,182,121,104,63,46,44,53,102,147,193,202,166,85,60,36,28,53,67,98,127,158,201,160,122,96,69,56,49,88,120,140,171,183,140,102,66,48,18,48,57,102,155,199,153,137,123,82,47,56,70,67,108,140,130,176,134,93,71,39,43,36,69,98,118,162,161,141,108,65,52,36,47,56,102,144,154,167,142,90,62,22,26,29,70,106,150,201,177,138,103,56,43,41,43,825
325,77,121,170,200,180,137,75,76,55,47,46,117,160,206,169,163,85,66,39,41,40,67,85,113,168,189,186,119,102,56,50,52,71,121,151,192,187,135,91,60,52,37,36,65,108,149,171,177,141,106,76,59,46,59,89,89,139,154,128,143,103,65,47,35,41,56,87,139,171,183,145,113,70,43,42,46,68,102,133,176,165,144,90,45,29,24,29,56,109,139,204,192,151,96,82,46,22,40,841
327,64,118,190,183,183,147,95,55,50,46,58,98,143,192,194,178,89,50,40,38,36,71,92,130,166,185,153,147,90,70,53,50,67,118,180,198,185,134,105,64,38,32,51,68,113,135,191,167,138,117,84,60,53,57,60,99,147,154,171,124,90,56,39,31,48,50,95,137,157,181,149,116,74,43,45,37,67,102,127,152,173,148,91,53,23,28,43,61,88,129,173,186,152,125,78,45,29,31,844
303,76,115,173,216,203,129,86,51,41,44,67,95,134,190,202,157,100,64,48,35,53,52,99,115,158,176,183,130,87,75,70,55,58,100,172,190,182,153,103,56,51,31,38,57,101,157,168,185,159,103,67,50,47,52,69,111,127,164,183,135,106,49,33,33,54,69,87,120,176,153,155,119,83,50,37,41,61,83,134,157,162,159,98,55,28,26,41,54,93,132,174,186,145,135,72,41,30,41,818
325,74,104,174,226,181,142,70,40,45,46,75,110,153,183,177,148,110,61,36,41,42,53,97,121,139,181,172,148,87,72,47,49,73,123,178,190,177,137,98,76,38,38,56,56,94,144,182,185,149,113,52,43,51,52,80,110,134,158,178,124,92,53,22,36,53,68,86,135,160,177,143,111,75,41,44,38,73,84,138,159,176,135,116,49,43,29,43,43,101,155,165,172,173,119,77,39,35,34,806
333,74,117,181,186,196,138,78,52,47,45,73,114,134,185,180,162,108,65,37,40,41,70,88,132,151,173,166,131,104,71,51,59,72,128,158,196,187,132,97,72,41,33,52,54,102,148,191,174,166,111,65,46,45,56,69,99,145,187,154,153,84,55,38,30,49,73,79,128,179,176,149,115,66,54,41,38,68,93,130,167,160,155,94,61,27,24,42,63,110,151,189,193,139,110,85,38,28,28,826
332,62,111,182,201,176,168,77,55,38,42,73,112,144,193,164,161,110,66,52,27,38,62,105,123,148,161,166,119,119,76,57,56,84,116,148,188,180,135,109,68,33,39,43,65,101,130,170,177,163,127,62,50,40,57,70,108,138,162,155,145,82,50,31,39,40,62,84,125,186,156,151,129,68,55,38,32,51,103,121,180,154,150,94,50,29,27,38,64,88,163,184,185,164,106,90,41,23,24,843
307,76,116,148,213,190,151,106,49,33,42,62,136,159,168,178,160,111,52,39,35,30,48,82,124,175,180,158,131,112,75,47,58,75,106,163,186,180,137,114,59,38,42,53,86,90,140,162,154,135,120,84,61,43,46,96,102,129,174,156,135,91,63,32,36,50,61,100,129,175,139,129,125,88,65,44,43,45,103,124,147,161,152,108,50,35,29,35,66,98,141,183,186,161,135,72,42,25,38,823
311,70,122,155,204,196,151,93,55,38,39,63,108,166,181,170,159,103,64,41,35,39,50,81,109,173,163,195,118,115,64,46,60,74,105,142,200,170,142,111,71,57,31,54,75,109,123,157,153,152,111,77,44,66,53,73,106,149,174,170,123,94,63,38,31,43,53,106,128,138,154,145,107,82,65,51,37,62,96,139,169,172,146,92,64,37,28,36,58,91,157,174,179,135,128,89,55,25,42,811
326,73,108,157,205,198,162,100,53,25,33,60,114,184,199,187,156,92,58,34,34,33,62,84,103,158,195,192,133,107,63,44,59,74,108,131,174,208,141,96,85,42,32,42,66,108,136,166,174,145,101,90,48,45,58,65,103,154,197,155,118,105,61,42,29,40,66,89,129,145,176,126,115,97,50,43,45,51,94,142,176,176,142,109,46,24,28,24,47,99,132,170,193,166,123,82,53,41,38,790
348,85,110,152,198,185,148,96,59,31,33,53,111,150,199,197,149,93,58,44,36,24,60,89,110,175,184,175,149,107,54,55,51,70,99,162,163,198,160,111,57,46,39,34,61,82,156,181,157,171,109,67,67,45,56,52,111,174,168,166,129,109,62,29,28,40,54,77,139,171,170,157,116,67,49,41,43,59,94,104,200,189,149,111,55,28,17,26,48,101,144,184,167,171,127,78,40,36,56,781
359,82,109,163,189,188,173,111,47,27,35,46,115,140,204,203,161,95,60,43,36,37,64,84,123,159,178,170,156,83,74,50,42,76,106,152,180,180,147,113,69,39,36,36,63,84,129,174,175,169,122,73,67,38,47,69,108,145,175,173,151,98,62,33,37,38,39,82,127,189,149,164,123,69,42,32,37,45,74,127,189,209,165,87,61,38,17,30,53,92,144,185,196,165,112,73,42,25,47,781
359,62,130,172,203,177,150,109,49,27,24,64,108,149,220,205,147,93,57,31,31,49,56,82,118,165,187,172,141,105,70,41,50,69,118,148,162,198,151,103,70,51,36,34,49,82,124,175,182,169,114,78,54,47,44,68,116,124,191,169,152,92,78,35,33,43,50,75,123,155,189,134,124,85,61,25,32,42,95,138,184,174,177,104,56,45,27,27,43,92,144,182,197,146,110,69,50,28,47,793
352,77,118,140,213,176,171,95,52,40,38,54,94,134,209,199,159,102,60,30,23,54,45,83,136,173,151,174,174,102,58,40,55,77,111,141,177,166,162,108,62,46,32,33,57,90,126,172,182,155,145,78,44,46,53,69,101,127,181,178,138,102,58,37,46,41,57,96,114,166,172,150,118,85,51,26,37,50,89,122,163,158,172,118,61,35,26,28,53,101,140,206,168,156,122,67,49,39,47,786
348,75,114,121,191,203,174,114,60,36,40,52,112,135,177,225,146,96,64,33,29,36,71,62,107,177,189,179,149,85,70,55,53,80,95,144,206,160,144,106,73,36,34,39,55,83,129,158,189,160,117,85,62,32,37,69,122,147,166,172,160,103,58,34,32,39,56,85,126,173,188,160,122,70,40,37,41,50,100,109,167,166,167,124,75,30,25,37,52,87,124,183,214,152,124,70,45,31,46,785
341,71,106,175,169,208,153,110,60,34,43,61,90,147,161,227,164,118,66,37,26,35,54,70,99,182,206,178,151,80,58,49,64,73,114,170,175,177,138,105,62,33,30,40,73,94,111,174,177,158,139,74,56,28,43,74,104,137,167,193,156,114,47,42,37,48,44,69,125,187,188,168,119,64,31,27,48,48,87,147,170,168,165,116,69,43,25,37,63,102,120,184,183,150,117,72,41,40,51,791
349,65,92,179,193,201,157,92,65,47,38,63,102,130,197,184,160,124,63,44,24,23,43,79,137,159,208,171,125,112,63,58,53,73,134,137,188,177,142,96,66,42,29,39,65,105,123,148,203,186,105,77,66,35,52,57,101,160,163,159,143,120,85,38,33,41,49,80,117,174,187,176,123,63,33,27,34,52,80,155,172,174,156,119,62,37,27,32,70,79,130,191,208,151,93,69,46,44,48,776
322,67,120,165,209,182,161,83,79,35,54,44,97,151,196,188,144,121,57,36,25,24,38,72,116,179,197,195,113,92,68,44,52,85,113,129,174,197,150,102,68,33,37,33,47,106,146,171,173,159,126,70,43,48,47,66,101,143,160,163,149,110,76,40,34,25,44,91,125,184,196,153,103,76,44,27,34,44,90,140,184,203,139,105,58,53,36,31,54,98,127,199,177,171,97,63,40,48,48,816
324,65,110,158,203,180,157,121,78,45,32,56,97,172,195,204,147,109,57,34,26,34,52,82,130,154,204,175,161,86,58,36,46,73,112,145,189,164,158,111,66,39,27,37,55,102,145,164,171,159,120,74,54,36,45,62,117,153,185,174,126,100,73,34,31,34,45,93,135,187,169,173,107,61,40,35,33,45,103,120,192,177,160,114,58,32,35,31,64,85,140,164,201,170,96,72,45,42,38,794
332,65,117,146,200,213,150,105,61,45,35,60,76,161,201,211,151,89,71,38,27,35,30,82,126,170,198,198,146,84,57,38,51,63,110,132,187,181,142,117,70,39,24,44,61,115,136,185,178,154,109,87,44,42,48,68,97,132,189,185,137,96,70,38,24,31,49,96,120,167,209,162,111,77,30,35,36,55,86,148,175,196,150,106,56,43,25,24,60,88,122,206,174,162,120,55,38,44,52,793
313,80,121,152,193,193,160,100,65,38,37,57,95,139,204,213,159,98,54,39,33,32,48,87,119,174,186,181,133,96,60,50,42,62,97,147,194,169,153,95,67,52,28,36,73,89,149,187,178,163,123,72,56,42,48,51,93,126,156,212,151,103,67,45,29,32,38,91,140,173,194,188,116,72,36,25,28,55,104,133,176,209,154,103,47,36,21,40,54,89,149,162,192,174,98,68,49,38,53,807
342,62,115,141,210,190,165,110,62,35,40,40,86,167,197,209,161,104,62,29,27,37,54,82,108,157,203,168,149,79,77,46,50,82,105,136,193,189,139,90,78,52,28,33,61,89,137,206,183,159,110,80,52,48,49,58,83,127,161,171,172,112,65,45,24,23,53,84,118,196,201,170,122,69,40,20,30,61,100,142,184,190,155,108,56,32,31,35,54,98,131,185,189,160,104,69,47,44,44,816
331,69,85,162,213,177,161,116,54,30,41,60,86,156,201,202,157,117,42,38,33,30,51,77,119,153,200,167,145,105,66,44,42,65,116,151,181,163,158,94,67,44,31,40,52,91,147,206,187,146,97,81,55,40,48,63,93,133,173,178,167,114,78,31,26,25,55,97,139,164,178,163,118,66,43,21,28,63,92,155,180,173,163,101,56,35,22,37,50,95,151,177,191,143,115,79,46,40,50,796
307,64,112,154,175,209,168,107,52,38,37,62,101,142,202,198,160,100,60,32,38,41,60,70,135,137,186,180,143,110,61,48,48,60,84,168,180,170,157,100,63,42,32,42,70,83,164,178,183,144,106,70,54,41,52,75,73,123,172,201,142,113,79,41,27,29,55,97,135,167,177,159,100,79,40,34,28,61,88,161,183,187,136,102,43,33,33,29,47,97,131,211,180,155,112,62,48,44,49,805
330,45,122,152,198,215,178,93,66,41,35,56,112,138,187,191,156,93,81,31,31,45,43,107,121,163,180,146,152,108,69,47,43,61,102,148,188,189,152,95,55,38,38,40,67,84,171,170,187,145,122,75,54,51,53,70,89,131,168,163,160,123,51,50,34,35,55,80,132,178,175,162,121,73,42,30,39,49,101,150,193,183,141,92,57,26,32,22,56,87,136,168,193,190,111,67,38,38,42,824
338,73,91,144,217,203,154,108,62,47,33,54,77,156,187,176,177,117,55,40,35,39,52,81,138,161,175,162,139,99,81,47,52,52,76,159,203,214,144,97,61,40,31,33,55,104,156,180,176,144,121,87,51,35,43,65,98,126,172,178,147,107,82,49,40,28,56,71,136,172,189,158,125,79,42,34,43,65,92,134,179,176,166,83,55,28,22,35,56,87,152,200,205,148,115,75,42,31,46,775
299,62,114,164,203,186,169,97,60,42,29,59,106,150,195,209,152,103,57,36,34,39,54,82,117,179,175,158,141,101,74,49,47,47,94,135,226,173,132,94,64,54,23,43,58,102,135,174,180,144,138,71,45,37,63,48,82,135,176,169,167,93,81,59,32,39,51,71,122,161,202,174,110,75,41,43,35,78,94,137,171,190,134,100,55,33,20,38,66,114,125,185,185,165,118,61,43,31,36,807
332,57,108,167,194,200,165,97,65,32,39,70,96,145,200,192,159,98,58,45,29,28,52,73,114,187,194,160,141,90,77,47,56,54,118,134,199,178,148,111,62,36,41,23,53,82,164,199,172,158,116,67,47,46,59,56,76,136,165,187,143,95,82,46,31,42,58,81,120,162,183,167,122,75,39,35,38,51,100,139,186,189,142,97,55,40,25,31,60,101,145,195,179,174,103,56,48,37,34,816
329,71,113,183,192,187,156,105,56,47,43,61,87,158,190,208,147,106,61,43,35,19,58,69,110,176,176,174,136,99,81,57,38,52,93,151,204,195,155,91,55,37,37,38,59,105,152,181,182,141,111,84,60,40,45,66,87,125,160,167,152,132,69,50,35,47,68,98,118,159,181,181,94,67,45,37,43,61,75,129,184,186,158,102,56,36,26,40,56,95,160,175,176,168,95,67,45,33,51,782
316,81,116,168,166,185,166,114,72,41,45,52,103,135,207,195,157,106,65,40,27,37,49,60,114,167,188,165,145,98,84,52,41,59,102,162,185,182,135,96,72,36,33,38,67,95,117,182,210,174,102,75,62,35,53,67,103,120,147,156,142,121,76,35,38,38,76,84,142,155,195,170,100,72,41,37,37,63,80,120,175,190,177,103,44,32,20,41,61,117,158,173,168,148,109,67,59,39,36,806
324,62,109,183,199,191,148,103,73,45,45,61,87,135,192,201,162,100,69,43,36,28,51,79,105,165,177,192,143,92,66,47,41,69,112,139,174,195,124,93,73,39,30,34,62,89,124,212,191,172,95,60,56,37,44,79,102,141,144,174,156,113,70,43,22,44,62,94,118,177,206,150,111,61,45,38,31,52,82,122,161,211,165,110,62,20,19,27,69,119,162,172,188,150,108,79,53,38,28,837
339,68,91,167,216,168,145,104,63,53,49,48,86,138,192,170,169,115,72,42,42,33,46,91,114,151,180,166,161,105,63,49,38,82,106,141,163,162,174,96,65,37,33,27,66,90,154,191,193,165,119,53,43,49,48,71,114,124,170,203,149,103,48,35,36,40,87,97,116,139,208,170,103,72,35,37,31,54,80,125,153,207,161,128,57,25,17,34,46,98,148,186,200,156,109,74,51,24,47,813
330,76,105,165,186,211,147,96,71,47,40,55,97,134,178,176,179,126,61,39,41,51,37,71,130,158,170,185,153,86,62,32,61,77,109,159,157,181,161,97,69,33,25,42,52,82,141,181,226,171,108,67,50,47,47,72,76,163,170,171,171,88,54,38,38,46,61,100,141,170,192,163,100,87,30,28,51,49,75,122,160,209,186,111,63,28,14,19,71,86,139,179,215,148,111,75,47,21,43,822
339,64,98,168,175,188,185,109,63,36,48,50,89,146,192,198,174,112,68,40,33,33,51,73,123,157,191,171,145,100,61,40,53,58,103,149,184,176,141,100,58,37,28,33,56,100,118,181,184,172,144,80,55,45,47,62,96,141,164,187,145,116,55,33,21,49,59,103,128,191,195,138,122,75,33,32,40,51,60,121,179,195,156,121,76,21,14,27,56,92,149,187,201,189,96,70,28,26,38,810
332,73,91,142,191,188,164,119,61,44,44,45,98,131,206,189,167,110,68,32,33,35,52,78,117,157,199,192,130,99,61,54,42,80,93,153,177,192,135,96,62,30,27,42,54,90,126,185,202,163,121,78,60,40,48,56,89,123,199,175,157,102,64,38,29,35,45,95,141,177,193,159,110,70,40,31,47,50,68,136,165,192,173,122,66,32,19,17,53,100,152,191,188,159,115,66,27,29,40,831
338,61,84,163,205,194,177,100,68,37,36,63,102,164,160,208,166,103,60,30,31,32,49,81,123,152,181,186,133,102,63,56,44,65,108,154,180,198,124,97,52,37,33,39,49,91,149,181,199,139,127,76,56,42,51,68,93,145,188,175,145,86,66,41,24,24,61,89,137,173,183,161,123,60,51,36,32,48,69,128,174,188,174,119,73,32,26,21,49,104,146,184,205,150,94,79,50,29,32,801
361,59,101,160,189,197,160,116,57,37,45,53,81,162,173,205,162,107,64,46,31,29,44,76,117,132,207,197,156,90,60,40,49,55,109,153,195,188,130,87,64,29,33,33,53,103,153,172,179,138,123,75,56,42,56,67,97,149,201,170,127,93,42,38,20,35,66,81,127,178,188,156,124,88,45,32,34,48,78,122,169,188,171,113,63,49,27,32,40,86,154,170,193,170,119,61,43,26,25,817
347,70,113,162,200,192,160,95,60,39,34,56,82,160,185,195,177,124,75,37,25,28,45,87,108,154,194,210,143,101,57,45,41,48,91,157,214,184,147,102,63,27,22,30,57,88,134,163,191,156,130,82,60,24,54,76,102,159,176,192,131,82,44,30,25,37,54,70,109,161,195,172,137,80,50,26,24,41,91,120,194,182,169,102,72,40,29,22,52,81,146,194,191,154,147,71,44,25,48,776
352,84,114,168,201,192,138,99,58,38,36,47,84,161,191,195,190,116,62,34,19,21,51,91,120,169,207,162,153,100,66,37,45,57,111,121,205,194,148,99,60,39,18,29,67,82,125,179,182,162,135,80,56,27,57,66,111,163,193,195,130,94,50,36,30,25,49,87,122,191,169,168,127,96,43,25,38,36,82,148,174,201,154,96,76,47,25,26,49,61,135,186,206,162,132,77,51,27,41,785
371,85,121,146,176,203,151,89,68,35,51,53,82,163,182,197,156,123,78,32,23,29,52,77,131,151,194,171,146,91,74,49,45,60,96,148,169,191,166,101,68,36,34,25,52,86,146,171,196,163,103,77,44,40,55,74,104,162,191,183,129,80,52,33,25,39,49,83,122,167,195,168,145,72,49,24,18,52,69,143,183,176,180,97,79,53,25,25,46,78,142,174,202,154,118,75,42,33,39,772
349,76,105,150,183,190,161,91,65,44,41,60,95,174,178,194,160,123,68,41,36,28,39,80,119,168,174,191,164,97,47,49,49,69,111,157,158,185,159,100,69,35,32,25,55,89,122,166,202,171,133,70,50,30,37,82,105,148,189,184,142,97,50,36,25,37,53,78,130,157,190,172,126,73,55,28,23,42,75,140,188,164,173,111,79,45,35,24,43,93,128,212,181,162,121,60,41,39,36,807
355,63,96,167,205,171,145,100,68,44,41,55,103,144,202,202,168,105,71,49,17,37,39,77,117,153,201,169,144,92,64,57,56,80,101,125,188,191,171,103,64,34,29,24,60,74,129,175,198,162,125,68,52,39,43,70,111,150,192,178,131,111,55,36,21,39,45,97,110,176,195,186,123,75,45,38,24,32,87,115,173,179,159,132,69,47,39,34,39,83,130,211,191,173,89,68,47,33,47,806
323,67,122,171,167,200,150,106,62,53,30,62,118,156,203,192,150,102,73,41,42,31,43,76,113,153,191,177,144,112,56,57,40,63,94,139,169,203,164,107,53,39,24,31,53,98,124,185,170,162,143,65,51,35,39,70,106,142,188,163,159,107,61,32,21,43,54,81,136,175,158,162,133,87,45,36,25,41,72,123,170,173,166,129,68,43,32,39,41,92,145,187,183,142,123,72,40,50,44,790
358,54,96,158,183,231,154,115,64,43,39,70,100,170,175,184,158,97,63,48,41,37,47,70,117,156,194,169,132,98,68,61,41,72,95,142,191,193,170,93,72,25,23,32,60,94,144,148,194,172,122,91,44,41,36,60,108,160,175,179,141,91,77,20,26,35,56,86,137,189,161,153,134,86,53,23,41,42,68,103,177,196,163,114,81,38,34,26,45,101,135,185,164,165,112,76,54,49,40,767
325,62,104,178,175,216,167,93,71,47,37,53,117,159,174,183,159,102,69,40,35,41,46,76,123,154,198,181,133,95,69,49,51,72,106,153,206,173,131,103,64,31,26,40,40,95,139,183,174,183,97,106,56,39,37,54,100,144,176,172,140,97,48,54,36,36,58,86,138,174,172,151,111,99,39,39,43,54,60,111,166,196,171,103,78,49,25,37,65,99,152,135,195,149,117,77,46,46,51,779
324,64,104,143,205,209,174,111,60,40,36,51,114,148,217,170,162,105,75,59,38,26,43,69,130,164,199,167,140,96,68,43,41,71,93,161,206,172,157,100,66,39,28,32,44,99,122,183,185,168,123,80,52,40,43,53,100,146,172,168,148,106,59,51,41,48,47,72,131,167,197,146,126,71,56,35,37,58,62,112,158,200,161,117,70,54,39,35,57,86,142,166,188,155,122,78,42,39,49,771
334,57,105,148,200,216,153,136,58,37,43,64,81,148,215,196,161,113,71,70,27,35,49,81,114,155,181,188,141,96,58,39,57,68,88,147,205,207,136,93,67,44,32,40,43,92,144,180,180,162,109,81,59,41,34,50,100,140,185,161,130,105,85,52,30,39,52,74,132,165,184,163,142,78,57,31,36,55,67,129,153,174,175,102,101,48,29,28,50,93,142,187,177,164,122,55,47,34,44,788
325,70,109,152,180,223,174,103,58,34,37,66,87,149,203,187,171,108,78,52,38,31,37,70,130,160,163,173,150,100,60,49,50,65,89,172,157,197,166,84,55,48,33,29,56,90,129,167,194,159,111,81,56,35,36,63,103,139,172,167,152,97,69,61,30,38,35,72,117,186,183,180,116,88,47,39,48,48,74,120,134,204,168,110,81,45,40,26,42,86,155,182,189,149,108,61,57,26,42,790
329,62,111,168,188,196,158,129,63,46,45,47,84,135,186,211,172,117,57,58,33,36,48,74,126,157,183,187,122,109,63,43,45,68,116,164,197,188,128,107,63,34,39,39,48,86,130,182,158,158,133,72,61,43,36,60,107,136,160,184,137,113,73,63,42,26,42,72,142,170,177,174,136,59,49,41,29,56,87,118,160,195,165,121,71,56,24,28,46,94,147,188,183,153,94,78,50,41,45,785
331,66,115,158,190,198,138,114,57,49,45,57,92,160,184,188,166,119,73,46,33,35,49,64,122,159,201,191,130,119,58,39,49,81,110,166,185,164,174,100,56,27,25,36,50,91,153,166,176,139,136,73,50,36,44,66,110,143,157,167,128,135,64,50,44,32,41,81,127,153,179,158,147,63,51,30,35,48,87,117,150,207,161,118,74,47,26,42,48,95,157,193,180,137,96,72,50,34,42,766
339,76,122,163,188,201,155,99,68,42,46,59,88,133,184,214,157,122,68,52,33,33,45,74,100,149,202,178,162,121,68,40,49,65,106,149,184,172,161,106,49,25,25,39,65,89,140,158,176,152,121,68,46,41,42,61,114,155,173,180,146,89,76,41,53,26,49,79,120,187,190,163,100,74,51,45,27,51,102,121,160,212,146,107,68,43,46,34,45,84,168,189,177,134,113,74,44,41,41,794
347,75,115,162,197,190,165,88,61,45,44,62,104,133,190,189,182,105,89,49,31,26,36,65,105,144,187,185,158,126,77,42,54,68,106,167,184,191,160,94,54,22,25,32,59,86,147,178,173,150,112,78,48,41,39,67,101,149,189,186,140,101,60,40,40,35,41,71,140,176,204,163,104,55,51,34,41,45,84,115,154,200,160,114,75,54,36,39,47,91,164,195,187,111,108,76,45,36,52,756
368,54,117,184,208,187,162,96,55,36,47,64,103,132,170,195,160,129,65,56,31,24,49,62,89,145,173,204,151,123,82,45,48,64,100,142,188,212,172,82,47,33,19,38,46,77,142,176,181,161,118,72,42,43,40,65,100,166,186,177,137,90,65,39,26,26,55,81,130,165,217,146,100,72,53,32,28,63,77,118,149,172,169,112,79,59,40,49,56,97,146,185,170,142,98,79,48,43,45,732
376,52,123,162,205,196,148,89,56,43,38,59,88,142,190,193,168,114,90,48,36,25,43,71,93,131,209,166,171,129,61,52,40,65,85,176,199,178,164,97,53,34,16,26,55,81,133,176,186,166,118,71,43,42,47,58,101,149,170,195,162,99,51,41,32,33,60,80,124,171,181,172,121,75,55,30,39,57,77,109,142,174,157,132,87,57,44,43,61,91,144,181,188,175,98,71,37,41,44,762
389,55,104,168,222,183,154,93,57,43,37,71,81,146,197,181,161,130,60,60,30,33,38,67,111,139,171,170,171,121,82,50,53,60,122,150,184,191,142,96,61,38,17,39,49,73,130,165,196,157,141,66,45,34,51,68,108,149,165,184,155,114,57,29,27,43,64,105,133,139,188,150,119,69,53,41,29,47,57,101,180,158,165,134,97,46,35,51,63,95,122,183,197,162,97,63,42,46,44,774
387,56,112,158,198,209,163,94,61,43,36,49,96,150,186,193,182,110,74,46,33,40,36,61,100,153,178,174,161,127,71,47,56,73,115,152,189,172,148,105,57,43,29,21,43,85,119,181,188,180,122,81,46,38,42,68,129,135,186,155,137,101,44,47,37,35,55,95,132,167,165,143,124,88,45,30,40,52,74,85,135,172,188,147,93,51,40,54,61,115,154,159,163,138,121,71,51,48,46,760
406,60,126,133,189,192,168,112,61,42,33,50,83,151,177,201,174,113,78,40,37,26,44,55,110,153,184,176,149,142,49,56,53,78,92,146,184,189,151,91,75,52,31,25,36,79,145,162,174,164,126,98,59,33,36,72,114,156,163,162,148,101,64,37,47,44,55,82,123,162,151,154,133,82,46,36,39,50,69,95,127,159,162,143,95,62,47,49,72,106,133,166,159,152,117,71,53,47,49,739
400,73,125,152,188,183,139,115,64,57,37,45,91,141,181,190,185,130,82,58,32,26,51,67,101,167,178,190,153,107,64,53,60,69,94,144,187,171,160,120,63,40,32,29,47,80,133,180,158,168,127,91,64,46,37,60,108,146,180,196,128,95,55,35,35,42,53,89,132,166,188,154,95,63,63,49,30,51,60,91,144,168,166,152,75,55,45,37,60,94,126,189,176,140,131,80,42,45,49,757
397,76,112,173,175,185,131,118,68,54,47,48,92,129,156,205,184,112,71,67,31,35,45,73,100,158,157,208,154,108,71,42,63,73,93,133,147,206,186,106,77,44,32,32,39,81,116,161,189,154,137,82,60,49,47,54,89,144,202,193,126,89,53,44,34,35,59,84,142,161,164,134,111,69,57,39,52,49,73,97,133,166,166,142,87,46,44,49,58,87,143,193,154,160,123,72,66,46,51,732
416,72,117,161,185,198,134,123,60,43,38,75,94,121,182,192,164,112,76,83,41,38,41,68,107,144,178,211,154,78,69,63,68,64,81,148,148,170,172,130,72,53,30,30,43,70,103,170,186,161,129,90,82,53,43,63,84,139,182,191,134,86,70,46,30,40,66,84,120,159,167,130,109,88,68,48,29,49,65,107,152,168,148,130,78,65,39,51,54,104,135,165,161,140,128,72,57,55,53,755
429,71,100,162,184,178,155,109,61,45,45,64,85,129,174,190,166,117,81,61,53,47,55,87,86,162,171,203,148,92,64,52,68,53,91,126,188,185,165,122,70,51,25,29,45,72,119,166,182,155,124,78,74,43,50,58,90,145,181,165,165,106,74,37,33,32,73,92,125,137,167,128,125,93,55,36,32,65,77,102,146,172,150,111,93,56,40,47,61,104,130,179,187,127,123,69,56,67,55,719
437,68,103,154,184,166,166,109,75,50,43,68,72,118,165,210,161,125,85,59,42,39,50,87,119,143,177,174,155,94,73,64,61,52,80,141,181,152,162,128,72,63,36,42,36,73,129,166,184,178,106,81,68,55,51,73,88,117,159,168,173,115,64,37,39,41,63,101,123,121,167,137,133,94,51,40,48,54,73,127,150,172,142,109,84,49,41,38,71,78,143,175,158,144,95,88,58,50,61,742
452,89,99,127,193,183,142,131,81,53,47,70,74,132,163,186,192,111,92,59,34,40,62,79,125,137,177,155,129,135,80,59,52,52,80,124,176,184,159,125,86,57,48,43,60,54,127,180,162,138,122,84,65,55,57,59,86,120,157,188,167,113,66,46,32,34,47,88,105,153,175,153,106,82,71,38,37,59,79,103,145,170,147,139,76,47,35,32,70,103,147,157,173,145,116,82,44,54,58,738
449,70,119,136,166,184,162,128,86,58,61,58,81,132,148,188,159,131,84,62,40,43,49,89,122,154,146,173,151,119,88,62,58,64,70,106,175,189,163,118,81,73,55,47,56,62,108,162,180,159,115,84,74,54,50,68,91,120,162,177,163,105,66,48,39,26,39,80,113,146,167,153,132,96,52,44,47,55,75,105,138,161,155,135,98,55,44,30,65,97,113,157,178,154,99,69,68,61,53,729
414,84,102,119,160,173,172,133,90,64,43,63,84,101,172,184,175,119,89,57,49,43,59,70,126,141,156,187,143,115,74,77,69,77,70,121,175,167,161,125,70,58,56,56,47,85,111,134,167,149,110,100,72,58,50,71,104,122,166,161,141,110,77,57,37,40,40,75,96,158,165,157,136,88,60,41,39,72,62,108,156,143,143,126,86,56,46,33,66,86,110,148,181,166,114,93,56,52,69,751
417,84,101,137,170,171,159,120,99,66,55,76,62,120,184,184,158,138,83,77,39,49,44,68,101,145,169,158,165,115,82,70,61,70,87,126,146,190,166,94,78,54,69,42,71,73,113,151,147,138,125,88,84,51,58,72,98,128,172,160,121,99,73,60,51,39,45,49,102,154,183,149,119,86,59,48,46,54,93,113,143,152,141,126,81,68,48,46,56,82,115,133,169,158,141,97,68,49,59,735
444,72,92,138,177,152,160,135,91,69,55,52,103,130,184,168,151,120,99,73,44,65,53,74,103,129,158,179,145,128,89,69,63,85,102,116,156,165,159,128,71,51,59,41,65,80,106,167,159,157,105,109,68,37,54,66,104,118,168,178,150,83,72,68,45,47,40,61,99,129,194,171,132,78,79,56,42,57,69,118,118,157,142,120,97,73,47,34,52,74,126,151,150,151,131,90,71,55,56,707
436,74,105,142,154,150,154,130,99,75,62,67,89,126,165,163,161,127,92,67,52,55,54,89,110,123,137,162,168,105,97,71,71,84,93,122,156,160,154,116,92,65,49,36,44,78,112,143,161,137,126,103,66,63,55,63,83,132,147,172,156,88,78,60,40,40,53,50,110,140,169,160,134,102,77,45,53,69,79,93,119,144,162,122,98,74,44,49,47,66,127,163,159,150,131,91,72,60,56,727
436,77,106,115,128,174,163,131,104,83,67,68,103,110,130,160,165,143,101,67,60,69,78,82,81,118,132,196,154,122,83,79,83,61,87,124,168,157,149,100,96,71,36,52,56,75,106,143,162,133,137,99,65,66,58,73,80,117,146,163,159,123,74,60,48,40,44,70,90,136,155,162,130,95,76,72,48,52,71,91,121,139,155,141,97,62,46,50,48,72,128,133,153,160,130,102,74,44,46,721
466,57,91,128,144,174,155,134,110,77,80,85,96,107,104,145,184,149,81,69,63,60,88,95,77,102,139,159,159,145,101,83,75,68,84,129,156,168,135,116,100,71,46,49,55,84,112,127,125,134,136,114,62,68,70,69,77,108,144,172,142,127,92,61,50,51,49,62,102,132,155,150,132,92,86,60,45,46,76,106,111,157,132,147,88,75,60,44,58,69,123,137,154,138,125,119,73,61,48,694
459,60,75,133,156,163,146,127,94,82,72,96,81,111,138,163,154,131,93,65,50,65,69,76,82,122,139,145,167,119,90,94,75,72,69,137,133,149,150,119,90,63,58,55,63,60,99,110,123,117,116,94,93,81,65,59,85,99,136,155,138,119,75,65,57,54,51,61,118,119,137,143,149,103,78,51,39,55,57,89,119,141,156,123,96,76,45,50,59,70,104,120,142,136,112,102,87,65,72,661
398,51,67,124,140,143,139,107,92,81,69,73,78,125,132,137,124,107,91,70,58,50,63,48,98,105,124,147,126,121,77,78,75,57,69,103,125,108,132,112,92,67,49,50,60,68,85,91,105,110,115,84,73,69,72,64,69,96,101,137,144,90,68,65,68,57,69,56,86,93,116,113,122,109,88,57,40,38,57,87,101,112,104,97,99,70,55,42,58,80,87,105,107,120,117,85,67,58,69,592
311,40,58,90,98,127,103,82,74,59,56,61,61,79,99,102,100,71,60,66,52,41,42,46,57,60,89,112,98,87,76,68,55,42,53,94,88,70,91,89,62,67,37,29,39,54,65,73,76,82,76,59,67,51,34,51,65,70,81,104,80,73,58,47,48,44,55,56,50,70,87,83,72,79,58,51,30,36,34,51,78,76,85,98,56,61,36,34,40,54,70,90,89,80,76,58,57,50,43,437
175,30,31,46,63,68,63,60,45,43,18,29,28,40,44,55,54,45,42,33,33,30,24,22,27,39,52,51,74,54,48,36,41,44,32,35,43,44,61,49,45,38,28,23,25,20,38,33,49,46,45,37,35,29,26,32,31,42,41,43,53,34,41,34,23,22,16,24,41,48,47,39,34,46,25,21,25,17,17,30,48,53,42,41,38,44,19,16,24,28,33,47,47,49,46,19,21,34,20,223
45,4,15,12,22,23,31,22,20,11,13,10,10,18,17,23,18,18,25,11,12,11,12,8,6,13,22,23,29,13,18,16,17,21,14,12,12,17,21,21,21,16,5,11,7,11,10,21,14,22,15,7,11,5,8,10,16,13,15,14,16,18,10,7,7,5,5,1,11,17,19,9,11,9,6,4,5,7,9,7,13,20,18,20,9,15,7,9,11,8,10,8,29,30,14,9,12,10,6,87
2,1,0,6,6,1,6,3,5,6,5,4,4,1,6,4,3,7,4,8,2,1,1,3,3,6,6,5,5,3,1,4,3,1,2,5,4,0,4,2,3,2,3,1,0,1,4,2,3,10,4,1,0,3,2,2,4,4,4,2,1,5,2,1,1,2,0,1,0,3,3,2,3,0,1,0,0,1,1,2,2,4,3,7,5,1,1,1,0,2,5,0,3,5,5,2,3,1,1,9
0,0,1,0,1,0,1,0,0,0,1,0,0,0,0,0,0,2,2,2,0,0,0,0,0,1,0,0,0,0,0,0,1,0,1,0,0,1,0,0,0,0,0,0,0,0,0,1,0,2,0,0,0,0,1,0,0,0,0,0,0,0,0,0,0,0,0,0,0,0,0,2,0,0,0,0,0,0,0,0,0,0,0,1,0,0,0,0,0,0,0,0,1,1,0,0,1,0,0,0
0,0,0,0,0,0,0,0,0,0,0,0,0,0,0,0,0,0,0,0,0,0,0,0,0,0,0,0,0,0,0,0,0,0,0,0,0,0,0,0,0,0,0,0,0,0,0,0,0,0,0,0,0,0,0,0,0,0,0,0,0,0,0,0,0,0,0,0,0,0,0,0,0,0,0,0,0,0,0,0,0,0,0,0,0,0,0,0,0,0,0,0,0,0,0,0,0,0,0,0
0,0,0,0,0,0,0,0,0,0,0,0,0,0,0,0,0,0,0,0,0,0,0,0,0,0,0,0,0,0,0,0,0,0,0,0,0,0,0,0,0,0,0,0,0,0,0,0,0,0,0,0,0,0,0,0,0,0,0,0,0,0,0,0,0,0,0,0,0,0,0,0,0,0,0,0,0,0,0,0,0,0,0,0,0,0,0,0,0,0,0,0,0,0,0,0,0,0,0,0
0,0,0,0,0,0,0,0,0,0,0,0,0,0,0,0,0,0,0,0,0,0,0,0,0,0,0,0,0,0,0,0,0,0,0,0,0,0,0,0,0,0,0,0,0,0,0,0,0,0,0,0,0,0,0,0,0,0,0,0,0,0,0,0,0,0,0,0,0,0,0,0,0,0,0,0,0,0,0,0,0,0,0,0,0,0,0,0,0,0,0,0,0,0,0,0,0,0,0,0
0,0,0,0,0,0,0,0,0,0,0,0,0,0,0,0,0,0,0,0,0,0,0,0,0,0,0,0,0,0,0,0,0,0,0,0,0,0,0,0,0,0,0,0,0,0,0,0,0,0,0,0,0,0,0,0,0,0,0,0,0,0,0,0,0,0,0,0,0,0,0,0,0,0,0,0,0,0,0,0,0,0,0,0,0,0,0,0,0,0,0,0,0,0,0,0,0,0,0,0
0,0,0,0,0,0,0,0,0,0,0,0,0,0,0,0,0,0,0,0,0,0,0,0,0,0,0,0,0,0,0,0,0,0,0,0,0,0,0,0,0,0,0,0,0,0,0,0,0,0,0,0,0,0,0,0,0,0,0,0,0,0,0,0,0,0,0,0,0,0,0,0,0,0,0,0,0,0,0,0,0,0,0,0,0,0,0,0,0,0,0,0,0,0,0,0,0,0,0,0
0,0,0,0,0,0,0,0,0,0,0,0,0,0,0,0,0,0,0,0,0,0,0,0,0,0,0,0,0,0,0,0,0,0,0,0,0,0,0,0,0,0,0,0,0,0,0,0,0,0,0,0,0,0,0,0,0,0,0,0,0,0,0,0,0,0,0,0,0,0,0,0,0,0,0,0,0,0,0,0,0,0,0,0,0,0,0,0,0,0,0,0,0,0,0,0,0,0,0,0
