-5.21855,0.288153
-5.22334,0.47812
-5.25618,0.687911
-5.11396,0.817341
-5.283,0.947612
-5.42361,1.10962
-5.27871,1.25338
-5.35729,1.44275
-5.41142,1.63786
5.43922,1.77959
-5.41987,1.93201
-5.35383,2.12951
-5.32653,2.32294
-5.40397,2.51377
-5.30715,2.69807
-5.226,2.88067
-5.07373,3.01544
-5.10939,3.20671
-5.14365,3.42182
-5.26879,3.57092
-5.3893,3.74105
-5.41824,3.93677
-5.45597,4.14404
-5.48179,4.34692
5.37901,4.48001
5.27514,4.65587
5.18044,4.8279
5.2157,5.03634
5.12558,5.22418
5.19927,5.39974
5.27141,5.59153
5.33024,5.79302
5.28038,5.98691
5.41521,6.14885
5.24419,6.27961
5.2807,6.48236
5.20477,6.67942
5.19962,6.87899
5.09942,7.05173
5.13142,7.24587
5.14022,7.44639
5.18492,7.63653
5.09531,7.81967
5.1074,8.0276
5.06235,8.23059
5.1178,8.42865
5.1329,8.64349
5.18334,8.84592
5.29395,9.00504
5.38156,9.1833
-5.46118,9.28799
-5.43965,9.49417
-5.35589,9.67716
-5.34406,9.89315
-5.27949,10.0881
-5.35622,10.2719
-5.30431,10.5023
-5.27993,10.7217
-5.34216,10.9095
-5.42696,11.1053
-5.37655,11.2983
5.46783,11.4304
5.48287,11.6404
-5.37066,11.7848
-5.4875,11.9471
-5.31052,12.0787
-5.31945,12.2827
-5.34849,12.4704
-5.2598,12.6571
-5.29027,12.8589
-5.43647,13.0026
-5.48857,13.1905
-5.38763,13.3724
-5.45217,13.5629
-5.25591,13.6257
-5.32453,13.8285
-5.25459,14.0272
-5.35432,14.2118
5.49582,14.3483
-5.48349,14.5385
5.34763,14.6334
5.27467,14.8146
5.26408,15.0088
5.34614,15.2036
5.31722,15.4077
5.36258,15.5949
5.16431,15.6077
5.18619,15.8098
5.17098,16.0159
5.1762,16.2165
5.21942,16.4197
5.30028,16.5923
5.47097,16.6875
5.36834,16.8864
5.23947,17.0379
5.33559,17.2154
5.23559,17.3878
5.23534,17.5884
5.19824,17.7883
5.09233,17.9495
5.18836,18.1487
5.22495,18.3461
5.38022,18.4649
5.41543,18.6493
5.45506,18.8494
5.43155,19.0649
5.49291,19.2641
5.44274,19.4624
5.40236,19.6577
5.42987,19.8534
-5.42477,20.0215
-5.37952,20.2221
-5.47662,20.4011
-5.49585,20.5892
5.41993,20.7875
-5.48805,20.9689
-5.43176,21.162
-5.47616,21.3662
-5.36131,21.5457
-5.36996,21.7487
-5.34175,21.9468
-5.28977,22.138
-5.41124,22.3293
-5.32633,22.5211
-5.34104,22.7324
-5.3497,22.939
-5.30579,23.1472
-5.2219,23.3251
-5.15443,23.5212
-5.19558,23.7177
-5.1593,23.9034
-5.32404,24.0037
-5.38075,24.1964
-5.47676,24.3712
5.43444,24.5506
-5.37867,24.6456
-5.30922,24.8308
-5.26376,25.0413
-5.22871,25.249
-5.30844,25.4277
-5.35383,25.6345
-5.3188,25.8321
-5.37971,26.0276
-5.24101,26.1722
-5.15423,26.3483
-5.30056,26.491
-5.31911,26.7061
-5.35467,26.9091
-5.22441,27.076
-5.28313,27.2935
-5.28224,27.4954
-5.29637,27.6987
-5.35546,27.8981
-5.35656,28.1137
-5.24565,28.2734
-5.18706,28.4616
-5.11038,28.6449
-5.05004,28.8417
-5.1072,29.0589
-5.12114,29.2589
-5.27795,29.4089
-5.37844,29.5719
-5.45194,29.7636
5.43086,29.9197
5.29533,30.0805
5.27833,30.2863
5.1642,30.4818
5.22619,30.6694
5.06342,30.8002
5.06437,31.0107
5.11685,31.2092
5.06231,31.4116
5.02287,31.5998
5.05745,31.7971
5.04014,32.0156
5.06909,32.2107
5.02504,32.407
5.05028,32.6165
5.13037,32.8197
5.05406,33.0158
5.17829,33.1627
5.16674,33.3595
5.15752,33.5551
5.23464,33.7352
5.26723,33.9398
5.36459,34.1213
5.32465,34.3209
5.27225,34.5159
5.27225,34.7186
5.32892,34.9075
5.23289,35.078
5.18131,35.2614
5.29947,35.4227
5.38791,35.607
5.371,35.81
5.34774,36.0184
5.30469,36.2057
5.20503,36.3677
5.04138,36.5133
5.11686,36.727
-4.51688,0.103375
-4.63151,0.280753
-4.63079,0.472544
-4.68905,0.653243
-4.63543,0.855157
-4.60643,1.04825
-4.60133,1.25519
-4.53933,1.43824
-4.51242,1.6495
-4.59428,1.82213
-4.71123,2.00826
-4.67607,2.1964
-4.6035,2.39551
-4.50879,2.59245
-4.42366,2.7797
-4.50588,2.96669
-4.40512,3.14233
-4.27224,3.30611
-4.33302,3.5047
-4.312,3.69964
-4.30265,3.90361
-4.30552,4.10296
-4.37838,4.30688
-4.43721,4.49279
-4.52151,4.69053
-4.55445,4.89658
-4.60953,5.09875
-4.67096,5.30212
-4.68959,5.48408
-4.51755,5.58697
-4.58724,5.78234
-4.52826,5.9817
-4.45457,6.1712
-4.5288,6.3526
-4.47404,6.53939
-4.41681,6.74465
-4.38135,6.93328
-4.227,7.09266
-4.26671,7.28911
-4.4712,7.3345
-4.459,7.53416
-4.40019,7.72585
-4.21322,7.83547
-4.27338,8.02053
-4.24195,8.22673
-4.33674,8.39555
-4.46399,8.53447
-4.57244,8.71139
-4.5954,8.91197
-4.59859,9.09937
-4.65628,9.27989
-4.78278,9.423
-4.64179,9.55739
-4.49431,9.69124
-4.66222,9.8333
-4.63595,10.0275
-4.65596,10.2171
-4.6528,10.4187
-4.85507,10.4804
-4.96739,10.6303
-4.93476,10.8286
-4.84967,11.0185
-4.80347,11.2116
-4.89484,11.3946
-4.98208,11.5868
-4.80119,11.7231
-4.86124,11.923
-4.80442,12.1114
-4.6719,12.2562
-4.68662,12.4578
-4.8356,12.5997
-4.93225,12.7719
-4.97833,12.9788
-5.12848,13.1213
-5.0235,13.2861
-4.83299,13.3381
-4.86707,13.536
-4.77468,13.7153
-4.69299,13.9132
-4.58264,14.0876
-4.51747,14.2802
-4.48386,14.4908
-4.55068,14.6779
-4.48041,14.8808
-4.2911,14.9532
-4.44821,15.0765
-4.53287,15.259
-4.71356,15.3824
-4.92166,15.4031
-4.80238,15.5705
-4.70952,15.7471
-4.90084,15.7502
-4.8144,15.9389
-4.91516,16.1157
-4.95641,16.3052
-5.15086,16.3359
-5.08172,16.5226
-5.10623,16.7154
-5.00371,16.8992
-4.95342,17.1035
-4.80799,17.2654
-4.73024,17.4402
-4.72483,17.6543
-4.53603,17.7475
-4.44566,17.9196
-4.33812,18.0843
-4.23581,18.2553
-4.22331,18.4624
-4.20031,18.6648
-4.07834,18.8273
-4.05315,19.0317
-4.20299,19.1661
-4.28289,19.3408
-4.45197,19.4549
-4.43724,19.6506
-4.55225,19.8169
-4.55312,20.0263
-4.47988,20.2088
-4.31622,20.3179
-4.33285,20.5333
-4.27023,20.7377
-4.36072,20.9115
-4.28595,21.1005
-4.42628,21.2588
-4.39988,21.4464
-4.37688,21.638
-4.35428,21.8379
-4.37345,22.0358
-4.3013,22.2231
-4.28076,22.4281
-4.33796,22.6327
-4.40695,22.8164
-4.30196,22.9729
-4.29426,23.1778
-4.32207,23.3827
-4.36266,23.5763
-4.30618,23.7785
-4.20143,23.9497
-4.26766,24.1383
-4.33335,24.3358
-4.33116,24.542
-4.42792,24.7122
-4.26693,24.8374
-4.18961,25.0303
-4.26029,25.2306
-4.24687,25.4432
-4.21598,25.642
-4.36869,25.7669
-4.4351,25.9574
-4.53335,26.1479
-4.52292,26.3657
-4.56796,26.5579
-4.49785,26.7524
-4.34885,26.8663
-4.52179,26.9809
-4.38493,27.1336
-4.3533,27.339
-4.33709,27.5397
-4.47109,27.7085
-4.51749,27.9075
-4.58282,28.0958
-4.54896,28.2953
-4.5225,28.4886
-4.53039,28.6966
-4.41775,28.8593
-4.59162,28.9794
-4.53038,29.1723
-4.63939,29.3456
-4.5139,29.514
-4.47561,29.7216
-4.57464,29.9158
-4.66014,30.0876
-4.65392,30.285
-4.5844,30.4916
-4.50086,30.6771
-4.49819,30.882
-4.51485,31.0718
-4.41911,31.2598
-4.49941,31.4507
-4.50005,31.6397
-4.68239,31.7201
-4.87515,31.8041
-4.97277,31.9908
-5.10223,32.1419
-5.1144,32.3326
-5.12512,32.531
-5.12401,32.7412
-5.09531,32.9294
-4.98293,33.1009
-5.01244,33.3091
-5.01438,33.5017
-4.97875,33.7101
-5.0554,33.9049
-5.01783,34.086
-5.03432,34.2969
-5.09241,34.5011
-5.00941,34.6896
-4.94711,34.8751
-5.16096,34.9201
-5.27445,35.1026
-3.44705,0.355604
-3.56432,0.528596
-3.66194,0.707285
-3.70435,0.897516
-3.61573,1.0776
-3.58442,1.29607
-3.53863,1.48196
-3.55524,1.67516
-3.67762,1.83299
-3.80795,1.99803
-3.91988,2.17637
-3.94638,2.37905
-4.01926,2.56433
-4.09737,2.75212
-4.1285,2.94153
-4.12148,3.14427
-4.04339,3.32617
-4.12023,3.50833
-4.11706,3.71333
-4.10796,3.93423
-4.10177,4.14347
-3.91431,4.24875
-3.8713,4.44638
-3.68422,4.537
-3.65073,4.72869
-3.6785,4.91869
-3.69224,5.1175
-3.60294,5.30492
-3.71688,5.4722
-3.70204,5.68765
-3.71411,5.89087
-3.71435,6.09136
-3.69652,6.32285
-3.74182,6.52647
-3.54923,6.45116
-3.44753,6.61578
-3.38249,6.80926
-3.41527,7.00349
-3.49681,7.18686
-3.50621,7.38657
-3.45138,7.59335
-3.49303,7.79613
-3.47438,8.01534
-3.47405,8.23918
-3.44246,8.42057
-3.4506,8.62325
-3.49059,8.81514
-3.49978,9.01372
-3.6018,9.20357
-3.59365,9.40184
-3.53788,9.59693
-3.53951,9.79862
-3.58477,9.99526
-3.50036,10.1766
-3.53196,10.3795
-3.35981,10.4975
-3.47135,10.6553
-3.47449,10.8505
-3.52392,11.0408
-3.31811,11.0913
-3.29634,11.2867
-3.23964,11.4924
-3.31223,11.6781
-3.17044,11.8055
-3.28286,11.9722
-3.20968,12.1649
-3.07833,12.3335
-2.88144,12.4226
-2.71159,12.5585
-2.84636,12.6944
-2.73995,12.8671
-2.65932,13.0478
-2.819,13.1819
-2.92326,13.3583
-3.00963,13.5411
-2.91477,13.7052
-2.88065,13.9129
-2.79042,14.0954
-2.79543,14.3193
-2.93668,14.4725
-2.85861,14.6534
-2.92437,14.8403
-3.02775,15.0177
-3.2234,15.0996
-3.30365,15.2808
-3.35037,15.4925
-3.42675,15.6666
-3.54058,15.8485
-3.42266,16.0076
-3.21719,16.0682
-3.28153,16.2608
-3.35372,16.4451
-3.19937,16.5692
-3.24185,16.7552
-3.26498,16.9618
-3.17442,17.1467
-3.23614,17.3396
-3.31376,17.5088
-3.31972,17.7159
-3.29232,17.9328
-3.17584,18.1097
-3.28368,18.2848
-3.13886,18.4213
-3.0901,18.6301
-3.03271,18.8262
-3.03906,19.0252
-3.18621,19.1596
-3.2763,19.3592
-3.26171,19.5715
-3.28051,19.7825
-3.23485,19.9833
-3.3195,20.1737
-3.26024,20.3644
-3.33748,20.55
-3.35022,20.748
-3.43107,20.9479
-3.38648,21.1544
-3.37252,21.3783
-3.45122,21.5587
-3.42349,21.7502
-3.38857,21.942
-3.38363,22.1503
-3.35116,22.3395
-3.54825,22.3614
-3.51723,22.5646
-3.47685,22.766
-3.4439,22.9552
-3.53178,23.1346
-3.57183,23.3326
-3.38049,23.388
-3.49511,23.5451
-3.60147,23.7194
-3.57113,23.916
-3.66747,24.099
-3.63223,24.2787
-3.74781,24.4525
-3.67239,24.6462
-3.594,24.8253
-3.63373,25.0137
-3.6868,25.2062
-3.53586,25.3026
-3.37222,25.4403
-3.31609,25.6313
-3.46,25.7563
-3.42295,25.9654
-3.41573,26.1854
-3.39859,26.3732
-3.23685,26.5197
-3.31137,26.708
-3.21748,26.8945
-3.25101,27.0846
-3.3213,27.2766
-3.26939,27.4807
-3.43986,27.5814
-3.55275,27.7373
-3.71611,27.8309
-3.56379,27.966
-3.61679,28.1646
-3.52467,28.3799
-3.6071,28.5559
-3.75902,28.7078
-3.77271,28.906
-3.64853,29.0512
-3.51757,29.2048
-3.55858,29.4045
-3.60734,29.6143
-3.66771,29.8113
-3.72798,29.9972
-3.7292,30.2031
-3.69234,30.4005
-3.80094,30.5639
-3.63451,30.7132
-3.70847,30.8877
-3.85105,31.0325
-3.86193,31.2418
-3.87614,31.4516
-3.77671,31.6305
-3.9594,31.7161
-3.89764,31.916
-3.75947,32.0532
-3.58361,32.1798
-3.68686,32.3523
-3.58782,32.5385
-3.51335,32.7279
-3.59674,32.9082
-3.57259,33.1018
-3.60705,33.3127
-3.60577,33.5178
-3.70864,33.6997
-3.59044,33.8802
-3.59047,34.0968
-3.75298,34.2116
-3.59617,34.3797
-3.54225,34.588
-3.4763,34.7804
-3.42965,34.9985
-3.37581,35.1752
-3.33269,35.3697
-3.27776,35.5632
-3.3882,35.7308
-1.85394,0.336405
-1.81056,0.542299
-1.92763,0.697216
-1.80369,0.848791
-1.80369,1.04778
-1.70793,1.23083
-1.81564,1.39475
-1.71174,1.58353
-1.70384,1.77057
-1.90479,1.83875
-1.96827,2.0242
-1.86921,2.19255
-1.96174,2.37758
-1.93744,2.5958
-1.98779,2.80185
-2.11649,2.95851
-2.2076,3.14892
-2.32093,3.31386
-2.35088,3.51843
-2.22811,3.68801
-2.30761,3.87703
-2.19746,4.06818
-2.24539,4.26214
-2.25404,4.46003
-2.12067,4.60553
-2.21263,4.80163
-2.16196,4.99967
-2.06248,5.16696
-1.97849,5.33985
-2.05891,5.52924
-2.20549,5.68976
-2.34197,5.84752
-2.32644,6.06392
-2.30573,6.26606
-2.2971,6.47709
-2.42156,6.63943
-2.2423,6.7089
-2.15144,6.88312
-2.08825,7.07216
-2.09025,7.27584
-2.17867,7.45201
-2.33494,7.56568
-2.52816,7.64708
-2.44403,7.83634
-2.3941,8.05051
-2.20077,8.09989
-2.24591,8.29968
-2.06057,8.38434
-2.05531,8.59119
-2.23228,8.70055
-2.34866,8.86386
-2.41391,9.05232
-2.36703,9.25239
-2.5338,9.369
-2.53726,9.60168
-2.3993,9.73893
-2.39667,9.93749
-2.33944,10.1378
-2.41623,10.3359
-2.36655,10.5374
-2.31704,10.7403
-2.22593,10.9172
-2.09059,11.0832
-2.25115,11.194
-2.23651,11.3987
-2.21576,11.6104
-2.25039,11.8055
-2.23667,12.0087
-2.31705,12.1964
-2.38787,12.3773
-2.49749,12.5379
-2.48123,12.7343
-2.4657,12.9519
-2.34295,13.1167
-2.44097,13.303
-2.52704,13.4952
-2.44689,13.6908
-2.32265,13.8354
-2.22772,14.0188
-2.22393,14.2215
-2.08556,14.3584
-2.20871,14.5191
-2.16999,14.7255
-2.13479,14.9215
-2.06546,15.1069
-2.13432,15.3001
-2.12081,15.5124
-2.15464,15.7097
-2.23559,15.8935
-2.17875,16.0899
-2.249,16.2901
-2.28006,16.4812
-2.30733,16.6866
-2.33528,16.8963
-2.14771,16.9831
-2.16255,17.1803
-2.03913,17.3343
-1.86437,17.4287
-2.03126,17.5429
-2.11762,17.7301
-2.02398,17.9178
-2.03912,18.1157
-2.10149,18.2971
-2.16937,18.4903
-2.09885,18.6747
-2.15276,18.8773
-2.18348,19.0685
-2.2919,19.2394
-2.2769,19.4499
-2.2444,19.6516
-2.41154,19.7722
-2.39248,19.977
-2.55492,20.0749
-2.40436,20.202
-2.43793,20.4146
-2.52936,20.5893
-2.53046,20.7876
-2.41727,20.9584
-2.44894,21.1566
-2.57857,21.3119
-2.62852,21.5221
-2.70002,21.7073
-2.61239,21.8924
-2.65198,22.0891
-2.67966,22.2913
-2.78488,22.4782
-2.77844,22.6769
-2.71664,22.8682
-2.75011,23.065
-2.90066,23.1881
-2.94467,23.3755
-3.04195,23.5473
-2.93748,23.7328
-2.83838,23.9023
-2.72219,24.0706
-2.85858,24.2127
-2.95322,24.3824
-2.91479,24.5819
-2.8313,24.7611
-2.77688,24.9613
-2.63719,25.1106
-2.57581,25.315
-2.48173,25.4813
-2.42985,25.6726
-2.28705,25.8146
-2.40755,25.9799
-2.2415,26.0984
-2.26067,26.2996
-2.10387,26.4151
-2.1524,26.6229
-2.17107,26.8396
-2.36417,26.9198
-2.23216,27.0808
-2.40529,27.1749
-2.47189,27.361
-2.68004,27.4379
-2.7396,27.6226
-2.5754,27.7383
-2.44892,27.9039
-2.3307,28.0707
-2.47627,28.2199
-2.58466,28.3932
-2.47215,28.5621
-2.47223,28.7609
-2.46276,28.9609
-2.41127,29.1547
-2.28946,29.3008
-2.37531,29.5123
-2.30213,29.7005
-2.27845,29.909
-2.36685,30.0925
-2.48819,30.2589
-2.49724,30.4635
-2.38607,30.6472
-2.31071,30.8156
-2.32877,31.0253
-2.36903,31.2201
-2.3875,31.417
-2.43462,31.6101
-2.46163,31.8063
-2.65494,31.8308
-2.74812,32.0046
-2.65944,32.2055
-2.58626,32.3919
-2.49734,32.5645
-2.48237,32.7648
-2.37719,32.9535
-2.38578,33.1433
-2.50832,33.3028
-2.50809,33.4917
-2.55964,33.6961
-2.56826,33.9063
-2.55783,34.0966
-2.42708,34.2276
-2.58483,34.369
-2.69122,34.5387
-2.74981,34.7345
-2.67024,34.9231
-2.60978,35.1116
-2.66775,35.3047
-1.63256,0.447018
-1.59215,0.646067
-1.52988,0.824511
-1.47224,1.01819
-1.34028,1.163
-1.46061,1.34643
-1.48917,1.53891
-1.35986,1.72053
-1.4823,1.87525
-1.5544,2.07317
-1.49475,2.27181
-1.32926,2.37061
-1.36369,2.55625
-1.32353,2.76269
-1.29082,2.95327
-1.27948,3.1649
-1.30032,3.36994
-1.41178,3.54426
-1.26536,3.71724
-1.23902,3.9228
-1.40486,4.06683
-1.37272,4.27021
-1.38185,4.47063
-1.47534,4.65321
-1.46581,4.86086
-1.29525,4.92715
-1.24902,5.13196
-1.24307,5.34108
-1.33659,5.52067
-1.29252,5.71247
-1.16643,5.87633
-1.29713,6.03384
-1.34141,6.23893
-1.28732,6.45295
-1.41338,6.6225
-1.44316,6.82395
-1.59957,6.97486
-1.65765,7.17291
-1.47339,7.28074
-1.50494,7.48426
-1.46846,7.69399
-1.56166,7.88085
-1.57701,8.09434
-1.62495,8.28907
-1.49435,8.45207
-1.42345,8.65558
-1.32901,8.83206
-1.30194,9.02774
-1.26976,9.22233
-1.17302,9.40415
-1.14515,9.61755
-1.21987,9.80296
-1.21894,10.0123
-1.15731,10.2107
-1.10102,10.4048
-1.06097,10.6023
-0.986265,10.8022
-0.811194,10.8976
-0.790388,11.1281
-0.834049,11.3296
-0.767695,11.5326
-0.833283,11.7263
-0.872916,11.9145
-0.924706,12.124
-0.994582,12.3127
-1.20672,12.3428
-1.33965,12.4906
-1.34717,12.6676
-1.37155,12.8753
-1.32572,13.0843
-1.37739,13.2722
-1.32409,13.4565
-1.37571,13.6595
-1.53758,13.7886
-1.62028,13.9888
-1.5099,14.1787
-1.44064,14.366
-1.3012,14.4988
-1.28079,14.6936
-1.14478,14.8329
-1.07732,15.0217
-1.04834,15.2221
-1.08165,15.4195
-1.19053,15.5772
-1.16383,15.7855
-1.19705,15.9708
-1.22569,16.1707
-1.177,16.3817
-1.10777,16.5715
-1.02416,16.7455
-1.15436,16.9004
-1.03361,17.066
-0.909689,17.2303
-1.08886,17.3489
-1.03267,17.5391
-0.999751,17.7384
-0.835053,17.8538
-0.782278,18.044
-0.87598,18.2259
-0.879022,18.4259
-0.805393,18.6018
-0.943612,18.7778
-1.05984,18.9352
-1.21384,19.0818
-1.26736,19.2833
-1.21716,19.4787
-1.16249,19.6684
-1.16634,19.8772
-1.16111,20.0805
-1.17321,20.2865
-1.15067,20.4917
-1.05187,20.6665
-1.15331,20.8298
-1.13195,21.0288
-1.25533,21.18
-1.25054,21.3842
-1.24921,21.5901
-1.25578,21.7925
-1.11914,21.9373
-1.20801,22.1187
-1.33151,22.2789
-1.4962,22.3995
-1.53818,22.5924
-1.32738,22.6025
-1.37103,22.8076
-1.32932,23.0054
-1.18509,23.146
-1.11617,23.3248
-1.12834,23.525
-1.28564,23.6461
-1.21136,23.8197
-1.19961,24.0101
-1.13506,24.2077
-1.0326,24.3943
-1.03401,24.5953
-0.887102,24.7306
-0.91345,24.9233
-0.947664,25.1321
-0.940489,25.3267
-0.915244,25.5401
-0.925943,25.7576
-0.982837,25.9399
-1.0989,26.0928
-0.95084,26.247
-1.13381,26.3483
-1.19283,26.5411
-1.29489,26.7291
-1.32633,26.9365
-1.30206,27.1422
-1.24353,27.3533
-1.30393,27.5586
-1.37798,27.7404
-1.38548,27.94
-1.51537,28.1037
-1.4839,28.3205
-1.62063,28.471
-1.63333,28.6808
-1.72051,28.8725
-1.68671,29.0793
-1.67369,29.2835
-1.51322,29.4304
-1.46926,29.6208
-1.44053,29.8302
-1.3378,30.0149
-1.30857,30.2111
-1.17557,30.3558
-1.22814,30.5672
-1.27391,30.7639
-1.20549,30.9534
-1.38373,31.0567
-1.40564,31.249
-1.41094,31.4482
-1.50223,31.6531
-1.57614,31.8431
-1.65976,32.0265
-1.62932,32.2504
-1.72311,32.4207
-1.73135,32.6161
-1.90767,32.7208
-1.92423,32.9125
-1.92513,33.1103
-2.04595,33.2541
-2.083,33.4429
-2.05025,33.6363
-2.09557,33.8396
-1.9888,33.9929
-1.92272,34.1948
-1.83755,34.375
-1.90496,34.5682
-1.77531,34.7249
-1.73716,34.9246
-1.79463,35.1198
-1.68096,35.2715
-1.48657,35.2931
-1.30765,35.3856
-1.23426,35.5849
-1.11846,35.7379
-1.04669,35.9318
-0.984124,36.1185
-1.04122,36.2948
-0.0983246,0.571288
0.0323028,0.720246
-0.00881199,0.918407
0.01825,1.12102
0.00304909,1.34154
0.196896,1.40719
0.268288,1.62317
0.258777,1.83182
0.232147,2.03561
0.190745,2.24382
0.209196,2.44344
0.149447,2.65918
0.071055,2.85162
-0.125899,2.79347
-0.17828,2.98921
-0.125045,3.19744
-0.236291,3.36338
-0.39769,3.48633
-0.43997,3.68489
-0.341166,3.8556
-0.246102,4.03691
-0.263756,4.24621
-0.257561,4.43259
-0.13561,4.60894
-0.0756709,4.80226
-0.217298,4.94016
-0.305149,5.12569
-0.328625,5.32276
-0.292625,5.52893
-0.407314,5.68742
-0.382056,5.87808
-0.323898,6.0741
-0.497346,6.15615
-0.534516,6.34853
-0.402111,6.48799
-0.337382,6.67774
-0.30227,6.88176
-0.275361,7.08348
-0.207725,7.29609
-0.378117,7.41178
-0.42124,7.60281
-0.313589,7.77088
-0.375555,7.9609
-0.412868,8.17397
-0.222952,8.23648
-0.0624616,8.34271
-0.0908982,8.53499
-0.185747,8.70028
-0.132583,8.89045
-0.308021,9.00382
-0.322601,9.197
-0.323843,9.39285
-0.178831,9.5461
-0.103003,9.7291
-0.159056,9.93897
-0.380118,9.93615
-0.382419,10.1212
-0.327547,10.3131
-0.248494,10.5035
-0.371479,10.6723
-0.449257,10.8616
-0.359491,11.0521
-0.43894,11.2437
-0.279774,11.3922
-0.194235,11.5826
-0.207388,11.7891
-0.100523,11.9558
-0.150335,12.1504
-0.0936747,12.344
-0.110878,12.5557
-0.285706,12.6829
-0.151157,12.8481
-0.0415544,13.0413
0.0197487,13.2432
-0.0852707,13.4216
0.0357693,13.5823
0.0118008,13.7909
-0.0266747,13.9899
-0.00600941,14.1911
-0.154034,14.3376
-0.279544,14.4901
-0.249416,14.6932
-0.382932,14.851
-0.335087,15.05
-0.207623,15.2122
-0.331987,15.3706
-0.238867,15.5703
-0.141844,15.7576
-0.0334059,15.9487
-0.0966744,16.1383
-0.2602,16.2597
-0.304817,16.4462
-0.301571,16.6495
-0.292983,16.8619
-0.432175,16.9884
-0.36591,17.1903
-0.314161,17.3923
-0.181448,17.5282
-0.213279,17.7303
-0.223089,17.9219
-0.364615,18.0517
-0.493363,18.203
-0.494065,18.4089
-0.414578,18.58
-0.333911,18.7646
-0.401239,18.963
-0.350755,19.1687
-0.288785,19.3655
-0.300106,19.5718
-0.403398,19.7285
-0.512008,19.8764
-0.538597,20.0745
-0.630736,20.2734
-0.626861,20.4851
-0.534544,20.6664
-0.431982,20.8456
-0.407939,21.0321
-0.240825,21.1821
-0.222996,21.3907
-0.241763,21.5865
-0.264275,21.7776
-0.295381,21.9923
-0.324757,22.2003
-0.244005,22.3756
-0.172181,22.5613
-0.0729103,22.7308
-0.177634,22.9157
-0.0239309,23.047
-0.094318,23.2282
-0.055595,23.4328
-0.0578105,23.6453
-0.0639919,23.8631
-0.00495544,24.0629
0.0990194,24.2443
0.140517,24.4558
0.0805883,24.6396
-0.0514521,24.8125
-0.138857,24.9806
-0.040425,25.1674
-0.00811585,25.3583
0.0397717,25.5485
0.0742326,25.7425
0.0126988,25.9327
0.053666,26.1403
0.0622127,26.3472
-0.121567,26.4412
-0.168657,26.6576
-0.342099,26.754
-0.362617,26.9585
-0.394828,27.1592
-0.415042,27.365
-0.239771,27.4767
-0.164967,27.6667
-0.0488031,27.843
0.104243,27.9839
0.20787,28.155
0.231621,28.3703
0.393346,28.4927
0.291375,28.6646
0.25447,28.8557
0.0930033,28.9832
0.130928,29.1888
0.0138435,29.3469
0.122903,29.5159
-0.06536,29.5973
-0.14824,29.7897
-0.266336,29.9475
-0.218028,30.1405
-0.332863,30.288
-0.308239,30.487
-0.265863,30.7066
-0.25379,30.8972
-0.164536,31.0894
-0.0256908,31.2233
-0.0867334,31.4168
0.0933528,31.5031
0.00965553,31.6959
-0.00125087,31.9072
-0.10514,32.0942
-0.162945,32.2818
-0.0928819,32.4711
-0.0998962,32.6744
-0.0937923,32.8865
-0.0665442,33.0822
-0.12589,33.2727
0.0380403,33.3852
0.00726746,33.5834
0.044533,33.7831
0.0194744,33.9803
0.135168,34.1744
0.331072,34.2169
0.260136,34.4134
0.415551,34.5725
0.342015,34.7769
0.405038,34.9543
0.357439,35.1505
0.347442,35.3643
0.500202,35.4896
0.664066,35.6024
0.676337,35.8012
0.827287,0.325229
0.851751,0.532801
0.974909,0.708042
1.08556,0.871379
1.11062,1.06796
1.19461,1.24391
1.1306,1.42717
1.23485,1.61339
1.19818,1.80232
1.14741,1.996
1.24254,2.16408
1.27273,2.37229
1.25477,2.58241
1.06498,2.65613
1.01761,2.85322
1.031,3.06218
1.17209,3.20855
1.03063,3.34594
0.923967,3.52007
0.909329,3.70986
1.03034,3.87768
1.12599,4.03891
1.01393,4.23536
1.11298,4.42736
1.12714,4.62938
1.21949,4.81151
1.26122,5.00661
1.1421,5.1717
1.13524,5.38526
1.04249,5.56277
0.97669,5.75359
0.991101,5.94391
0.920783,6.12612
0.977008,6.32891
0.819872,6.44806
0.945172,6.61638
1.10338,6.74784
1.1398,6.94381
1.1598,7.13753
1.16811,7.33034
1.28421,7.50251
1.32515,7.70006
1.39322,7.89292
1.44028,8.08277
1.39907,8.28691
1.36927,8.47849
1.30033,8.68438
1.17038,8.84393
1.12118,9.03309
1.13881,9.22995
1.00972,9.37228
1.06716,9.55858
0.905222,9.67247
0.816703,9.85441
0.884571,10.042
0.959882,10.233
0.94773,10.4332
0.856466,10.5989
0.67756,10.6943
0.711573,10.8859
0.582424,11.0389
0.768177,11.0945
0.691952,11.2764
0.746526,11.4755
0.660204,11.6566
0.678962,11.8515
0.706931,12.05
0.685084,12.2668
0.698307,12.4561
0.526985,12.553
0.366573,12.6681
0.506701,12.8139
0.499789,13.026
0.437961,13.2277
0.400173,13.4292
0.572336,13.5245
0.577394,13.7513
0.601849,13.9577
0.742238,14.1123
0.78444,14.3268
0.774792,14.542
0.819682,14.7439
0.89029,14.9473
0.907558,15.1514
0.787033,15.3288
0.790329,15.5191
0.860168,15.7136
0.803673,15.9099
0.946117,16.0331
0.969807,16.2309
1.00364,16.423
1.02195,16.648
0.916004,16.8205
0.917593,17.0201
0.961182,17.2053
1.06065,17.3875
1.08854,17.5988
1.10213,17.7923
1.19029,17.9592
1.10071,18.1392
1.04864,18.3206
1.15988,18.4878
1.15116,18.7061
1.13277,18.9019
1.21071,19.0974
1.02153,19.072
1.06652,19.2823
1.14749,19.4858
1.02466,19.6656
1.05929,19.881
1.02139,20.0772
0.835065,20.1514
0.88282,20.3452
0.946196,20.5466
1.08928,20.6687
0.958381,20.8307
0.902045,21.01
0.93278,21.2066
1.03706,21.3877
0.984809,21.573
0.961861,21.7821
1.03299,21.967
1.07297,22.1679
1.12055,22.3595
0.977294,22.5143
1.07259,22.6811
0.983999,22.8621
0.95261,23.0552
0.959829,23.2654
1.05826,23.4525
1.07054,23.659
0.96911,23.8501
0.993421,24.0479
1.04443,24.2532
1.15143,24.4635
0.984592,24.5964
0.780868,24.6765
0.732988,24.8684
0.753527,25.077
0.850588,25.2446
0.723827,25.4014
0.855833,25.5558
0.660119,25.6625
0.59312,25.8715
0.641132,26.0562
0.756277,26.2219
0.631417,26.378
0.736702,26.5451
0.654645,26.724
0.636594,26.9352
0.611463,27.131
0.733522,27.312
0.874162,27.4582
0.766024,27.6292
0.707551,27.8189
0.772841,28.0292
0.813452,28.2086
0.755434,28.394
0.903427,28.5164
0.887786,28.7075
0.942217,28.9164
1.07379,29.0468
0.921466,29.1867
0.85992,29.38
0.906451,29.5815
0.794782,29.7568
0.847196,29.9474
0.806965,30.1551
0.957319,30.304
0.906301,30.5061
0.802413,30.666
0.844302,30.855
0.925837,31.0474
0.742138,31.1405
0.857246,31.2988
0.925678,31.4843
1.12005,31.5612
1.15259,31.7637
1.10313,31.9577
1.17602,32.1438
1.28153,32.3145
1.20022,32.5168
1.10318,32.698
1.04729,32.8962
1.14359,33.074
1.05679,33.2534
0.887457,33.3472
0.888669,33.5589
1.00576,33.7178
1.05565,33.9325
0.957967,34.1184
1.09614,34.2669
1.12418,34.4743
1.15927,34.6667
0.973553,34.7534
0.882702,34.9175
0.705379,35.0265
0.821639,35.1809
0.882473,35.3902
0.865788,35.5882
1.95236,0.339492
2.04726,0.523424
2.06798,0.728635
1.92728,0.866827
2.00015,1.02298
1.88613,1.19514
1.78459,1.37181
1.8573,1.56695
1.90972,1.78967
1.84078,1.9702
1.82743,2.17948
1.96776,2.3064
1.93412,2.50006
1.77015,2.6206
1.82819,2.82342
1.87005,3.02211
1.72083,3.16062
1.57066,3.31134
1.58934,3.50819
1.60261,3.70791
1.67748,3.89955
1.69807,4.12106
1.77399,4.30111
1.66449,4.46085
1.7465,4.6451
1.65819,4.83412
1.53935,5.00106
1.66852,5.15376
1.78865,5.33976
1.69464,5.52274
1.77321,5.70427
1.77024,5.91305
1.72365,6.12558
1.75947,6.33072
1.69549,6.51749
1.80433,6.68298
1.90293,6.87286
1.99478,7.05992
2.04056,7.24793
2.04262,7.45383
2.14934,7.62518
1.9586,7.71403
1.96586,7.93766
2.00606,8.14448
1.96435,8.336
1.95191,8.54559
1.97815,8.74745
2.06975,8.92372
2.10104,9.12767
2.04846,9.32856
2.11909,9.51637
2.19257,9.68775
2.23904,9.8893
2.33451,10.0674
2.28447,10.2596
2.31951,10.4504
2.21113,10.6302
2.28059,10.8157
2.30247,10.9965
2.18599,11.1645
2.08277,11.3365
2.08185,11.5268
2.15978,11.7169
2.02234,11.8614
2.00359,12.0709
2.07219,12.2624
1.87095,12.3233
1.96323,12.509
2.09086,12.6742
2.08921,12.8637
2.01459,13.0823
2.0139,13.283
1.94711,13.4749
1.82719,13.6523
1.80394,13.8607
1.801,14.0635
1.95286,14.1999
1.99701,14.4076
1.863,14.568
1.8639,14.7958
1.90975,14.9964
1.85989,15.214
1.84493,15.4209
1.86619,15.6253
1.91309,15.8374
2.00599,16.0146
1.94569,16.2195
1.93014,16.4282
2.08844,16.5489
2.1839,16.7274
2.17611,16.9451
2.32673,17.0739
2.38067,17.2773
2.30444,17.4812
2.23423,17.6933
2.37847,17.8284
2.26975,18.0309
2.2546,18.2273
2.147,18.4114
2.1932,18.6014
2.28729,18.7843
2.38399,18.9667
2.41212,19.1654
2.37574,19.3567
2.36326,19.571
2.27751,19.7577
2.23939,19.9489
2.31071,20.1559
2.21114,20.3326
2.07484,20.4916
2.01887,20.7024
2.07968,20.901
2.18584,21.0694
2.27791,21.2416
2.35147,21.4338
2.31717,21.6387
2.28141,21.8352
2.38762,22.0055
2.53217,22.1623
2.37888,22.2742
2.36687,22.4691
2.39883,22.6812
2.33727,22.8842
2.28424,23.0722
2.23253,23.2693
2.15701,23.4412
2.29582,23.5923
2.29089,23.8027
2.45298,23.9123
2.44486,24.1137
2.33578,24.3021
2.47885,24.4534
2.50815,24.6565
2.45659,24.862
2.35835,25.0361
2.36152,25.2261
2.38046,25.4349
2.40195,25.6311
2.34184,25.8315
2.33494,26.0284
2.23806,26.1909
2.28214,26.3823
2.22267,26.5792
2.275,26.7801
2.21356,26.9917
2.27476,27.1916
2.34185,27.3889
2.34153,27.5974
2.20192,27.7541
2.23397,27.9629
2.27814,28.1464
2.17499,28.3234
2.19794,28.5331
2.17092,28.7343
1.99887,28.8285
2.06335,29.0134
2.01518,29.2043
2.01956,29.4
1.96061,29.6005
1.90911,29.8015
1.87273,30.0021
1.84869,30.1945
2.02549,30.2499
2.0871,30.4503
2.17746,30.628
2.07129,30.8218
1.97581,30.9905
1.888,31.1726
1.99322,31.354
1.94202,31.5408
1.9561,31.7417
1.86581,31.9116
1.82401,32.1126
1.92016,32.277
2.046,32.4398
2.0654,32.6531
2.02227,32.8411
1.96782,33.0424
2.09822,33.1962
1.98667,33.3788
2.1007,33.5523
2.0261,33.723
2.13876,33.8982
2.17322,34.096
2.19358,34.3132
2.31322,34.4771
2.3288,34.6714
2.28281,34.8677
2.26851,35.0679
2.21128,35.2679
2.13825,35.4698
2.12848,35.6716
2.0646,35.8713
2.06065,36.0653
2.02547,36.2642
1.9951,36.469
2.02608,36.6784
1.95921,36.8616
2.01238,37.0623
2.05891,37.2555
2.78412,0.16415
2.82905,0.360808
2.88658,0.565778
3.01022,0.723952
3.02151,0.927352
3.07764,1.13009
3.05277,1.32446
2.95527,1.52568
2.76143,1.60274
2.87774,1.79843
2.85924,1.99698
2.87237,2.21217
2.85998,2.40835
2.90356,2.60488
2.81747,2.78811
2.9486,2.94581
2.83931,3.09882
3.04476,3.15146
3.2184,3.24186
3.0934,3.4116
2.92425,3.32471
2.76188,3.46062
2.78253,3.66048
2.80665,3.86715
2.79996,4.07252
2.91504,4.23129
2.79797,4.39473
2.91883,4.57961
3.0857,4.70191
3.15469,4.90358
3.07371,5.07894
3.14919,5.26545
3.04521,5.44152
3.10128,5.63669
3.05883,5.82483
2.89695,5.96391
3.01667,6.13747
3.12806,6.29223
3.14687,6.48668
3.07438,6.68868
3.16292,6.84714
3.16107,7.04378
3.08752,7.22799
2.89222,7.29603
2.85011,7.49334
2.80346,7.69477
2.69664,7.86385
2.61523,8.04456
2.58963,8.23524
2.55945,8.42732
2.56981,8.63244
2.6992,8.80541
2.59611,8.96641
2.77298,9.07408
2.67815,9.26065
2.70289,9.44881
2.89531,9.44233
2.99932,9.6126
3.0419,9.79708
3.04009,10.0049
2.90714,10.1546
2.9232,10.3504
3.08358,10.4874
3.20977,10.651
3.07336,10.8074
3.18188,10.9808
3.22822,11.1632
3.24269,11.37
3.2835,11.5731
3.30991,11.7701
3.30562,11.981
3.12506,12.1189
3.07807,12.314
3.04183,12.5162
2.98024,12.7305
2.97457,12.9433
2.98926,13.1383
3.03099,13.3496
3.13273,13.5338
3.1336,13.7406
3.17516,13.9494
3.239,14.1398
3.25903,14.3491
3.18778,14.5164
3.04909,14.6548
2.95143,14.831
3.03265,15.023
3.05216,15.2318
3.10634,15.4153
3.03211,15.6032
3.1199,15.7803
3.02484,15.9655
3.19086,16.0686
3.07388,16.2326
2.97986,16.4133
3.17628,16.451
3.18896,16.6523
3.23512,16.8546
3.24807,17.0555
3.1566,17.2324
3.09679,17.4152
3.09388,17.6097
3.07895,17.8066
3.04741,18.0076
3.02006,18.2039
3.09468,18.3806
3.07523,18.5817
3.07158,18.7859
2.99074,18.9719
2.9483,19.1799
2.99637,19.4057
2.89929,19.5857
3.01631,19.7652
3.11109,19.9567
3.03961,20.1571
2.93711,20.3331
2.86339,20.5186
2.90833,20.7099
2.93682,20.9144
3.05487,21.091
3.01988,21.2849
2.9075,21.4552
2.90589,21.659
2.85848,21.8674
2.94236,22.0604
2.98168,22.265
3.10988,22.4296
3.2041,22.6194
3.15235,22.8031
3.13175,23.008
3.19362,23.2161
3.27819,23.4029
3.11988,23.5245
3.22373,23.7063
3.05471,23.8287
2.98328,24.011
3.08025,24.1855
3.09962,24.3734
3.08234,24.5661
2.97981,24.7401
3.00205,24.9269
2.92356,25.1131
2.98246,25.321
2.94119,25.5203
3.03753,25.7064
3.11503,25.8847
3.19061,26.0647
3.14038,26.2591
2.98675,26.3821
2.84346,26.5297
2.99415,26.6678
3.03929,26.849
2.99652,27.0468
3.02972,27.2555
3.02642,27.4688
3.12246,27.6403
2.92443,27.6977
2.81608,27.8891
2.97903,28.0262
2.86061,28.19
2.90129,28.394
2.85505,28.6182
2.90908,28.8173
2.9672,29.0228
3.00582,29.2288
3.06153,29.4309
3.0518,29.6238
3.03248,29.8231
3.12155,30.0119
3.2383,30.1599
3.17801,30.3547
3.11956,30.5681
3.1848,30.755
3.17048,30.9556
3.03144,31.0993
3.04678,31.3011
3.02432,31.49
2.86131,31.5924
2.8157,31.79
2.78598,31.9903
2.85369,32.1913
2.68938,32.2849
2.63065,32.4564
2.64192,32.6463
2.73018,32.8209
2.72238,33.0256
2.92993,33.0724
3.07444,33.2159
3.00517,33.3923
2.89697,33.5577
2.84992,33.7606
2.93894,33.9538
3.03109,34.1319
3.15686,34.3023
3.159,34.4923
3.0333,34.6453
3.00252,34.8496
3.01229,35.0353
2.80581,35.067
2.87201,35.265
4.27566,0.00634683
4.1074,0.136856
4.12674,0.3337
4.11713,0.535747
4.06713,0.757791
4.05758,0.959649
4.01475,1.15776
4.09771,1.33958
3.88437,1.40423
3.93645,1.61738
4.15003,1.68163
4.1826,1.89061
3.99705,1.97603
4.10647,2.14916
4.09062,2.35346
3.92019,2.44134
3.95491,2.64874
4.12264,2.74
3.93566,2.83123
3.97712,3.02852
4.11761,3.18576
4.25829,3.33238
4.32352,3.51301
4.3002,3.70028
4.38197,3.89076
4.37554,4.0901
4.45213,4.28562
4.2772,4.38605
4.12549,4.53189
4.17836,4.72433
4.21612,4.92242
4.26567,5.12381
4.10719,5.2609
4.05031,5.45637
4.01149,5.66444
4.00643,5.86603
3.96261,6.0581
4.00698,6.25563
3.94837,6.45874
3.96979,6.66599
3.98549,6.86425
3.91733,7.05236
3.92727,7.25687
4.02256,7.43718
4.09636,7.63747
4.21981,7.80136
4.28286,7.99389
4.16577,8.15611
4.19184,8.36498
4.17915,8.55319
4.15205,8.76852
4.0516,8.95202
4.11248,9.15583
4.21789,9.33487
4.269,9.53402
4.22726,9.74042
4.30378,9.9437
4.17322,10.106
4.2431,10.2923
4.2465,10.4871
4.28223,10.6809
4.34201,10.8631
4.30052,11.06
4.39893,11.2301
4.41129,11.4339
4.37671,11.6355
4.31443,11.8342
4.39103,12.0184
4.2831,12.2101
4.23885,12.4241
4.409,12.5426
4.35728,12.7438
4.35088,12.945
4.45103,13.1304
4.44167,13.3505
4.3319,13.5277
4.16303,13.6649
4.3353,13.7839
4.31598,13.9967
4.40574,14.1748
4.38506,14.3805
4.29394,14.5737
4.27125,14.7886
4.44598,14.8879
4.29986,15.0548
4.10847,15.1449
4.28427,15.2516
4.37619,15.448
4.46829,15.6314
4.54582,15.8271
4.36155,15.9171
4.27654,16.1135
4.33907,16.3046
4.47582,16.4538
4.31006,16.5931
4.365,16.79
4.35731,17.0073
4.4117,17.2104
4.50139,17.3969
4.49316,17.6049
4.5172,17.8273
4.51077,18.0211
4.57681,18.2279
4.58281,18.4347
4.38369,18.5212
4.33789,18.7067
4.21749,18.89
4.20044,19.0946
4.34199,19.2511
4.23684,19.4361
4.18435,19.6271
4.18809,19.8395
4.25673,20.0445
4.22592,20.2381
4.20938,20.4596
4.20651,20.6625
4.07278,20.8317
4.19895,20.9777
4.20757,21.1799
4.15134,21.3747
4.35192,21.4115
4.24584,21.5844
4.02177,21.562
4.13135,21.7419
4.24176,21.9295
4.17288,22.1123
4.05463,22.2914
4.10563,22.471
4.16404,22.6571
4.06291,22.8354
4.02919,23.0328
3.92547,23.2075
4.00969,23.3924
3.98325,23.5953
4.09075,23.7736
3.95377,23.9183
4.01432,24.1213
3.96064,24.3206
4.01348,24.5168
3.88966,24.6758
3.85806,24.8731
4.04179,24.9653
4.11292,25.1565
4.06071,25.345
4.14439,25.5159
4.19591,25.7024
4.32115,25.8568
4.50224,25.8993
4.42103,26.088
4.42046,26.273
4.44931,26.4659
4.3461,26.6292
4.34907,26.8313
4.33062,27.0344
4.38147,27.2318
4.34788,27.4473
4.40884,27.6404
4.32876,27.8303
4.48969,27.9394
4.5615,28.1305
4.51345,28.3268
4.53401,28.542
4.58536,28.7302
4.54365,28.9449
4.39293,29.0593
4.37396,29.2567
4.27715,29.4477
4.23867,29.6229
4.20936,29.8285
4.41388,29.8593
4.57004,29.9738
4.64146,30.1658
4.73406,30.3399
4.62927,30.5073
4.48629,30.6575
4.50775,30.8574
4.65202,31.0074
4.6577,31.217
4.62808,31.4233
4.52624,31.6213
4.62753,31.802
4.69185,31.9957
4.54603,32.1396
4.54553,32.3496
4.47567,32.5573
4.51004,32.7663
4.37435,32.9101
4.4912,33.0709
4.29649,33.1144
4.26704,33.3133
4.17072,33.4879
4.15143,33.6896
4.15077,33.89
4.0988,34.0726
4.06488,34.2808
4.14416,34.4586
4.21309,34.6283
4.18398,34.8257
4.05373,34.9915
4.11302,35.2035
