-3.86061,0.226966
-3.87577,0.424042
-3.91787,0.622251
-4.07105,0.766254
-4.17084,0.938999
-4.33266,1.06473
-4.22664,1.24574
-4.1527,1.42399
-4.29659,1.55268
-4.27625,1.74631
-4.25398,1.95208
-4.09357,2.07768
-4.04323,2.26292
-4.13148,2.45621
-4.2231,2.66913
-4.15098,2.86413
-4.0525,3.05049
-4.04482,3.26014
-4.15777,3.4172
-4.30867,3.57241
-4.35523,3.76304
-4.47304,3.92541
-4.27722,3.98333
-4.16308,4.16445
-4.19012,4.36825
-4.1352,4.55173
-3.98906,4.70825
-3.95718,4.91366
-3.92066,5.13246
-3.98902,5.33189
-4.12548,5.45867
-4.10318,5.66042
-4.17285,5.85404
-4.29009,6.02152
-4.30996,6.21865
-4.32974,6.41183
-4.3649,6.60538
-4.34545,6.80301
-4.27281,6.9941
-4.32477,7.1955
-4.15135,7.32077
-4.09141,7.5085
-3.98324,7.67181
-3.95707,7.8752
-3.90995,8.07273
-3.87998,8.2554
-3.98039,8.43723
-3.99748,8.65244
-4.09013,8.81801
-4.01596,9.01065
-4.09559,9.20278
-4.04651,9.4046
-4.05811,9.59534
-3.96043,9.75951
-3.98138,9.95907
-3.9296,10.1371
-4.02143,10.3118
-4.02131,10.5049
-3.90175,10.6707
-3.84333,10.875
-3.94278,11.0496
-3.86864,11.2394
-3.66693,11.2803
-3.70447,11.4789
-3.67213,11.7023
-3.74593,11.878
-3.8422,12.0713
-3.89736,12.2701
-3.7699,12.4109
-3.78137,12.622
-3.91067,12.7539
-3.91621,12.9589
-3.85865,13.1494
-3.84788,13.3511
-3.95141,13.5227
-3.91847,13.7324
-3.94079,13.9292
-3.89167,14.1252
-3.91134,14.3276
-3.92568,14.5228
-3.91104,14.7151
-4.04961,14.8845
-4.0951,15.0718
-4.0536,15.2555
-4.21266,15.3703
-4.25477,15.5578
-4.32207,15.7549
-4.17101,15.8824
-4.16895,16.1036
-4.07217,16.2776
-4.04858,16.4867
-4.06425,16.6784
-3.97312,16.8542
-3.96973,17.0608
-3.83855,17.2313
-3.98506,17.3704
-4.06628,17.5521
-4.13545,17.7428
-4.06627,17.9219
-4.19483,18.0742
-4.35181,18.2135
-4.2355,18.3862
-4.07288,18.52
-4.11898,18.7298
-4.15689,18.9207
-4.09372,19.1021
-4.15167,19.2932
-4.12894,19.5157
-4.07579,19.7338
-4.15942,19.9249
-4.18572,20.1332
-4.09323,20.3223
-3.89525,20.2725
-3.75801,20.4311
-3.70113,20.6248
-3.81851,20.7811
-3.85114,20.9739
-3.76204,21.1422
-3.5964,21.2702
-3.72715,21.428
-3.65777,21.6188
-3.80499,21.7542
-3.711,21.9313
-3.66051,22.1237
-3.6649,22.3174
-3.62962,22.5143
-3.59846,22.7211
-3.71712,22.9068
-3.809,23.0924
-3.8782,23.2904
-3.87009,23.489
-3.97732,23.6821
-3.90344,23.8635
-3.84282,24.0476
-3.86651,24.2611
-3.87938,24.4715
-3.99221,24.6377
-4.03456,24.8463
-4.09522,25.035
-4.01903,25.2299
-4.06041,25.4293
-4.1051,25.6386
-4.08958,25.8356
-4.0809,26.0345
-4.23316,26.1874
-4.15071,26.3859
-4.09538,26.5714
-3.96227,26.7265
-4.05206,26.892
-3.95744,27.0925
-3.98275,27.2915
-4.00358,27.4819
-3.9009,27.6749
-3.92168,27.8819
-3.99765,28.0677
-4.01109,28.2625
-3.99924,28.4526
-4.02735,28.6597
-4.16399,28.805
-4.20553,28.9971
-4.20001,29.1967
-4.10327,29.3816
-4.14128,29.5907
-4.19254,29.7943
-4.26898,29.9879
-4.15358,30.1709
-4.11393,30.3732
-4.14866,30.5808
-4.08362,30.7724
-4.01898,30.9624
-4.03809,31.1602
-4.08202,31.3935
-4.0083,31.5844
-4.05162,31.7721
-3.92332,31.914
-4.04562,32.1022
-4.08053,32.2974
-4.04787,32.4919
-4.05755,32.7021
-4.02552,32.8939
-4.15105,33.0521
-4.09053,33.2451
-4.21956,33.4084
-4.21358,33.6199
-4.25908,33.8207
-4.18312,34.0204
-4.32517,34.1797
-4.21242,34.3592
-4.11082,34.5389
-4.01833,34.713
-3.99034,34.9175
-4.08931,35.0934
-4.2985,35.1699
-4.30456,35.3745
-4.39611,35.5567
-4.30809,35.7447
-4.3509,35.9451
-4.45742,36.0951
-4.499,36.2943
-4.64311,36.4469
-3.24075,0.433198
-3.25668,0.638763
-3.26713,0.832279
-3.21575,1.04774
-3.19635,1.25504
-3.27748,1.45195
-3.19413,1.62756
-3.14574,1.8237
-3.09426,2.00999
-3.11215,2.21439
-3.22621,2.37844
-3.38743,2.53294
-3.3494,2.72638
-3.39728,2.92341
-3.44707,3.12485
-3.51511,3.3138
-3.68478,3.44229
-3.6582,3.63224
-3.70064,3.82978
-3.63583,4.01615
-3.64382,4.22332
-3.60188,4.40714
-3.52339,4.5883
-3.52118,4.78655
-3.4381,4.96139
-3.43607,5.16812
-3.26375,5.27929
-3.16959,5.45098
-2.97067,5.46308
-2.92682,5.6624
-3.10143,5.78437
-3.22062,5.92634
-3.12582,6.11705
-3.03394,6.29917
-2.94937,6.47024
-2.84455,6.65002
-2.79518,6.85516
-2.81688,7.06134
-2.91511,7.22404
-2.76927,7.35441
-2.77001,7.55286
-2.86868,7.72134
-3.03333,7.85574
-2.85837,7.94487
-2.8341,8.14562
-2.72608,8.30806
-2.7075,8.50272
-2.61795,8.66853
-2.59,8.86742
-2.67182,9.04693
-2.8053,9.2156
-2.61379,9.27701
-2.67171,9.47563
-2.7838,9.63603
-2.7242,9.83648
-2.68928,10.0435
-2.54503,10.1942
-2.57894,10.3981
-2.59855,10.5918
-2.74404,10.7306
-2.81125,10.9176
-2.82584,11.1218
-2.72618,11.3227
-2.88881,11.4465
-2.79784,11.6339
-2.87641,11.8213
-2.86705,12.0113
-2.7903,12.2074
-2.79862,12.4126
-2.72628,12.5965
-2.87002,12.7428
-2.88851,12.9423
-2.97093,13.1215
-3.08503,13.2891
-3.10865,13.4924
-2.91563,13.5255
-2.87515,13.7205
-2.88084,13.9252
-2.94189,14.1189
-2.953,14.3185
-2.98844,14.5155
-3.12711,14.6655
-3.20599,14.8443
-3.18917,15.0479
-3.26109,15.2272
-3.32106,15.4089
-3.1726,15.5637
-3.10898,15.7517
-3.09165,15.9556
-2.94381,16.1038
-3.07466,16.2433
-3.14281,16.4468
-3.04907,16.6327
-2.9292,16.7888
-2.80559,16.9661
-2.92261,17.1377
-2.90904,17.3354
-2.88459,17.5296
-2.88184,17.7297
-2.90319,17.9307
-2.96108,18.1272
-2.88703,18.3351
-2.85355,18.5315
-2.851,18.7339
-2.85902,18.9446
-2.81662,19.1394
-2.88534,19.3328
-2.92934,19.5367
-2.96886,19.7385
-2.92927,19.9305
-2.7765,20.0679
-2.86654,20.2584
-2.76988,20.426
-2.76639,20.6368
-2.85518,20.8153
-2.82176,21.0081
-2.9175,21.1961
-3.10374,21.2857
-2.95068,21.4385
-2.89252,21.6336
-3.01108,21.7951
-2.91278,21.9949
-2.7583,22.1258
-2.76477,22.3166
-2.74117,22.5134
-2.83541,22.6877
-2.85488,22.8946
-2.95392,23.0574
-2.92826,23.265
-3.02192,23.4467
-3.02321,23.6542
-3.03827,23.8539
-3.07094,24.0484
-3.23009,24.1831
-3.229,24.3848
-3.14356,24.5651
-3.11281,24.7804
-3.12207,24.9791
-3.24762,25.1294
-3.1715,25.3081
-3.16721,25.5245
-3.15998,25.7296
-3.10573,25.9283
-3.17566,26.1377
-3.11889,26.344
-3.08911,26.5491
-3.02355,26.7382
-3.05631,26.9349
-3.06037,27.1359
-3.14057,27.3251
-3.05534,27.504
-2.89634,27.6221
-2.94477,27.8164
-2.8017,27.9559
-2.73468,28.1543
-2.74994,28.3683
-2.78877,28.5579
-2.8184,28.7621
-2.90922,28.9347
-2.85913,29.122
-2.79604,29.3068
-2.71525,29.4969
-2.70814,29.6926
-2.6013,29.8543
-2.63097,30.0633
-2.75677,30.2242
-2.72072,30.4189
-2.79921,30.5933
-2.83832,30.7936
-2.82308,31.0069
-2.90604,31.1957
-2.87545,31.3909
-2.93284,31.5753
-3.02295,31.7775
-3.04495,31.9857
-3.03612,32.2062
-2.96164,32.3903
-2.92352,32.5928
-2.96579,32.8003
-2.85987,32.9836
-2.75467,33.1661
-2.81138,33.3641
-2.84326,33.5748
-2.70153,33.71
-2.71659,33.9084
-2.78562,34.1093
-2.90395,34.2944
-2.93243,34.4968
-2.86991,34.6847
-2.9155,34.8811
-3.03423,35.0389
-3.05023,35.2495
-3.14009,35.4325
-3.20305,35.6227
-3.24295,35.8319
-3.1509,36.0172
-3.11855,36.2248
-3.03711,36.4118
-2.96951,36.6138
-2.92163,36.8126
-2.31887,0.328643
-2.18633,0.47714
-2.20856,0.691626
-2.22689,0.901285
-2.34548,1.06158
-2.3373,1.26296
-2.35251,1.4781
-2.31829,1.68342
-2.22083,1.85529
-2.33592,2.02307
-2.20249,2.18452
-2.17269,2.38528
-2.12738,2.58321
-2.02096,2.75685
-2.04631,2.95196
-1.99829,3.14451
-1.83649,3.25957
-1.83932,3.4553
-1.86642,3.65217
-1.90756,3.85095
-1.94468,4.05753
-1.86453,4.23371
-1.76114,4.40516
-1.92738,4.50681
-1.76418,4.60072
-1.88758,4.73876
-1.99171,4.91428
-2.09515,5.09596
-2.119,5.32566
-2.20414,5.50411
-2.05585,5.63706
-2.2278,5.73768
-2.2462,5.94631
-2.19468,6.13939
-2.15301,6.33631
-2.05422,6.50822
-1.86417,6.57644
-1.8415,6.76306
-1.79423,6.96975
-1.83453,7.15358
-1.77414,7.34276
-1.84746,7.55195
-2.00183,7.66891
-1.95589,7.85934
-1.94567,8.05901
-2.06495,8.22884
-2.01428,8.4325
-2.17617,8.57034
-2.29056,8.72322
-2.2995,8.90924
-2.14258,9.05579
-2.04363,9.25082
-1.9946,9.46977
-1.89705,9.65625
-2.04413,9.80359
-2.07109,10.017
-2.18488,10.186
-2.18001,10.3978
-2.22251,10.5841
-2.02234,10.6523
-2.15831,10.8101
-2.11428,10.9988
-2.19406,11.193
-2.00014,11.2742
-1.85534,11.4234
-1.91139,11.6157
-2.03506,11.7924
-2.1193,11.998
-1.98264,12.1582
-1.992,12.3558
-1.97414,12.5557
-1.98614,12.739
-1.93446,12.9363
-1.74806,13.049
-1.88517,13.2147
-1.88019,13.4097
-1.9098,13.6063
-1.97877,13.7888
-2.14115,13.9169
-2.14793,14.1243
-2.30992,14.2705
-2.42271,14.4367
-2.36449,14.6342
-2.48215,14.8077
-2.67455,14.8447
-2.73196,15.0455
-2.67602,15.2367
-2.78256,15.3887
-2.58526,15.4075
-2.57747,15.6066
-2.41539,15.7342
-2.42537,15.9335
-2.35218,16.1227
-2.26701,16.2964
-2.24878,16.5086
-2.29106,16.7042
-2.11905,16.8403
-2.06205,17.0444
-2.05349,17.2465
-1.87782,17.3424
-1.81766,17.5449
-1.89325,17.7544
-1.89001,17.9543
-1.8603,18.1428
-1.74165,18.3123
-1.7994,18.493
-1.84532,18.6859
-1.81982,18.8834
-1.88112,19.0697
-1.85877,19.2798
-1.78495,19.4727
-1.8174,19.6678
-1.70617,19.834
-1.70541,20.0472
-1.65752,20.2376
-1.60662,20.4303
-1.60085,20.6286
-1.54542,20.8156
-1.62626,20.9994
-1.44114,21.0395
-1.44457,21.2376
-1.37631,21.4403
-1.45305,21.6392
-1.26289,21.6889
-1.24841,21.8847
-1.40422,22.0272
-1.37058,22.2241
-1.32114,22.4264
-1.32192,22.6211
-1.37907,22.8164
-1.42855,23.0123
-1.48748,23.2138
-1.47148,23.4151
-1.59595,23.5672
-1.48895,23.7201
-1.45731,23.936
-1.38733,24.1273
-1.28437,24.3008
-1.37161,24.4838
-1.50127,24.6444
-1.51086,24.8468
-1.66883,24.9704
-1.61704,25.1579
-1.61556,25.3568
-1.49114,25.5129
-1.29281,25.5572
-1.11995,25.6861
-1.01304,25.8602
-1.01228,26.0535
-1.0888,26.2285
-1.23896,26.3623
-1.22839,26.5546
-1.12607,26.7354
-1.18632,26.9239
-1.21573,27.1191
-1.09435,27.2937
-1.22763,27.4506
-1.35391,27.592
-1.47021,27.7515
-1.35405,27.9274
-1.47552,28.0896
-1.46646,28.2861
-1.56156,28.4737
-1.64175,28.6547
-1.77734,28.8006
-1.65043,28.9398
-1.62235,29.1359
-1.63744,29.3364
-1.57466,29.5446
-1.5784,29.7414
-1.45756,29.9077
-1.39678,30.0998
-1.44001,30.3041
-1.41284,30.5021
-1.41328,30.6943
-1.29189,30.8487
-1.23052,31.0437
-1.25716,31.2425
-1.24228,31.4467
-1.18621,31.6419
-1.21489,31.831
-1.38348,31.9597
-1.31754,32.1446
-1.3342,32.3509
-1.39744,32.5396
-1.40646,32.7478
-1.38249,32.9357
-1.24999,33.0856
-1.22677,33.2848
-1.43048,33.3095
-1.45484,33.5223
-1.43994,33.7211
-1.41706,33.9091
-1.46234,34.1223
-1.3873,34.3121
-1.41806,34.51
-1.41118,34.7273
-1.47878,34.9261
-1.39027,35.0961
-1.48421,35.2782
-0.997999,0.373681
-0.874055,0.549219
-0.771325,0.719647
-0.902026,0.88168
-1.10579,0.909719
-1.14167,1.10339
-1.21205,1.29335
-1.16356,1.4803
-1.14472,1.67451
-1.07713,1.86486
-1.06854,2.05153
-1.15539,2.23483
-1.06359,2.43092
-0.874858,2.51034
-0.797833,2.7247
-0.839865,2.90812
-0.821097,3.10199
-0.790659,3.3153
-0.807831,3.50123
-0.823602,3.7076
-0.876386,3.91266
-0.94499,4.09436
-1.07462,4.23925
-1.26372,4.35217
-1.14432,4.51655
-1.12769,4.7232
-1.05966,4.89657
-0.964724,5.07565
-0.935454,5.26394
-0.803759,5.41812
-0.899736,5.59615
-1.01326,5.76862
-1.06036,5.97382
-1.03297,6.17228
-1.04655,6.37844
-1.10613,6.58937
-1.01228,6.77828
-0.899299,6.94741
-0.926869,7.15603
-0.894437,7.34155
-0.895822,7.52631
-0.918007,7.73248
-0.890872,7.91266
-1.07374,7.97612
-1.05347,8.17142
-1.03293,8.37368
-0.841523,8.45523
-0.723508,8.61429
-0.768759,8.80359
-0.823336,8.98671
-0.970258,9.13253
-1.06532,9.3155
-0.922213,9.46382
-0.861688,9.65566
-0.944861,9.84781
-1.0149,10.0288
-0.949489,10.2213
-1.04486,10.4092
-1.06037,10.6069
-1.07727,10.8159
-1.04932,11.026
-0.886192,11.1495
-1.06559,11.2296
-1.08441,11.44
-0.993532,11.6154
-1.16374,11.7458
-1.1674,11.9431
-1.05615,12.0983
-1.03592,12.3081
-1.01665,12.5027
-0.924359,12.6938
-1.06529,12.8488
-0.951792,13.0138
-0.856956,13.189
-0.842222,13.3902
-1.00706,13.5095
-1.08922,13.7163
-1.05887,13.9108
-1.01903,14.1153
-1.15861,14.2739
-0.973357,14.3586
-0.959563,14.5717
-0.96718,14.7741
-0.877572,14.9565
-0.806537,15.1617
-0.818729,15.3699
-0.771891,15.5628
-0.81673,15.7648
-0.816824,15.9825
-0.818209,16.1984
-0.84029,16.4028
-1.0216,16.5076
-1.08428,16.697
-1.04149,16.8873
-1.02609,17.0898
-0.936141,17.2814
-0.986266,17.496
-0.914412,17.6821
-1.00738,17.8587
-1.11562,18.0371
-0.926662,18.1038
-0.992958,18.3001
-0.991878,18.4967
-1.03629,18.6954
-1.14219,18.8735
-1.1985,19.0698
-1.20697,19.2621
-1.14185,19.4604
-1.17046,19.6658
-1.35389,19.7324
-1.34139,19.9383
-1.36697,20.1328
-1.23822,20.3113
-1.09053,20.4381
-1.03958,20.6492
-0.992221,20.8422
-0.881271,21.0156
-0.964632,21.2008
-0.957361,21.4165
-0.917108,21.6253
-0.938078,21.8291
-0.874459,22.0229
-0.759727,22.1872
-0.865816,22.3447
-0.881859,22.5418
-0.804651,22.7209
-0.695183,22.8975
-0.77044,23.0779
-0.744463,23.2769
-0.720896,23.4891
-0.802961,23.6538
-0.749044,23.8555
-0.869272,24.0091
-0.794554,24.2045
-0.854433,24.401
-0.912847,24.6025
-0.764715,24.7427
-0.68021,24.9399
-0.713227,25.1259
-0.647844,25.3093
-0.580526,25.4862
-0.458535,25.6556
-0.597643,25.7975
-0.684834,25.9931
-0.797975,26.1625
-0.73942,26.3512
-0.690698,26.538
-0.631123,26.7486
-0.529736,26.9153
-0.601849,27.126
-0.612438,27.3243
-0.464413,27.4647
-0.360158,27.6432
-0.207064,27.7609
-0.117108,27.9599
-0.0439004,28.1468
-0.0284874,28.3384
-0.203066,28.4456
-0.178876,28.6451
-0.107769,28.8248
-0.036974,29.0123
-0.0799591,29.2105
-0.217655,29.3431
-0.266327,29.5548
-0.313676,29.7401
-0.244826,29.9365
-0.361643,30.0985
-0.296615,30.2814
-0.220165,30.4768
-0.235899,30.6866
-0.362909,30.8512
-0.31515,31.0559
-0.454469,31.2154
-0.448803,31.4207
-0.54931,31.5939
-0.459618,31.7668
-0.54999,31.9494
-0.420641,32.1086
-0.486162,32.3204
-0.512823,32.515
-0.423895,32.7068
-0.348466,32.8882
-0.372307,33.1023
-0.559253,33.1851
-0.606546,33.3755
-0.597852,33.571
-0.661061,33.7658
-0.694832,33.9822
-0.549355,34.1238
-0.552873,34.3272
-0.548725,34.5203
-0.621622,34.7055
-0.594283,34.9206
-0.575254,35.1178
-0.419482,35.2415
-0.301326,35.4114
-0.195211,35.5755
-0.16586,35.7784
-0.0572845,35.9524
0.0682582,36.1055
-0.350388,0.364592
-0.393893,0.555938
-0.439123,0.760894
-0.408258,0.956011
-0.488275,1.15126
-0.439632,1.33679
-0.347513,1.51956
-0.26084,1.71775
-0.24617,1.92171
-0.226523,2.11326
-0.25666,2.31356
-0.0477786,2.349
0.0282168,2.53321
0.0925692,2.72823
0.133826,2.94327
0.0564616,3.1187
0.0435676,3.32639
-0.160004,3.27425
-0.183396,3.46942
-0.179411,3.66548
-0.354757,3.77366
-0.369046,3.9892
-0.309019,4.18331
-0.400057,4.35776
-0.40523,4.5628
-0.344805,4.74778
-0.209965,4.91551
-0.320057,5.08005
-0.160105,5.2
-0.216473,5.39564
-0.227706,5.59352
-0.268939,5.78711
-0.194249,5.97352
-0.228783,6.17325
-0.180753,6.37649
-0.0679234,6.56695
-0.117559,6.76471
-0.181845,6.9569
-0.110758,7.13986
-0.116571,7.35576
-0.0747937,7.56399
0.0251265,7.7333
0.0031131,7.92415
0.194107,7.97494
0.163747,8.18005
0.111968,8.36555
0.0722599,8.56541
-0.0501097,8.7189
0.0780434,8.88287
0.0631289,9.08571
0.167566,9.26128
-0.0284466,9.35348
-0.00967846,9.55874
0.14317,9.68226
0.0384416,9.8585
0.0402573,10.0619
0.173575,10.2138
0.207955,10.4162
0.120568,10.6096
0.131934,10.8042
0.215944,11.0164
0.236609,11.2196
0.0811617,11.3303
-0.0335919,11.494
-0.192443,11.6277
-0.185502,11.8561
-0.245151,12.0499
-0.273692,12.2638
-0.204921,12.4565
-0.201087,12.6658
-0.307211,12.8398
-0.202658,13.0124
-0.274897,13.2045
-0.307928,13.3902
-0.130651,13.4904
-0.0490712,13.6772
-0.0736163,13.8778
-0.163487,14.0477
-0.136451,14.246
0.0304984,14.3771
0.0168057,14.5775
-0.0281533,14.766
0.112715,14.9215
0.116452,15.1244
0.100433,15.3203
0.140388,15.532
0.245387,15.7099
0.054434,15.7905
0.00859501,15.9889
0.101565,16.1779
0.264243,16.2845
0.234469,16.4775
0.238616,16.6874
0.169721,16.8682
0.100383,17.0711
0.134939,17.2665
0.206116,17.4479
0.0494811,17.6045
0.0691343,17.806
0.0305999,17.9797
0.0975651,18.1727
0.00150888,18.3518
-0.0124945,18.5659
-0.0348501,18.7798
0.102881,18.9352
-0.0150981,19.1009
0.0389489,19.3076
0.0630313,19.5116
-0.022284,19.6923
-0.0856147,19.8894
-0.13902,20.0826
-0.0594131,20.2973
0.04169,20.4777
0.0127235,20.6902
-0.0185694,20.896
0.0722673,21.0871
0.0322664,21.2925
-0.0882679,21.4664
-0.106804,21.6807
-0.0792529,21.8854
0.0128736,22.0748
0.0325108,22.2703
-0.0536642,22.4606
-0.0672676,22.6749
-0.119852,22.8685
-0.144051,23.07
-0.0243183,23.2306
0.0332664,23.4283
-0.0188589,23.6326
-0.0331429,23.8334
-0.202789,23.9531
-0.218154,24.1547
-0.141751,24.3404
0.0699969,24.3507
0.112387,24.5392
0.0152873,24.7187
-0.0410232,24.9405
-0.0903773,25.1285
-0.0762019,25.3292
-0.233012,25.4349
-0.208091,25.6184
-0.188374,25.8281
-0.0301301,25.949
-0.0220906,26.1458
-0.0574521,26.3419
0.111428,26.4549
0.0114839,26.6312
0.139494,26.7637
0.0276828,26.9334
-0.112987,27.0769
-0.244728,27.237
-0.136647,27.4306
-0.0932953,27.6135
-0.0029182,27.7805
0.137773,27.9206
0.298322,28.0477
0.294173,28.2537
0.232682,28.4401
0.237895,28.6537
0.294216,28.8463
0.264295,29.057
0.315156,29.2633
0.257646,29.4511
0.0996733,29.5633
0.0842422,29.7675
0.11168,29.9641
0.10582,30.1726
0.0745143,30.3618
0.0956006,30.5484
0.216231,30.7001
0.114528,30.8693
0.0312657,31.067
-0.0776003,31.2323
-0.136206,31.4215
-0.173583,31.609
-0.0595502,31.7703
-0.0484992,31.9629
0.0192868,32.1722
-0.0437403,32.3641
-0.207438,32.2362
-0.284281,32.4282
-0.147754,32.5861
-0.0742304,32.8025
0.0613352,32.9417
0.187909,33.0962
0.256002,33.2884
0.394028,33.4514
0.359397,33.6515
0.174936,33.7165
0.10112,33.9073
0.261066,34.0297
0.218485,34.2315
0.199783,34.4331
0.257569,34.6299
0.274572,34.8313
0.280392,35.0368
0.298907,35.225
0.446868,35.3653
0.508875,35.5603
0.667431,35.6821
0.743414,0.240127
0.649577,0.421954
0.83196,0.48821
0.856499,0.692638
0.872968,0.893128
0.781151,1.07487
0.651492,1.23394
0.577198,1.40875
0.446697,1.55977
0.33193,1.73005
0.30012,1.94039
0.260198,2.14377
0.290847,2.34941
0.274775,2.54874
0.319824,2.74911
0.464988,2.89198
0.60041,3.03733
0.690325,3.21538
0.74382,3.42152
0.659188,3.59342
0.692258,3.80614
0.678719,4.01209
0.666329,4.21441
0.723761,4.41604
0.699645,4.6036
0.680799,4.81858
0.594968,4.99759
0.598218,5.19787
0.79024,5.31294
0.836079,5.51653
0.912576,5.69927
0.941071,5.90208
0.929125,6.11174
1.00655,6.29124
0.843114,6.41227
0.853045,6.6179
0.767269,6.7809
0.768366,6.99735
0.588265,7.05608
0.397987,7.15826
0.458561,7.34289
0.557751,7.53134
0.744248,7.56441
0.937866,7.64506
0.837086,7.82236
0.698322,7.9681
0.551314,8.1029
0.594771,8.29426
0.613762,8.50064
0.568587,8.69512
0.64353,8.88542
0.557698,9.05662
0.423211,9.19409
0.466455,9.40826
0.586266,9.55627
0.611723,9.75906
0.669282,9.94429
0.772837,10.1357
0.966957,10.1695
0.972714,10.3844
0.863235,10.5516
0.93737,10.7436
0.938273,10.9579
0.947859,11.1556
0.971074,11.3526
1.00099,11.5533
0.874785,11.7093
0.881722,11.9237
0.813165,12.1202
0.764883,12.3326
0.947439,12.4228
0.929904,12.6194
0.872358,12.8138
0.954636,13.0055
0.94881,13.22
1.07955,13.3946
0.991779,13.5887
1.04563,13.7868
1.13365,13.9643
1.11155,14.1709
1.15987,14.3808
1.21724,14.5838
1.17594,14.7855
1.15037,14.9854
1.16859,15.195
1.01622,15.3054
1.07675,15.5106
1.02821,15.7131
1.05391,15.9155
1.02929,16.1109
0.881636,16.2432
0.943641,16.4321
0.960177,16.6314
0.817367,16.7848
0.777231,16.9859
0.698964,17.1661
0.729998,17.3565
0.820536,17.5464
0.676963,17.6654
0.79399,17.8554
0.878776,18.0441
0.95635,18.2407
1.09679,18.3689
1.25114,18.4822
1.10395,18.6191
1.06767,18.8109
0.970376,18.9788
0.913294,19.181
1.03953,19.3428
1.12929,19.525
1.08068,19.7193
1.06971,19.9213
0.953223,20.0897
0.92841,20.3088
1.01586,20.4941
1.10505,20.6907
1.09677,20.8854
0.989121,21.0697
0.823976,21.2192
0.783125,21.4138
0.836091,21.6177
0.694845,21.7612
0.69326,21.9695
0.637627,22.1624
0.498008,22.2966
0.506259,22.505
0.57641,22.7169
0.674357,22.9115
0.736748,23.1105
0.802884,23.3095
0.764613,23.5031
0.771853,23.7001
0.803044,23.8879
0.847043,24.082
0.784662,24.2707
0.829276,24.4631
0.852238,24.6765
0.920357,24.8642
1.06271,25.0013
1.13328,25.1959
0.997558,25.3563
0.890597,25.529
0.919838,25.74
1.04026,25.8993
1.13888,26.0833
1.01219,26.2217
1.03468,26.4271
1.00265,26.6138
1.07473,26.8102
1.0048,27.0202
1.0718,27.2208
0.980507,27.397
1.0499,27.5868
0.980955,27.7865
1.04902,27.9781
1.15723,28.1366
1.16598,28.3318
1.22768,28.5148
1.29592,28.7119
1.2195,28.8917
1.14307,29.0745
1.27319,29.2277
1.18979,29.4149
1.16254,29.6099
1.1341,29.7996
1.0759,29.9933
0.967296,30.1746
1.04992,30.3557
1.21306,30.4718
1.18593,30.6586
1.19706,30.8739
1.22855,31.0657
1.08583,31.2235
1.10199,31.4242
0.964594,31.5546
0.871915,31.7227
1.06705,31.777
0.955716,31.9504
0.850167,32.1355
0.947012,32.324
0.792644,32.4487
0.901679,32.6297
0.940786,32.8601
0.871856,33.0585
0.90856,33.2453
0.914621,33.4443
0.856711,33.6428
0.981591,33.8027
0.94487,33.9932
0.969086,34.1906
1.05119,34.3917
1.07127,34.5975
0.936788,34.7524
1.13258,34.7717
1.13475,34.9873
1.12416,35.1816
0.951312,35.2697
1.03578,35.4401
0.911286,35.597
0.863045,35.7965
1.94948,0.157084
2.05237,0.321618
1.91936,0.505387
1.88236,0.693569
1.9038,0.898976
1.82835,1.07633
1.85349,1.28123
1.85392,1.47773
1.87626,1.66744
1.94501,1.87136
1.85901,2.05316
1.98729,2.21381
1.88198,2.38381
1.76776,2.55019
1.7322,2.75648
1.71203,2.94571
1.75826,3.1519
1.61982,3.29654
1.65183,3.48638
1.81369,3.62471
1.72228,3.80453
1.87886,3.92448
1.88079,4.12649
1.82791,4.32114
1.7839,4.53348
1.88791,4.70752
1.97134,4.90638
2.04601,5.1003
2.11483,5.29358
2.1621,5.48801
2.21103,5.68839
2.40628,5.78264
2.51801,5.96008
2.6217,6.14113
2.49365,6.2894
2.37417,6.44631
2.4103,6.65003
2.22119,6.73178
2.08702,6.88249
2.10489,7.07995
2.08779,7.27784
1.92743,7.38816
1.81041,7.55138
1.97635,7.69612
1.92872,7.89071
1.79467,8.04888
1.71581,8.23023
1.76386,8.44317
1.77438,8.64149
1.71173,8.82094
1.78405,9.01336
1.77819,9.21902
1.84904,9.41313
1.94561,9.59671
1.93129,9.79929
1.99587,9.98877
2.11068,10.1544
1.94222,10.3027
1.96402,10.4965
1.98748,10.6816
1.98898,10.8914
1.84608,11.0392
1.90045,11.2198
2.04999,11.3402
1.97066,11.5145
2.03325,11.7028
1.96043,11.8908
2.04459,12.0718
1.92822,12.2406
1.87119,12.4242
1.90334,12.6153
1.92506,12.8037
1.89104,13.0092
1.99646,13.1745
1.80013,13.2579
1.94324,13.3961
1.89933,13.5982
2.08468,13.6325
1.98491,13.8121
2.04843,13.9935
2.00306,14.1927
1.82045,14.1985
1.91495,14.3685
1.84738,14.5606
1.6637,14.6385
1.75013,14.8271
1.6543,15.0156
1.74235,15.1912
1.79433,15.3829
1.78511,15.579
1.81846,15.7646
2.00993,15.8473
2.06984,16.0405
2.22915,16.1805
2.34192,16.3418
2.36693,16.5454
2.2942,16.7384
2.37748,16.9251
2.33364,17.1343
2.26965,17.3395
2.28752,17.5392
2.14595,17.6709
2.11642,17.8663
2.0391,18.0332
2.02192,18.2191
2.07172,18.4146
1.92008,18.5643
1.81216,18.7381
1.71139,18.9
1.62308,19.0726
1.78051,19.1758
1.67601,19.3698
1.60931,19.5741
1.56593,19.7781
1.55212,19.9829
1.66486,20.1458
1.80994,20.3203
1.86806,20.5194
1.97602,20.7016
1.86604,20.8842
1.73193,21.0424
1.78335,21.2308
1.68215,21.4128
1.79569,21.5825
1.73784,21.7717
1.70175,21.9613
1.70826,22.1813
1.85732,22.3434
1.97218,22.5136
1.8875,22.6947
1.81185,22.8796
1.79068,23.0761
1.74776,23.2772
1.78434,23.4827
1.65992,23.646
1.54914,23.8313
1.47146,24.0121
1.59687,24.1776
1.70986,24.3585
1.76035,24.5628
1.78067,24.7615
1.89237,24.9296
1.90234,25.1408
1.80403,25.3027
1.94868,25.4424
1.9423,25.6435
2.03338,25.8242
1.88621,25.9535
1.91521,26.142
1.88605,26.3437
1.7646,26.5063
1.7223,26.6983
1.75057,26.9005
1.60227,27.055
1.70721,27.2379
1.73317,27.4542
1.92666,27.5418
1.92408,27.7382
1.92953,27.9497
2.05456,28.1124
2.03634,28.3022
2.02186,28.5091
1.99829,28.7132
2.06261,28.9098
1.92173,29.049
2.05211,29.2234
2.03197,29.437
1.9547,29.6331
2.11021,29.7907
2.08268,29.9922
2.04359,30.1941
2.02647,30.3934
2.1094,30.5761
2.17152,30.7738
2.22281,30.9751
2.39127,31.0979
2.36116,31.2993
2.18462,31.3901
2.34989,31.518
2.37765,31.7041
2.433,31.8979
2.44603,32.0978
2.27869,32.2139
2.21095,32.4072
2.13984,32.5941
2.3455,32.6312
2.23061,32.8081
2.22891,33.0047
2.13016,33.1871
2.09402,33.3771
2.09031,33.5818
2.14981,33.7739
2.18633,33.9927
2.01821,34.1194
2.09229,34.3068
1.98209,34.4813
2.05273,34.6635
2.0263,34.867
1.97266,35.0779
2.09411,35.2322
2.2145,0.619692
2.36116,0.75884
2.38806,0.955821
2.53551,1.07387
2.54489,1.26381
2.56445,1.45869
2.57774,1.65019
2.66442,1.82391
2.53666,1.9669
2.55905,2.18951
2.56058,2.39104
2.58405,2.61206
2.53302,2.81196
2.70431,2.92043
2.66829,3.12248
2.5989,3.31771
2.48123,3.47102
2.49708,3.68291
2.61052,3.85386
2.75777,3.98136
2.87209,4.15113
2.98781,4.31244
2.91079,4.50961
3.0322,4.68289
3.05535,4.88337
3.02062,5.09279
2.93138,5.2706
2.94133,5.466
2.948,5.68312
2.9003,5.87616
2.78089,6.03202
2.85964,6.21711
2.8653,6.42934
2.9513,6.61897
2.82986,6.79315
2.83127,6.97764
2.81663,7.17552
2.96204,7.31044
3.05316,7.48945
2.90704,7.60515
2.87443,7.79547
2.86432,8.00258
2.876,8.20974
2.87344,8.41445
2.85857,8.6089
2.99466,8.75167
2.95471,8.94096
3.05494,9.11667
3.10484,9.30991
3.04467,9.50359
2.89022,9.63041
3.07339,9.73226
3.13141,9.94323
3.03014,10.1143
2.99095,10.3159
2.87335,10.4594
2.80682,10.6407
2.87228,10.8233
2.84497,11.0268
2.68473,11.1492
2.57833,11.3335
2.4923,11.5159
2.65186,11.649
2.64481,11.8627
2.77761,12.0072
2.76261,12.2094
2.66094,12.3709
2.69788,12.5702
2.73735,12.7568
2.7344,12.9722
2.74239,13.1709
2.84399,13.3482
2.87688,13.546
2.85974,13.7444
2.84508,13.9415
2.86921,14.1324
2.83281,14.3255
2.88523,14.5257
2.84044,14.7237
2.72398,14.8795
2.77483,15.0638
2.81371,15.2656
2.9368,15.4317
3.00696,15.6147
3.01433,15.8334
3.21164,15.858
3.10805,16.0429
3.17003,16.2294
3.18764,16.428
3.16562,16.6236
3.00145,16.7738
2.89266,16.9395
2.81033,17.1509
2.71439,17.3534
2.74089,17.5638
2.70921,17.7617
2.77025,17.9584
2.91271,18.0957
3.03672,18.2564
2.86629,18.3405
2.7896,18.5322
2.88713,18.7137
2.79735,18.8867
2.69307,19.0585
2.67238,19.2596
2.87335,19.2522
2.93233,19.4535
2.97085,19.6459
2.94956,19.8422
3.02202,20.0459
2.91727,20.2134
3.05555,20.349
3.17069,20.5127
3.17441,20.7215
3.20312,20.9159
3.24459,21.1169
3.0413,21.0933
3.09045,21.2943
3.0877,21.5041
3.12403,21.7056
2.99915,21.8584
3.02898,22.0501
2.95507,22.2449
3.02026,22.4295
3.07491,22.6295
3.06312,22.8338
3.06427,23.0343
3.08534,23.2362
3.12653,23.43
3.2238,23.6087
3.19669,23.8082
3.13552,24.0154
3.00697,24.1692
2.99011,24.3849
2.94437,24.5872
2.99569,24.7765
2.8528,24.9069
2.88176,25.1251
2.92078,25.3214
3.02518,25.4949
2.99278,25.7004
2.95409,25.8804
2.94606,26.0999
3.04367,26.2986
2.87941,26.4003
2.83468,26.6039
3.00199,26.7158
3.05684,26.9053
3.00998,27.1065
3.06244,27.3163
2.96959,27.5032
2.7993,27.6155
2.95694,27.7157
3.08193,27.9026
3.02498,28.0852
2.91904,28.2592
2.934,28.4572
2.97734,28.6566
3.03494,28.8372
2.98426,29.0267
3.08476,29.1948
3.25125,29.3176
3.40138,29.4631
3.37132,29.6548
3.34174,29.8481
3.39007,30.0448
3.50557,30.1994
3.40497,30.3661
3.30084,30.5463
3.37576,30.745
3.22989,30.9018
3.25254,31.0999
3.0835,31.2383
3.08078,31.4462
3.05416,31.6412
2.85787,31.698
2.6885,31.8002
2.83978,31.9364
2.9969,32.0646
2.92167,32.2382
2.9662,32.4244
3.02743,32.6193
3.01024,32.8452
2.85978,32.9862
2.83508,33.187
2.98081,33.3351
3.02182,33.5504
3.14603,33.7104
3.19248,33.8966
3.02903,34.0165
3.03444,34.2232
3.06517,34.4449
3.03404,34.658
3.0525,34.8591
3.18935,35.0029
3.36095,35.0928
3.28741,35.2933
3.17118,35.4547
2.97551,35.4756
2.97319,35.6625
3.46957,0.476111
3.56459,0.655821
3.40243,0.76516
3.43986,0.957258
3.55513,1.12945
3.65095,1.31541
3.77355,1.49223
3.76402,1.68046
3.66971,1.87634
3.74609,2.05923
3.84879,2.22139
3.78482,2.41834
3.80693,2.61
3.80314,2.82611
3.79766,3.03057
3.90213,3.19349
3.80935,3.36564
3.84731,3.55548
3.92941,3.73397
4.00513,3.92608
4.1002,4.10178
4.112,4.2901
4.00042,4.46762
4.14219,4.60145
4.25746,4.80003
4.14359,4.96311
4.09518,5.16039
4.27202,5.28307
4.16629,5.47296
4.36923,5.54021
4.34507,5.73329
4.35257,5.93823
4.35915,6.1519
4.38919,6.34693
4.28773,6.51655
4.16554,6.67719
4.10798,6.86339
4.06295,7.07458
4.08245,7.2754
3.96893,7.44796
3.92061,7.63829
3.93237,7.8439
4.02042,8.01939
4.05206,8.22148
4.00564,8.42415
4.01845,8.61946
4.03668,8.83923
4.04983,9.03494
3.91734,9.18732
3.86001,9.37634
3.8356,9.59124
3.68461,9.72127
3.86384,9.80804
3.8386,10.0102
3.95877,10.1648
3.90126,10.3677
3.89299,10.5567
3.93662,10.7488
3.90331,10.9559
3.92089,11.159
3.88833,11.3441
3.98432,11.5514
3.81569,11.6722
3.86139,11.8618
3.80333,12.0729
3.85175,12.2665
3.80419,12.4532
3.79503,12.6506
3.87372,12.8659
3.68128,12.9403
3.78613,13.1196
3.7452,13.3438
3.88533,13.5212
3.76056,13.6702
3.9121,13.8171
3.86509,14.0308
3.96567,14.2024
4.07178,14.386
3.99193,14.5643
3.90985,14.7624
3.84323,14.952
3.8963,15.1395
3.8992,15.3359
3.8645,15.541
3.84366,15.7499
3.97156,15.8991
4.008,16.0984
3.83899,16.2028
3.96569,16.3737
3.95468,16.5693
4.02398,16.7543
4.0048,16.9541
3.89917,17.1343
4.00363,17.2915
3.86173,17.4383
3.84727,17.6616
3.85921,17.878
3.7824,18.062
3.80933,18.2707
3.64669,18.4014
3.80194,18.5426
3.78729,18.7506
3.7861,18.9572
3.79923,19.1558
3.77643,19.3716
3.74708,19.5513
3.80524,19.7416
3.61143,19.8409
3.73005,20.0164
3.78398,20.2004
3.77597,20.3988
3.81366,20.5924
3.87056,20.7979
3.82081,20.9993
3.88007,21.1955
3.90012,21.3995
3.81499,21.5942
3.78945,21.79
3.6696,21.9601
3.62504,22.1606
3.62392,22.3687
3.65172,22.5748
3.54458,22.7376
3.69218,22.8697
3.55543,23.028
3.51736,23.2176
3.67279,23.3277
3.72391,23.5083
3.67256,23.7001
3.60327,23.8881
3.63623,24.0748
3.66067,24.2762
3.52413,24.4218
3.72716,24.4929
3.73435,24.6991
3.57084,24.8186
3.40573,24.9406
3.33493,25.1228
3.21131,25.2699
3.29331,25.4662
3.28454,25.6653
3.40181,25.8661
3.45969,26.06
3.49913,26.2705
3.40623,26.4631
3.54429,26.5984
3.65233,26.7682
3.68858,26.9643
3.8624,27.0879
3.76185,27.2675
3.81495,27.459
3.78806,27.6608
3.66375,27.8413
3.58452,28.0259
3.57297,28.2133
3.51613,28.4132
3.61841,28.5914
3.72308,28.7682
3.74254,28.9641
3.79197,29.1577
3.65442,29.313
3.7255,29.506
3.76403,29.7052
3.85809,29.8919
3.74626,30.0482
3.86602,30.2022
3.85642,30.3902
3.75806,30.5757
3.80109,30.7735
3.77104,30.9791
3.72692,31.1674
3.81231,31.3371
3.61656,31.431
3.75328,31.5823
3.64141,31.7519
3.57454,31.939
3.76667,32.0166
3.84349,32.2219
3.8297,32.4145
3.81452,32.6037
3.87426,32.7923
3.90638,32.9861
3.99994,33.1618
3.94447,33.3491
3.92901,33.5518
4.10043,33.6665
4.12767,33.8774
4.21493,34.0437
4.09162,34.1985
4.13416,34.3992
4.22111,34.5814
4.13211,34.7684
4.11111,34.9777
4.16076,35.1719
4.08494,35.3423
4.05837,35.552
4.16834,35.7232
4.07336,35.908
4.03376,36.1009
4.03363,36.3001
-4.66298,0.36952
-4.74875,0.551079
-4.78969,0.757605
-4.75479,0.957666
-4.76592,1.16832
-4.86603,1.35569
-4.85889,1.5609
-4.93748,1.74698
4.94139,1.92097
4.92539,2.11069
4.94343,2.306
-4.99804,2.48816
-4.91501,2.67688
-4.91502,2.88229
4.98607,3.06809
-4.95665,3.26251
-4.94865,3.45793
-4.84899,3.62896
-4.74935,3.80526
-4.88345,3.96688
-4.88068,4.16925
-4.92178,4.34846
-4.90904,4.54731
-4.87825,4.75307
-4.87792,4.9624
-4.9273,5.1588
-4.92612,5.37288
-4.83051,5.5328
-4.97107,5.68418
4.98027,5.88936
4.88783,6.0838
4.86283,6.28935
4.85546,6.49531
4.77308,6.68414
4.83467,6.85092
4.72232,7.00921
4.83551,7.18686
4.73685,7.38491
4.70764,7.58327
4.67187,7.78492
4.78708,7.95722
4.89404,8.13508
4.89876,8.33488
4.94025,8.5357
4.95392,8.73854
4.90291,8.93142
4.80244,9.11261
4.72799,9.31247
4.7013,9.5031
4.84054,9.65074
4.79814,9.84674
4.86371,10.0494
4.76332,10.2326
4.88906,10.4092
4.95616,10.5848
4.80995,10.7273
4.7068,10.9156
4.61196,11.0876
4.71973,11.2485
4.69625,11.4501
4.80519,11.62
4.89969,11.8051
4.82551,11.9958
4.88851,12.1716
4.87175,12.3726
4.98964,12.5619
-4.96138,12.7601
-4.88938,12.9675
-4.98079,13.1538
4.90641,13.3402
4.96909,13.5334
4.98488,13.7297
-4.95682,13.9061
4.8695,14.0131
4.75512,14.1798
4.80697,14.3901
4.83595,14.5938
4.74921,14.7985
4.8578,14.9895
4.7882,15.1907
4.74186,15.3816
4.71633,15.5915
4.87524,15.7411
4.87029,15.9606
-4.986,16.1157
-4.98327,16.3389
4.94496,16.5338
4.90472,16.7245
4.85912,16.924
4.87871,17.1447
4.81205,17.3366
4.85698,17.5392
4.94882,17.7042
4.9526,17.9099
4.99702,18.1124
-4.91877,18.3048
-4.95735,18.5093
4.89362,18.6329
4.78145,18.8001
4.93438,18.9349
-4.90801,19.0536
-4.90732,19.2539
-4.80328,19.4242
-4.76279,19.6291
-4.89378,19.7921
4.93719,19.8937
4.79454,20.0706
4.81459,20.273
4.68387,20.4331
4.76614,20.6177
4.67194,20.7988
4.6909,21.0284
4.57342,21.1983
4.78185,21.1927
4.92566,21.3366
4.80232,21.5049
4.84536,21.7047
4.75783,21.8842
4.86883,22.0634
4.72856,22.2011
4.77273,22.4051
4.9449,22.5243
4.90141,22.7281
4.97776,22.9266
4.89729,23.1154
4.91812,23.3172
4.90575,23.5171
4.95201,23.7206
-4.91411,23.8626
-4.95513,24.0605
-4.80229,24.1925
-4.94756,24.3375
-4.9591,24.5219
4.89167,24.6611
-4.95163,24.776
4.85385,24.8598
4.78325,25.0492
4.91914,25.1931
4.8866,25.3816
4.8001,25.5693
4.72829,25.768
4.76622,25.9638
4.79891,26.1721
4.83877,26.3629
4.87145,26.5604
4.95642,26.7456
4.89138,26.948
4.80576,27.1376
4.94712,27.3135
4.92986,27.5219
4.89132,27.7302
4.92111,27.9331
4.96826,28.1247
-4.82828,28.1779
-4.79741,28.3817
-4.75292,28.5763
-4.64733,28.763
-4.56536,28.9481
-4.62453,29.1514
-4.62158,29.3585
-4.71667,29.5337
-4.83628,29.6882
-4.79775,29.8838
-4.94441,30.0116
-4.83418,30.1998
-4.84826,30.3998
-4.92942,30.5847
-4.88026,30.7901
-4.79957,30.9687
-4.98057,31.0806
-4.9468,31.2882
-4.97294,31.4776
4.98209,31.6736
-4.92068,31.8519
4.98833,32.0255
4.91559,32.2214
4.97724,32.4272
4.76257,32.493
4.93359,32.6194
4.96489,32.831
-4.94508,33.0036
-4.87964,33.2054
-4.99204,33.3661
-4.90774,33.5538
-4.94693,33.7512
-4.94328,33.9574
-4.93825,34.1639
-4.8109,34.3304
-4.86005,34.5219
-4.84536,34.7239
-4.79214,34.9313
-4.84358,35.1234
-4.99306,35.2716
4.98467,35.4791
-4.96019,35.6937
-4.95148,35.899
-4.90074,36.095
-4.9698,36.3002
-4.84007,36.4661
-4.97235,36.6273
