parameters (x,y,w,h,rx,ry):-5,0,10.000000,40.000000,100,100
183,42,48,50,51,43,35,27,32,45,33,46,51,41,55,41,35,41,45,33,41,33,58,59,62,61,48,51,43,41,35,48,61,47,58,63,57,52,51,38,53,42,61,46,53,54,69,56,67,62,45,42,36,37,44,55,47,55,47,50,44,37,31,51,29,44,45,53,42,55,49,45,25,27,37,43,53,53,46,50,58,36,48,58,43,31,40,50,54,58,63,54,48,46,42,32,26,29,35,272
433,113,114,128,100,107,87,75,90,75,86,97,109,122,97,89,89,75,102,84,93,97,125,152,132,131,112,121,95,95,81,91,82,129,124,151,155,130,114,83,99,84,117,114,106,132,132,135,132,143,106,103,88,90,94,108,105,135,123,104,92,93,79,89,91,92,83,85,114,111,99,85,89,67,73,85,105,111,107,105,132,118,101,93,94,86,75,89,113,124,153,154,117,103,93,64,63,79,52,639
444,99,125,121,114,107,95,85,85,71,80,103,114,115,108,90,111,79,73,95,91,91,104,125,159,154,134,107,93,85,86,82,101,98,119,163,162,134,121,90,83,83,86,107,126,129,134,127,142,142,110,123,82,87,75,97,102,155,141,124,90,80,81,88,75,90,95,102,112,102,102,100,86,64,73,89,81,120,124,110,136,137,96,83,89,76,90,80,85,133,132,178,142,128,80,82,60,77,59,627
429,101,115,111,128,117,112,77,78,69,89,98,91,116,125,101,93,89,88,68,83,86,103,120,148,169,137,97,99,79,86,81,84,109,121,128,156,149,120,86,91,91,85,84,109,120,132,154,136,156,125,106,89,75,77,90,106,140,137,134,104,77,78,77,71,90,98,118,101,104,103,101,85,69,74,71,83,97,119,127,140,133,120,91,89,77,80,73,82,106,138,173,168,142,93,56,72,70,61,629
423,79,112,122,129,105,107,90,81,81,87,101,103,112,114,121,115,73,71,74,69,78,103,133,143,156,150,114,103,86,72,87,77,95,122,163,153,134,119,109,80,95,98,83,110,114,145,139,151,144,125,104,104,77,88,88,109,114,154,119,123,91,76,77,67,88,104,93,104,133,106,92,72,94,63,64,76,88,139,130,111,147,131,112,79,72,68,86,74,106,131,160,170,155,90,60,49,62,55,660
417,81,97,117,130,107,102,84,66,79,80,102,115,112,138,115,96,83,81,82,76,69,109,130,142,162,146,124,110,78,85,91,66,100,115,131,147,135,143,96,69,79,110,96,95,118,135,143,180,144,120,102,87,103,83,90,111,130,127,124,115,100,106,73,78,69,78,113,107,129,106,113,85,67,67,71,66,109,94,140,119,134,144,110,99,78,68,69,66,110,139,172,172,137,88,82,74,52,45,647
432,72,101,118,124,127,93,69,84,67,71,112,106,128,153,107,93,93,72,66,73,98,101,128,140,145,155,118,91,89,89,78,85,86,106,138,137,150,133,117,71,77,84,111,97,118,129,150,142,152,144,97,91,85,104,88,114,113,133,135,134,91,81,84,85,67,87,107,112,120,123,100,88,68,70,58,78,95,104,125,157,129,130,119,105,75,60,63,79,88,128,158,150,137,115,93,74,61,50,648
415,63,97,100,132,112,114,92,71,70,79,83,111,116,156,135,102,82,77,56,59,82,99,127,158,155,172,119,81,82,79,92,74,90,107,129,131,155,136,100,97,69,95,117,106,99,137,162,162,160,118,123,79,73,119,83,105,122,131,133,129,102,84,65,71,90,72,107,114,130,126,123,106,65,64,51,66,88,91,144,124,139,155,105,101,78,81,69,81,90,117,148,169,162,105,93,50,69,58,679
423,68,77,107,112,116,98,96,96,72,61,108,95,133,132,131,112,95,81,53,63,62,94,120,169,163,162,123,75,81,82,85,92,83,101,133,148,122,140,120,101,77,72,99,86,119,136,164,161,161,127,113,97,75,98,97,96,117,136,141,108,101,98,75,73,61,76,91,108,133,110,129,97,89,55,52,53,84,116,132,130,124,129,120,97,89,65,64,69,97,134,151,182,143,117,87,69,65,65,654
447,55,97,96,96,108,111,91,72,91,74,94,102,117,123,140,115,110,60,56,65,76,94,130,143,140,151,138,94,70,86,75,90,95,99,121,137,144,127,110,100,84,92,96,88,113,128,145,158,158,134,108,103,74,94,116,113,120,122,125,112,111,104,84,80,59,65,83,112,125,129,130,103,77,58,55,58,92,113,123,144,136,112,119,102,93,78,71,79,100,113,130,170,174,115,98,77,65,59,632
477,68,75,93,100,100,100,101,85,80,88,82,100,133,118,148,115,116,73,61,41,74,91,128,134,161,159,130,99,88,76,89,59,96,104,102,152,154,150,119,98,79,75,98,95,106,123,147,172,167,135,108,84,88,81,97,119,149,132,123,96,108,90,90,82,65,89,85,109,124,123,110,96,80,79,72,58,75,107,108,128,122,130,126,100,91,76,69,73,98,121,136,156,168,129,104,82,56,69,613
507,62,80,88,87,100,99,85,87,75,95,99,108,100,125,149,109,112,80,78,49,65,88,118,132,161,145,130,106,85,85,74,72,84,119,116,121,150,155,125,93,94,102,96,83,98,144,144,148,158,146,107,99,68,80,95,118,142,138,120,105,103,97,86,72,59,78,106,108,118,121,108,95,88,65,68,70,72,91,135,111,133,140,123,80,86,83,78,80,89,118,146,144,164,133,109,80,57,65,599
500,70,73,93,87,105,98,74,78,80,80,84,115,110,135,118,110,105,99,99,70,67,79,116,149,148,138,119,97,90,92,77,73,80,97,126,132,154,132,144,94,95,90,87,89,110,124,160,143,164,149,113,95,82,86,76,121,153,138,128,104,97,103,93,79,78,80,86,102,121,129,127,99,75,64,59,60,73,94,89,132,164,146,118,94,87,70,75,75,77,134,147,141,142,145,109,72,68,79,595
464,69,79,71,104,107,99,94,71,87,73,91,118,122,111,121,105,104,84,100,84,71,99,125,125,160,136,122,98,92,83,85,81,82,102,121,119,150,135,112,130,95,74,80,110,108,120,149,144,191,141,112,90,87,78,91,115,140,129,116,120,80,102,94,83,65,93,99,104,123,123,119,98,85,79,59,69,74,80,117,119,155,122,115,97,73,70,83,93,98,123,145,126,134,122,125,101,78,53,619
451,104,80,81,82,111,79,79,79,86,76,95,86,102,133,122,125,105,82,89,96,69,99,105,148,124,162,116,103,87,86,93,69,90,94,109,140,121,137,123,99,119,78,81,107,98,145,147,138,149,153,124,106,87,71,84,133,125,121,141,105,102,92,88,90,78,88,85,103,105,127,108,110,87,82,62,57,71,91,116,126,149,127,94,115,87,59,65,91,107,144,135,151,142,102,122,81,95,68,626
472,90,92,84,85,92,100,88,71,65,92,95,92,115,108,128,145,113,72,84,82,98,91,100,137,156,135,131,104,102,109,72,76,94,96,118,113,139,135,130,105,96,86,100,97,92,115,147,162,133,155,125,98,97,75,77,126,132,155,119,103,107,82,91,91,86,79,89,115,97,125,110,104,93,75,67,71,80,74,124,137,123,128,99,85,77,72,71,88,100,143,144,142,119,112,113,108,85,80,593
488,86,89,84,69,81,96,86,92,60,96,92,101,103,114,119,128,98,84,81,79,75,99,105,122,144,144,124,114,111,97,73,73,75,108,113,141,144,112,124,101,87,101,97,95,99,126,128,159,169,135,127,104,81,78,75,108,131,160,151,104,103,85,88,86,89,77,96,107,122,125,100,97,87,77,80,75,81,79,108,117,133,147,94,106,60,72,84,72,115,131,147,134,116,130,92,99,86,95,627
492,69,82,80,92,97,90,94,67,86,78,85,90,125,116,139,119,103,82,96,68,83,84,115,119,157,139,117,108,110,102,86,85,102,99,100,135,117,127,137,109,90,79,93,83,113,127,147,172,140,120,128,125,93,77,79,100,125,136,147,144,89,99,81,79,72,89,98,123,110,119,96,87,83,98,100,70,77,85,113,123,146,121,103,91,78,67,71,89,102,113,150,162,132,100,87,95,82,88,606
513,69,76,86,87,91,110,72,90,62,74,72,92,106,127,121,128,105,73,83,87,92,87,101,129,161,150,123,91,118,96,82,90,99,103,123,112,122,118,100,102,112,88,91,92,89,130,135,156,160,136,127,88,93,94,93,100,109,150,139,132,101,102,74,68,79,83,91,127,124,111,88,90,81,74,76,92,92,92,117,119,128,143,115,77,69,69,63,95,101,130,142,160,127,106,94,88,83,72,656
477,72,85,91,106,90,82,93,97,81,51,80,87,104,126,119,141,107,89,77,78,84,89,87,140,139,146,120,110,87,92,96,97,89,105,129,134,120,110,115,108,92,104,98,95,100,140,134,156,165,149,109,109,94,88,91,96,117,142,130,135,109,95,87,80,71,85,109,120,105,112,100,82,89,70,74,81,97,86,109,120,126,143,105,101,65,74,72,78,88,127,151,141,136,127,85,88,79,83,664
476,75,99,97,110,79,79,82,86,69,72,76,89,122,101,123,110,119,88,76,85,78,83,110,117,136,154,106,106,109,96,90,99,99,112,131,125,130,102,101,100,93,95,108,98,112,137,120,140,162,158,115,110,98,74,70,115,107,152,135,113,120,90,96,82,66,88,92,137,123,97,104,92,91,60,63,72,89,110,136,129,134,125,105,105,73,60,63,82,100,132,144,145,120,118,118,89,63,76,666
466,87,106,101,114,68,89,82,66,76,69,87,95,92,126,105,108,99,92,100,93,78,81,113,121,140,133,103,98,100,97,85,111,92,112,137,133,126,115,109,78,82,100,120,103,123,120,148,143,144,147,125,88,92,95,97,120,124,141,121,112,93,101,83,91,73,91,101,136,123,117,98,91,86,71,65,62,96,88,127,153,119,126,103,98,91,73,71,76,94,132,134,154,128,114,98,85,80,72,660
458,106,100,115,86,101,73,88,66,65,76,70,100,108,116,129,109,104,103,89,76,81,82,113,123,142,137,118,104,70,75,101,99,104,140,127,146,105,128,109,72,66,84,109,126,100,108,140,156,157,149,118,83,89,86,109,124,146,135,119,112,86,111,101,85,81,60,99,120,127,120,103,89,84,63,74,88,85,76,114,138,147,124,97,91,92,66,74,74,92,139,172,138,124,108,94,83,87,72,675
471,81,126,98,91,81,90,99,67,68,61,81,86,109,135,121,105,91,108,86,71,83,83,112,143,141,136,120,100,69,69,90,95,107,137,135,138,127,117,105,101,84,90,97,110,101,121,132,157,160,153,124,96,74,105,88,113,145,133,129,96,97,112,111,71,79,76,103,132,109,121,99,111,85,71,59,76,92,82,102,122,148,131,115,100,83,78,74,79,95,92,160,161,115,105,88,92,82,85,654
490,90,87,109,87,110,90,82,75,57,63,85,86,107,109,122,90,116,100,81,91,70,83,102,122,152,138,101,102,79,76,102,78,84,125,143,145,140,122,119,94,84,79,99,99,104,132,144,166,158,135,125,80,95,91,97,124,149,141,109,104,94,93,75,81,76,91,110,103,130,125,95,89,86,69,72,84,89,87,112,104,129,161,117,101,73,72,67,98,101,103,132,160,124,122,95,76,76,82,631
473,82,92,102,103,106,88,78,91,79,63,73,89,105,110,117,96,124,82,83,91,73,88,101,118,137,140,110,107,72,90,72,92,91,128,137,141,130,135,124,93,78,89,78,117,114,120,143,144,153,142,119,102,83,77,111,131,147,156,102,107,82,98,74,89,72,79,105,126,131,132,103,86,88,69,67,75,91,105,120,111,131,133,117,86,87,89,71,78,100,118,145,137,144,101,91,60,73,82,672
473,91,81,98,103,102,101,101,78,82,68,75,87,91,124,106,113,107,99,83,78,89,91,99,111,134,148,120,102,76,72,75,87,89,121,134,156,136,139,117,81,78,76,85,121,115,138,150,138,129,113,141,119,83,81,103,106,151,158,142,117,83,83,68,76,81,98,109,121,106,132,107,77,94,76,68,63,86,99,116,130,132,126,117,117,76,83,72,74,100,130,152,131,141,111,81,69,77,79,657
452,86,93,94,107,116,82,103,95,60,75,70,104,98,114,119,114,93,85,77,96,83,82,102,120,142,140,125,98,87,87,57,81,78,113,137,147,162,135,104,84,79,95,67,99,119,135,158,160,134,129,102,113,109,86,121,101,113,153,156,113,101,70,78,69,77,91,101,113,127,114,127,102,77,68,72,79,76,86,123,131,125,134,121,108,85,66,84,88,115,110,133,152,127,112,84,67,69,55,673
481,71,77,84,95,119,110,91,93,70,71,80,95,115,111,105,109,92,77,68,94,90,89,111,110,134,149,92,112,81,79,77,77,94,112,131,154,151,124,96,107,70,91,100,87,113,113,160,148,164,141,97,95,91,97,111,122,119,142,118,135,99,96,86,72,67,75,102,102,106,130,105,106,77,76,79,86,81,95,100,134,138,117,121,120,74,86,88,81,108,118,162,136,133,115,97,63,67,63,666
484,58,91,101,98,84,108,92,92,95,78,91,106,103,116,118,92,93,82,73,75,79,113,108,158,109,126,134,96,74,80,74,69,96,108,118,165,161,143,99,102,87,80,80,106,112,118,129,168,168,131,113,121,90,81,115,117,145,126,129,133,107,95,70,77,79,73,82,117,114,116,115,90,85,83,76,94,66,88,98,122,137,121,133,95,83,81,80,84,106,139,153,153,143,102,88,71,58,64,686
460,85,79,107,104,100,90,78,81,86,81,91,90,117,116,110,100,99,84,69,77,88,83,102,139,143,141,131,98,72,83,71,81,89,97,140,156,145,147,104,94,71,87,82,99,106,124,138,142,166,138,117,100,94,96,95,105,126,140,129,134,121,98,63,77,81,72,104,120,114,108,102,101,78,75,89,69,93,103,96,116,132,135,125,99,74,78,73,96,102,140,140,168,130,111,87,85,49,60,673
507,61,89,95,103,96,88,75,88,86,79,97,105,131,100,109,99,95,76,70,80,87,90,102,114,157,151,131,95,72,73,74,77,99,112,143,141,134,155,116,85,75,78,77,93,115,120,131,160,164,134,99,125,97,85,103,96,148,149,145,131,99,87,96,84,60,78,100,126,119,100,100,101,69,60,87,83,82,90,127,124,117,156,111,103,69,83,77,94,103,131,152,157,146,85,95,65,64,71,664
496,66,74,98,94,111,93,84,77,90,80,102,112,105,119,120,103,95,83,60,59,91,79,102,127,148,161,125,97,77,73,83,69,103,107,136,159,128,137,117,90,84,65,82,97,105,94,161,161,143,151,133,106,91,92,94,121,149,124,148,129,109,81,82,83,89,60,98,127,121,128,117,90,74,67,82,79,90,100,111,121,125,126,129,95,89,78,88,72,104,144,167,163,122,108,88,71,77,60,653
488,74,79,91,92,92,84,80,76,72,78,85,107,124,116,107,118,91,85,67,79,66,104,104,109,138,154,117,110,65,86,82,89,94,105,136,143,148,145,131,84,84,53,78,81,107,113,145,147,147,130,153,95,78,89,99,139,102,147,139,129,115,90,75,73,80,80,90,119,141,126,102,77,79,70,79,83,72,97,93,117,135,138,132,110,77,72,69,90,86,156,160,152,124,101,91,81,84,64,641
505,71,89,112,106,81,99,70,78,89,78,81,110,127,123,114,95,77,84,71,90,70,82,124,121,150,132,112,97,86,83,85,87,95,118,120,138,151,146,142,100,73,72,63,88,100,117,143,152,161,121,123,107,82,92,122,112,124,127,136,139,114,117,66,86,69,97,94,89,129,134,103,77,79,73,71,77,91,102,107,118,133,127,124,113,84,74,63,67,97,125,153,153,156,104,102,77,75,72,662
516,87,80,88,95,99,84,77,76,80,80,97,101,116,144,121,95,77,66,92,70,85,98,106,139,120,136,122,90,89,92,68,85,102,125,121,155,145,115,131,109,90,68,72,88,97,115,144,147,174,137,133,92,109,91,104,100,145,142,141,95,115,99,95,79,71,86,91,98,118,128,113,102,70,67,72,82,87,98,120,113,137,122,124,104,84,85,56,90,72,105,163,156,135,111,96,89,63,75,641
468,86,94,99,102,76,88,79,85,79,63,88,124,128,123,130,120,84,71,65,67,81,110,118,120,128,119,114,99,79,77,78,85,95,113,149,143,139,144,96,91,88,90,90,75,94,119,158,142,147,144,132,96,89,95,98,124,121,144,145,123,108,92,85,85,75,66,103,107,118,132,109,83,100,60,73,91,96,99,108,133,111,126,137,101,74,76,79,69,88,103,147,156,131,125,89,88,85,76,643
464,101,71,98,106,98,87,91,72,67,71,93,115,127,123,100,109,117,84,64,65,63,93,96,127,160,134,107,96,76,71,70,84,96,129,132,163,140,132,91,97,76,76,102,108,73,109,149,160,150,137,122,104,85,85,102,135,128,117,142,130,120,73,83,82,79,70,94,120,129,116,118,96,79,69,79,72,109,95,111,124,130,141,130,86,90,65,78,80,90,101,144,157,122,102,109,77,67,89,641
482,68,94,85,101,93,101,83,89,74,69,78,119,114,134,130,119,102,85,69,57,73,87,100,136,152,152,118,95,78,60,74,75,114,123,151,136,124,121,107,100,78,78,84,111,120,107,131,167,164,127,105,113,96,81,84,117,140,128,134,128,106,88,76,89,85,86,84,132,95,133,111,81,82,77,77,67,92,112,106,121,127,150,136,113,92,65,70,77,97,106,141,165,140,115,72,71,64,85,669
448,95,83,104,102,95,94,77,68,73,63,69,85,112,162,114,121,120,90,76,51,72,91,109,129,139,155,128,88,66,73,61,85,101,131,148,137,132,120,103,104,85,83,96,80,93,127,147,153,171,127,105,91,89,91,89,125,143,154,140,103,121,85,72,69,77,96,96,113,119,123,108,88,77,75,62,70,92,93,124,140,108,139,132,109,84,81,71,79,103,116,130,146,153,109,82,65,65,74,682
473,84,93,93,102,100,99,87,70,64,67,81,92,124,128,130,124,109,118,73,85,69,76,117,132,152,154,120,86,91,47,69,82,107,117,131,159,142,113,129,91,86,83,82,100,91,112,156,165,157,136,102,89,90,95,77,130,136,131,132,136,98,113,83,83,80,84,100,117,106,126,108,97,78,63,69,69,86,108,129,130,121,138,126,99,93,81,64,89,109,109,144,167,151,106,68,71,61,65,685
456,80,91,95,97,77,91,98,78,77,64,67,103,118,120,135,131,98,85,77,72,80,92,117,124,143,154,121,97,80,80,59,89,77,102,146,156,154,130,105,93,75,92,89,93,106,122,127,158,169,129,117,72,90,96,100,129,129,137,141,120,99,91,87,88,75,85,89,103,123,128,126,81,71,67,67,82,85,97,125,120,144,127,125,111,102,70,67,75,95,131,140,168,135,131,79,72,46,67,688
479,79,75,87,100,96,90,97,82,75,65,90,77,99,121,137,126,105,87,79,68,72,97,115,119,159,164,129,85,74,78,71,65,97,93,140,157,160,151,91,77,81,83,75,84,120,115,157,148,163,136,100,71,73,89,99,126,141,160,122,118,112,86,91,94,83,84,85,119,112,116,113,101,84,72,59,83,91,106,116,117,136,142,122,114,90,78,77,72,86,116,147,171,129,116,95,59,48,59,680
471,82,106,98,84,90,99,82,83,75,85,80,84,106,123,119,107,102,69,93,85,69,101,112,131,148,150,141,87,79,70,87,85,88,96,121,137,167,131,122,83,86,93,87,95,89,134,150,166,149,136,102,102,62,89,100,104,145,163,143,112,91,103,74,96,73,86,98,105,134,120,120,99,71,79,54,77,91,101,129,125,136,112,120,94,87,76,80,80,94,108,159,163,139,111,92,73,52,65,665
480,91,95,102,93,92,98,90,82,94,63,88,101,101,115,110,118,99,81,77,83,82,118,128,111,130,136,140,100,86,63,66,84,97,112,126,141,139,134,126,95,86,86,100,108,99,118,129,165,154,126,109,76,76,85,99,107,142,153,158,117,99,78,88,76,97,83,88,121,116,138,119,82,86,73,67,65,66,102,125,138,129,145,123,103,78,79,70,78,83,102,148,185,150,120,78,73,59,64,657
458,88,101,88,98,89,88,84,76,94,83,80,87,108,115,116,106,95,106,59,75,94,87,115,118,135,166,145,97,96,74,69,61,97,108,154,123,165,117,114,87,86,93,86,100,109,114,143,148,148,132,116,77,78,79,89,111,136,143,152,114,113,95,88,76,78,100,83,129,109,107,119,106,84,82,66,67,74,106,122,119,120,120,122,99,105,90,71,68,110,122,136,155,160,115,91,70,56,67,637
443,88,97,107,97,88,94,91,77,85,78,91,86,106,104,134,121,105,74,79,75,80,92,117,135,145,145,126,123,79,78,58,92,91,98,122,157,145,131,112,87,87,82,91,108,107,128,149,156,127,119,104,103,87,78,88,100,156,150,121,136,101,93,92,79,71,79,109,114,110,99,132,110,94,75,77,73,94,116,127,129,107,134,113,105,88,94,71,89,130,107,157,163,122,128,89,71,65,71,642
462,75,93,113,89,92,100,100,84,61,73,99,83,117,116,122,122,93,79,100,73,80,88,98,122,125,160,149,115,89,80,64,67,93,119,124,137,142,136,123,110,72,81,87,103,123,130,134,143,130,118,104,89,96,86,96,121,121,146,130,116,108,110,74,72,94,76,108,98,109,108,114,115,79,77,79,98,64,99,116,145,112,97,125,109,97,78,78,80,121,128,145,144,133,119,100,70,70,58,636
490,68,79,92,125,77,92,90,86,75,71,86,89,115,130,122,94,104,82,85,73,89,87,100,135,155,143,119,120,86,80,69,78,81,117,140,130,147,144,121,109,80,71,77,103,118,126,145,138,146,118,120,83,91,102,74,118,126,136,148,116,94,85,92,79,77,82,91,119,95,134,105,97,90,89,87,71,89,98,122,118,151,113,112,114,104,70,71,80,118,155,140,139,143,90,98,97,72,68,630
490,90,70,78,105,90,96,78,85,83,75,84,84,105,107,128,124,92,99,75,78,97,97,121,114,142,129,142,99,92,69,77,80,86,114,136,129,148,137,115,103,96,78,80,96,115,131,146,163,157,110,109,113,93,82,101,104,130,131,124,122,103,101,89,72,62,80,96,108,117,119,113,103,87,74,71,76,88,107,113,133,141,111,129,98,97,81,71,89,105,141,147,166,129,103,91,78,66,73,604
485,80,95,85,91,79,79,103,84,84,83,81,99,102,99,117,99,99,92,96,94,89,96,126,120,133,148,117,114,86,75,79,76,77,114,136,158,141,126,110,106,108,73,68,93,111,132,164,135,144,122,108,102,91,76,103,126,127,125,127,109,120,87,91,88,74,77,99,114,128,119,94,102,108,75,71,69,98,99,93,117,156,121,116,97,96,94,85,77,106,120,140,147,164,120,72,71,76,70,614
501,68,82,88,111,90,87,96,80,79,90,98,86,93,115,110,114,97,87,88,76,101,106,108,135,128,122,124,112,86,79,82,72,87,113,128,126,130,119,137,104,105,82,81,93,108,118,154,158,145,127,109,104,96,84,116,106,144,140,120,112,88,109,84,100,91,72,97,125,123,106,120,98,96,66,66,84,98,79,111,99,135,130,132,94,90,83,73,109,88,118,164,139,146,129,77,76,70,84,615
510,82,85,91,104,73,91,102,82,79,75,100,93,106,115,119,90,100,78,80,88,100,92,127,153,137,117,127,95,85,97,59,87,90,107,123,147,119,133,106,109,97,94,80,100,106,121,130,139,159,127,116,104,82,90,77,137,152,130,119,106,94,86,75,102,82,81,98,126,123,125,94,112,81,89,66,74,92,100,83,120,134,128,121,110,91,78,90,83,114,140,151,142,125,101,110,77,83,65,583
483,77,76,86,100,91,105,75,101,76,73,85,118,108,94,110,97,91,73,69,87,86,103,116,145,160,125,115,99,85,83,81,95,80,116,122,123,151,107,108,111,85,86,83,108,124,132,135,141,150,133,104,106,87,80,90,121,154,119,132,116,91,73,87,69,101,93,106,113,129,106,116,106,83,80,71,72,99,106,77,122,137,120,113,108,105,84,74,88,80,134,137,157,152,102,92,92,87,73,606
469,92,85,99,82,106,92,83,71,83,70,96,125,107,103,107,102,83,92,66,83,94,90,139,145,156,122,104,118,85,95,77,81,106,103,120,130,148,113,120,101,83,100,97,88,133,130,128,142,146,149,115,93,82,90,90,105,144,135,153,129,106,82,73,76,85,105,98,126,110,120,123,94,78,73,82,62,85,96,122,119,111,126,131,105,88,97,74,99,96,142,136,156,137,106,68,86,98,79,626
443,87,106,108,91,109,89,81,84,66,70,77,116,131,111,120,90,74,79,71,68,88,77,126,133,156,143,127,104,81,80,68,68,91,119,125,121,128,120,110,101,84,90,107,104,128,130,128,141,143,129,136,90,84,81,103,97,131,140,145,118,105,91,67,87,72,98,106,134,123,116,115,95,74,68,75,72,96,112,113,124,152,118,115,104,87,69,70,105,98,122,131,157,153,119,88,84,70,84,645
432,93,91,117,120,92,106,75,83,59,80,75,88,133,142,109,99,90,69,71,53,81,97,125,135,172,137,116,87,111,79,72,68,93,116,128,138,130,119,125,88,85,93,102,118,139,124,107,151,137,125,127,95,84,87,109,110,119,154,133,104,103,101,77,73,78,90,96,136,138,124,104,86,78,67,63,91,100,86,121,131,129,152,106,84,94,75,71,94,121,117,132,127,160,118,98,80,76,73,659
423,86,106,117,127,106,88,77,73,71,74,63,100,141,157,130,86,80,69,63,81,66,96,125,142,157,139,108,84,88,79,79,80,86,106,131,138,140,134,103,88,76,70,103,125,132,141,137,122,144,112,119,92,94,96,99,100,125,150,128,123,115,92,72,76,75,71,109,134,145,151,100,77,60,79,70,77,96,111,119,116,130,146,121,115,84,80,90,89,120,132,140,120,138,113,90,78,81,66,661
438,71,100,111,114,117,99,73,71,81,59,73,88,127,149,133,94,88,71,62,64,76,92,117,155,148,147,118,87,87,80,68,80,84,98,144,149,153,124,96,82,74,71,84,122,122,165,132,140,137,118,123,94,88,89,98,113,117,137,158,135,105,79,72,65,73,65,104,127,136,160,106,84,63,60,69,73,84,115,95,131,136,121,118,97,83,82,85,81,115,130,139,148,134,102,87,80,83,64,658
427,76,93,102,100,133,91,78,68,74,96,71,93,115,149,113,98,85,84,74,42,79,82,107,158,150,154,127,92,80,74,79,90,92,86,122,145,158,135,112,87,69,65,71,114,108,147,154,158,125,127,102,81,87,93,89,140,124,133,148,128,104,85,82,58,81,68,94,128,136,135,110,89,71,67,66,74,82,99,109,153,143,133,113,97,71,94,78,74,102,149,167,165,119,94,75,61,83,92,699
426,75,101,105,114,93,97,99,72,78,76,87,72,122,127,124,112,86,80,69,59,64,88,111,142,164,165,118,90,80,96,76,73,90,99,128,162,150,128,89,80,99,62,79,93,119,131,175,161,140,127,104,87,79,100,96,116,142,159,145,132,103,95,74,73,72,80,108,104,157,110,121,97,68,62,66,71,87,88,117,140,138,151,107,86,88,90,82,84,108,133,158,171,128,89,84,82,65,60,710
454,85,102,107,109,89,88,93,64,78,84,81,105,111,122,109,118,114,83,63,51,55,90,111,132,178,144,118,90,79,88,68,81,87,112,127,161,151,119,100,76,100,82,71,79,107,136,160,162,147,133,94,102,82,74,102,106,149,142,161,108,108,100,69,71,78,74,95,119,139,132,117,104,75,58,59,73,93,104,91,119,150,131,121,108,88,73,83,84,91,129,153,177,144,101,73,66,51,61,698
415,79,98,110,102,101,93,78,86,69,68,79,100,141,121,116,104,103,86,60,68,70,74,115,138,161,149,115,87,76,89,80,75,98,96,130,139,157,127,87,96,74,94,87,91,106,142,158,165,145,114,116,94,82,79,76,105,148,165,157,137,119,94,86,73,73,81,88,114,137,140,115,88,82,63,52,72,82,93,107,118,142,150,130,106,96,70,77,77,85,122,168,166,140,97,82,67,62,62,674
429,79,78,109,123,116,79,94,89,67,68,89,82,124,118,118,92,92,69,71,59,88,104,115,148,145,132,120,102,75,101,79,62,93,97,135,148,148,132,112,101,79,70,95,89,110,135,159,155,149,97,109,109,85,77,90,109,112,166,134,154,127,103,83,71,74,75,90,119,121,133,124,107,89,76,65,67,77,90,98,132,140,134,132,109,114,82,78,84,84,124,168,177,131,90,71,64,64,67,692
435,77,77,107,120,114,84,92,66,86,75,81,94,114,119,114,101,92,79,88,73,89,85,103,138,146,129,117,105,85,90,72,83,85,114,124,146,134,127,114,103,86,87,82,73,129,136,149,160,124,122,116,87,89,87,104,100,130,143,133,141,135,107,70,78,89,81,86,101,134,113,125,102,94,85,65,67,85,90,123,105,112,121,129,116,101,87,84,74,105,123,165,171,146,90,82,68,59,56,690
451,67,86,101,101,118,93,115,71,75,77,78,97,107,100,124,102,84,62,74,75,83,89,96,142,129,139,116,124,78,92,80,75,76,103,125,130,145,145,122,104,109,85,79,100,101,125,152,161,134,105,94,94,75,100,100,129,114,135,134,128,134,119,81,72,79,81,92,98,120,135,121,104,80,71,71,75,82,90,116,120,131,128,111,97,109,96,80,82,107,109,143,194,155,106,65,62,64,57,685
453,64,76,93,100,95,91,97,96,84,94,89,86,92,110,115,113,102,73,68,63,89,81,109,133,150,146,111,100,82,83,86,84,94,99,108,118,138,140,125,100,93,112,94,86,104,120,166,169,136,122,106,82,83,73,100,132,141,142,135,131,121,114,93,81,64,89,82,108,124,103,115,110,76,75,65,74,81,113,95,109,144,124,119,109,95,80,94,80,96,117,150,170,136,118,74,70,54,65,672
456,74,75,96,77,93,87,90,99,99,81,78,96,95,115,101,106,99,81,73,76,77,93,102,146,126,149,114,92,107,68,87,86,88,97,120,111,132,143,113,118,119,92,107,96,100,99,148,174,164,132,99,72,78,86,103,103,162,157,139,135,109,111,90,84,80,89,96,96,132,120,100,109,89,56,72,81,100,80,94,118,149,158,108,107,79,97,76,90,104,128,116,156,144,117,97,61,66,60,665
477,65,81,102,75,107,91,90,88,77,82,96,102,94,113,105,102,95,74,93,72,78,96,96,134,157,105,115,109,87,99,93,84,88,88,124,112,114,135,124,117,95,103,102,109,102,112,131,176,166,157,89,85,69,61,104,97,168,136,154,127,105,98,90,82,93,93,87,119,129,128,112,86,86,64,77,91,68,100,90,121,122,139,145,118,80,88,88,91,100,108,172,166,148,118,85,69,59,64,666
454,76,87,79,95,93,80,92,79,83,76,93,98,106,117,103,105,92,94,70,67,86,88,123,121,145,120,122,94,89,83,85,93,92,103,108,130,119,136,114,101,99,94,97,108,112,117,141,170,178,145,94,96,77,68,75,111,145,150,167,117,127,112,84,71,87,81,99,109,130,108,108,99,78,84,73,87,79,104,117,105,119,143,131,106,91,74,93,91,100,128,144,162,137,110,98,75,64,78,656
450,69,98,83,96,86,90,81,100,63,78,98,111,88,119,121,98,86,84,63,76,87,81,132,129,136,122,112,88,69,92,90,80,91,92,122,141,125,140,112,103,74,93,109,110,118,125,148,152,150,151,110,96,82,71,76,100,121,154,140,142,110,109,100,89,76,91,94,97,133,120,91,107,79,72,74,101,94,97,107,111,114,137,122,111,108,84,93,75,104,127,132,171,152,127,103,54,61,70,658
470,72,79,109,97,92,75,92,72,78,77,83,99,105,124,130,100,82,78,83,72,72,67,115,146,132,130,115,98,76,79,76,78,100,95,117,144,145,136,113,86,99,89,82,113,115,160,122,143,143,149,113,102,107,75,85,103,130,130,122,136,102,103,105,95,84,94,97,116,108,120,104,97,87,71,89,80,83,98,107,109,129,136,99,99,105,81,96,88,107,126,155,147,143,122,95,70,62,78,647
435,89,79,113,101,98,86,78,85,65,61,96,116,104,130,101,96,86,80,75,76,59,85,104,132,136,133,115,107,89,68,60,80,96,103,116,141,149,136,104,89,91,80,95,91,128,132,138,146,147,129,111,113,101,91,78,105,128,137,134,144,118,90,84,83,89,90,107,102,132,106,104,111,69,83,83,108,77,117,101,123,124,121,92,108,94,88,77,91,103,123,170,150,141,123,89,81,68,67,668
463,80,95,97,88,111,93,83,81,58,69,99,118,110,112,105,118,93,78,67,74,58,89,105,135,141,132,94,116,95,79,69,80,91,105,120,139,132,143,105,99,78,98,77,91,124,150,154,143,133,136,110,105,95,87,107,115,127,121,134,146,119,96,87,85,77,83,104,127,113,113,97,95,93,73,87,90,103,103,114,107,141,99,104,88,104,103,69,82,103,144,157,143,147,117,95,75,82,67,645
485,68,82,109,73,94,113,91,82,61,65,84,101,107,124,111,106,96,82,80,60,69,87,111,125,120,134,126,105,80,82,77,78,89,104,119,148,141,130,106,90,81,100,98,110,121,137,131,146,139,131,120,88,93,95,101,111,143,133,123,128,123,105,89,95,96,83,113,126,103,102,107,85,92,97,80,70,105,107,115,133,125,109,98,85,96,103,84,79,102,133,165,162,126,123,87,81,89,58,626
485,71,81,102,93,90,97,94,78,63,71,75,115,102,105,130,100,81,85,76,71,82,73,96,125,133,137,115,101,98,67,76,76,88,103,126,162,133,131,101,93,77,79,72,110,140,140,164,146,126,129,98,110,85,95,95,116,140,154,113,109,114,111,91,77,74,97,116,122,109,107,120,79,80,86,86,84,106,109,96,120,130,123,111,95,89,81,86,90,108,133,144,159,150,108,92,89,82,80,640
513,59,81,80,102,93,92,83,84,86,58,90,101,105,118,114,103,83,77,95,71,84,75,94,122,133,133,123,91,85,72,81,77,80,100,129,155,158,136,102,95,81,74,86,95,123,133,166,152,133,129,100,89,94,83,109,133,132,133,150,108,104,95,99,104,70,78,108,134,113,134,101,92,88,78,82,90,96,109,115,115,135,119,107,101,83,80,65,86,114,148,142,146,154,108,108,85,70,64,641
498,74,82,83,93,104,85,89,65,73,82,82,94,97,116,112,118,81,71,85,64,86,81,90,118,135,153,114,90,97,72,69,70,86,111,128,161,135,110,112,112,77,73,70,88,123,132,156,171,143,125,106,111,91,97,92,129,130,156,149,100,91,90,86,81,88,73,103,118,144,120,115,91,85,72,77,83,90,96,118,130,117,124,123,85,73,85,80,85,105,158,143,156,141,134,88,88,68,77,633
512,74,89,82,93,99,69,90,95,83,62,83,95,112,127,110,97,93,68,70,70,74,87,116,113,131,130,126,97,75,75,69,66,92,105,134,129,139,122,131,83,80,71,81,102,131,120,168,148,149,125,120,91,84,109,112,131,137,144,156,117,84,90,108,67,92,95,93,112,119,144,132,111,67,82,62,93,81,108,111,125,137,137,117,93,85,76,70,89,85,136,154,144,142,119,101,92,94,72,644
492,96,90,74,85,89,78,79,79,76,84,74,104,116,125,121,98,80,74,68,57,75,106,104,140,126,140,117,107,70,70,77,70,101,91,118,131,136,134,106,108,85,77,54,86,130,142,153,142,157,138,115,91,93,101,118,128,141,141,145,113,105,84,84,72,91,102,92,116,115,157,122,105,78,69,79,85,71,123,116,122,159,136,108,85,89,85,65,73,108,137,145,145,125,125,95,98,77,74,648
486,90,98,95,106,88,75,68,72,66,81,93,99,124,117,130,84,90,75,60,68,75,96,100,121,152,130,113,93,80,67,68,86,91,104,121,132,126,135,118,100,91,69,78,89,105,133,159,162,143,138,106,83,86,81,102,140,140,151,144,102,102,71,82,83,85,95,122,129,113,147,112,120,84,62,68,77,79,109,108,139,131,135,122,97,75,75,78,80,102,142,142,150,142,121,102,78,84,58,659
483,93,85,112,99,86,74,68,61,58,78,82,99,137,118,111,97,96,72,57,66,67,97,110,127,153,139,118,90,57,73,70,80,93,109,99,144,127,143,113,109,76,64,76,107,108,145,156,169,164,139,93,82,72,73,92,133,162,172,133,111,89,95,79,68,69,93,104,133,153,134,127,93,101,71,80,77,76,111,111,140,135,131,132,96,93,77,70,78,117,129,162,153,127,105,97,89,73,83,645
482,81,106,101,105,90,72,64,83,57,66,77,78,150,132,121,96,88,73,73,48,67,94,120,107,131,156,117,98,70,68,65,60,106,107,113,131,149,112,130,113,80,69,73,94,101,127,168,173,151,131,108,72,71,77,92,115,165,177,139,114,104,91,82,63,63,82,116,143,156,115,111,99,92,84,70,81,102,90,97,154,136,137,111,114,78,60,66,78,96,128,157,162,131,121,89,74,82,78,678
491,89,86,103,105,116,91,81,64,75,65,71,87,121,144,119,103,73,88,67,68,64,80,105,131,136,133,119,114,80,60,64,76,75,103,129,132,124,129,115,108,106,79,75,100,101,132,139,158,165,143,104,102,65,62,84,120,141,163,162,124,108,74,81,69,59,83,117,154,152,117,112,103,87,84,66,67,109,99,91,128,155,145,143,109,81,63,71,65,91,142,155,152,151,121,83,87,73,62,648
476,66,102,106,109,103,100,74,75,55,65,70,87,124,145,119,116,82,99,57,52,79,79,104,124,126,119,126,110,98,72,60,55,82,89,132,139,134,134,102,102,93,99,67,105,96,136,151,161,166,122,130,118,76,52,82,104,115,185,157,124,121,99,74,66,73,70,94,117,149,148,124,94,81,82,61,71,93,111,93,140,132,143,126,119,81,74,78,70,87,124,157,161,137,98,107,97,83,61,652
503,62,86,101,128,104,87,83,63,61,69,67,96,107,132,142,107,106,62,76,74,63,80,94,111,135,122,127,111,87,70,72,63,74,83,125,134,153,102,113,99,110,82,93,96,78,120,158,158,159,128,103,131,85,67,85,98,137,143,158,144,141,103,81,65,63,80,93,126,133,140,134,109,85,77,55,60,98,92,121,119,144,146,125,107,89,93,74,72,93,117,157,166,131,114,97,91,96,59,648
495,72,82,102,108,106,95,85,71,56,69,82,92,100,118,116,103,107,75,77,65,71,62,89,102,131,123,129,93,98,84,66,52,95,83,107,119,145,124,105,110,93,77,87,97,98,83,137,149,179,141,108,96,91,88,74,81,125,142,148,143,119,121,101,73,58,66,96,100,136,135,132,95,87,81,72,68,84,99,95,139,120,146,119,114,93,73,60,98,91,128,162,114,152,115,105,81,87,75,626
477,61,70,81,107,106,94,76,71,65,54,65,77,100,127,113,89,96,85,77,63,71,57,78,104,109,118,105,105,84,80,71,67,73,77,115,109,138,108,99,107,76,75,69,102,84,125,114,128,147,130,119,85,74,82,78,91,95,122,128,148,124,99,104,80,76,57,72,111,119,111,133,108,62,80,72,52,73,80,104,112,109,121,113,128,95,67,72,75,88,106,150,133,129,120,104,83,62,68,575
398,41,55,68,73,89,72,74,50,50,38,50,60,62,92,65,79,78,70,52,59,57,48,54,62,106,102,84,83,67,59,53,54,67,62,81,99,105,112,84,66,68,58,60,71,75,93,104,118,113,110,98,85,64,57,67,88,95,91,103,132,102,73,72,66,67,56,66,66,96,90,126,85,82,48,55,56,47,66,85,105,82,96,97,106,63,60,68,60,68,96,121,114,125,103,87,78,53,58,423
234,32,31,38,38,54,49,48,46,40,24,14,23,41,54,78,50,59,44,43,27,36,27,25,38,51,73,51,49,47,24,29,30,36,46,52,64,63,58,57,46,48,37,37,40,30,58,83,78,65,65,66,55,50,41,48,53,54,61,63,76,78,60,28,27,25,41,50,44,40,65,76,66,44,39,30,34,38,34,37,71,60,81,70,47,42,53,40,31,46,62,48,70,73,72,57,41,37,29,249
92,15,21,12,18,18,21,24,17,19,10,8,9,15,31,24,28,23,14,19,19,16,17,15,15,20,23,19,27,13,19,12,15,11,17,29,26,29,26,30,20,14,12,16,12,22,29,38,41,20,17,22,22,21,25,21,18,22,23,30,24,33,27,17,17,11,6,12,19,18,19,19,25,28,15,23,12,26,20,15,23,37,27,24,26,20,20,26,20,19,23,14,27,33,36,28,18,19,9,104
14,3,4,4,3,6,2,1,3,4,7,2,3,1,8,6,3,2,2,8,5,2,6,4,5,5,7,5,8,7,0,3,3,1,3,4,4,1,3,6,5,4,2,2,3,2,7,10,10,10,6,6,2,7,6,7,3,7,5,5,2,10,11,3,6,2,6,2,4,8,3,3,5,6,3,5,3,3,5,15,6,9,8,5,3,3,9,3,10,8,9,6,3,15,3,0,4,3,5,14
2,0,0,0,0,0,0,0,0,0,0,0,0,0,1,1,0,0,0,0,1,3,0,1,2,1,0,2,0,1,3,1,0,0,0,2,1,0,1,0,0,0,0,1,1,0,0,1,0,1,6,0,0,2,0,1,1,1,0,1,0,0,3,2,0,0,3,0,0,0,0,1,0,0,0,0,1,0,0,1,2,1,1,0,0,0,0,1,2,0,3,1,1,0,2,0,0,0,0,2
0,0,0,0,0,0,0,0,0,0,0,0,0,0,0,0,0,0,0,0,0,0,0,0,0,1,0,0,0,0,0,0,0,0,0,0,0,0,0,0,0,0,0,0,0,0,0,0,0,0,0,0,0,0,0,0,0,0,0,0,0,0,0,0,1,1,0,0,0,0,0,0,0,0,0,0,0,0,0,0,0,0,0,0,0,0,1,0,0,0,0,0,0,0,0,0,0,0,0,1
0,0,0,0,0,0,0,0,0,0,0,0,0,0,0,0,0,0,0,0,0,0,0,0,0,0,0,0,0,0,0,0,0,0,0,0,0,0,0,0,0,0,0,0,0,0,0,0,0,0,0,0,0,0,0,0,0,0,0,0,0,0,0,0,0,1,0,0,0,0,0,0,0,0,0,0,0,0,0,0,0,0,0,0,0,0,0,0,0,0,0,0,0,0,0,0,0,0,0,0
0,0,0,0,0,0,0,0,0,0,0,0,0,0,0,0,0,0,0,0,0,0,0,0,0,0,0,0,0,0,0,0,0,0,0,0,0,0,0,0,0,0,0,0,0,0,0,0,0,0,0,0,0,0,0,0,0,0,0,0,0,0,0,0,0,0,0,0,0,0,0,0,0,0,0,0,0,0,0,0,0,0,0,0,0,0,0,0,0,0,0,0,0,0,0,0,0,0,0,0
0,0,0,0,0,0,0,0,0,0,0,0,0,0,0,0,0,0,0,0,0,0,0,0,0,0,0,0,0,0,0,0,0,0,0,0,0,0,0,0,0,0,0,0,0,0,0,0,0,0,0,0,0,0,0,0,0,0,0,0,0,0,0,0,0,0,0,0,0,0,0,0,0,0,0,0,0,0,0,0,0,0,0,0,0,0,0,0,0,0,0,0,0,0,0,0,0,0,0,0
0,0,0,0,0,0,0,0,0,0,0,0,0,0,0,0,0,0,0,0,0,0,0,0,0,0,0,0,0,0,0,0,0,0,0,0,0,0,0,0,0,0,0,0,0,0,0,0,0,0,0,0,0,0,0,0,0,0,0,0,0,0,0,0,0,0,0,0,0,0,0,0,0,0,0,0,0,0,0,0,0,0,0,0,0,0,0,0,0,0,0,0,0,0,0,0,0,0,0,0
0,0,0,0,0,0,0,0,0,0,0,0,0,0,0,0,0,0,0,0,0,0,0,0,0,0,0,0,0,0,0,0,0,0,0,0,0,0,0,0,0,0,0,0,0,0,0,0,0,0,0,0,0,0,0,0,0,0,0,0,0,0,0,0,0,0,0,0,0,0,0,0,0,0,0,0,0,0,0,0,0,0,0,0,0,0,0,0,0,0,0,0,0,0,0,0,0,0,0,0
0,0,0,0,0,0,0,0,0,0,0,0,0,0,0,0,0,0,0,0,0,0,0,0,0,0,0,0,0,0,0,0,0,0,0,0,0,0,0,0,0,0,0,0,0,0,0,0,0,0,0,0,0,0,0,0,0,0,0,0,0,0,0,0,0,0,0,0,0,0,0,0,0,0,0,0,0,0,0,0,0,0,0,0,0,0,0,0,0,0,0,0,0,0,0,0,0,0,0,0
