-1.77463,0.41289
-1.88018,0.594216
-1.92997,0.812758
-1.86169,1.0049
-1.79359,1.19843
-1.76781,1.39905
-1.85119,1.60855
-1.76782,1.79802
-1.79147,2.00475
-1.83133,2.20205
-1.84074,2.40438
-1.87097,2.6028
-1.9162,2.80658
-1.99955,3.00853
-1.92765,3.20442
-1.81992,3.38536
-1.79052,3.58728
-1.78527,3.7792
-1.95176,3.93194
-1.79497,4.06344
-1.91734,4.23482
-1.89885,4.44429
-1.8952,4.63753
-1.74844,4.80028
-1.64915,4.96468
-1.71455,5.1581
-1.71889,5.3695
-1.76336,5.57793
-1.67869,5.76145
-1.67705,5.98176
-1.87711,6.07898
-1.80641,6.27784
-1.86472,6.47082
-1.95413,6.65161
-2.03031,6.85047
-1.90556,7.01178
-1.92611,7.21128
-2.06781,7.37185
-1.95831,7.52575
-1.81596,7.68391
-1.88922,7.89041
-1.77847,8.08884
-1.84619,8.27848
-1.85303,8.47853
-2.01654,8.60248
-2.07079,8.81606
-1.99666,9.00454
-1.99496,9.18866
-1.88131,9.34111
-1.89204,9.55736
-1.79177,9.72258
-1.86476,9.90803
-1.99896,10.049
-2.0573,10.2427
-1.93562,10.4167
-1.87813,10.6203
-1.81122,10.7964
-1.76164,10.9916
-1.86,11.1704
-1.72062,11.2979
-1.75351,11.4849
-1.62073,11.6589
-1.80142,11.7148
-1.8446,11.9065
-1.78382,12.1132
-1.79997,12.3286
-1.88579,12.5263
-1.9347,12.7308
-1.86544,12.9475
-1.88948,13.1525
-1.9586,13.3508
-1.8942,13.5285
-1.81175,13.73
-1.65562,13.8396
-1.47689,13.941
-1.48572,14.1478
-1.69024,14.1441
-1.7218,14.3468
-1.72031,14.559
-1.78225,14.7525
-1.9491,14.844
-1.9442,15.0617
-2.02236,15.2527
-1.98386,15.4432
-1.92991,15.6456
-2.07819,15.7766
-2.09172,15.9857
-2.08544,16.1873
-1.95777,16.3511
-2.04403,16.5444
-1.9164,16.7011
-2.00842,16.8842
-1.85837,17.0048
-1.73149,17.1777
-1.72364,17.3798
-1.69785,17.5688
-1.84527,17.6946
-1.84818,17.9126
-1.88109,18.1152
-1.83391,18.3055
-1.86202,18.5018
-1.87457,18.694
-1.83525,18.8905
-1.81201,19.0819
-1.78601,19.2749
-1.95452,19.4152
-1.94129,19.6139
-1.94222,19.809
-1.76977,19.9057
-1.80917,20.096
-1.88599,20.2904
-1.98295,20.4663
-1.87407,20.6364
-1.81311,20.8316
-1.91868,20.9949
-2.07858,21.1275
-2.08716,21.3188
-1.96703,21.4729
-1.84365,21.6334
-1.76953,21.8251
-1.77756,22.0294
-1.80644,22.2185
-1.77344,22.4023
-1.63047,22.533
-1.68898,22.733
-1.78893,22.9034
-1.89381,23.0625
-1.89856,23.2627
-1.86721,23.4764
-1.93133,23.6821
-1.88006,23.8816
-1.84394,24.0802
-1.67456,24.2069
-1.5775,24.3765
-1.51056,24.5549
-1.46407,24.7445
-1.57053,24.9185
-1.68858,25.0864
-1.89673,25.0525
-1.95285,25.2551
-2.13933,25.3695
-2.18288,25.5716
-2.05169,25.7249
-2.03773,25.9304
-2.10219,26.1284
-1.90111,26.2133
-1.84156,26.4073
-1.90767,26.6005
-1.92087,26.8056
-1.78544,26.954
-1.80425,27.1594
-1.65896,27.3075
-1.54677,27.4924
-1.43319,27.6575
-1.34676,27.8289
-1.30457,28.0208
-1.27226,28.222
-1.15783,28.3988
-1.19155,28.6087
-1.22399,28.8147
-1.22117,29.0101
-1.34105,29.1818
-1.28749,29.3841
-1.21592,29.5752
-1.29736,29.7565
-1.26383,29.9438
-1.19737,30.1254
-1.09512,30.3137
-1.10455,30.5394
-1.05345,30.7335
-0.888376,30.8287
-0.872011,31.0233
-1.02125,31.1781
-1.18314,31.2748
-1.20706,31.486
-1.08424,31.6466
-0.931086,31.7788
-1.06463,31.9157
-0.991788,32.1107
-1.01725,32.3128
-0.946753,32.5022
-0.974832,32.7266
-0.953701,32.9167
-0.879387,33.1101
-0.853099,33.3123
-0.895789,33.5088
-1.00127,33.6781
-1.13866,33.8666
-1.0923,34.0592
-1.02846,34.2397
-1.04681,34.4457
-0.855737,34.5007
-0.842396,34.6979
-0.830539,34.9077
-0.880776,35.1047
-0.878887,35.3228
-0.879746,35.525
-0.944795,35.7074
-0.821446,35.864
-0.871795,36.0647
-1.42083,0.196779
-1.37067,0.386871
-1.30748,0.569317
-1.29601,0.76958
-1.16532,0.930209
-1.27853,1.07462
-1.12397,1.1987
-1.11095,1.40108
-1.04429,1.59108
-1.00972,1.79015
-0.926559,1.98051
-0.781497,2.11366
-0.697847,2.29813
-0.732585,2.50996
-0.853421,2.68672
-0.867115,2.86753
-1.02938,3.01418
-0.975085,3.22282
-0.897402,3.40081
-1.00762,3.57281
-1.13697,3.71849
-1.05971,3.90524
-1.2195,4.01829
-1.09885,4.1869
-1.11199,4.3845
-1.10919,4.60876
-1.10965,4.8205
-1.12341,5.02456
-1.18195,5.2171
-1.14246,5.4233
-1.14474,5.61902
-1.03575,5.78835
-1.06352,6.00263
-1.08385,6.22655
-1.11248,6.41419
-1.13645,6.60745
-1.18499,6.81189
-1.12364,7.00652
-1.06387,7.22181
-1.24783,7.33473
-1.21085,7.53158
-1.25053,7.74609
-1.40721,7.87901
-1.2104,7.94467
-1.16494,8.13446
-1.10702,8.32507
-1.12252,8.52571
-1.00162,8.69283
-0.9272,8.88882
-1.07399,9.02136
-1.0367,9.21744
-1.12373,9.40802
-1.07412,9.61097
-1.24037,9.72787
-1.40273,9.84967
-1.44796,10.0668
-1.43301,10.2755
-1.32201,10.448
-1.40315,10.6202
-1.38073,10.8232
-1.36124,11.0314
-1.30822,11.2333
-1.29063,11.4394
-1.18944,11.6287
-1.16119,11.8355
-1.27976,12.0092
-1.27146,12.2184
-1.32811,12.4119
-1.32474,12.6154
-1.24804,12.7894
-1.23812,12.9948
-1.16006,13.1777
-1.02274,13.3114
-1.04144,13.5284
-1.01625,13.7234
-1.01585,13.9236
-1.10156,14.1036
-1.05051,14.3018
-1.11849,14.5012
-1.12145,14.6976
-1.03036,14.8822
-1.07952,15.0608
-1.0859,15.2787
-0.975886,15.4655
-0.958299,15.6543
-1.05535,15.8325
-1.17426,15.9937
-1.20798,16.1927
-1.15951,16.402
-1.27408,16.5671
-1.27835,16.7607
-1.32644,16.9716
-1.39026,17.1683
-1.35964,17.3594
-1.29228,17.5635
-1.22829,17.7658
-1.14808,17.9513
-0.948739,18.0304
-0.840591,18.1916
-0.978125,18.3228
-0.94682,18.521
-1.05753,18.7018
-1.05116,18.9204
-0.957188,19.1214
-0.972704,19.3105
-0.95686,19.5263
-0.971775,19.7257
-1.04416,19.9215
-0.957158,20.1013
-0.979523,20.3002
-0.984445,20.4933
-0.968815,20.6754
-1.1172,20.8102
-1.03749,20.9873
-1.10497,21.1782
-1.14051,21.384
-1.22795,21.5569
-1.14211,21.7389
-0.991701,21.8815
-0.965587,22.0772
-0.98987,22.2745
-1.04434,22.4885
-1.1083,22.6919
-1.06713,22.8919
-1.13522,23.0967
-1.15382,23.3031
-1.02373,23.4576
-1.12963,23.64
-1.1461,23.8479
-0.986524,23.9649
-0.920372,24.1699
-1.0142,24.344
-0.996489,24.5504
-0.895371,24.7147
-0.831196,24.9037
-0.758511,25.0961
-0.928429,25.2105
-0.782707,25.3559
-0.965831,25.4943
-0.90531,25.6904
-0.991725,25.8816
-0.928042,26.0697
-0.950989,26.2616
-0.784023,26.393
-0.922319,26.5378
-1.04166,26.7087
-1.10562,26.8969
-1.18769,27.078
-1.1477,27.2803
-1.12698,27.4757
-1.03376,27.6648
-1.15701,27.8105
-0.978408,27.9339
-0.922994,28.1309
-0.962484,28.3341
-0.901969,28.5174
-0.891029,28.725
-0.91956,28.9219
-0.814324,29.0918
-0.937302,29.2538
-0.851048,29.4399
-0.782151,29.6433
-0.641307,29.8056
-0.525997,29.9652
-0.641771,30.1297
-0.716542,30.3248
-0.614476,30.5021
-0.509524,30.671
-0.664018,30.8029
-0.688152,31.0042
-0.758213,31.2098
-0.55299,31.2765
-0.609678,31.4768
-0.565923,31.6711
-0.626197,31.8651
-0.743838,32.0279
-0.807825,32.2123
-0.715246,32.388
-0.689065,32.6091
-0.629366,32.8048
-0.532981,32.9793
-0.377423,33.1163
-0.339233,33.3123
-0.256106,33.5008
-0.246914,33.7007
-0.356447,33.882
-0.354257,34.0899
-0.476332,34.2545
-0.332459,34.3879
-0.447372,34.5594
-0.620346,34.6878
-0.595378,34.8954
-0.528788,35.0859
-0.516411,35.2872
-0.519053,35.5
-0.583208,35.6951
-0.385568,35.8173
-0.389387,36.013
-0.308678,36.2085
-0.116828,36.2353
-0.773567,0.151524
-0.759415,0.357625
-0.904743,0.509885
-0.877369,0.706394
-0.776923,0.87863
-0.676508,1.06386
-0.518365,1.18858
-0.585926,1.3865
-0.465435,1.54786
-0.393138,1.73943
-0.525701,1.89497
-0.362145,2.02695
-0.320771,2.22753
-0.337072,2.43081
-0.33835,2.6395
-0.265964,2.83713
-0.25857,3.03678
-0.34958,3.22073
-0.471227,3.37954
-0.486544,3.5797
-0.326951,3.70282
-0.420748,3.86497
-0.421723,4.06688
-0.523412,4.23397
-0.533047,4.44929
-0.59448,4.63478
-0.557958,4.82218
-0.678267,4.97327
-0.582467,5.15031
-0.513094,5.33798
-0.590526,5.53245
-0.621354,5.73436
-0.477495,5.86766
-0.459926,6.0689
-0.455555,6.27327
-0.496514,6.48487
-0.363953,6.64017
-0.45324,6.81253
-0.412345,7.01385
-0.592138,7.11847
-0.573223,7.31361
-0.539192,7.51337
-0.689709,7.66558
-0.678922,7.86478
-0.561621,8.0253
-0.674558,8.18769
-0.599026,8.37636
-0.544119,8.56073
-0.63713,8.73851
-0.477197,8.88707
-0.640483,8.99876
-0.592518,9.20227
-0.56053,9.39637
-0.578527,9.60678
-0.640393,9.8013
-0.832519,9.8587
-0.792548,10.0568
-0.858292,10.2462
-0.839667,10.4514
-0.715368,10.6046
-0.707773,10.8162
-0.748637,11.0188
-0.706192,11.2103
-0.739052,11.4289
-0.790231,11.615
-0.873639,11.8122
-0.748917,11.9811
-0.705853,12.1767
-0.509105,12.228
-0.60569,12.3977
-0.623576,12.6128
-0.634541,12.8372
-0.745807,13.0007
-0.809113,13.2055
-0.699233,13.3634
-0.633152,13.5788
-0.561924,13.7687
-0.632136,13.9711
-0.458799,14.0878
-0.510915,14.2756
-0.424514,14.4538
-0.444504,14.6585
-0.544892,14.8439
-0.55951,15.0413
-0.541331,15.2304
-0.703991,15.335
-0.695722,15.5525
-0.586805,15.7222
-0.777019,15.7725
-0.788025,15.9834
-0.797058,16.1792
-0.915643,16.357
-0.938099,16.543
-0.997843,16.7229
-0.91387,16.9118
-0.740534,17.0257
-0.688172,17.2108
-0.541436,17.3509
-0.50381,17.5435
-0.411432,17.7419
-0.50464,17.9254
-0.68006,18.062
-0.636236,18.27
-0.495766,18.4214
-0.343084,18.5442
-0.229221,18.7035
-0.394677,18.8429
-0.474623,19.0443
-0.498272,19.2535
-0.381779,19.4216
-0.366435,19.6421
-0.535698,19.739
-0.724032,19.8142
-0.708857,20.0149
-0.540768,20.1251
-0.675985,20.2683
-0.590974,20.4541
-0.668222,20.6323
-0.669115,20.8473
-0.570015,21.0131
-0.524049,21.2016
-0.693778,21.3076
-0.7206,21.4955
-0.604846,21.6582
-0.510899,21.8212
-0.497826,22.0342
-0.589591,22.2381
-0.638499,22.4476
-0.613168,22.6422
-0.545833,22.8389
-0.673656,22.979
-0.550437,23.1515
-0.412432,23.2854
-0.537754,23.4569
-0.348158,23.4862
-0.481601,23.635
-0.480052,23.8557
-0.41208,24.0566
-0.442796,24.2533
-0.431455,24.4675
-0.362706,24.6676
-0.467968,24.8525
-0.461159,25.0528
-0.341152,25.2083
-0.342843,25.4037
-0.445958,25.587
-0.438437,25.796
-0.471014,25.9983
-0.446707,26.2113
-0.466407,26.4154
-0.375241,26.5954
-0.434061,26.7891
-0.406041,26.9931
-0.266294,27.132
-0.0767166,27.206
-0.10413,27.4079
-0.179507,27.6161
-0.25235,27.814
-0.173541,27.9974
-0.273862,28.1892
-0.138042,28.344
-0.168267,28.5497
-0.276771,28.7294
-0.226054,28.9438
-0.240982,29.1689
-0.100642,29.3125
-0.128525,29.5149
-0.044854,29.7104
0.0108958,29.9202
-0.118494,30.0634
-0.160318,30.2668
-0.159795,30.4787
-0.1289,30.6662
-0.121569,30.8681
-0.172325,31.0587
-0.101497,31.2567
-0.179957,31.4408
-0.233504,31.64
-0.200789,31.8345
-0.226239,32.0545
-0.189129,32.2627
-0.100145,32.4393
-0.186294,32.6195
-0.0601933,32.7706
-0.15238,32.9463
-0.151796,33.1509
-0.023931,33.3068
0.017327,33.4997
0.0692118,33.6991
0.151049,33.8759
0.0258381,34.0291
-0.038186,34.2311
-0.0177055,34.4389
0.0896095,34.6187
0.0289604,34.8144
-0.0179837,35.0168
-0.0380784,35.2237
-0.0763433,35.4124
-0.0773165,35.6204
-0.13414,35.8054
-0.160196,0.48431
-0.191878,0.699084
-0.0767173,0.866551
-0.12315,1.07933
-0.15069,1.28222
-0.0798086,1.46746
-0.251159,1.58317
-0.167234,1.78557
-0.0708906,1.94384
-0.0659124,2.1339
-0.00918779,2.32205
-0.0219944,2.52767
0.0286997,2.73212
0.00547846,2.91883
0.010887,3.11588
0.0861617,3.30306
0.190974,3.48734
0.219163,3.67509
0.383546,3.78212
0.280066,3.95797
0.295655,4.1594
0.1972,4.33881
0.140714,4.52925
0.27604,4.67661
0.125567,4.80395
0.253809,4.96665
0.254477,5.17536
0.0667156,5.2593
0.163951,5.45024
0.13989,5.66229
0.218222,5.86723
0.277865,6.06201
0.364388,6.25403
0.261678,6.4328
0.0635669,6.46445
0.0707747,6.65723
-0.0167327,6.84703
0.063227,7.03603
-0.0357042,7.21284
-0.114835,7.39452
-0.0202087,7.56021
0.0196497,7.75882
-0.0706421,7.94799
-0.0919887,8.15138
-0.165035,8.33192
-0.190851,8.53802
-0.16929,8.74911
-0.138019,8.9504
-0.142875,9.15653
-0.127772,9.37132
-0.197069,9.57244
-0.16533,9.77393
-0.14681,9.9627
-0.0747558,10.1696
-0.0154958,10.3591
0.0893805,10.5188
0.162263,10.7079
0.0555978,10.8629
0.0552913,11.0763
-0.133689,11.1876
-0.24557,11.3503
-0.185427,11.5416
-0.275243,11.7359
-0.155272,11.904
-0.17618,12.1263
-0.107038,12.3318
-0.201271,12.4979
-0.214684,12.7023
-0.0327021,12.7927
0.0262537,12.971
0.0139241,13.1667
-0.00671247,13.3546
0.060817,13.5414
-0.100499,13.6832
0.0194848,13.8732
-0.0283484,14.0829
-0.0979355,14.2808
-0.0828962,14.4915
-0.0574435,14.6834
-0.00623956,14.8716
-0.0941079,15.0739
-0.0884748,15.275
-0.135962,15.4758
-0.12349,15.6861
-0.078144,15.889
-0.123777,16.0834
-0.278951,16.2373
-0.155437,16.4002
-0.176004,16.5898
-0.34159,16.7217
-0.174567,16.8528
-0.293216,17.0096
-0.119243,17.1352
0.0056906,17.3161
-0.116551,17.4596
-0.0700884,17.6506
-0.0172178,17.851
0.170349,17.93
0.102395,18.1221
-0.0113062,18.2867
0.0770752,18.4728
0.0885,18.6696
0.0724135,18.8591
-0.0139917,19.0431
-0.027702,19.2327
0.000365165,19.4358
0.0308988,19.6352
-0.0647591,19.8127
-0.0672277,20.026
-0.139277,20.2207
-0.201744,20.4118
-0.229584,20.6204
-0.0729326,20.742
-0.127504,20.9432
-0.125107,21.1533
-0.0919312,21.3549
-0.0337745,21.5487
-0.153449,21.6988
-0.000635457,21.8402
-0.0643509,22.0424
-0.0785924,22.233
0.0584773,22.3817
0.0410592,22.5734
-0.0659953,22.755
0.040534,22.9132
-0.0263588,23.0956
0.0265513,23.2997
-0.00939621,23.4945
-0.0187187,23.7028
0.0792188,23.8986
0.0477398,24.0947
0.0485801,24.2967
0.0354448,24.5084
0.0746154,24.7097
-0.0340707,24.884
0.0674853,25.0525
-0.086393,25.1913
-0.00508977,25.3728
0.122057,25.5287
0.138493,25.7203
0.0878416,25.9218
-0.0456664,26.0992
-0.0388971,26.3035
0.0150288,26.4954
0.0313272,26.7125
-0.033181,26.8893
0.121434,27.0211
0.185389,27.216
0.128679,27.3995
0.21954,27.5857
0.336853,27.7529
0.288539,27.9578
0.321488,28.1679
0.315409,28.3715
0.257964,28.5707
0.273925,28.7703
0.352335,28.9654
0.250707,29.1469
0.275273,29.3565
0.290144,29.5494
0.178874,29.7216
0.243093,29.9187
0.333613,30.0898
0.247091,30.2493
0.249525,30.451
0.283199,30.6462
0.15186,30.7912
0.183393,30.9848
0.30895,31.1599
0.223794,31.3318
0.167222,31.5209
0.10573,31.7007
0.221645,31.875
0.306106,32.0509
0.242644,32.2356
0.273611,32.452
0.15455,32.6303
0.212391,32.823
0.321167,32.9867
0.347572,33.1912
0.423669,33.3778
0.417862,33.5861
0.450958,33.7808
0.350218,33.9474
0.367492,34.1472
0.3076,34.352
0.375348,34.5438
0.410874,34.742
0.464673,34.9445
0.410059,35.1439
0.501838,35.3196
0.518755,35.529
0.485567,35.7332
0.539093,35.9465
0.395204,36.0852
0.200007,36.0984
0.170142,36.2869
0.206868,36.5014
0.183119,36.7083
0.147104,36.9042
0.245389,0.288129
0.232245,0.492513
0.162297,0.691949
0.204395,0.880316
0.286076,1.07667
0.484567,1.13135
0.652257,1.22469
0.758688,1.3817
0.759679,1.58212
0.824957,1.78483
0.705433,1.95064
0.510942,2.01299
0.557544,2.21801
0.605178,2.43065
0.629192,2.63754
0.685035,2.83081
0.711977,3.02768
0.736584,3.24748
0.619404,3.40988
0.562434,3.60288
0.679709,3.76264
0.521285,3.9257
0.550173,4.12639
0.64242,4.30293
0.50044,4.46115
0.676379,4.58806
0.746499,4.77849
0.778323,4.98316
0.746109,5.18775
0.681713,5.37673
0.660412,5.58944
0.701918,5.80221
0.560871,5.96631
0.61826,6.15684
0.741234,6.31333
0.699914,6.50737
0.548896,6.6659
0.628171,6.8586
0.617586,7.07054
0.729578,7.24513
0.751704,7.44684
0.869824,7.61463
0.771942,7.80381
0.631964,7.95442
0.723923,8.13353
0.776974,8.339
0.63846,8.46098
0.520663,8.61653
0.693269,8.69907
0.742286,8.89304
0.798171,9.09237
0.807168,9.27826
0.803841,9.48662
0.820636,9.69498
0.702353,9.85934
0.653231,10.062
0.60097,10.2672
0.499201,10.4399
0.457646,10.6342
0.442948,10.8359
0.379238,11.0274
0.27873,11.1995
0.195567,11.383
0.202308,11.5822
0.320819,11.7556
0.284794,11.9427
0.353704,12.1296
0.551661,12.1868
0.562936,12.3835
0.518897,12.5816
0.461906,12.7787
0.402696,12.9775
0.521805,13.1159
0.471046,13.3145
0.469195,13.5233
0.399904,13.7146
0.379488,13.9241
0.275526,14.1077
0.426738,14.268
0.394264,14.4545
0.477494,14.6288
0.529848,14.8286
0.619369,14.9998
0.644278,15.1929
0.733239,15.3716
0.586986,15.5323
0.567582,15.7417
0.539669,15.9363
0.653602,16.1157
0.700032,16.3286
0.68749,16.5329
0.624,16.7142
0.452057,16.8162
0.562863,17.0011
0.646522,17.1799
0.503146,17.315
0.540533,17.5095
0.428918,17.6831
0.599389,17.7988
0.57788,17.9978
0.794425,17.9847
0.726786,18.1644
0.664084,18.3612
0.649106,18.5544
0.584785,18.7434
0.605634,18.9417
0.683062,19.1132
0.687866,19.3066
0.572018,19.4706
0.570566,19.6709
0.673964,19.8407
0.709276,20.039
0.623436,20.2225
0.587896,20.4335
0.658449,20.6279
0.59718,20.816
0.620359,21.019
0.729435,21.1895
0.641999,21.376
0.628013,21.5754
0.598312,21.7842
0.685194,21.9689
0.710494,22.1821
0.767614,22.3939
0.781998,22.6004
0.592746,22.6635
0.585903,22.8698
0.622932,23.0599
0.553725,23.2591
0.586849,23.4538
0.564209,23.6448
0.648354,23.8463
0.608452,24.0434
0.600435,24.2455
0.622895,24.4471
0.687794,24.6282
0.655601,24.8213
0.526988,24.9696
0.661327,25.1228
0.685082,25.3208
0.633971,25.51
0.540276,25.6855
0.545445,25.8764
0.537372,26.0719
0.446465,26.2705
0.407811,26.4797
0.53558,26.6233
0.576187,26.8162
0.550002,27.0259
0.393599,27.1521
0.513272,27.305
0.587933,27.4919
0.658805,27.6895
0.614984,27.8869
0.622863,28.0765
0.644699,28.274
0.535436,28.4588
0.571969,28.6556
0.590334,28.8627
0.695197,29.0379
0.607082,29.2152
0.62483,29.4156
0.617774,29.6151
0.722354,29.7822
0.850176,29.937
0.802511,30.1276
0.717165,30.3045
0.783846,30.5
0.873319,30.684
0.822612,30.9023
0.909426,31.093
0.911896,31.2916
0.928482,31.4858
0.834767,31.6589
0.80345,31.865
0.831321,32.0631
0.816051,32.2528
0.834258,32.4479
0.750897,32.6334
0.662626,32.8209
0.756583,33.0086
0.735096,33.2
0.715708,33.4106
0.633105,33.6069
0.652009,33.8155
0.775232,34.0133
0.742309,34.2194
0.897866,34.3329
0.960404,34.5275
1.08618,34.6812
1.16258,34.8769
1.13794,35.0765
1.04437,35.2517
1.08998,35.4386
0.989878,35.6165
1.13499,35.7617
1.09461,35.9553
1.08235,36.1623
1.12055,36.3688
1.28669,36.4779
1.02705,0.300313
1.07903,0.490656
0.956563,0.661073
0.950399,0.854551
0.946736,1.05704
1.06832,1.22101
1.14283,1.41881
1.10232,1.61667
1.09838,1.8165
1.02172,2.00838
0.944116,2.19125
0.911205,2.40767
0.842636,2.61731
1.01083,2.72911
1.09497,2.9065
1.03706,3.08761
1.18316,3.22631
1.20899,3.43767
1.40039,3.4977
1.32769,3.68373
1.14461,3.77972
1.0167,3.92337
0.969189,4.12469
0.990252,4.32983
0.978222,4.54375
1.02848,4.74849
1.04662,4.95452
1.04802,5.15911
1.07341,5.35077
1.14025,5.55633
1.04031,5.72482
1.03176,5.93779
1.07837,6.1518
1.10086,6.35722
1.00633,6.55514
0.900953,6.73111
0.875704,6.92747
1.01681,7.10162
1.10395,7.2848
1.13096,7.48083
1.31445,7.58959
1.32877,7.78952
1.2404,7.98431
1.10745,8.13632
1.23885,8.30474
1.23866,8.49711
1.18267,8.68318
1.27273,8.85633
1.39094,9.0438
1.24908,9.18923
1.24117,9.40252
1.19574,9.61274
1.11702,9.81337
0.97378,9.95685
0.9968,10.169
1.02587,10.3705
0.904194,10.5231
0.901711,10.7269
1.0239,10.8839
1.06009,11.1092
1.02671,11.3184
0.976431,11.5181
0.828304,11.6302
0.87802,11.8237
0.942248,12.0272
0.878789,12.2258
0.971412,12.4109
0.992005,12.6116
0.99553,12.7982
0.965404,12.9934
0.875029,13.1741
0.897916,13.3715
0.868426,13.5892
0.885236,13.8062
0.979452,14.0081
0.88602,14.2082
0.942177,14.4017
0.890668,14.6119
0.951062,14.8197
1.04925,14.9887
0.983076,15.1649
1.18357,15.1769
1.22233,15.3862
1.28949,15.5871
1.3301,15.7913
1.2963,15.9776
1.23097,16.1785
1.08138,16.3083
1.093,16.4928
1.07012,16.6876
1.22926,16.8367
1.10811,16.9958
1.0999,17.1912
1.02392,17.3873
1.01563,17.5827
1.15079,17.7353
1.32344,17.8021
1.28712,17.9912
1.32309,18.1811
1.21004,18.3323
1.16121,18.5304
1.10769,18.7107
1.25308,18.8574
1.41787,18.7588
1.45014,18.9698
1.28298,19.0987
1.37291,19.2864
1.22276,19.4278
1.14162,19.628
1.048,19.8269
1.14077,20.001
1.22355,20.1855
1.08279,20.3258
1.22134,20.4619
1.30876,20.6438
1.26367,20.8518
1.31212,21.0526
1.29994,21.2495
1.15663,21.372
1.08288,21.559
1.04108,21.7768
1.04075,22.0042
1.23664,22.0703
1.28356,22.2487
1.12355,22.3572
1.14089,22.5689
1.12695,22.783
1.00289,22.9403
0.961535,23.1402
1.10246,23.2634
1.04973,23.4513
1.10677,23.6425
1.15056,23.8388
1.20343,24.0057
1.16484,24.1923
1.17549,24.4003
1.12816,24.6112
1.09864,24.8209
1.23791,24.9583
1.23303,25.1646
1.20029,25.3713
1.13176,25.5642
1.12541,25.7717
1.10249,25.9611
1.00928,26.1494
1.03479,26.371
1.05569,26.578
1.02071,26.7992
0.940242,26.9779
0.814359,27.1489
1.01893,27.2089
0.966698,27.3959
0.973617,27.584
1.07838,27.7628
1.18061,27.9334
1.19441,28.1338
1.2851,28.327
1.13189,28.4675
1.23389,28.6405
1.17264,28.8526
1.24144,29.0401
1.38521,29.2093
1.2891,29.388
1.2499,29.5815
1.09632,29.7251
1.19604,29.889
1.23656,30.09
1.19283,30.28
1.14522,30.4818
1.34092,30.5525
1.45672,30.7153
1.43764,30.9176
1.37294,31.1121
1.55683,31.2115
1.55854,31.4115
1.49555,31.6076
1.48929,31.8155
1.40933,32.0114
1.46816,32.2104
1.39808,32.4024
1.51336,32.574
1.46426,32.7678
1.42672,32.9758
1.54991,33.1276
1.66281,33.2988
1.7766,33.4726
1.74668,33.6761
1.74286,33.8917
1.60516,34.0463
1.53208,34.2331
1.50684,34.4458
1.68031,34.5898
1.80736,34.762
1.94132,34.8895
1.89038,35.0885
1.85512,35.2804
1.87626,35.4906
1.78688,35.6857
1.67051,35.8439
1.78541,36.0206
1.5327,0.281178
1.33814,0.358844
1.31965,0.548695
1.38264,0.735647
1.44486,0.922275
1.43047,1.10074
1.54539,1.27728
1.68105,1.42221
1.6954,1.63188
1.58816,1.80768
1.63468,2.00069
1.65485,2.19597
1.61336,2.39139
1.57498,2.59298
1.65709,2.78008
1.69921,2.99254
1.78081,3.18772
1.78513,3.37749
1.83642,3.56857
1.81439,3.76996
1.7012,3.96628
1.86931,4.06501
1.89673,4.27151
1.81283,4.45705
1.71825,4.63235
1.57159,4.76891
1.54273,4.97463
1.3997,5.13617
1.51829,5.30478
1.55128,5.51072
1.7083,5.62297
1.71197,5.82808
1.62491,6.01434
1.62299,6.22682
1.75283,6.4051
1.82906,6.59862
1.89173,6.79364
1.96637,6.98871
1.95751,7.18105
1.8431,7.34032
1.81311,7.54458
1.78829,7.75157
1.9176,7.89774
1.77483,8.03139
1.78824,8.23445
1.81769,8.44009
1.84357,8.63676
2.00439,8.75781
1.88616,8.91074
1.83938,9.1005
1.7491,9.28151
1.78668,9.4934
1.70913,9.69919
1.66785,9.89794
1.69378,10.0909
1.68916,10.3107
1.69386,10.5197
1.64795,10.7192
1.55552,10.8899
1.54696,11.1108
1.52033,11.2985
1.49268,11.4866
1.31732,11.6107
1.23704,11.8013
1.32416,11.9768
1.19777,12.1193
1.19547,12.3192
1.3228,12.4972
1.38411,12.6786
1.48943,12.8276
1.63371,12.9694
1.52766,13.1515
1.66535,13.3139
1.62001,13.5032
1.42964,13.5849
1.44481,13.7828
1.39678,14.0005
1.46878,14.1887
1.47588,14.3823
1.49728,14.5973
1.57206,14.79
1.5165,14.979
1.62407,15.1577
1.73354,15.3334
1.75846,15.5378
1.76458,15.7497
1.67613,15.9208
1.73314,16.1144
1.6332,16.2805
1.72861,16.4769
1.61879,16.6613
1.65197,16.8468
1.7333,17.0506
1.80343,17.2322
1.74716,17.4321
1.73133,17.6346
1.72359,17.8406
1.84148,18.0007
1.90682,18.2028
1.98074,18.3995
2.17332,18.4871
2.15555,18.6797
2.07065,18.8561
2.14328,19.0502
2.00294,19.1859
1.94459,19.391
2.00298,19.5858
1.93574,19.7756
1.86405,19.9612
2.02505,20.0831
2.08218,20.2718
2.13212,20.4681
2.06427,20.6569
2.01097,20.8521
1.96592,21.0609
2.0298,21.2544
1.89025,21.3918
1.85953,21.604
2.00422,21.7629
1.95183,21.9626
1.95308,22.1713
1.89386,22.3645
2.01169,22.5294
2.06404,22.7256
1.94831,22.8964
2.13131,22.9801
2.09891,23.1802
2.14713,23.3919
2.1787,23.5794
2.03927,23.7419
2.01625,23.9555
2.10316,24.1276
1.94397,24.2605
2.03325,24.4495
1.94958,24.6259
1.93583,24.8346
2.03706,25.0078
1.86224,25.124
1.72309,25.2844
1.55694,25.4022
1.51617,25.6045
1.58525,25.8045
1.60468,26.0095
1.66133,26.1941
1.74547,26.3945
1.81031,26.5816
1.87681,26.7689
1.75845,26.9452
1.77341,27.147
1.83418,27.337
1.71687,27.498
1.74223,27.712
1.76408,27.9083
1.84073,28.1029
1.88136,28.2998
1.9919,28.4769
1.91844,28.6775
1.81606,28.8694
1.91081,29.0482
1.8736,29.2436
1.91868,29.4548
1.77678,29.6096
1.58304,29.6422
1.63727,29.8438
1.6597,30.038
1.76872,30.1994
1.64746,30.3513
1.80429,30.481
1.93277,30.6433
2.05863,30.82
2.0863,31.0185
1.97653,31.1813
2.03568,31.3803
2.18777,31.5298
2.18124,31.7303
2.16059,31.9259
2.00889,32.0574
1.94676,32.2561
1.94228,32.4597
2.04023,32.6411
1.98579,32.8412
2.01222,33.0363
2.148,33.198
2.22218,33.3718
2.26249,33.5714
2.25912,33.7713
2.17125,33.9469
2.14642,34.1413
2.3139,34.2617
2.21093,34.4303
2.35373,34.5706
2.20243,34.7063
2.3848,34.767
2.329,34.97
2.26611,35.1588
2.3626,35.3395
2.34941,35.5495
2.42866,35.7346
2.36112,35.9371
2.46619,36.1172
3.84845,0.375555
3.925,0.539506
4.10495,0.649549
4.13156,0.855727
4.16504,1.05578
4.1046,1.25245
3.99767,1.41835
3.89474,1.60952
4.09775,1.65752
4.00372,1.829
4.0691,2.03449
3.9345,2.18366
4.11036,2.29865
4.01941,2.47478
3.82806,2.56639
3.94689,2.73205
3.81644,2.89864
3.76326,3.11675
3.83761,3.30614
3.80051,3.5058
3.80362,3.7152
3.9334,3.84918
3.98098,4.04989
3.98241,4.2474
3.94496,4.44026
4.04985,4.60371
4.11652,4.78714
4.06994,4.98568
4.08175,5.20155
3.98026,5.37778
3.93465,5.57897
3.86769,5.76498
3.94608,5.94461
3.84243,6.10976
3.76273,6.29017
3.82729,6.48907
3.69112,6.65444
3.69939,6.86823
3.65175,7.06518
3.66703,7.26677
3.7212,7.45327
3.75631,7.65653
3.82423,7.84464
3.90611,8.02676
4.0653,8.14649
4.08774,8.34763
4.02051,8.55129
3.98848,8.76186
3.91972,8.9526
3.89567,9.14527
4.03235,9.31744
4.11722,9.50313
4.28536,9.61449
4.13499,9.74262
4.14891,9.94599
4.15568,10.1507
4.04598,10.3391
4.1081,10.5204
4.08461,10.7263
3.90789,10.8412
3.96097,11.0343
3.86678,11.2043
3.91524,11.3915
3.93854,11.6052
3.79753,11.7461
3.96573,11.8657
3.97732,12.0652
3.9912,12.2731
3.95,12.4685
3.80012,12.6181
3.8775,12.815
3.99846,12.9988
4.00636,13.2116
3.99952,13.4247
3.96093,13.6343
3.97729,13.8251
3.90752,14.022
3.89682,14.225
3.92279,14.4413
3.87854,14.6424
3.75932,14.8276
3.8604,14.9899
3.88728,15.1812
3.92936,15.3601
4.08836,15.4936
4.00081,15.6749
4.04848,15.8729
3.91571,16.0391
3.98963,16.2285
4.13251,16.3726
3.96549,16.494
3.96278,16.6929
3.96883,16.9131
4.00616,17.1098
4.13727,17.2504
4.16047,17.4451
4.13317,17.6508
4.0129,17.8064
3.88313,17.9728
3.97629,18.1707
4.09545,18.3395
4.18114,18.5326
4.17106,18.7239
4.18289,18.9301
4.12125,19.1291
4.0055,19.3261
4.00723,19.5256
3.96255,19.7321
3.99306,19.9413
3.97454,20.1441
4.09107,20.3048
3.94927,20.4493
4.01155,20.6425
4.07111,20.838
3.95728,21.0151
3.95545,21.2333
3.92641,21.4534
3.80523,21.6079
3.84262,21.7978
3.74452,21.9678
3.86083,22.1128
3.97027,22.2822
3.93611,22.4891
3.90455,22.7026
3.87129,22.9033
3.84103,23.1069
3.88415,23.3
3.92872,23.5024
4.08634,23.6146
4.19811,23.7952
4.15246,24.0019
4.12213,24.2049
4.17815,24.3861
4.14771,24.5852
3.99941,24.7422
3.93172,24.9393
3.89947,25.1483
4.05389,25.2539
4.19165,25.4081
4.22273,25.6075
4.11792,25.7821
4.02677,25.9697
3.99509,26.1715
4.01359,26.3782
4.12094,26.534
4.24975,26.677
4.05506,26.7578
4.17708,26.9349
4.12834,27.1257
4.04741,27.307
3.91523,27.4815
3.96379,27.6787
3.95605,27.8866
3.96195,28.0844
3.81015,28.1953
3.8475,28.395
3.90536,28.5927
3.91202,28.8057
3.93629,29.0144
3.90354,29.2387
3.86605,29.4465
3.91451,29.6355
3.98779,29.8462
3.97658,30.0595
4.05847,30.2501
3.93276,30.4051
3.82548,30.5546
3.86303,30.7609
3.854,30.9651
3.90434,31.1697
3.93612,31.3716
3.89358,31.5736
3.93875,31.7607
3.90517,31.9607
3.86702,32.174
3.7946,32.3658
3.79904,32.5714
3.84106,32.7572
3.89098,32.9549
3.79199,33.1297
3.97347,33.2181
4.00622,33.4245
4.10692,33.5903
4.23794,33.7264
4.4309,33.8368
4.63963,33.7923
4.58638,33.986
4.72842,34.1429
4.67206,34.3337
4.63268,34.5243
4.769,34.6825
4.77605,34.8857
4.94374,34.9861
-4.86442,35.048
-4.85804,35.2464
-4.67505,35.3101
-4.77613,35.485
-4.97754,35.5201
-4.92908,35.7177
-4.78257,35.8643
4.7352,0.395187
4.76395,0.595152
4.73141,0.794058
4.78091,0.99638
4.71028,1.19978
4.84073,1.3576
4.96963,1.51045
-4.96658,1.69257
4.99132,1.88185
-4.98782,2.09268
4.9144,2.26744
-4.98514,2.43814
-4.85654,2.60432
-4.75308,2.77038
-4.68458,2.97209
-4.73166,3.16852
-4.85771,3.3276
-4.99804,3.48708
-4.92473,3.65935
-4.99455,3.84916
4.9919,4.04957
-4.96712,4.24147
-4.90209,4.43498
-4.93675,4.64936
-4.92752,4.86706
-4.98674,5.06526
-4.93218,5.25531
4.96454,5.42751
4.91388,5.61723
4.80186,5.7766
4.86659,5.95959
4.82455,6.17892
-4.97921,6.24604
4.99944,6.44767
4.80392,6.49623
4.89073,6.67155
4.85844,6.88599
4.80479,7.09346
4.76181,7.28807
4.83855,7.47814
4.89676,7.66583
4.87304,7.87696
4.83588,8.09024
4.94367,8.26494
4.87346,8.45556
4.97408,8.62894
4.96274,8.8341
4.89133,9.02262
4.88753,9.22442
4.77956,9.38741
4.83595,9.60177
4.9547,9.77713
4.96521,9.97859
4.95722,10.1697
4.93814,10.3754
4.84919,10.5553
4.79375,10.7567
4.75947,10.9474
4.68486,11.1489
4.60007,11.3329
4.705,11.4994
4.88243,11.5826
4.86189,11.7769
-4.97353,11.8897
4.91613,12.0868
4.8325,12.2729
4.70047,12.4209
4.6535,12.6156
4.7425,12.7997
4.78115,13.0044
4.91897,13.166
4.96656,13.3664
-4.91156,13.5204
-4.84877,13.7214
-4.77503,13.9295
-4.9318,14.0554
4.97355,14.2301
-4.96467,14.4051
4.93317,14.5914
4.8114,14.7358
4.85555,14.9309
4.84439,15.1353
4.9063,15.3339
4.86899,15.5285
4.81203,15.7242
4.84182,15.9252
4.76504,16.1141
4.60527,16.2455
4.65546,16.4402
4.64714,16.6494
4.63325,16.8615
4.6314,17.0708
4.6422,17.2685
4.51651,17.4296
4.51337,17.6378
4.48501,17.8283
4.67445,17.9379
4.69498,18.1365
4.65164,18.3328
4.66512,18.5352
4.75541,18.7087
4.81971,18.8908
4.88976,19.0909
4.83953,19.2898
4.84663,19.4901
4.81455,19.6928
4.95756,19.8284
-4.86596,19.955
-4.80054,20.1472
-4.71073,20.3157
-4.77858,20.4909
-4.89409,20.6648
-4.97317,20.8436
-4.91202,21.0408
-4.80854,21.2084
-4.89903,21.3931
-4.94512,21.5896
4.91265,21.7372
4.89073,21.9387
4.96186,22.1336
4.93229,22.3261
4.82749,22.4953
4.98053,22.6568
-4.91344,22.8293
-4.93867,23.0217
-4.75977,23.1418
-4.67274,23.3363
-4.63791,23.5352
-4.74668,23.705
-4.68797,23.9086
-4.67824,24.1192
-4.6386,24.3238
-4.84145,24.3841
-4.84353,24.5755
-4.81999,24.7634
-4.88311,24.965
4.98371,25.1135
-4.88394,25.2676
4.99667,25.4404
-4.97927,25.6421
-4.91371,25.8487
-4.9192,26.0459
-4.89137,26.2378
-4.86193,26.4406
-4.98499,26.6225
4.89732,26.7914
-4.90513,26.8329
-4.81435,27.0191
-4.6784,27.1656
-4.70822,27.355
-4.74639,27.5605
-4.87118,27.7113
-4.91582,27.9131
-4.94278,28.1031
-4.87475,28.2877
4.94537,28.3769
-4.97504,28.5505
-4.92772,28.7391
4.91484,28.8616
4.81615,29.0431
4.92277,29.2318
4.97963,29.4234
4.8529,29.5749
4.83538,29.7812
4.84755,29.9749
4.85397,30.1779
4.79439,30.39
4.80208,30.5964
4.73773,30.7984
4.71407,31.0107
4.89555,31.096
4.87591,31.2995
-4.98461,31.4482
-4.86571,31.6218
-4.81543,31.8181
-4.77106,32.0263
-4.85328,32.2078
-4.83788,32.4208
-4.79412,32.6078
-4.96196,32.7393
4.91085,32.8999
-4.99295,33.0756
-4.81851,33.1984
-4.85334,33.391
-4.84154,33.6016
-4.84691,33.8103
-4.84325,34.0264
-4.65129,34.1104
-4.67283,34.3096
-4.62399,34.5128
-4.49609,34.6789
-4.49259,34.9008
-4.38076,35.0653
-4.37368,35.265
-4.25156,35.4442
-4.2951,35.6446
-4.16667,35.8036
-4.13787,35.9944
-4.09762,36.1984
-4.23974,36.3696
-4.775,0.510707
-4.83974,0.684957
-4.8147,0.88098
-4.78661,1.09301
-4.77124,1.30595
-4.65167,1.47164
-4.51575,1.60543
-4.50483,1.80571
-4.41756,1.97638
-4.3211,2.15365
-4.20263,2.33832
-4.10517,2.52324
-4.04762,2.72219
-4.03074,2.92523
-3.94751,3.11468
-4.04151,3.29884
-3.95545,3.48534
-4.14756,3.5376
-4.08038,3.74636
-3.95742,3.91381
-3.93622,4.1366
-4.02304,4.32391
-3.85437,4.42256
-3.87872,4.62243
-3.9407,4.8225
-4.02871,5.02112
-3.98013,5.22593
-4.10374,5.38526
-4.15296,5.58937
-4.05099,5.76844
-4.08634,5.9598
-4.13321,6.17129
-3.98136,6.3065
-4.05026,6.48911
-3.95724,6.66309
-4.11003,6.80611
-3.96716,6.97237
-3.8156,7.10362
-3.65351,7.23075
-3.61652,7.43513
-3.6506,7.63864
-3.76507,7.82117
-3.91931,7.94832
-3.93112,8.14852
-3.97232,8.34544
-3.93005,8.54236
-4.0255,8.72029
-4.13766,8.88554
-4.30467,8.99604
-4.25877,9.21485
-4.33476,9.4085
-4.38443,9.61409
-4.40205,9.8185
-4.2414,9.92143
-4.27187,10.1428
-4.28124,10.34
-4.29871,10.5349
-4.18631,10.6929
-4.16962,10.8963
-4.2099,11.1014
-4.20091,11.3002
-4.29006,11.4818
-4.21094,11.6571
-4.2527,11.8569
-4.23413,12.0545
-4.35316,12.2389
-4.24107,12.4245
-4.2203,12.6274
-4.30845,12.8157
-4.44585,12.9673
-4.31725,13.1201
-4.30617,13.3136
-4.3691,13.5248
-4.36356,13.7311
-4.43237,13.916
-4.41367,14.1192
-4.24368,14.2062
-4.25099,14.4122
-4.22324,14.6124
-4.14733,14.8157
-4.05145,14.9917
-4.06395,15.1824
-4.13876,15.3618
-4.09963,15.5659
-4.16078,15.7561
-3.96628,15.7713
-4.05228,15.9537
-3.93499,16.1228
-3.93832,16.3302
-3.88576,16.5085
-3.82554,16.7097
-3.72367,16.8869
-3.90906,16.9209
-3.87357,17.12
-3.88661,17.3354
-4.04747,17.444
-3.98464,17.6373
-3.88441,17.7996
-3.96119,17.9836
-3.97024,18.1971
-3.95897,18.4199
-4.09244,18.5639
-3.97945,18.7337
-3.946,18.9313
-3.77636,19.048
-3.77641,19.2603
-3.63037,19.405
-3.72745,19.5762
-3.69801,19.777
-3.70576,19.9806
-3.73921,20.1825
-3.78063,20.3852
-3.90679,20.5569
-3.95593,20.7466
-3.91874,20.957
-3.96457,21.1424
-4.12754,21.2419
-4.12685,21.4386
-4.14522,21.642
-4.04596,21.8153
-4.07525,22.0193
-4.26378,22.0951
-4.15379,22.2501
-4.29813,22.4004
-4.25158,22.6128
-4.04962,22.6265
-4.00827,22.8204
-4.01142,23.0156
-3.87451,23.1593
-3.97893,23.3256
-4.02544,23.5287
-4.00009,23.7192
-4.13307,23.8814
-4.08208,24.086
-4.13885,24.2756
-4.05264,24.4564
-4.22548,24.5505
-4.20492,24.7513
-4.10681,24.9208
-3.9826,25.0874
-4.00308,25.2891
-4.15032,25.3977
-4.11252,25.6042
-4.09215,25.81
-4.12669,26.0121
-4.12243,26.2219
-3.99231,26.3635
-4.07878,26.536
-3.9103,26.6755
-4.11085,26.7562
-4.25577,26.8975
-4.06032,26.9309
-4.10081,27.1311
-4.06292,27.3423
-4.12399,27.5425
-4.00262,27.7067
-3.97527,27.9119
-3.93715,28.1166
-3.99981,28.3231
-4.0331,28.5316
-4.01431,28.7463
-4.01892,28.9435
-3.95534,29.1248
-4.01108,29.3183
-4.01235,29.5318
-4.02407,29.7506
-3.98153,29.9574
-3.95803,30.1625
-3.88027,30.3445
-3.85671,30.5383
-3.89605,30.7368
-3.92276,30.9428
-4.11885,30.9252
-4.1297,31.1457
-4.06565,31.328
-4.00001,31.5354
-3.99537,31.7395
-3.978,31.9575
-3.89949,32.1549
-3.78425,32.3257
-3.91378,32.495
-3.96223,32.6768
-3.90503,32.8776
-3.96429,33.0668
-3.98245,33.2768
-3.97764,33.4892
-4.05696,33.6929
-3.98784,33.8948
-3.90733,34.0828
-3.90882,34.2957
-3.9305,34.4956
-4.06939,34.635
-4.05971,34.8672
-4.03604,35.058
-3.8873,35.1928
-3.95902,35.3688
-3.9691,35.591
-3.90753,35.8057
-3.84646,36.0039
-3.81956,36.2101
