-3.5174,0.289411
-3.46128,0.482511
-3.44918,0.696186
-3.55964,0.858765
-3.4405,1.0328
-3.37433,1.2128
-3.3355,1.4189
-3.16827,1.5478
-3.2799,1.72597
-3.26409,1.92704
-3.34319,2.11717
-3.48556,2.28266
-3.43051,2.48374
-3.26401,2.61341
-3.27547,2.80011
-3.46868,2.82803
-3.44729,3.03504
-3.48451,3.23848
-3.65555,3.36014
-3.56261,3.53551
-3.57906,3.73767
-3.47246,3.90977
-3.46914,4.11796
-3.30775,4.22818
-3.22038,4.41187
-3.16092,4.61381
-3.10856,4.82036
-3.2158,4.99291
-3.13531,5.17761
-3.0071,5.33941
-3.03955,5.53286
-3.12049,5.72427
-3.0098,5.89708
-2.98934,6.09832
-2.8318,6.23205
-2.9463,6.39726
-2.90609,6.61249
-2.94383,6.81284
-2.94395,7.0079
-3.01083,7.2171
-3.18721,7.34228
-3.23867,7.54875
-3.11212,7.72758
-3.0263,7.9195
-2.94414,8.09744
-3.1064,8.22439
-3.03108,8.41594
-3.0535,8.63212
-3.11573,8.83132
-3.03229,9.00408
-2.90785,9.14836
-2.96213,9.3512
-3.13169,9.46681
-3.09083,9.65992
-3.04094,9.8726
-3.19446,9.99745
-3.29617,10.1602
-3.12157,10.2756
-3.02808,10.47
-2.97556,10.6689
-3.02475,10.8618
-3.02017,11.0747
-2.83173,11.1585
-2.71251,11.3386
-2.74933,11.5312
-2.72217,11.7329
-2.64151,11.9176
-2.79183,12.0466
-2.64858,12.197
-2.66199,12.3851
-2.58682,12.5649
-2.59508,12.7618
-2.47209,12.9268
-2.60288,13.0868
-2.48314,13.2515
-2.40647,13.436
-2.45194,13.6407
-2.44589,13.86
-2.4655,14.0561
-2.38249,14.2567
-2.28183,14.4331
-2.31092,14.6284
-2.27472,14.8325
-2.34756,15.017
-2.49165,15.1513
-2.48368,15.3532
-2.45381,15.5578
-2.49727,15.7504
-2.44857,15.9372
-2.52731,16.1402
-2.47687,16.3571
-2.33511,16.5048
-2.21734,16.6579
-2.39897,16.7379
-2.50244,16.9047
-2.37036,17.058
-2.38921,17.2683
-2.29873,17.4331
-2.19725,17.6032
-2.18118,17.7882
-2.06535,17.9549
-2.21592,18.0945
-2.31949,18.28
-2.38392,18.4673
-2.45067,18.6639
-2.52901,18.8557
-2.64123,19.0254
-2.74022,19.1975
-2.60319,19.3392
-2.65641,19.5291
-2.60694,19.7345
-2.68415,19.9201
-2.51207,20.031
-2.58411,20.2245
-2.79474,20.2144
-2.70085,20.4007
-2.83794,20.5661
-2.64607,20.6016
-2.6255,20.8174
-2.56113,21.0115
-2.57086,21.2217
-2.70285,21.3686
-2.70446,21.5682
-2.76294,21.7622
-2.67943,21.9462
-2.64367,22.1512
-2.73021,22.3417
-2.72976,22.5536
-2.76489,22.7628
-2.81435,22.9701
-2.80974,23.1721
-2.82358,23.3832
-2.68328,23.5556
-2.62432,23.7392
-2.48915,23.9071
-2.42882,24.0884
-2.46553,24.301
-2.47603,24.4989
-2.57552,24.6827
-2.42706,24.8409
-2.30535,24.9961
-2.34289,25.2026
-2.40882,25.3923
-2.47154,25.5809
-2.38586,25.7585
-2.5059,25.9204
-2.32471,26.0222
-2.40371,26.2266
-2.4239,26.4381
-2.41114,26.64
-2.38982,26.844
-2.42504,27.0321
-2.35655,27.2225
-2.35059,27.4412
-2.25508,27.6175
-2.14878,27.7816
-2.0869,27.9834
-1.98564,28.1691
-2.12976,28.2997
-2.0261,28.4799
-1.90161,28.661
-1.89942,28.8625
-1.91362,29.0778
-1.81612,29.2422
-1.7422,29.4251
-1.76456,29.6346
-1.82828,29.8296
-1.8164,30.0145
-1.8695,30.2177
-1.81777,30.4233
-1.7713,30.6311
-1.73331,30.8281
-1.54339,30.9079
-1.65229,31.0776
-1.61706,31.2726
-1.62199,31.4602
-1.50851,31.6307
-1.67353,31.732
-1.69538,31.9305
-1.84688,32.0544
-1.92974,32.2431
-1.87508,32.4283
-1.7911,32.6195
-1.81427,32.8223
-1.90019,32.9989
-1.89527,33.2153
-2.07835,33.3397
-2.0598,33.5421
-1.98202,33.7214
-2.01612,33.9395
-1.97979,34.149
-2.01279,34.3428
-2.05282,34.5448
-2.0588,34.7495
-1.94378,34.9208
-1.99492,35.1105
-1.8889,35.2964
-1.82391,35.4985
-1.80296,35.6921
-1.7104,35.87
-1.34683,0.311323
-1.35575,0.510778
-1.53013,0.644457
-1.37494,0.769912
-1.3027,0.951431
-1.27406,1.14426
-1.34657,1.34094
-1.41611,1.52186
-1.4458,1.72959
-1.5888,1.86665
-1.65113,2.07419
-1.67566,2.25504
-1.68623,2.45271
-1.71058,2.65641
-1.56337,2.78905
-1.44496,2.94011
-1.50027,3.15001
-1.62147,3.3076
-1.63662,3.50766
-1.63868,3.70752
-1.76324,3.85648
-1.6545,4.04647
-1.85425,4.06967
-1.89334,4.29248
-1.85027,4.47828
-1.76125,4.6754
-1.87638,4.83664
-1.90014,5.03163
-1.91633,5.21996
-1.87763,5.42701
-1.71687,5.56537
-1.64312,5.74444
-1.66651,5.95365
-1.82017,6.11507
-1.75183,6.2808
-1.76678,6.48378
-1.81155,6.69428
-1.90061,6.88299
-1.88968,7.07684
-1.82291,7.26645
-1.95563,7.40565
-1.83785,7.55835
-1.80794,7.76482
-1.78432,7.96576
-1.8423,8.17212
-1.7457,8.33937
-1.7863,8.54963
-1.75447,8.74854
-1.67113,8.92729
-1.66284,9.14129
-1.73483,9.33402
-1.89459,9.45575
-1.99043,9.65463
-2.12208,9.7986
-2.00237,9.9763
-1.92012,10.1568
-1.75327,10.2625
-1.68661,10.4672
-1.68228,10.6694
-1.72557,10.8708
-1.73092,11.0713
-1.75047,11.2859
-1.82826,11.476
-1.63881,11.5844
-1.70807,11.7843
-1.6864,11.9852
-1.80062,12.1501
-1.65089,12.3131
-1.68869,12.5012
-1.6034,12.6816
-1.6778,12.8723
-1.71869,13.0653
-1.65681,13.2665
-1.61622,13.4581
-1.72694,13.623
-1.86275,13.7659
-1.70597,13.869
-1.57056,14.0178
-1.52974,14.2129
-1.44867,14.4074
-1.64203,14.4895
-1.65968,14.6865
-1.60769,14.879
-1.63951,15.0701
-1.5007,15.2083
-1.51749,15.4238
-1.68294,15.5297
-1.51037,15.6543
-1.60923,15.8178
-1.64001,16.0042
-1.61453,16.1984
-1.60513,16.4014
-1.70327,16.5736
-1.77633,16.7637
-1.76861,16.9584
-1.83068,17.151
-1.70899,17.34
-1.70591,17.5424
-1.63465,17.7317
-1.6937,17.938
-1.7211,18.1484
-1.76866,18.3303
-1.77778,18.5303
-1.64623,18.684
-1.60969,18.8747
-1.76447,19.0419
-1.7,19.2218
-1.62934,19.4105
-1.60234,19.6103
-1.67673,19.7915
-1.66844,19.9942
-1.76634,20.1846
-1.79721,20.3792
-1.62731,20.5077
-1.69631,20.6904
-1.7239,20.9134
-1.79674,21.1006
-1.81844,21.3143
-1.77928,21.5127
-1.67917,21.7001
-1.64782,21.893
-1.56575,22.0808
-1.5748,22.2709
-1.68963,22.4321
-1.71596,22.6269
-1.58134,22.7797
-1.74834,22.9124
-1.77864,23.1179
-1.84739,23.312
-1.95284,23.4896
-1.9229,23.6821
-1.90998,23.8928
-1.96935,24.0795
-2.03092,24.2671
-1.98219,24.4772
-2.06754,24.6442
-1.90774,24.7737
-2.06018,24.905
-2.00374,25.0931
-1.93669,25.2842
-1.89411,25.4873
-1.72342,25.6157
-1.69746,25.8069
-1.58277,25.9729
-1.52703,26.1666
-1.59901,26.3526
-1.53081,26.5431
-1.52461,26.7499
-1.63612,26.9392
-1.69927,27.1308
-1.58114,27.2801
-1.56477,27.4721
-1.48778,27.6662
-1.44936,27.8521
-1.40517,28.0504
-1.51824,28.2182
-1.60236,28.3957
-1.61146,28.6008
-1.45078,28.7253
-1.39787,28.9177
-1.41842,29.1013
-1.32108,29.2809
-1.28818,29.4847
-1.26831,29.7025
-1.2753,29.9023
-1.27799,30.1058
-1.17214,30.2742
-1.29918,30.4325
-1.22031,30.6179
-1.09838,30.803
-1.0311,31.0078
-0.970498,31.1979
-1.01231,31.4094
-1.09961,31.5995
-1.0528,31.7889
-1.19874,31.9245
-1.18901,32.127
-1.11585,32.3052
-0.950821,32.4334
-0.947234,32.6399
-0.999511,32.8323
-1.03389,33.0317
-0.886165,33.1827
-0.869976,33.3829
-1.00532,33.5201
-0.800388,33.6102
-0.865897,33.8077
-0.849501,34.0031
-0.835938,34.1976
-0.775631,34.3825
-0.954977,34.4914
-0.784229,34.6321
-0.701354,34.8283
-0.704945,35.0159
-0.801314,35.2008
-0.782473,35.4039
-0.769568,35.6125
-0.671048,35.8023
-0.735318,36.0129
-0.588602,36.1522
-0.903291,0.595746
-0.935464,0.814982
-0.909167,1.02036
-0.839899,1.21117
-0.913532,1.37942
-0.918842,1.59934
-1.07022,1.74125
-1.13745,1.92426
-1.12129,2.12977
-0.965603,2.24997
-1.01428,2.448
-1.1081,2.64151
-1.05088,2.8284
-1.13686,3.02336
-1.17712,3.23553
-1.14593,3.43019
-1.32042,3.54815
-1.3265,3.77685
-1.26489,3.97824
-1.19819,4.17775
-1.18253,4.3765
-1.30469,4.54567
-1.23969,4.74187
-1.19295,4.94873
-1.18678,5.14571
-1.2894,5.33393
-1.22211,5.5413
-1.14287,5.73516
-1.14447,5.93345
-1.00756,6.08679
-1.04493,6.28705
-0.99208,6.47789
-1.12991,6.61222
-1.21839,6.79972
-1.13373,6.99898
-1.09403,7.21138
-1.07872,7.41885
-1.00074,7.6092
-0.914011,7.80124
-0.843777,7.99135
-0.820151,8.19593
-0.96323,8.34084
-0.798251,8.43912
-0.795936,8.64269
-0.876026,8.82048
-0.723981,8.96916
-0.599487,9.10784
-0.576023,9.31874
-0.672071,9.49054
-0.710457,9.69407
-0.645917,9.88935
-0.696063,10.0928
-0.79041,10.2755
-0.901819,10.4451
-0.906322,10.651
-0.946964,10.8441
-0.961552,11.0424
-0.833733,11.2064
-0.950498,11.3532
-1.01142,11.5384
-0.926,11.7202
-1.027,11.8965
-0.934653,12.0855
-1.04144,12.2647
-0.956442,12.4567
-1.05976,12.6433
-1.02052,12.8509
-1.00546,13.0576
-1.06833,13.248
-1.14096,13.444
-1.04435,13.603
-0.918046,13.7563
-0.82234,13.9261
-0.855204,14.1231
-0.925067,14.3358
-1.06983,14.4877
-1.13813,14.684
-1.00441,14.8474
-0.903631,15.0243
-0.989336,15.2006
-0.832954,15.335
-0.848531,15.5415
-0.774934,15.7414
-0.824932,15.9374
-0.773527,16.1322
-0.771826,16.3289
-0.823125,16.5392
-0.829455,16.7284
-0.823825,16.9377
-0.964574,17.0816
-1.00195,17.2791
-0.998328,17.4872
-1.05942,17.6883
-0.976108,17.8739
-1.06499,18.0471
-1.13448,18.233
-1.05088,18.4139
-0.90634,18.5534
-0.891109,18.7711
-0.699204,18.7248
-0.620931,18.9126
-0.774914,19.0257
-0.688767,19.204
-0.571945,19.3882
-0.642037,19.5725
-0.568127,19.7722
-0.510253,19.9581
-0.430621,20.1545
-0.579277,20.3067
-0.671403,20.4851
-0.641732,20.6812
-0.762869,20.8571
-0.77348,21.0786
-0.645109,21.2434
-0.693038,21.4482
-0.747823,21.629
-0.874009,21.7973
-0.768368,21.9793
-0.579329,22.0594
-0.643925,22.2419
-0.774271,22.4006
-0.792159,22.6194
-0.848814,22.8135
-0.905128,22.9968
-0.912896,23.1968
-0.916933,23.3888
-0.822386,23.571
-0.723946,23.7534
-0.689811,23.9553
-0.888899,24.0123
-0.913276,24.2193
-0.973171,24.4091
-0.92292,24.5946
-0.889893,24.7896
-0.789002,24.9712
-0.890559,25.1587
-0.869331,25.3637
-0.851392,25.5696
-0.79303,25.7513
-0.820137,25.9549
-0.891908,26.1563
-0.74698,26.3015
-0.735382,26.5023
-0.70698,26.6947
-0.745001,26.886
-0.795222,27.0652
-0.791483,27.268
-0.601174,27.3318
-0.567587,27.5229
-0.627449,27.716
-0.744779,27.8761
-0.892485,27.9961
-1.06874,28.1046
-0.936247,28.2696
-0.911936,28.4655
-0.830445,28.6449
-0.815767,28.8491
-0.822429,29.0493
-0.778423,29.2544
-0.874866,29.4282
-0.901335,29.6196
-0.947707,29.8306
-0.936509,30.0394
-0.884807,30.2536
-0.752666,30.4209
-0.663787,30.6072
-0.716591,30.7952
-0.648135,30.9859
-0.67197,31.1728
-0.672154,31.3721
-0.616068,31.5783
-0.572474,31.7844
-0.466084,31.9771
-0.468942,32.1756
-0.390046,32.3475
-0.37008,32.5648
-0.38861,32.762
-0.384182,32.9588
-0.29995,33.1683
-0.329892,33.3807
-0.184137,33.5185
-0.0717978,33.6835
-0.0626671,33.8756
0.00047228,34.0659
-0.123014,34.2176
-0.206358,34.3948
-0.113071,34.5837
-0.0390185,34.7749
-0.114475,34.9676
-0.170752,35.165
-0.163124,35.3785
-0.0422415,35.5297
-0.1024,35.7397
-0.111945,35.9343
0.0402343,36.0655
0.0901122,36.2714
0.163799,36.4686
0.031376,36.6203
0.0332684,36.8115
-0.0589773,36.9825
-0.637648,0.37074
-0.679425,0.564129
-0.645492,0.760186
-0.464549,0.81124
-0.477277,0.995747
-0.48214,1.19513
-0.432976,1.38524
-0.513038,1.56098
-0.40971,1.75511
-0.258885,1.91118
-0.349355,2.09256
-0.43296,2.28792
-0.468252,2.4909
-0.551776,2.67891
-0.438182,2.83698
-0.500441,3.02489
-0.57239,3.21695
-0.530914,3.41135
-0.609982,3.59005
-0.557764,3.7726
-0.614032,3.97015
-0.699327,4.15935
-0.727099,4.36542
-0.659812,4.56869
-0.617489,4.75551
-0.65012,4.94781
-0.509482,5.11267
-0.60275,5.28297
-0.57882,5.48666
-0.596896,5.6962
-0.602829,5.89933
-0.615944,6.09595
-0.627046,6.30226
-0.601618,6.49811
-0.541535,6.68785
-0.638894,6.86546
-0.494122,7.02509
-0.564368,7.20139
-0.573104,7.4004
-0.396542,7.49821
-0.271797,7.65019
-0.258243,7.85826
-0.279812,8.06263
-0.338731,8.24416
-0.475459,8.40042
-0.355941,8.57483
-0.193854,8.69996
-0.267793,8.87721
-0.176589,9.05841
-0.171106,9.26151
-0.0471616,9.40994
0.0082418,9.6036
-0.0309529,9.79468
0.0701942,9.97233
0.0135148,10.1723
-0.0331147,10.3752
-0.0799905,10.5816
-0.0886554,10.7878
-0.0108421,10.9791
-0.102848,11.1415
-0.0456001,11.3318
-0.0542043,11.5407
-0.138149,11.7232
-0.19739,11.9222
-0.153799,12.1295
-0.275118,12.294
-0.285245,12.4985
-0.341617,12.6956
-0.340588,12.8913
-0.392237,13.079
-0.202116,13.1476
-0.19329,13.3636
-0.177714,13.5757
-0.108724,13.7806
-0.134098,13.981
-0.0291769,14.166
-0.0697403,14.358
-0.0746091,14.5596
0.00808085,14.7347
-0.0851837,14.9162
-0.0984756,15.1108
0.017752,15.2733
0.100636,15.4429
0.0841543,15.6393
0.193478,15.8169
0.110497,16.0194
0.0410689,16.1888
0.00627789,16.4179
0.0499283,16.6061
0.0194412,16.8224
-0.00295755,17.0289
-0.16377,17.1519
-0.0412436,17.3053
-0.0713853,17.4981
-0.0965098,17.6909
-0.128823,17.8882
-0.270974,18.0293
-0.25514,18.2155
-0.19909,18.4261
-0.2681,18.6183
-0.0703051,18.5876
0.000315665,18.7759
0.0685655,18.9462
0.139636,19.1338
0.0802969,19.3428
0.0559325,19.5358
-0.0854854,19.6893
-0.105496,19.8972
-0.132318,20.098
-0.17508,20.2909
-0.241921,20.4795
-0.139079,20.6557
-0.0848343,20.8743
-0.210662,21.0293
-0.149029,21.2165
-0.173423,21.419
-0.213729,21.6133
-0.0546663,21.7355
-0.232282,21.8436
-0.160382,22.0601
-0.242765,22.2398
-0.165876,22.4182
-0.0758878,22.6104
-0.112596,22.8249
-0.0382771,23.0071
-0.0590023,23.1993
-0.127719,23.396
-0.260067,23.5443
-0.134685,23.7097
-0.232595,23.8903
-0.224761,24.0832
-0.0911033,24.2287
0.0203785,24.4099
-0.0142525,24.6066
-0.0636614,24.8019
-0.0857525,25.0084
-0.154165,25.2121
-0.216072,25.4105
-0.142485,25.5984
-0.13351,25.8122
-0.0966125,26.0152
-0.10656,26.2135
-0.147287,26.4185
-0.147695,26.6349
-0.137373,26.844
-0.0809903,27.0496
-0.0257395,27.2301
0.0131121,27.44
0.193585,27.5379
0.157886,27.7397
0.113793,27.9354
-0.0138861,28.0883
-0.099398,28.2729
-0.0832467,28.4746
-0.170975,28.6531
-0.0171702,28.805
-0.00735361,29.0033
-0.0681423,29.1931
-0.136473,29.385
-0.246056,29.5632
-0.237841,29.7612
-0.18881,29.9578
-0.132803,30.162
0.0582805,30.2293
-0.0467209,30.3897
-0.0964621,30.576
-0.00936494,30.7635
-0.125186,30.9411
-0.270852,31.0912
-0.112062,31.204
0.0585436,31.3062
0.106351,31.4921
0.0114212,31.651
0.0139955,31.8502
0.146967,32.0054
0.083466,32.2068
0.0515543,32.4071
-0.0583248,32.5751
0.0362237,32.7547
-0.0627601,32.9428
0.110249,33.0309
0.0128515,33.2035
0.00966876,33.4061
0.124965,33.5707
0.177347,33.7654
0.293478,33.9535
0.304938,34.1497
0.247315,34.3601
0.330069,34.5626
0.224418,34.7319
0.245666,34.9545
0.343615,35.1448
0.373913,35.3272
0.226089,35.476
0.322281,35.647
0.503094,35.7161
0.394835,35.8821
0.51974,36.055
0.425106,36.2224
0.605784,36.3385
-0.0708527,0.259448
0.0730902,0.409927
-0.0305088,0.595117
-0.0278796,0.799693
-0.114889,0.989345
0.0248786,1.13946
0.0243454,1.35881
0.0350009,1.57425
0.123293,1.74528
0.10275,1.94479
0.0524054,2.13764
-0.0223979,2.33033
0.0544442,2.52527
-0.0258909,2.6942
0.0195853,2.90565
-0.12074,3.06181
-0.205782,3.23687
-0.212025,3.44218
-0.173116,3.64268
-0.138515,3.83588
-0.0772354,4.03082
-0.131873,4.22631
-0.192418,4.41637
-0.0599469,4.57271
0.0157716,4.7534
-0.0121702,4.96145
0.0372115,5.15888
0.134878,5.33422
0.240789,5.51679
0.0896918,5.66231
0.0347198,5.84387
-0.0438958,6.01737
-0.000501403,6.20625
0.105222,6.36253
0.137891,6.55376
6.67871e-05,6.69374
-0.0881644,6.87249
-0.137734,7.0789
-0.0444628,7.26138
-0.049848,7.47728
0.0453827,7.64941
-0.0504478,7.83708
0.0267757,8.02797
0.198998,8.14273
0.168309,8.34988
0.21755,8.54447
0.238082,8.74741
0.0796499,8.86083
0.190649,9.02965
0.311773,9.19582
0.256672,9.38515
0.315607,9.58444
0.191604,9.75731
0.370343,9.86141
0.268274,10.0383
0.255645,10.2444
0.261105,10.451
0.466202,10.4844
0.544071,10.6892
0.362572,10.7575
0.273694,10.9425
0.215948,11.1391
0.195656,11.3628
0.173665,11.5561
0.325063,11.699
0.369193,11.8859
0.279672,12.0768
0.18289,12.2637
0.30998,12.4344
0.241578,12.6254
0.414843,12.7342
0.459375,12.9243
0.510345,13.1186
0.37315,13.283
0.431815,13.4705
0.558762,13.6352
0.474621,13.8345
0.355973,13.9852
0.317471,14.1862
0.3349,14.4123
0.344797,14.622
0.355554,14.8288
0.224507,14.9699
0.376247,15.087
0.383356,15.2953
0.391545,15.4943
0.381764,15.7006
0.49949,15.8874
0.450111,16.0903
0.419227,16.2724
0.336065,16.4617
0.44079,16.6379
0.377225,16.8373
0.405352,17.0235
0.382137,17.2338
0.515881,17.3804
0.462966,17.5727
0.449046,17.7701
0.488209,17.9634
0.614176,18.1187
0.404565,18.1394
0.456892,18.338
0.442263,18.5426
0.519018,18.7162
0.697612,18.8148
0.610063,18.9924
0.645174,19.174
0.622859,19.365
0.797862,19.4374
0.807398,19.6488
0.782896,19.8513
0.806392,20.0532
0.712297,20.2329
0.722647,20.4437
0.810281,20.6308
0.854357,20.8437
0.773817,21.0564
0.704073,21.2417
0.702365,21.4268
0.530892,21.5525
0.487035,21.7721
0.537069,21.9616
0.664364,22.134
0.742794,22.3184
0.682411,22.5135
0.843824,22.6264
0.863557,22.8271
0.836096,23.0424
0.921611,23.2135
0.838393,23.4181
0.771338,23.6197
0.715296,23.815
0.722618,24.018
0.807098,24.2158
1.00029,24.2603
1.02371,24.4551
1.01091,24.6676
0.933594,24.8791
0.931959,25.084
0.925942,25.2921
0.795973,25.4626
0.691611,25.6408
0.601975,25.8389
0.54647,26.0321
0.559625,26.2364
0.571191,26.4344
0.617216,26.622
0.685986,26.8154
0.575096,26.9912
0.635115,27.1756
0.529024,27.3263
0.572008,27.5149
0.709877,27.6565
0.678611,27.8592
0.50883,27.9638
0.458289,28.1618
0.504012,28.3558
0.526167,28.566
0.546845,28.7611
0.550486,28.9719
0.560647,29.1659
0.488412,29.3586
0.530517,29.5489
0.550322,29.7456
0.740677,29.8222
0.797904,30.0119
0.743595,30.2089
0.580056,30.3359
0.538816,30.5218
0.570613,30.7285
0.71151,30.8883
0.787731,31.0869
0.830951,31.288
0.890084,31.4713
1.05496,31.5973
0.938351,31.7776
0.815202,31.9405
0.722563,32.1239
0.853598,32.2973
0.691758,32.3943
0.757043,32.578
0.950181,32.6354
0.956685,32.8335
0.859831,33.0109
0.855723,33.216
0.820364,33.4101
0.88613,33.5996
0.836261,33.7836
0.877884,33.9862
0.808506,34.175
0.73725,34.3592
0.807089,34.5511
0.883086,34.7533
0.789219,34.9412
0.929706,35.0774
0.982888,35.2705
0.935926,35.4821
0.976562,35.6822
0.945872,35.8815
0.958077,36.0949
0.402618,0.324846
0.528365,0.482961
0.484921,0.68538
0.404718,0.859707
0.443582,1.06015
0.599003,1.20629
0.775178,1.2917
0.869443,1.47336
0.886397,1.67013
1.02952,1.85633
1.02384,2.06786
1.04963,2.26577
1.00197,2.47738
0.861126,2.62103
0.886784,2.82787
0.994685,2.99766
0.949175,3.20805
0.888466,3.40714
0.90666,3.60244
0.901184,3.79771
1.04331,3.93474
1.06145,4.14269
1.012,4.33979
0.976627,4.54908
1.03233,4.7527
1.03944,4.95344
0.986425,5.1624
0.999544,5.36754
0.913661,5.5467
0.823362,5.73818
0.849876,5.94935
0.773154,6.12963
0.783499,6.32538
0.80058,6.53903
0.640313,6.63927
0.769418,6.79327
0.907949,6.93401
0.86794,7.13137
0.950457,7.32785
0.859445,7.49728
0.963217,7.66541
1.00906,7.87733
1.04386,8.06083
1.17595,8.20518
1.1704,8.41528
1.07691,8.60428
0.992457,8.79185
0.890735,8.96348
1.0591,9.06861
1.032,9.25564
0.973885,9.4385
0.871686,9.62039
0.817477,9.81971
0.776622,10.0235
0.885186,10.1871
0.924247,10.383
0.763844,10.5113
0.853976,10.709
0.804218,10.905
0.705986,11.0683
0.678334,11.2647
0.884538,11.2462
0.944718,11.4326
0.978606,11.6411
0.842301,11.7842
0.939826,11.9585
0.895117,12.1495
1.07197,12.2498
1.01102,12.4451
1.16069,12.5792
1.03859,12.7563
1.0475,12.9536
1.18362,13.1108
1.08563,13.2956
1.1025,13.4978
1.12952,13.6933
1.01235,13.8802
1.03633,14.1038
1.04335,14.2937
1.00409,14.5006
0.980096,14.6945
0.870616,14.8599
0.941821,15.0347
1.04982,15.1981
1.03021,15.4066
0.91053,15.5824
0.856327,15.7799
0.907966,15.9709
0.745355,16.0834
0.882766,16.2196
0.93704,16.4209
1.01435,16.6002
1.04882,16.7847
1.10123,16.9907
0.97783,17.1557
0.908736,17.3514
0.912786,17.549
0.914682,17.7582
1.05571,17.9174
1.09193,18.1187
1.05969,18.3195
1.13969,18.4991
1.2608,18.6536
1.32678,18.8426
1.50863,18.9257
1.46391,19.1158
1.5518,19.286
1.46665,19.4684
1.46869,19.667
1.58273,19.8329
1.60348,20.0272
1.46861,20.1712
1.39124,20.3628
1.2383,20.48
1.36892,20.6302
1.3492,20.8482
1.40688,21.0452
1.42348,21.2387
1.58934,21.372
1.64855,21.5601
1.75972,21.7239
1.76561,21.9256
1.57892,21.9969
1.45563,22.1494
1.29532,22.2717
1.43623,22.423
1.52731,22.6129
1.5271,22.8179
1.66637,22.9629
1.75282,23.1521
1.8079,23.3527
1.93233,23.5246
2.00293,23.7143
1.85372,23.8461
1.93301,24.0277
2.06791,24.16
2.19269,24.3343
2.04363,24.4787
2.10826,24.6664
2.19296,24.8357
2.0543,24.977
2.03763,25.1741
1.88243,25.2986
1.67231,25.36
1.71045,25.5717
1.75422,25.7683
1.82764,25.9576
1.79409,26.1681
1.74868,26.391
1.83918,26.5884
1.80856,26.7916
1.86585,26.9856
2.0335,27.0876
2.05136,27.2897
2.17496,27.4411
2.07242,27.6129
1.94558,27.7712
2.10018,27.9166
2.14928,28.1052
2.16341,28.3038
2.15864,28.5088
2.25986,28.6806
2.15872,28.8565
2.09647,29.0497
2.05056,29.2596
2.04302,29.4565
2.17116,29.647
2.03368,29.7895
2.04174,29.9997
2.17066,30.162
2.02899,30.3363
1.98274,30.5281
1.99209,30.7335
1.85829,30.8992
1.91314,31.089
1.93198,31.2962
1.8613,31.4957
1.71838,31.642
1.79524,31.8339
1.7353,32.0227
1.80499,32.2061
1.77868,32.4019
1.58814,32.4288
1.59412,32.6328
1.66235,32.822
1.75723,32.9758
1.75429,33.1939
1.72951,33.3939
1.63214,33.5874
1.70195,33.7874
1.67937,33.9769
1.54999,34.1173
1.52592,34.3239
1.42812,34.5134
1.54336,34.6998
1.63823,34.8768
1.71752,35.0609
1.55677,35.2048
1.66209,35.3909
1.58799,35.58
1.68091,0.409962
1.80232,0.573494
1.77434,0.786911
1.85009,0.969403
1.66844,1.08115
1.64166,1.27768
1.5044,1.40635
1.55012,1.61405
1.62599,1.81034
1.65581,2.01089
1.76418,2.18644
1.70574,2.36815
1.765,2.54684
1.89324,2.69746
1.72575,2.81186
1.81621,2.99601
1.77303,3.19394
1.77846,3.39787
1.65621,3.5822
1.59601,3.77172
1.67013,3.95907
1.59965,4.1691
1.52001,4.33923
1.45712,4.52759
1.30007,4.67591
1.48313,4.77655
1.44249,4.98722
1.5293,5.1776
1.66587,5.33321
1.70039,5.5263
1.66489,5.72047
1.60088,5.92753
1.5899,6.12258
1.71291,6.29773
1.72213,6.49828
1.83757,6.67069
1.82347,6.87641
1.7314,7.06369
1.65168,7.25149
1.59739,7.44114
1.57626,7.64493
1.70685,7.80082
1.56955,7.95564
1.62244,8.13026
1.59656,8.32802
1.49136,8.52283
1.51273,8.71519
1.46194,8.90858
1.66524,8.95093
1.85463,9.05731
1.86287,9.27821
1.76887,9.46995
1.76046,9.66839
1.61435,9.82165
1.61863,10.0265
1.6488,10.2365
1.67585,10.4389
1.64567,10.6299
1.67506,10.8398
1.69661,11.0394
1.66028,11.2327
1.79141,11.376
1.6927,11.5699
1.63184,11.767
1.55787,11.9518
1.47892,12.1445
1.424,12.3371
1.34391,12.5221
1.37697,12.716
1.39207,12.9092
1.36841,13.0972
1.41392,13.2976
1.56701,13.4289
1.53074,13.6396
1.5845,13.8393
1.7748,13.9027
1.82177,14.0975
1.77391,14.2926
1.7248,14.4935
1.53992,14.5955
1.59452,14.781
1.55844,14.9864
1.58516,15.2041
1.67401,15.3812
1.75203,15.5763
1.65657,15.7639
1.53347,15.9376
1.59945,16.1319
1.68423,16.3141
1.74992,16.5171
1.68944,16.71
1.76268,16.8917
1.86354,17.0822
2.00224,17.2268
2.09973,17.4208
2.04497,17.6206
2.22964,17.735
2.21249,17.9354
2.13898,18.1217
2.26322,18.2938
2.33323,18.4894
2.47261,18.6242
2.49112,18.8242
2.48047,19.0233
2.60988,19.1712
2.71013,19.3442
2.62252,19.5366
2.60753,19.7442
2.62087,19.9444
2.45681,20.0586
2.47172,20.2517
2.52126,20.4555
2.33741,20.4798
2.40445,20.6729
2.45231,20.8854
2.60811,21.0235
2.58423,21.2164
2.65701,21.4065
2.72116,21.5923
2.55806,21.705
2.44905,21.8823
2.49647,22.0863
2.4639,22.2922
2.34213,22.4746
2.22607,22.6443
2.34736,22.7987
2.48463,22.9406
2.47948,23.1376
2.60247,23.302
2.62305,23.4998
2.47019,23.6338
2.49551,23.8366
2.4266,24.0165
2.4068,24.209
2.48105,24.4005
2.53751,24.5891
2.5852,24.7957
2.7595,24.9137
2.74082,25.1079
2.73516,25.3144
2.81549,25.4989
2.84839,25.6981
2.9577,25.8629
2.91334,26.0756
2.75359,26.2139
2.77884,26.4056
2.75971,26.6217
2.66274,26.7862
2.56471,26.9517
2.47969,27.1371
2.3225,27.2547
2.46842,27.3951
2.3814,27.5692
2.41762,27.7806
2.42362,27.9839
2.50535,28.173
2.68365,28.243
2.7399,28.4447
2.63044,28.6094
2.67764,28.8112
2.74904,29.0155
2.84251,29.213
2.74378,29.3927
2.68221,29.5951
2.67377,29.7876
2.60541,29.9757
2.65322,30.1738
2.64306,30.3592
2.49945,30.4966
2.42959,30.6915
2.5002,30.8733
2.61648,31.0325
2.58958,31.2268
2.48922,31.3995
2.47909,31.6088
2.55751,31.8008
2.41273,31.915
2.46211,32.1144
2.46455,32.3183
2.44725,32.518
2.45549,32.7275
2.42917,32.9221
2.27311,33.0548
2.29479,33.2536
2.29264,33.4548
2.47944,33.5035
2.46159,33.6902
2.49754,33.8958
2.51349,34.0999
2.49557,34.2992
2.41359,34.5116
2.55734,34.6577
2.63879,34.8419
2.53712,35.0133
2.38907,35.1414
2.34818,35.3588
2.31987,35.5638
2.34432,35.7524
2.2928,35.9402
2.27463,36.1465
2.80677,0.358022
2.70099,0.517072
2.70825,0.711474
2.7192,0.913505
2.66658,1.11705
2.77298,1.29351
2.86663,1.4839
2.80784,1.67918
2.81964,1.88672
2.90953,2.05736
2.88677,2.24931
2.94765,2.44508
2.96536,2.65281
2.97812,2.83607
3.01489,3.0411
3.04962,3.24243
2.91209,3.39489
2.86349,3.60059
2.73097,3.76132
2.6481,3.95044
2.68418,4.1605
2.83901,4.28286
2.90484,4.47214
2.99937,4.64882
2.93621,4.84016
2.95535,5.03739
3.00082,5.23715
3.10777,5.41048
3.09896,5.60113
3.00087,5.79033
3.11084,5.98107
3.23049,6.14907
3.33356,6.33133
3.43871,6.50023
3.58235,6.6563
3.48048,6.83877
3.40094,7.0225
3.24159,7.13734
3.13027,7.29627
2.96017,7.41465
3.05695,7.58411
3.1537,7.76866
3.07123,7.9469
2.89177,8.07213
2.81884,8.25674
2.81159,8.47202
2.70979,8.63455
2.74015,8.82625
2.69231,9.02279
2.72181,9.21648
2.6515,9.39777
2.68011,9.59673
2.54252,9.75742
2.3749,9.8599
2.46528,10.0367
2.55269,10.2324
2.3846,10.3476
2.29389,10.5263
2.45387,10.6704
2.36369,10.861
2.32839,11.0615
2.43988,11.2434
2.47016,11.443
2.57875,11.5956
2.6615,11.7865
2.61175,11.9932
2.43879,12.1221
2.53405,12.3146
2.55116,12.5141
2.45114,12.6933
2.4051,12.8934
2.44792,13.0854
2.38973,13.2787
2.40668,13.4739
2.3845,13.6707
2.33379,13.8477
2.28957,14.0515
2.47647,14.1677
2.60274,14.3282
2.52953,14.5327
2.4931,14.7389
2.61439,14.9205
2.69599,15.1203
2.66296,15.3361
2.71641,15.5481
2.61787,15.7261
2.73213,15.8968
2.80068,16.0853
2.69048,16.2382
2.80125,16.4081
2.73415,16.5886
2.7212,16.7942
2.68973,16.9947
2.79219,17.1749
2.74402,17.3826
2.89897,17.507
2.83529,17.6931
2.73812,17.8774
2.64432,18.0661
2.70506,18.2466
2.85382,18.3872
2.82465,18.5878
2.92055,18.761
2.8887,18.9571
2.90001,19.1616
3.01518,19.3537
2.92023,19.5411
2.93954,19.7389
2.93633,19.9575
2.92544,20.1604
3.09979,20.254
3.01504,20.4332
3.0615,20.6275
3.02941,20.8191
3.16277,20.9784
3.1961,21.176
3.28589,21.3598
3.37697,21.5391
3.34196,21.7537
3.21667,21.9137
3.16095,22.0938
3.12471,22.2906
3.15182,22.4886
3.3211,22.6038
3.39644,22.7998
3.31453,22.9787
3.43304,23.138
3.36138,23.3238
3.40589,23.513
3.36004,23.7201
3.32875,23.9322
3.24542,24.1221
3.25754,24.3574
3.17564,24.5567
3.1927,24.7656
3.3455,24.8937
3.33488,25.0885
3.35058,25.2824
3.34207,25.4877
3.31876,25.6828
3.37368,25.8837
3.32432,26.0874
3.37392,26.283
3.35897,26.4616
3.36401,26.6837
3.29765,26.8882
3.37231,27.0762
3.34399,27.2809
3.3789,27.4879
3.42056,27.6825
3.4365,27.887
3.34288,28.057
3.37466,28.261
3.41312,28.4629
3.54652,28.6313
3.51591,28.8243
3.49467,29.0348
3.41662,29.2208
3.30907,29.3938
3.38871,29.5819
3.57019,29.6708
3.5181,29.8676
3.3337,29.9431
3.48371,30.0926
3.60116,30.2647
3.67211,30.4531
3.79496,30.6108
3.80447,30.829
3.72515,31.0301
3.74631,31.2246
3.71833,31.4096
3.78997,31.5923
3.85311,31.7839
3.90278,32.0039
3.97475,32.2009
3.94881,32.4081
4.08438,32.5504
4.17045,32.7092
4.23634,32.8946
4.10998,33.0503
4.0271,33.2222
3.91594,33.3965
3.967,33.6006
3.78964,33.7067
3.78808,33.9177
3.86527,34.1127
3.75541,34.2841
3.76267,34.4951
3.84183,34.6628
3.71438,34.852
3.87748,34.9596
3.92969,35.1479
3.74811,35.2413
3.90565,35.36
3.75862,35.5147
3.78661,35.7203
3.87382,35.8953
3.88665,36.1067
3.92033,36.3346
3.79524,36.497
4.69558,0.407142
4.71792,0.611814
4.8732,0.742846
4.93847,0.940344
4.7567,1.06884
4.90881,1.20626
4.80934,1.37106
4.82564,1.56709
4.86709,1.76382
4.89907,1.95194
4.96368,2.13469
4.83093,2.28005
4.89019,2.47548
4.902,2.68675
4.90476,2.88635
4.87866,3.10012
4.84447,3.30063
4.75703,3.4733
4.77241,3.68136
4.73782,3.88348
4.78457,4.09471
4.89475,4.26889
-4.94291,4.38948
-4.99147,4.58969
-4.99608,4.79715
-4.95126,5.00231
-4.95068,5.19809
4.85917,5.25689
4.69351,5.37812
4.59488,5.55203
4.55255,5.75765
4.54565,5.96232
4.51354,6.17912
4.59352,6.35779
4.59938,6.56582
4.43901,6.69649
4.5112,6.87832
4.55373,7.08223
4.66176,7.26827
4.75057,7.44305
4.88494,7.62371
4.86234,7.81874
4.87092,8.02888
4.78244,8.19486
4.76312,8.39726
4.66771,8.57885
4.55579,8.74739
4.63689,8.93776
4.76673,9.10708
4.79631,9.30804
4.8742,9.4884
4.95652,9.67099
-4.90853,9.82518
-4.94988,10.0117
-4.94083,10.2196
-4.82657,10.3776
-4.88342,10.5883
4.93799,10.6724
4.99386,10.8479
4.92915,11.0318
4.99735,11.2215
4.99331,11.4191
-4.98657,11.6162
-4.98018,11.8138
4.92543,11.9974
4.94934,12.2079
-4.93627,12.398
-4.8251,12.5495
-4.8032,12.7666
-4.94208,12.9121
4.87372,13.0312
4.81964,13.231
4.74516,13.4243
4.86605,13.5942
4.80066,13.7745
4.88513,13.9711
4.79729,14.1711
4.88017,14.3622
4.93267,14.5566
4.9434,14.7642
4.76146,14.6467
4.65051,14.8181
4.60095,15.023
4.70414,15.1783
4.75066,15.3803
4.80323,15.5813
4.80734,15.8072
4.78469,16.0081
4.9056,16.1693
4.96355,16.3483
-4.95719,16.5177
4.9634,16.713
4.86052,16.8962
4.86247,17.1034
4.91765,17.3272
4.81287,17.4982
4.87768,17.6911
4.88272,17.8925
4.87608,18.0892
4.97793,18.2661
-4.92432,18.4387
-4.92128,18.6436
4.93611,18.7749
-4.97567,18.9509
4.93689,19.1422
4.8476,19.3362
4.86241,19.5258
4.8992,19.7284
4.92036,19.945
4.98706,20.1306
-4.99555,20.3286
4.94011,20.5139
-4.97892,20.6976
4.90277,20.8644
-4.99694,21.0277
4.92428,21.2067
4.99741,21.3906
4.87672,21.545
4.8862,21.757
4.93694,21.9558
4.98021,22.1688
4.99635,22.3872
-4.93496,22.5804
-4.89115,22.7855
-4.88399,22.9966
-4.98076,23.1691
4.87124,23.3285
4.82423,23.5121
4.86847,23.7016
-4.93571,23.7489
-4.96099,23.9302
-4.97242,24.1386
-4.96499,24.3531
4.93978,24.5099
-4.99158,24.6932
-4.96015,24.8997
-4.93127,25.1161
-4.84076,25.2921
-4.77467,25.487
-4.89974,25.6509
-4.96777,25.8394
4.98662,26.0343
4.9599,26.239
-4.91134,26.391
4.9893,26.5772
-4.92738,26.7651
-4.93128,26.974
4.96751,27.1572
-4.91393,27.3385
4.99411,27.5167
-4.91539,27.7099
-4.77571,27.8545
-4.89414,28.0336
-4.93119,28.2275
-4.92851,28.4266
4.95073,28.6058
4.80591,28.7322
4.88984,28.9268
4.90822,29.1263
4.84233,29.3076
4.8772,29.5237
4.87156,29.7112
4.82724,29.91
4.78708,30.1089
4.74491,30.3115
4.62217,30.4589
4.76337,30.63
4.87332,30.7979
4.8496,31.0001
4.90074,31.2045
4.84031,31.4138
4.88248,31.6067
4.83901,31.8094
4.75555,31.9879
4.66092,32.1785
4.86529,32.2412
4.78252,32.4244
4.67191,32.6013
4.80589,32.7624
4.90126,32.9415
4.84271,33.143
4.69145,33.265
4.67916,33.467
4.6652,33.6772
4.86037,33.7295
4.98948,33.8934
-4.86176,34.0266
-4.90698,34.2259
-4.93779,34.4169
4.91228,34.5819
4.99818,34.778
4.93486,34.9895
-4.97856,35.1751
4.98645,35.3851
4.78501,35.4374
4.80246,35.6573
4.93662,35.8137
4.92411,36.0105
-4.97541,36.1985
-4.82996,36.3543
4.99886,0.277951
-4.88411,0.436733
-4.8331,0.626549
-4.7755,0.822677
-4.73529,1.01878
-4.68465,1.20372
-4.5784,1.3794
-4.5384,1.57854
-4.5126,1.76855
-4.58645,1.95468
-4.4964,2.14297
-4.48234,2.32913
-4.36256,2.5089
-4.50477,2.65438
-4.49764,2.86311
-4.30743,2.92176
-4.19085,3.07288
-4.26421,3.26573
-4.12117,3.42611
-4.11044,3.63814
-4.16661,3.83209
-4.16059,4.02431
-4.22287,4.20906
-4.17668,4.41769
-4.12637,4.60729
-4.05686,4.81215
-3.98627,5.00343
-3.90912,5.20423
-3.82185,5.39125
-3.70673,5.55456
-3.51301,5.64304
-3.49331,5.84439
-3.47843,6.04372
-3.53668,6.25089
-3.49038,6.45076
-3.49974,6.64906
-3.63249,6.798
-3.63132,7.00347
-3.71858,7.17706
-3.80427,7.34733
-3.7227,7.5316
-3.684,7.72616
-3.69653,7.92527
-3.80066,8.09381
-3.91356,8.25852
-4.06488,8.41468
-4.1703,8.58007
-4.17146,8.76948
-4.08844,8.9642
-4.07514,9.17302
-4.14963,9.37593
-4.23137,9.56087
-4.21806,9.76799
-4.08309,9.92405
-4.21653,10.0855
-4.31141,10.2752
-4.25343,10.4662
-4.25776,10.6662
-4.22305,10.8631
-4.1523,11.0404
-4.21405,11.2492
-4.35657,11.3973
-4.24753,11.5653
-4.17091,11.7492
-4.16713,11.9504
-4.04084,12.1033
-3.96645,12.2802
-4.03821,12.4808
-3.95401,12.66
-3.76843,12.7289
-3.84532,12.9222
-3.8194,13.1286
-3.80155,13.3067
-3.80453,13.5155
-3.80138,13.7176
-3.7047,13.8807
-3.76778,14.0703
-3.64373,14.2137
-3.61503,14.4019
-3.61136,14.611
-3.58102,14.8007
-3.48255,14.9731
-3.48895,15.181
-3.45605,15.382
-3.53493,15.5777
-3.46843,15.7587
-3.5099,15.9639
-3.55135,16.1672
-3.47135,16.3528
-3.29885,16.4499
-3.13862,16.582
-3.06217,16.7569
-3.05813,16.9554
-2.92604,17.1182
-3.02354,17.2951
-3.09807,17.4658
-3.05268,17.6651
-2.99865,17.8488
-2.99224,18.0448
-2.95688,18.2451
-2.93987,18.4557
-3.06835,18.6321
-3.08558,18.8388
-3.12784,19.0462
-3.03029,19.2303
-3.0136,19.4515
-3.05445,19.6585
-3.17393,19.7948
-3.20181,20.0091
-3.2601,20.2054
-3.30705,20.4011
-3.10383,20.448
-3.12859,20.6516
-3.18188,20.8328
-3.16421,21.0353
-3.0732,21.2318
-3.09994,21.4276
-3.13451,21.6177
-3.1908,21.8004
-3.24833,22.0147
-3.16392,22.2001
-3.28118,22.3663
-3.22354,22.5594
-3.23429,22.7776
-3.09898,22.9383
-3.16456,23.13
-3.1456,23.3294
-3.11519,23.5206
-3.08659,23.7341
-3.21762,23.8979
-3.10989,24.0878
-3.10548,24.2902
-3.17915,24.4846
-3.2201,24.7024
-3.14811,24.8764
-3.30579,24.9932
-3.38908,25.1797
-3.39969,25.3823
-3.20744,25.4804
-3.15784,25.6871
-3.13491,25.8755
-3.14874,26.0915
-3.13653,26.2931
-3.00899,26.4451
-3.00527,26.6489
-2.91161,26.8336
-2.85284,27.0155
-2.88511,27.2374
-2.70758,27.3435
-2.69249,27.5625
-2.64086,27.7731
-2.76597,27.9367
-2.87847,28.0943
-2.95161,28.2999
-3.00599,28.4847
-3.00732,28.6802
-3.01692,28.8836
-3.18685,29.011
-3.24347,29.2131
-3.22192,29.4225
-3.42119,29.3913
-3.4458,29.5895
-3.31637,29.7401
-3.4455,29.8942
-3.61091,30.0225
-3.63575,30.2264
-3.7359,30.4035
-3.85011,30.5748
-3.83772,30.7794
-3.92217,30.9653
-3.98772,31.1462
-3.97449,31.3566
-4.0086,31.5593
-4.04404,31.7578
-4.06771,31.9486
-4.03477,32.1507
-4.14417,32.3268
-4.17114,32.532
-4.08993,32.701
-4.09599,32.9027
-4.19016,33.1009
-4.34128,33.2459
-4.4501,33.4254
-4.51079,33.6152
-4.48542,33.8139
-4.36276,33.9692
-4.26838,34.1424
-4.17939,34.3294
-4.29336,34.4912
-4.20535,34.6819
-4.18392,34.89
-4.00118,34.9831
-3.82261,35.0846
-3.74334,35.2941
-3.86365,35.4534
-3.85635,35.6521
-3.69003,35.7585
-3.63862,35.9493
-3.46943,36.0662
-3.39203,36.252
