parameters (x,y,w,h,rx,ry):-5,0,10.000000,40.000000,100,100
236,31,50,49,57,62,53,42,32,32,24,29,40,41,66,59,75,53,39,34,31,36,42,50,56,75,67,49,59,40,42,39,34,28,54,57,55,58,55,44,36,34,29,21,36,36,49,41,69,71,51,68,41,50,36,62,60,67,69,85,64,70,61,57,47,58,44,59,76,82,58,55,48,42,38,45,35,35,43,47,51,57,56,38,42,27,15,13,18,15,20,26,23,27,29,23,15,25,19,268
436,84,121,137,143,140,130,75,57,72,57,64,81,125,127,157,154,115,78,59,48,71,80,97,133,141,147,133,108,77,97,59,79,90,138,138,128,128,128,107,66,62,52,63,56,100,113,137,129,165,161,124,116,93,81,136,163,173,157,168,160,147,145,125,127,116,127,139,138,139,139,138,120,91,92,76,90,88,107,99,142,167,126,108,92,52,30,24,33,33,53,64,51,69,60,48,34,38,54,572
433,87,100,146,169,137,110,74,55,54,55,65,78,140,148,169,135,112,60,60,56,57,67,125,150,146,155,142,99,94,76,59,76,98,120,141,161,139,146,98,70,49,41,58,62,92,108,140,142,172,153,132,100,88,99,124,176,142,199,163,171,149,142,126,103,102,112,168,149,139,167,149,105,93,54,70,85,84,136,111,158,159,133,114,88,38,23,30,23,39,47,50,74,70,50,40,41,33,35,604
417,80,125,153,166,162,99,81,42,57,43,55,87,126,184,161,143,121,68,47,42,48,90,115,139,155,182,141,111,86,58,68,68,102,114,108,143,185,139,103,78,60,29,37,51,90,122,132,172,173,165,121,88,78,109,117,175,189,177,179,165,156,147,120,105,106,118,162,139,153,169,159,124,62,63,60,53,80,106,143,180,157,150,108,52,53,21,23,24,20,39,63,78,65,61,45,37,28,33,597
454,84,111,152,170,168,109,82,55,49,35,46,100,153,182,151,138,118,80,46,36,38,75,114,160,173,162,158,105,84,69,56,60,74,104,130,179,192,134,98,71,37,26,24,65,61,109,173,177,171,152,119,81,89,92,105,182,185,188,177,168,148,139,112,116,113,115,139,149,144,175,153,110,73,56,63,48,87,106,162,163,183,167,112,49,32,25,15,22,33,45,59,70,68,74,47,36,25,28,583
414,86,126,154,165,145,107,87,56,45,51,65,73,138,174,195,129,106,68,59,36,39,71,122,143,194,192,136,84,69,61,50,58,67,95,141,178,166,171,95,59,36,31,35,50,66,116,158,171,198,151,107,77,77,116,125,180,185,176,195,146,156,136,104,132,111,113,139,143,167,181,164,96,71,43,62,56,68,94,151,200,204,130,112,67,29,15,19,33,31,56,45,67,71,57,47,28,24,37,608
377,87,125,165,175,119,132,89,53,42,50,54,84,136,175,198,148,95,61,56,44,32,72,122,148,178,188,149,96,70,67,50,50,65,132,133,182,165,147,93,65,37,24,31,49,61,119,166,197,184,153,116,85,64,95,143,182,182,182,177,177,147,150,133,100,101,110,135,158,199,164,149,105,77,57,52,50,80,107,157,165,212,153,116,51,32,19,24,19,27,37,49,62,74,60,64,26,30,33,618
391,102,134,159,166,158,104,78,54,43,37,51,86,150,160,181,168,94,61,57,40,34,70,127,154,164,202,133,99,60,55,52,51,63,118,165,191,180,135,90,55,48,21,23,39,60,117,161,184,194,154,127,81,84,82,133,184,181,181,164,176,174,137,134,105,111,96,148,161,161,190,140,94,95,65,51,51,75,111,159,181,184,149,100,54,38,32,21,20,25,39,59,47,73,60,54,31,22,43,614
399,95,134,187,167,153,111,72,39,32,44,58,82,149,158,183,178,100,72,43,40,43,58,124,143,181,195,151,89,60,45,57,46,77,96,156,199,178,152,90,66,39,32,34,48,66,105,158,167,205,196,93,77,98,95,128,146,187,193,157,183,181,133,135,104,108,125,122,150,183,167,157,116,81,57,42,59,70,89,159,189,200,139,96,62,44,16,22,17,30,36,72,57,75,46,39,30,30,26,625
394,106,148,171,175,150,106,68,34,36,34,52,84,145,176,188,157,122,68,46,34,43,58,108,147,167,193,159,113,59,61,42,42,68,110,158,173,207,140,94,60,50,22,29,52,65,115,153,187,191,140,109,83,101,94,110,171,170,207,149,162,151,154,135,116,105,114,121,152,194,188,166,112,60,61,41,43,65,105,148,205,189,145,99,61,32,17,19,16,26,47,50,51,75,53,32,25,37,32,631
377,90,144,196,170,153,114,71,41,28,33,59,99,154,181,176,148,101,57,43,35,41,56,91,144,176,189,163,116,77,54,35,40,72,100,167,196,171,154,105,60,41,21,32,43,65,118,158,181,182,143,111,84,81,106,123,151,184,187,176,155,187,140,134,126,114,111,116,155,183,211,154,98,71,59,42,56,45,96,142,198,199,154,110,59,36,15,13,22,25,40,59,69,56,56,29,33,31,46,629
429,88,135,181,170,143,119,58,45,28,39,59,115,173,164,152,169,94,85,46,27,39,54,75,118,188,191,167,116,75,57,41,42,70,108,159,195,173,149,94,59,49,23,40,41,77,99,173,209,184,134,110,99,81,81,143,157,169,209,176,170,148,147,126,120,130,116,129,151,178,211,142,107,81,55,39,50,53,103,142,174,185,193,97,54,34,15,16,18,27,31,63,72,43,50,36,35,41,46,600
416,116,139,157,179,159,99,77,39,25,28,46,85,190,190,167,145,115,71,50,37,32,50,87,128,190,195,155,119,78,47,37,50,73,124,144,184,173,152,99,59,33,32,32,46,73,92,177,188,194,149,89,80,71,90,138,164,171,197,186,168,176,144,126,122,115,116,129,165,141,191,159,132,66,42,42,41,71,84,140,195,188,182,108,59,26,16,13,17,31,34,60,62,52,46,44,27,37,52,624
382,111,150,176,183,144,119,58,43,29,20,50,103,151,201,192,147,115,70,52,28,39,54,101,130,170,181,160,119,85,44,34,59,88,130,144,169,181,119,98,74,34,30,28,40,68,100,155,231,192,146,97,66,85,100,141,164,189,172,161,161,185,134,140,128,101,110,129,166,157,170,185,114,81,42,35,45,69,111,132,160,196,178,107,71,26,23,18,27,14,37,48,73,63,59,39,31,39,37,623
395,120,123,191,168,144,115,65,37,19,27,58,105,159,170,169,166,107,80,47,29,32,59,91,127,184,190,168,117,76,50,52,64,95,123,142,152,168,127,103,64,49,31,27,37,56,118,170,209,186,159,95,68,79,110,128,163,202,164,197,151,156,153,152,124,105,100,146,159,174,183,170,122,71,47,43,44,62,94,152,167,209,151,96,76,31,20,13,19,25,35,43,62,61,61,39,37,35,36,623
398,111,135,164,174,164,125,57,36,31,29,65,97,146,178,182,139,113,69,51,28,37,48,105,126,180,201,159,118,72,60,42,59,72,125,147,146,180,145,102,65,37,29,26,29,77,118,174,195,195,129,108,69,79,94,147,191,190,184,158,173,149,156,128,133,107,116,130,163,180,186,180,99,70,57,39,47,71,81,154,165,188,166,126,51,45,16,15,10,20,29,53,58,68,59,49,28,35,31,639
376,134,141,157,183,188,110,56,29,27,32,66,91,150,169,185,146,107,82,42,30,35,52,98,133,193,184,155,102,86,58,58,52,61,111,135,178,151,167,94,69,32,34,31,38,79,117,139,188,200,158,105,61,67,110,151,179,187,191,155,169,139,152,141,130,92,118,116,134,185,200,163,120,64,63,34,46,66,85,142,186,195,166,115,63,30,20,16,21,23,31,45,61,64,66,52,39,29,31,637
385,80,137,185,194,167,101,61,32,22,40,59,102,140,184,180,166,124,63,34,29,32,67,94,130,192,185,139,115,71,58,48,51,60,96,160,175,169,174,93,61,37,30,24,42,68,110,176,198,189,161,81,68,86,95,160,165,202,177,154,171,156,137,133,134,104,118,148,134,159,220,155,120,81,39,41,52,65,93,151,191,207,149,100,67,30,14,19,17,29,38,57,47,58,71,42,34,27,36,636
418,93,120,169,210,188,96,59,32,18,39,55,100,142,196,196,143,119,50,49,28,34,50,93,157,198,192,146,109,65,63,36,45,74,122,130,184,166,158,104,64,33,27,19,32,75,116,163,192,208,143,103,60,75,96,138,201,199,175,165,157,153,154,138,125,99,97,130,154,172,180,183,127,65,50,40,43,61,103,152,189,188,151,107,71,32,13,18,25,19,24,52,58,81,46,46,32,26,41,620
357,113,145,166,195,181,92,62,32,36,24,47,92,174,195,192,149,111,57,38,35,28,44,109,154,190,181,156,106,78,45,43,59,80,109,149,184,177,152,87,50,45,20,28,39,58,100,178,204,195,143,108,77,79,90,127,194,190,186,160,146,169,157,136,131,107,97,130,146,178,174,203,127,71,39,41,38,59,91,165,187,189,162,115,65,34,16,13,16,17,30,64,55,64,65,36,30,35,45,626
361,110,136,193,182,147,105,64,32,32,18,56,107,151,187,195,147,114,62,37,28,38,51,98,151,197,191,153,105,78,59,35,43,60,110,157,178,185,151,95,62,31,16,26,49,72,110,159,210,178,153,112,78,63,104,155,199,185,179,146,146,148,166,140,135,102,86,107,142,181,218,172,145,77,37,42,47,65,100,133,183,195,178,137,56,21,18,21,11,16,34,45,69,64,54,34,36,22,35,657
373,101,137,210,180,155,91,55,36,33,36,53,104,142,183,185,172,100,66,32,31,38,58,79,142,173,193,173,110,82,37,42,43,75,108,180,193,182,143,96,41,28,13,24,37,81,128,177,183,200,149,104,70,63,105,139,183,217,160,152,159,150,150,145,127,89,96,87,130,196,235,193,115,86,51,38,31,77,99,157,156,197,159,136,58,17,19,16,12,27,24,53,70,59,59,38,31,22,26,665
349,101,159,185,182,147,114,53,48,35,29,60,89,142,177,215,165,97,64,44,21,28,46,80,138,206,199,159,122,83,48,38,41,80,120,165,193,192,141,75,63,24,16,35,41,82,130,159,181,189,153,90,74,69,78,148,212,192,174,151,158,157,142,158,125,79,98,106,149,201,197,183,126,83,58,36,40,59,106,146,170,192,188,138,38,35,10,20,12,21,35,36,62,50,60,38,37,31,32,663
364,84,146,202,177,173,102,54,45,31,26,47,97,138,180,198,184,106,52,37,31,24,40,94,152,186,206,159,126,78,40,46,41,74,117,131,211,198,128,89,50,37,19,20,40,83,127,182,188,171,151,86,76,72,89,141,177,206,174,185,162,148,157,137,111,116,104,109,149,182,202,170,126,80,51,42,47,65,99,142,188,180,184,108,60,21,20,8,14,25,35,35,55,52,61,40,28,39,33,653
375,94,141,203,166,174,115,50,45,25,23,55,94,144,179,225,157,103,59,25,29,31,46,91,143,182,231,159,106,85,38,41,52,75,119,164,202,177,105,92,62,38,25,23,40,61,134,182,203,192,126,81,71,86,96,126,184,197,203,176,150,151,166,121,128,106,100,112,149,173,212,190,145,64,53,44,57,57,111,126,192,207,171,113,60,28,14,11,10,20,29,32,71,49,60,52,30,33,31,625
363,81,146,185,181,162,119,74,40,23,33,38,99,147,207,197,150,106,64,41,21,34,51,84,150,192,202,158,117,68,53,33,51,71,105,160,194,179,140,76,66,31,25,28,29,66,104,192,206,198,165,97,60,71,90,147,175,203,187,134,150,151,163,128,142,103,111,119,150,190,194,185,130,81,45,48,42,71,91,155,189,213,161,97,69,25,6,8,17,17,36,44,65,60,58,53,32,27,40,648
379,84,147,183,177,150,126,75,43,26,32,42,68,158,196,201,153,102,73,38,31,29,44,93,154,189,203,160,109,68,56,36,59,61,126,156,181,184,143,94,59,32,16,24,46,67,124,160,213,193,143,123,52,46,93,138,178,195,186,163,157,164,132,158,122,121,108,110,152,188,200,169,125,90,57,43,42,72,102,162,179,202,161,91,57,29,14,8,9,20,35,45,69,68,55,34,29,26,33,624
365,86,140,192,173,167,104,60,34,36,39,49,78,127,184,198,170,109,72,53,25,26,48,84,161,186,194,157,120,60,52,33,45,91,105,174,196,175,143,108,48,28,16,26,37,71,121,181,178,209,140,107,77,48,82,129,195,199,159,183,165,141,145,164,122,124,125,107,139,173,198,179,118,92,53,39,49,73,109,159,189,188,151,109,46,27,14,11,8,17,35,52,55,74,55,32,27,20,35,657
377,82,147,172,189,161,110,60,36,36,33,43,71,128,178,207,174,131,64,45,22,27,57,85,138,206,196,186,116,54,31,31,54,78,124,161,157,195,179,91,48,36,17,23,48,76,105,161,214,198,152,105,70,64,80,108,194,193,207,164,158,148,137,162,130,110,112,124,154,183,184,142,133,82,73,41,62,82,110,158,164,172,129,109,67,34,18,12,8,19,30,46,60,77,41,33,13,37,37,678
417,71,139,173,195,174,103,71,34,29,29,43,88,137,179,199,174,129,82,40,27,29,58,98,136,196,205,164,110,63,35,25,54,61,122,150,174,184,145,128,47,35,21,21,37,74,116,153,239,182,150,98,61,62,74,122,195,233,196,167,135,149,161,122,144,118,113,138,151,155,184,163,118,77,59,48,48,73,125,154,196,181,158,91,71,34,18,15,7,8,20,53,63,75,46,37,35,35,31,624
375,85,139,178,180,184,107,61,37,32,32,35,77,158,178,202,148,129,89,39,22,33,56,93,150,201,215,155,95,62,44,21,65,73,104,166,179,175,140,112,71,36,23,20,43,85,122,156,195,210,153,75,74,61,63,143,189,217,209,163,144,154,147,144,139,109,113,128,142,173,201,170,122,93,43,35,51,68,108,166,183,187,165,93,58,36,18,8,8,15,28,53,68,53,40,36,35,26,42,658
362,98,117,176,202,165,100,68,48,29,26,40,76,139,200,203,178,120,67,38,29,22,63,102,153,173,213,182,95,55,40,39,63,58,122,149,168,167,152,114,62,41,16,27,45,60,122,177,216,187,132,95,75,63,87,134,175,192,218,189,131,153,140,175,136,93,126,109,148,195,171,171,112,86,54,35,55,78,81,156,197,185,169,108,56,30,17,8,12,11,30,53,50,53,55,43,34,23,46,631
385,90,141,182,181,139,125,88,41,24,28,39,71,136,195,218,176,116,66,36,34,25,60,95,154,200,229,144,101,62,43,35,56,58,119,166,189,169,152,87,57,22,26,26,45,55,119,170,227,191,140,105,70,75,85,137,166,209,182,172,160,150,150,148,137,114,99,135,143,188,220,160,116,61,46,41,45,62,94,140,173,206,183,113,69,26,19,11,12,24,32,42,61,53,54,39,29,23,31,646
397,75,132,173,181,156,120,81,40,31,24,45,86,145,179,235,185,97,55,45,27,21,54,100,164,194,211,153,117,62,33,28,51,80,121,166,198,170,136,83,65,36,24,30,36,73,103,202,199,191,140,109,62,73,90,155,155,201,210,163,160,161,154,149,121,111,105,124,144,182,209,157,114,75,41,49,52,57,112,151,177,186,169,118,53,26,13,21,7,29,30,35,53,54,61,33,29,34,36,633
400,70,126,159,202,172,130,73,41,30,22,43,76,145,189,232,164,103,65,44,23,25,40,104,146,227,209,166,112,55,41,38,41,67,135,164,188,160,143,71,49,47,25,26,34,71,109,180,188,208,137,118,76,51,87,135,177,183,188,180,162,178,129,155,107,121,115,101,149,207,200,155,115,82,52,34,58,73,96,143,183,189,174,105,65,28,11,12,12,22,34,50,61,59,53,31,25,28,32,629
373,84,137,198,173,178,125,59,44,24,32,54,85,144,193,222,171,98,74,43,21,22,51,101,151,205,220,149,114,52,44,37,63,73,137,174,163,169,127,92,49,30,24,28,49,78,116,174,181,196,144,106,84,67,81,141,190,185,198,166,149,155,156,144,132,104,101,113,162,179,189,187,119,63,42,42,42,56,126,153,173,185,159,117,73,33,12,14,9,21,34,53,67,67,50,40,19,24,33,628
378,76,147,180,189,174,102,78,28,25,15,51,84,155,214,200,155,106,77,34,20,26,52,106,149,236,199,150,118,57,28,41,53,71,117,186,170,143,143,94,52,20,26,29,35,76,145,162,177,166,163,97,81,76,85,120,196,162,191,180,166,164,157,134,130,99,99,132,141,206,189,181,112,66,57,35,48,55,103,143,165,189,186,119,61,29,16,12,10,18,33,44,66,74,61,30,25,27,36,632
353,93,133,201,215,162,113,48,42,17,11,45,102,163,197,212,155,111,70,40,20,32,49,112,169,194,187,172,116,51,31,38,52,70,120,158,191,189,140,79,38,36,16,21,51,61,124,162,214,187,145,101,66,63,92,124,180,197,203,160,160,170,160,125,117,108,109,130,163,173,184,145,124,81,52,38,51,60,91,161,182,180,178,122,54,31,16,7,12,16,35,54,66,47,58,29,34,18,29,661
370,88,150,179,220,162,92,66,29,15,23,50,93,139,193,215,155,96,74,41,30,34,55,112,148,196,197,180,109,68,46,37,44,73,116,183,198,186,131,81,34,34,27,30,43,65,122,149,205,203,177,99,68,61,101,158,161,192,186,187,164,160,165,123,125,105,104,132,156,202,194,151,112,79,58,56,59,57,82,131,177,223,152,112,61,30,13,8,12,15,42,60,58,65,41,36,22,18,33,663
349,92,142,201,200,143,121,58,26,22,30,61,75,140,216,213,158,102,76,35,33,30,60,93,164,176,193,192,110,74,35,24,43,63,128,185,183,176,118,88,45,23,25,26,33,77,116,152,194,213,150,108,62,73,104,132,192,183,206,173,156,170,145,135,106,111,99,119,151,186,209,146,100,84,50,52,68,61,79,138,204,183,181,114,72,33,10,4,14,20,37,72,64,47,45,39,16,27,33,674
362,84,141,189,191,166,112,60,27,27,28,51,81,126,204,210,184,116,80,28,24,25,59,102,153,188,195,166,125,57,38,36,43,68,110,170,203,185,127,75,58,34,30,28,40,62,112,158,189,195,163,106,61,58,112,126,189,189,186,168,170,144,145,146,127,96,102,100,162,173,203,173,104,61,57,55,60,70,82,137,197,229,150,110,71,29,15,5,16,23,33,51,72,55,43,28,30,26,34,658
329,101,138,200,188,174,107,66,25,32,33,43,90,136,179,212,178,106,86,36,22,32,54,107,152,180,194,166,115,79,37,37,47,84,109,159,169,186,151,70,44,43,28,33,42,64,91,169,180,215,182,101,67,62,90,133,197,183,199,172,173,133,169,137,132,108,89,120,136,197,201,174,104,80,47,50,50,59,90,154,183,215,158,110,63,29,17,13,16,22,27,48,56,62,45,39,19,37,35,690
350,97,146,199,179,158,122,59,38,19,15,47,100,143,172,220,178,112,68,37,22,39,58,107,135,193,186,159,130,66,31,30,50,91,110,138,186,186,136,78,61,29,28,31,43,50,97,198,185,200,160,108,63,66,108,145,179,184,194,178,142,147,158,145,108,98,107,105,128,185,201,182,131,91,37,45,38,58,97,155,177,191,158,145,64,43,24,9,14,19,37,43,53,58,45,28,32,36,36,644
335,99,145,175,209,164,118,71,32,19,23,42,101,146,198,199,186,114,68,26,28,42,61,108,145,174,201,165,129,71,32,21,47,89,130,149,203,169,132,105,48,27,22,26,33,59,119,163,211,185,160,90,76,84,104,145,158,184,191,199,169,142,141,118,142,114,77,90,150,178,175,187,134,89,56,35,48,49,103,153,179,211,162,118,79,41,17,9,13,28,30,44,54,57,41,23,32,36,46,646
321,75,149,203,194,182,95,77,24,29,30,47,90,158,210,200,152,91,61,36,28,43,80,113,138,162,179,163,118,85,34,27,44,86,124,171,195,157,131,77,44,36,22,23,32,64,126,172,232,189,133,94,70,80,98,139,167,194,189,176,173,166,145,128,113,97,97,111,145,181,191,166,133,106,61,47,49,43,101,130,189,232,184,113,52,28,18,9,17,25,31,65,55,52,27,34,39,37,32,681
309,74,146,206,203,172,96,45,46,33,40,64,89,170,208,194,151,106,52,37,39,42,60,96,142,142,187,176,120,71,53,36,52,75,117,181,200,160,144,77,47,40,27,25,37,76,110,175,205,183,149,90,69,68,86,135,182,189,202,174,140,175,163,124,126,90,91,137,110,184,187,173,133,96,66,44,46,58,86,151,211,201,171,90,69,29,17,12,20,31,32,58,36,54,31,27,38,35,52,664
334,86,153,197,213,152,104,46,45,27,34,54,103,137,208,186,145,98,56,45,29,41,58,97,171,177,194,134,123,78,34,27,35,86,131,178,180,180,130,82,61,34,19,28,35,63,130,185,194,192,138,107,57,59,98,118,189,203,193,166,162,174,139,131,123,109,101,96,141,177,189,187,134,89,68,57,37,63,100,137,199,197,136,110,70,33,21,13,15,26,49,52,49,44,42,31,26,37,43,685
346,100,138,185,209,138,98,48,47,26,32,59,90,165,210,210,153,101,67,35,37,40,63,100,152,198,186,136,119,74,38,22,43,76,152,155,187,181,129,98,46,26,27,23,38,68,107,178,223,202,163,96,56,72,92,132,181,206,191,168,154,169,165,141,112,105,88,107,149,167,199,167,134,82,76,50,49,69,100,137,179,195,166,112,71,36,18,13,12,31,27,44,55,53,52,28,29,30,50,659
340,119,150,199,183,163,97,63,31,21,27,53,98,160,216,188,159,100,61,37,35,24,71,106,131,190,194,178,115,72,25,36,59,86,112,171,186,171,135,96,53,33,29,28,47,58,97,185,194,214,164,92,63,55,101,152,182,187,176,195,148,161,170,138,114,103,92,119,127,193,200,149,129,98,71,42,45,63,111,139,180,176,174,110,71,38,15,14,9,25,32,42,53,63,47,43,31,31,34,655
355,91,155,191,206,155,111,59,26,29,34,50,98,162,200,200,145,86,68,36,34,31,60,98,142,196,199,161,115,75,41,33,49,83,132,143,166,179,167,76,62,29,24,33,48,59,104,157,197,207,174,94,72,75,96,134,170,170,194,173,155,149,170,144,125,91,90,108,141,186,204,174,119,105,58,45,51,66,99,141,187,183,176,114,71,23,20,11,14,25,32,51,46,49,45,31,40,27,44,650
353,103,129,180,181,173,128,60,35,22,30,36,111,155,194,208,156,86,55,42,31,40,43,101,132,198,182,170,128,76,38,34,57,81,123,147,176,164,164,98,44,29,20,31,39,59,105,163,228,211,133,104,53,73,95,135,175,200,182,172,170,164,133,134,123,106,100,105,133,182,191,195,118,82,67,48,42,62,94,166,190,207,147,123,61,29,14,15,13,20,35,42,51,60,50,45,25,32,43,622
361,95,132,175,221,154,112,57,28,24,30,51,93,143,201,209,148,115,67,37,26,33,51,90,151,207,201,157,91,73,40,55,52,77,101,168,184,177,145,100,59,34,18,23,38,71,141,168,209,197,146,99,77,58,98,163,165,181,192,158,145,153,167,150,111,99,94,111,136,170,212,176,122,90,52,45,54,60,107,146,193,200,145,126,66,26,19,19,16,24,39,31,50,57,55,42,30,22,39,635
363,85,153,181,205,153,110,60,26,18,27,52,106,165,192,200,137,116,65,34,26,28,57,80,147,193,194,163,133,72,50,50,40,64,112,158,204,158,146,98,64,37,13,19,48,71,128,179,222,174,151,102,69,62,114,121,185,161,195,166,163,158,163,123,128,85,95,112,166,168,165,168,145,75,48,52,55,72,98,157,175,172,178,126,69,33,18,16,18,23,30,43,49,57,47,49,39,35,34,653
379,85,155,187,213,156,94,64,30,19,26,49,100,173,215,187,166,95,53,46,27,32,57,89,130,180,206,189,123,72,48,40,55,78,103,149,197,160,131,117,49,42,19,22,41,77,112,164,226,178,141,108,75,62,90,139,194,203,179,160,176,173,138,155,107,92,99,117,147,192,167,170,143,77,58,42,43,72,109,137,186,207,166,137,65,31,7,13,21,25,25,36,46,64,39,39,38,38,37,626
386,95,151,199,208,150,100,51,34,31,25,52,102,154,194,186,146,107,51,41,34,34,50,80,125,195,194,187,112,63,47,52,51,75,137,149,174,165,150,100,47,35,18,11,43,70,145,180,200,175,148,98,90,64,100,129,178,189,188,149,154,164,149,149,101,102,86,118,169,186,186,181,109,86,56,50,43,68,105,154,211,194,159,109,67,34,11,11,19,18,27,37,59,58,44,32,29,30,48,627
389,105,150,207,199,132,103,54,33,23,33,62,84,132,194,197,175,114,64,40,29,33,48,82,165,190,199,174,115,70,45,51,63,68,132,170,170,167,143,106,44,30,12,14,25,75,130,200,199,164,150,108,69,69,86,156,183,199,169,169,151,175,141,119,117,111,109,114,149,190,196,148,120,80,62,46,50,64,117,167,196,196,173,95,51,32,13,11,16,27,18,47,47,62,44,30,23,27,54,634
408,101,141,197,194,150,102,59,30,21,31,57,104,122,198,180,166,103,77,42,36,28,41,81,171,180,201,181,104,74,45,36,66,82,123,155,169,175,130,91,65,28,13,16,29,75,147,178,191,159,160,108,85,67,97,135,194,218,161,139,160,158,167,128,120,95,98,124,144,174,211,159,104,79,64,54,47,65,104,172,163,209,173,100,61,27,22,16,9,23,35,49,53,57,39,31,37,34,43,627
398,98,147,185,182,145,120,65,33,25,27,52,89,153,179,181,171,101,74,45,42,34,43,79,142,193,213,174,111,61,45,40,52,72,151,149,194,171,131,91,49,39,13,18,37,74,128,178,199,182,124,103,84,76,109,122,184,197,174,147,148,183,135,139,117,102,96,124,142,169,223,169,114,91,58,38,43,67,108,164,174,195,158,120,54,26,22,14,14,17,35,40,56,55,43,30,38,33,34,640
382,108,128,204,161,164,100,78,33,22,23,59,87,142,180,218,165,90,69,35,27,38,49,92,142,191,200,172,115,64,52,38,48,82,105,171,194,182,125,104,58,35,17,20,42,84,120,178,197,199,159,88,65,73,102,138,156,185,188,168,166,160,151,124,120,101,102,133,160,163,203,166,124,96,48,38,48,68,105,158,216,186,158,102,56,25,23,14,14,26,32,41,57,52,46,41,33,25,52,623
388,108,143,186,177,138,121,65,37,22,31,64,92,136,159,217,184,122,46,31,33,35,47,68,146,193,230,172,97,83,35,40,42,76,108,149,214,164,145,92,54,32,28,33,32,62,119,150,228,204,155,96,81,81,79,141,176,163,177,159,155,160,171,139,109,110,97,112,157,192,198,170,111,98,53,40,42,64,98,156,212,217,173,88,63,24,23,14,14,19,39,47,46,47,51,42,37,24,44,632
370,95,166,209,149,143,98,67,40,28,28,53,103,126,183,199,178,100,78,34,34,25,38,71,160,206,211,157,124,67,36,39,51,71,111,150,185,189,121,102,61,32,33,23,38,56,120,177,204,208,150,94,70,76,93,130,174,158,172,165,155,161,164,138,120,102,89,124,155,183,194,182,119,89,53,37,39,49,105,140,232,218,178,85,55,37,20,10,14,18,27,56,58,58,48,45,40,31,33,645
359,93,155,208,199,155,99,65,27,27,30,45,105,142,187,196,165,95,72,52,30,37,45,80,135,183,215,177,123,68,52,36,39,71,121,149,171,204,135,84,70,39,27,28,39,67,108,186,209,216,144,83,73,74,99,129,164,186,187,167,175,157,142,115,124,103,92,114,165,186,184,182,121,70,53,36,55,49,109,173,215,183,147,125,63,36,20,10,8,14,32,46,67,70,46,46,23,30,41,662
377,85,157,174,185,167,94,51,42,31,33,44,99,144,190,178,155,111,80,53,23,34,52,97,153,199,187,194,81,86,34,31,44,66,142,140,186,192,143,105,60,39,27,27,34,72,123,161,217,178,148,111,75,80,95,128,163,188,188,172,166,158,145,131,109,102,111,131,162,178,197,166,119,77,59,39,38,73,107,164,202,178,159,106,66,29,21,9,12,15,25,57,65,57,64,39,29,20,28,669
371,109,135,205,182,122,93,60,39,26,44,53,82,159,203,193,128,115,64,61,24,29,56,90,165,194,191,172,92,64,47,40,41,63,110,174,182,176,138,98,72,38,26,33,38,66,123,174,197,202,137,100,80,96,98,121,165,198,177,156,153,157,132,135,111,88,108,136,155,187,188,160,123,69,64,37,44,69,112,165,200,180,153,119,50,26,24,11,13,20,31,41,73,59,50,46,20,25,31,674
360,102,156,182,183,126,101,59,38,34,50,61,90,159,181,202,138,93,73,51,29,37,56,104,140,210,194,168,104,57,39,31,47,72,129,166,163,190,123,104,64,48,25,22,39,59,131,174,228,190,127,97,76,91,95,137,167,200,171,179,151,169,131,131,129,101,103,129,158,159,191,179,102,84,57,40,45,72,120,150,174,213,157,103,77,21,15,15,11,17,35,51,56,65,53,33,30,23,29,677
397,93,155,181,173,147,103,57,45,28,33,50,96,165,188,212,155,91,66,45,32,35,51,109,145,198,205,179,119,40,40,30,46,78,132,149,187,182,129,110,69,30,20,21,30,82,119,171,223,180,142,88,82,73,98,123,177,201,192,178,155,142,143,126,113,107,89,118,167,173,198,173,104,94,40,46,46,80,103,150,208,190,150,115,47,19,20,14,13,24,31,48,67,65,53,32,27,23,36,631
354,100,158,163,164,166,96,62,36,22,40,47,85,164,198,199,144,109,65,45,34,27,52,92,167,217,196,168,100,61,39,25,56,85,113,131,184,176,145,106,65,38,16,30,40,74,108,176,196,214,151,90,72,74,102,142,178,208,193,163,162,137,154,134,108,95,99,126,154,165,194,178,117,78,39,44,53,83,111,146,205,198,151,104,56,19,13,13,16,17,41,55,59,64,48,30,27,29,37,663
352,80,143,178,184,148,108,85,48,33,37,42,89,159,189,220,138,122,62,33,35,37,61,97,175,177,204,166,101,60,36,29,48,64,116,160,179,189,137,110,72,34,18,28,42,67,111,157,215,195,153,115,70,70,105,142,172,193,200,165,143,171,168,115,101,90,104,126,166,191,154,183,119,79,43,46,50,72,121,161,184,188,149,121,60,28,13,10,7,17,43,57,63,73,46,24,36,28,33,693
338,85,132,170,180,152,109,83,38,40,30,44,84,154,181,196,167,112,65,43,31,40,70,98,146,194,207,155,106,76,40,35,43,83,111,155,179,165,147,102,69,43,22,28,34,50,104,159,218,190,196,105,71,58,98,151,185,209,166,156,171,131,161,138,108,86,81,109,175,180,176,150,126,91,66,32,43,82,119,150,182,169,161,102,65,28,18,16,6,30,35,52,68,55,56,33,28,27,35,692
337,78,144,158,170,140,111,67,49,40,34,35,84,149,214,198,185,114,59,36,29,38,60,105,152,183,198,184,97,58,48,39,53,85,105,150,195,169,132,100,63,32,24,23,35,49,87,175,228,225,165,107,78,55,78,141,204,212,182,155,159,150,147,132,118,93,88,125,152,191,208,157,109,84,44,40,47,76,103,148,210,189,159,114,46,33,10,15,16,22,28,39,65,81,42,49,28,34,33,697
337,93,140,168,178,167,104,69,44,33,29,49,73,155,192,221,146,117,68,36,28,43,65,90,142,189,219,149,110,75,42,42,55,77,119,158,173,183,141,105,53,35,30,29,30,58,96,155,231,225,163,125,61,59,84,147,178,216,175,141,155,154,152,137,133,80,86,110,159,212,190,156,120,76,54,44,51,53,116,148,209,171,166,119,60,29,12,15,21,16,27,45,72,65,51,42,31,33,28,669
322,98,149,179,164,164,106,74,35,25,27,49,89,141,170,201,171,123,50,53,25,38,64,98,148,175,212,170,126,65,45,27,56,90,122,149,168,175,146,101,42,50,26,30,35,65,83,153,205,213,168,110,79,57,97,131,193,186,182,148,155,163,144,146,116,97,81,96,141,209,210,139,124,82,65,38,24,75,88,146,205,219,168,116,64,25,17,8,19,19,23,51,67,62,56,48,41,29,27,680
347,89,124,189,193,149,113,57,39,28,37,47,91,133,179,204,171,102,81,30,30,47,70,91,152,167,221,175,106,65,45,37,51,82,126,180,161,176,149,87,55,48,17,30,33,52,95,158,227,209,147,131,61,62,79,139,177,197,198,153,158,143,145,145,128,98,93,122,143,173,214,170,106,94,65,38,39,74,105,158,204,179,152,132,64,28,14,15,13,20,39,52,59,62,61,41,42,33,36,643
337,78,153,172,199,166,107,74,27,31,23,50,97,145,207,176,150,116,66,44,21,36,72,103,161,182,190,161,114,61,54,37,40,85,121,192,146,186,146,85,58,32,29,23,36,62,117,155,191,193,172,112,76,71,80,111,206,208,173,158,148,156,145,139,142,93,85,131,132,177,183,184,117,97,59,40,56,68,103,156,191,210,151,107,54,26,16,15,22,26,33,37,53,65,57,42,41,27,47,668
305,89,132,187,215,170,101,68,46,27,23,53,91,165,188,179,155,111,70,44,27,43,60,110,170,173,193,151,118,73,43,38,51,74,119,172,180,177,142,88,61,35,35,29,39,63,98,170,188,173,182,113,71,67,70,133,197,199,180,166,155,124,151,117,128,114,89,106,161,179,179,174,121,70,59,60,52,60,111,148,208,187,179,99,54,29,15,13,20,40,36,36,52,60,55,46,28,27,43,685
348,89,162,179,164,179,112,65,39,35,29,52,106,136,180,185,156,120,71,49,21,40,74,101,147,187,181,141,116,85,49,38,57,67,125,174,150,179,154,101,48,42,27,28,35,68,108,163,189,210,152,123,82,55,74,118,193,217,190,167,137,113,145,127,134,121,117,110,142,185,200,176,118,83,59,41,51,74,88,161,183,204,167,104,58,30,11,16,20,32,46,47,58,50,42,45,37,23,41,651
357,79,140,175,194,156,122,73,47,34,33,55,84,139,182,204,147,110,74,39,44,34,54,104,159,186,191,154,107,68,51,35,60,78,124,173,160,168,150,100,73,32,30,29,33,72,99,154,186,207,169,99,76,59,86,132,179,190,200,198,147,113,115,134,127,121,127,117,164,159,170,165,115,73,72,43,55,68,102,157,190,200,150,118,59,24,13,10,18,24,38,48,64,47,46,49,31,36,40,660
350,82,129,180,187,154,120,69,41,41,35,54,95,134,168,188,171,120,61,47,44,30,60,106,145,199,214,162,110,67,37,37,46,106,135,157,160,163,155,107,65,37,22,39,44,51,103,170,229,175,139,103,81,76,87,129,178,195,210,157,160,135,136,114,141,88,129,137,163,150,169,183,104,73,66,44,47,72,112,148,185,196,155,125,68,21,16,14,17,27,40,45,63,55,47,40,40,38,27,668
337,90,131,158,191,156,98,78,44,34,39,43,100,135,176,204,154,122,58,46,41,40,52,84,160,205,189,152,126,83,42,34,50,82,128,153,165,155,169,102,67,35,29,25,45,45,114,162,225,183,134,99,97,71,97,105,178,180,182,175,133,138,146,146,120,116,102,125,164,173,196,166,103,74,59,54,51,54,123,145,201,180,159,113,72,28,26,12,20,23,43,53,52,58,48,42,34,36,38,663
341,81,139,182,187,149,103,68,41,46,37,46,97,138,186,185,171,113,67,56,37,32,56,103,152,175,172,160,126,82,50,47,55,70,127,146,157,165,170,114,70,27,38,31,35,70,116,157,203,215,123,93,75,72,95,131,175,163,177,158,166,121,134,157,116,114,106,120,137,195,197,158,122,70,59,55,45,57,115,159,180,185,145,115,78,41,17,24,22,20,39,60,54,65,45,38,29,29,35,674
331,90,137,195,185,134,97,89,50,40,22,55,80,143,180,212,167,110,66,57,43,40,68,100,151,179,172,172,106,79,38,47,61,81,119,140,170,179,139,102,65,41,22,38,41,81,109,148,199,205,138,101,70,56,94,118,164,180,189,171,164,146,130,132,127,113,105,130,166,194,180,168,97,80,64,56,55,62,104,144,185,175,176,105,76,39,20,18,21,32,30,50,72,61,54,39,32,23,48,667
345,90,129,192,157,155,116,65,46,35,28,50,96,129,189,198,185,105,68,42,44,41,76,87,154,176,194,159,121,54,49,43,56,91,127,144,166,178,142,98,50,43,21,39,53,72,113,156,194,160,180,106,73,54,113,118,158,182,192,166,149,150,126,136,111,108,101,141,155,185,182,167,128,81,57,60,64,62,100,135,178,184,160,123,59,48,23,25,15,27,33,47,62,66,45,44,38,31,43,651
343,83,148,158,192,165,112,73,48,33,32,44,87,153,193,190,154,100,68,43,42,48,54,134,158,185,177,157,94,67,42,48,68,83,127,143,183,161,148,121,46,38,35,48,44,84,116,141,205,179,137,95,81,83,95,135,173,186,189,180,173,126,147,128,123,103,102,113,179,170,193,165,112,65,45,62,59,74,88,147,171,197,159,104,68,32,30,31,22,21,36,47,65,69,35,38,46,29,34,647
408,101,123,159,168,152,119,71,47,44,33,58,98,150,190,177,149,109,60,47,29,51,62,108,150,187,189,155,101,69,43,45,69,82,107,150,176,172,151,108,75,35,46,36,51,71,108,160,186,184,137,97,90,72,94,123,148,188,198,154,174,132,133,133,125,95,95,114,177,181,209,133,121,63,55,59,70,80,104,118,180,176,168,102,66,43,25,23,23,25,31,47,59,71,55,44,44,39,47,602
416,98,120,149,159,164,114,78,46,37,44,54,92,154,162,178,140,104,80,48,32,47,68,101,141,165,205,169,107,64,64,48,59,93,114,135,164,149,137,112,80,41,33,54,61,77,94,150,185,181,151,100,80,69,81,123,159,192,188,183,148,136,166,120,106,103,113,131,169,183,172,147,116,73,58,67,76,80,92,127,192,186,157,112,73,28,21,24,22,21,44,41,59,59,44,62,44,37,33,608
421,99,131,141,169,151,120,66,43,38,41,60,108,150,181,168,126,97,78,41,41,49,69,126,147,167,169,162,113,80,54,57,65,89,103,138,155,140,154,103,69,62,43,39,62,80,88,171,182,180,141,104,75,60,76,103,152,215,198,165,168,146,138,124,105,111,135,141,167,169,181,120,130,80,61,62,71,75,106,128,173,175,150,143,76,27,28,15,15,29,38,54,60,48,54,48,45,41,42,595
469,94,116,158,147,148,114,64,66,51,39,61,96,157,182,174,128,78,72,57,41,68,67,102,150,156,187,161,97,78,51,60,68,91,97,135,160,154,152,93,83,56,62,43,48,78,109,159,189,180,132,115,92,84,81,97,146,191,190,156,158,150,143,128,106,118,116,126,170,177,171,133,116,81,61,55,70,99,104,151,151,168,151,121,84,41,30,19,17,31,45,55,49,48,49,50,55,29,34,571
449,85,114,157,156,117,97,70,50,50,49,68,107,128,176,172,131,84,75,51,59,66,51,87,132,172,162,136,108,81,57,73,62,76,97,132,142,160,136,107,67,42,58,63,59,73,88,154,174,171,136,95,83,82,99,103,155,170,178,175,159,150,117,158,112,99,119,128,165,179,159,141,112,73,67,65,78,96,102,123,158,148,141,122,85,52,24,20,22,23,51,41,52,37,51,37,48,48,30,554
423,79,121,133,136,113,85,58,51,44,49,67,79,124,160,140,121,86,64,64,61,62,59,92,127,148,125,117,99,81,56,64,68,77,93,113,135,133,111,89,55,35,54,50,52,65,91,135,159,177,143,77,80,88,88,108,135,161,176,152,142,145,119,125,130,86,109,129,143,147,169,120,94,108,65,55,54,80,95,113,135,133,129,98,78,46,32,24,23,29,39,48,41,35,39,34,37,39,51,449
331,62,56,91,90,92,75,48,37,33,38,52,59,92,103,105,96,70,57,56,41,35,52,66,93,124,84,79,72,60,67,55,46,58,64,62,105,106,89,65,52,31,37,37,49,48,91,120,123,139,108,81,73,67,72,78,114,133,145,134,117,99,120,92,88,85,97,132,112,109,116,89,88,69,60,38,62,66,74,95,107,90,113,84,50,36,24,12,14,19,26,26,36,23,19,20,29,21,27,307
169,29,46,51,49,49,33,26,24,12,21,22,32,62,53,60,55,36,35,29,24,26,18,45,52,65,60,49,36,28,35,25,30,34,31,36,46,56,50,46,32,14,28,23,19,36,52,67,76,71,72,53,46,48,40,47,65,89,103,85,92,66,69,49,54,54,59,57,77,67,77,54,53,36,33,27,43,37,48,48,67,53,37,57,28,24,15,6,5,17,14,24,19,13,14,11,14,12,12,158
58,10,18,18,22,18,8,5,8,10,14,6,11,23,23,23,21,17,7,18,8,9,8,22,22,19,17,18,20,11,5,8,6,12,15,10,20,19,15,15,11,8,3,5,9,12,25,22,24,35,33,20,15,20,15,23,18,36,48,50,44,23,20,17,20,22,11,25,21,28,22,20,20,12,11,16,6,20,14,19,17,19,15,14,15,9,5,1,3,0,5,7,4,4,4,3,4,2,5,53
16,2,4,5,1,3,2,2,0,0,4,4,3,3,0,7,4,3,4,6,3,4,3,3,4,3,4,5,5,2,2,1,0,2,0,6,2,3,4,2,1,0,0,0,1,2,7,6,12,12,7,5,1,0,3,1,5,11,15,8,11,5,4,5,11,5,2,1,8,6,2,4,5,2,4,0,2,1,6,2,3,5,2,2,0,2,0,0,0,1,0,0,2,0,0,0,2,0,0,10
1,0,0,0,0,0,0,0,0,0,0,1,1,0,0,0,0,0,0,0,0,0,0,0,0,1,0,0,1,0,0,0,0,0,0,0,0,0,0,0,0,0,0,1,0,2,1,1,1,1,0,0,0,0,0,0,0,0,2,0,0,0,1,0,0,0,1,1,2,0,0,0,0,0,0,1,0,0,0,0,1,1,0,0,0,0,0,0,0,0,0,0,0,0,0,1,0,0,0,0
0,0,0,0,0,0,0,0,0,0,0,0,0,0,0,0,0,0,0,0,0,0,0,0,0,0,0,0,2,0,0,0,0,0,0,0,0,0,0,0,0,0,0,0,0,0,0,0,0,0,0,0,0,0,0,0,0,0,1,0,0,0,0,0,0,0,0,0,0,0,0,0,0,0,0,0,0,0,0,1,0,0,0,0,0,0,0,0,0,0,0,0,0,0,0,0,0,0,0,0
0,0,0,0,0,0,0,0,0,0,0,0,0,0,0,0,0,0,0,0,0,0,0,0,0,0,0,0,0,0,0,0,0,0,0,0,0,0,0,0,0,0,0,0,0,0,0,0,0,0,0,0,0,0,0,0,0,0,0,0,0,0,0,0,0,0,0,0,0,0,0,0,0,0,0,0,0,0,0,0,0,0,0,0,0,0,0,0,0,0,0,0,0,0,0,0,0,0,0,0
0,0,0,0,0,0,0,0,0,0,0,0,0,0,0,0,0,0,0,0,0,0,0,0,0,0,0,0,0,0,0,0,0,0,0,0,0,0,0,0,0,0,0,0,0,0,0,0,0,0,0,0,0,0,0,0,0,0,0,0,0,0,0,0,0,0,0,0,0,0,0,0,0,0,0,0,0,0,0,0,0,0,0,0,0,0,0,0,0,0,0,0,0,0,0,0,0,0,0,0
0,0,0,0,0,0,0,0,0,0,0,0,0,0,0,0,0,0,0,0,0,0,0,0,0,0,0,0,0,0,0,0,0,0,0,0,0,0,0,0,0,0,0,0,0,0,0,0,0,0,0,0,0,0,0,0,0,0,0,0,0,0,0,0,0,0,0,0,0,0,0,0,0,0,0,0,0,0,0,0,0,0,0,0,0,0,0,0,0,0,0,0,0,0,0,0,0,0,0,0
0,0,0,0,0,0,0,0,0,0,0,0,0,0,0,0,0,0,0,0,0,0,0,0,0,0,0,0,0,0,0,0,0,0,0,0,0,0,0,0,0,0,0,0,0,0,0,0,0,0,0,0,0,0,0,0,0,0,0,0,0,0,0,0,0,0,0,0,0,0,0,0,0,0,0,0,0,0,0,0,0,0,0,0,0,0,0,0,0,0,0,0,0,0,0,0,0,0,0,0
0,0,0,0,0,0,0,0,0,0,0,0,0,0,0,0,0,0,0,0,0,0,0,0,0,0,0,0,0,0,0,0,0,0,0,0,0,0,0,0,0,0,0,0,0,0,0,0,0,0,0,0,0,0,0,0,0,0,0,0,0,0,0,0,0,0,0,0,0,0,0,0,0,0,0,0,0,0,0,0,0,0,0,0,0,0,0,0,0,0,0,0,0,0,0,0,0,0,0,0
