parameters (x,y,w,h,rx,ry):-5,0,10.000000,40.000000,100,100
65,63,42,45,35,33,39,42,55,51,45,53,38,27,21,32,34,42,54,50,63,66,61,51,31,45,59,50,57,63,58,39,25,26,34,29,43,34,41,58,56,63,55,55,34,38,45,58,75,105,83,74,53,36,40,37,42,48,50,40,59,51,39,24,28,19,36,39,47,67,79,63,49,62,42,43,59,55,66,60,80,40,30,31,24,20,32,40,49,45,49,40,38,31,31,36,48,62,48,77
181,154,117,87,80,75,66,95,126,118,121,98,88,67,49,68,82,75,128,128,149,163,164,99,86,123,124,122,137,161,135,106,75,57,73,58,88,94,105,150,143,133,124,102,90,85,90,129,185,233,211,146,129,93,90,81,89,99,138,134,121,121,97,76,59,69,59,85,123,165,186,145,132,115,93,94,102,154,166,149,141,115,102,65,54,61,62,104,96,122,108,122,107,71,61,74,90,128,125,172
173,162,100,87,82,67,77,98,131,140,116,94,98,68,37,51,57,94,139,154,144,153,157,95,100,94,111,131,163,164,151,128,79,42,57,53,70,82,154,141,143,125,138,100,80,80,75,112,181,233,260,162,111,87,81,84,83,109,111,160,149,124,112,81,54,49,49,87,127,161,180,174,140,88,95,98,113,139,153,167,169,122,86,72,51,55,57,90,115,138,131,126,82,70,56,76,77,119,152,169
185,149,92,77,68,62,78,79,142,138,125,114,78,71,49,38,72,78,117,160,170,150,148,106,104,88,99,137,167,181,161,111,72,45,39,51,57,87,124,165,163,168,117,81,81,75,83,109,172,267,249,176,112,88,76,87,88,104,139,139,160,132,113,67,55,48,57,82,111,172,177,177,151,112,82,87,116,117,173,180,186,109,79,48,59,50,57,68,131,142,138,122,86,81,62,67,66,87,161,192
184,166,99,80,61,69,60,70,124,160,158,132,66,62,42,53,47,85,108,176,179,166,130,101,106,90,90,144,185,189,178,100,65,50,38,41,50,94,134,166,169,150,118,98,69,66,87,115,177,255,243,180,108,98,72,68,98,115,125,168,131,138,113,57,47,38,47,81,119,179,188,161,132,111,86,77,111,133,161,202,167,113,71,66,49,36,58,76,132,144,149,134,82,67,64,64,72,103,129,189
207,164,100,71,56,51,63,83,131,168,148,121,91,41,33,47,43,75,119,174,194,157,134,102,95,91,108,142,180,186,159,117,66,49,38,37,45,71,135,173,171,130,126,107,75,55,87,126,183,247,272,176,119,67,79,71,96,103,132,154,155,133,97,77,45,42,27,56,117,171,206,207,152,83,58,82,116,147,171,189,178,108,91,50,64,35,43,81,123,143,150,137,92,70,75,57,61,82,148,187
194,149,96,79,58,44,51,87,121,177,152,135,75,53,32,35,52,93,113,164,178,177,130,107,98,77,112,141,182,197,150,121,79,42,45,34,57,71,121,177,156,161,118,99,67,72,58,132,197,247,262,190,99,72,76,83,100,109,135,175,158,115,94,69,43,31,45,58,112,175,221,209,127,82,70,75,110,138,169,207,167,121,80,66,43,47,58,84,123,142,133,128,113,69,57,66,85,90,151,189
197,142,110,53,53,52,56,89,128,161,163,113,84,54,35,29,54,82,135,164,166,185,147,102,94,84,98,136,216,211,132,98,67,44,47,28,46,89,132,168,165,157,115,81,81,56,69,137,199,243,249,173,115,63,60,86,94,126,124,176,177,132,94,64,34,30,36,60,115,172,216,195,142,100,72,67,108,144,158,209,181,117,78,54,39,37,57,94,139,154,133,115,100,69,58,50,72,110,147,198
179,145,111,66,45,49,53,85,132,145,164,140,69,45,30,33,53,71,117,170,199,177,148,100,78,74,107,163,195,211,157,112,50,39,33,25,51,80,123,168,204,173,83,86,60,57,62,136,200,274,259,146,116,84,69,74,83,120,146,171,140,145,106,61,32,35,39,54,106,185,204,199,139,93,72,71,104,136,185,185,182,127,71,56,41,38,59,80,123,167,142,140,95,71,58,57,70,118,175,188
196,156,91,67,49,44,73,97,118,149,152,128,65,57,32,34,39,78,122,165,192,192,162,106,74,73,100,132,230,200,169,92,60,35,29,27,46,63,126,189,181,171,114,83,76,52,74,111,221,261,250,152,104,67,50,81,80,120,152,181,173,143,84,70,37,23,39,66,118,177,211,177,141,94,73,67,119,134,161,213,183,115,71,48,40,38,55,76,132,153,181,124,87,83,60,45,69,109,151,196
194,163,108,65,48,49,63,105,127,171,147,103,65,59,42,24,44,72,144,183,157,164,157,123,85,60,106,140,217,214,172,102,52,26,30,38,53,71,126,159,208,159,116,98,79,54,66,113,200,260,265,171,83,77,61,59,106,100,148,184,175,135,100,70,31,26,36,55,108,152,223,204,147,108,82,76,97,148,176,187,191,127,75,39,45,36,55,85,139,148,158,133,86,65,64,58,59,102,151,197
181,159,103,63,55,58,54,102,120,170,157,117,81,55,34,31,45,75,121,179,192,178,153,114,81,73,110,150,201,204,170,94,60,37,26,34,57,93,118,164,176,158,127,89,83,66,41,110,202,259,231,194,95,75,61,65,94,99,159,168,180,163,93,58,35,23,36,59,99,199,191,194,159,102,67,73,110,142,191,186,178,106,76,46,21,31,66,104,118,143,151,137,96,73,61,39,69,110,141,211
227,174,111,52,58,49,66,95,144,174,171,103,81,46,31,19,37,77,109,184,220,169,130,90,85,74,116,167,185,209,151,110,60,42,22,33,56,92,124,162,164,150,143,102,76,62,54,92,191,256,263,185,106,72,52,70,93,122,159,175,181,125,112,51,47,26,39,62,94,181,207,210,131,109,72,75,110,153,174,193,164,134,66,44,34,30,49,90,134,168,157,120,79,71,56,50,50,102,146,183
219,142,104,62,44,47,74,102,135,172,167,123,59,45,31,23,32,58,107,177,218,162,142,104,87,77,100,169,206,211,167,106,64,29,24,37,57,99,147,152,153,148,137,94,83,63,69,83,166,258,262,205,114,51,47,68,95,100,146,186,181,138,102,68,33,35,28,61,99,189,214,195,151,96,66,82,96,144,162,233,175,118,76,37,24,24,57,105,127,170,142,133,111,63,56,46,63,93,164,193
199,166,83,63,66,50,68,84,150,170,163,129,83,41,23,31,25,58,104,174,199,183,131,111,88,96,89,160,171,216,174,110,61,28,22,43,68,105,142,151,147,153,130,105,73,72,60,88,173,272,255,195,98,67,58,73,88,123,143,162,174,150,111,59,44,18,37,50,100,174,235,201,141,98,86,62,87,147,187,216,182,111,65,35,19,33,51,92,132,166,156,144,103,61,56,44,72,93,175,180
196,163,104,72,63,41,56,93,132,178,175,121,77,44,23,14,31,59,97,183,196,165,145,119,100,77,97,146,186,212,177,116,62,31,24,35,72,99,132,161,169,137,120,107,86,71,49,95,175,255,269,177,115,57,53,61,96,109,160,156,179,137,105,73,31,26,29,56,95,176,218,189,155,109,78,77,90,141,213,189,167,112,62,37,26,36,58,79,118,157,159,155,90,76,47,39,76,97,156,193
183,154,101,73,57,34,58,106,133,194,181,120,67,37,21,20,21,58,97,185,211,190,147,102,77,89,99,147,197,196,199,115,58,27,23,42,60,96,118,164,166,145,121,107,85,67,69,111,169,244,285,180,100,72,61,61,77,107,171,160,184,144,94,61,49,19,37,45,108,163,235,183,146,108,82,68,104,133,185,190,175,122,59,35,30,35,67,79,130,172,166,139,105,76,48,41,68,123,142,190
176,149,114,71,42,55,53,106,148,168,162,130,79,30,26,19,29,53,124,172,201,174,140,126,86,78,99,139,202,219,176,127,50,23,28,31,53,100,126,151,146,138,134,126,88,53,74,98,177,266,262,183,85,64,53,70,84,108,136,175,163,164,108,57,37,20,27,47,121,138,234,191,155,104,78,72,96,144,178,214,182,112,64,33,29,44,55,83,137,173,175,135,94,63,37,46,82,122,161,185
202,149,93,50,37,63,64,105,149,161,156,135,81,46,30,18,33,58,112,166,196,197,138,126,80,72,93,139,195,225,192,114,59,26,28,33,47,101,128,204,165,136,109,127,79,53,57,110,190,266,234,178,134,63,63,68,85,125,141,168,186,144,113,58,31,25,27,42,125,170,244,190,146,90,79,78,115,160,179,196,189,115,66,23,29,33,60,97,129,158,174,141,91,56,51,42,85,104,167,203
198,131,94,53,42,44,65,101,140,172,164,126,87,33,29,13,43,74,129,136,189,209,155,106,73,68,90,149,196,225,219,94,47,31,30,26,60,76,129,192,176,138,121,114,73,58,57,105,174,281,238,183,101,55,67,60,90,122,130,160,181,157,113,54,29,33,37,43,96,184,242,198,129,96,68,71,122,138,203,187,189,100,58,29,37,37,61,85,138,153,184,136,98,56,47,51,66,107,162,213
215,135,104,49,36,38,65,99,136,177,177,132,77,47,19,25,33,73,129,167,183,190,145,109,79,65,88,151,207,239,188,106,43,27,21,34,48,97,168,158,169,135,123,89,73,55,54,106,172,284,239,177,95,67,67,64,94,90,124,203,181,125,115,62,41,27,37,52,101,170,244,222,142,87,71,64,117,141,175,196,159,129,61,34,25,45,58,78,122,179,190,137,105,65,45,44,73,120,163,190
196,165,89,53,35,42,58,98,124,180,178,139,64,40,28,23,31,70,101,159,204,201,154,103,76,70,93,128,212,255,199,96,45,25,14,30,49,99,157,171,157,139,116,107,66,54,65,101,184,269,248,183,105,63,52,85,84,103,159,182,174,155,95,62,39,26,26,64,104,174,232,208,130,90,66,77,112,149,183,163,174,118,75,37,31,30,46,82,157,175,170,147,96,61,45,48,75,100,177,189
188,159,99,41,38,41,69,90,132,167,164,143,73,47,33,18,30,63,124,155,218,190,170,109,67,76,93,154,218,202,179,133,64,23,19,26,50,105,148,187,168,124,135,104,74,53,73,104,175,260,222,218,97,58,53,62,88,113,152,164,172,133,114,57,34,28,29,75,108,171,217,204,150,100,64,61,109,183,159,191,161,128,63,38,30,30,56,78,139,170,172,148,98,74,65,50,72,85,163,214
205,154,85,52,20,44,66,92,127,159,202,115,86,54,26,14,34,58,116,155,183,199,161,125,71,75,95,150,178,212,193,118,64,40,15,31,50,96,144,162,177,158,136,108,80,55,71,97,171,254,243,179,111,59,42,71,83,131,166,172,176,136,95,50,45,26,39,55,110,180,217,213,136,101,45,62,107,145,193,179,170,119,77,46,30,37,44,81,131,172,181,130,108,68,63,48,57,104,167,205
189,162,92,42,29,47,51,88,151,155,191,124,82,46,23,20,35,70,104,149,192,214,178,119,64,76,101,143,202,203,196,92,46,35,19,33,40,93,151,174,184,174,107,100,73,53,60,90,183,263,262,184,82,60,40,72,86,114,179,192,150,129,105,56,32,25,34,65,126,152,233,212,158,92,52,72,117,144,177,184,177,104,80,54,23,42,44,84,111,177,182,145,105,69,59,36,60,107,160,208
177,159,80,81,38,28,53,103,117,198,168,135,87,49,30,20,36,63,88,159,199,198,167,121,82,65,101,139,206,233,184,108,75,29,18,24,51,92,137,197,192,157,111,100,64,55,72,107,185,250,255,196,93,46,48,69,95,117,177,176,164,138,85,59,27,26,34,58,111,163,235,210,171,89,57,56,106,152,193,201,166,109,68,47,30,34,50,76,148,186,179,141,89,60,55,39,65,102,168,190
171,146,105,72,36,37,61,107,108,175,182,145,82,46,26,28,28,64,99,157,185,204,156,117,84,72,108,156,190,222,181,103,64,33,19,24,56,93,150,173,163,166,138,85,55,63,67,94,170,238,251,205,94,50,67,74,111,109,147,216,179,125,83,57,31,32,36,58,102,188,236,207,150,80,52,66,105,146,182,223,162,122,56,32,29,41,48,77,125,182,184,135,114,67,41,38,61,115,171,196
169,145,118,67,47,34,60,83,130,172,188,134,78,40,24,25,30,56,87,150,206,173,187,128,81,82,97,119,208,211,175,108,72,36,21,28,47,91,153,181,155,176,116,82,67,54,67,96,201,238,271,178,103,52,57,71,104,125,171,159,167,140,88,44,35,38,35,46,106,199,217,191,150,77,64,74,107,131,176,216,176,113,58,37,31,29,48,101,128,175,173,152,100,59,52,38,70,101,165,194
213,157,99,74,41,33,54,85,136,192,191,131,65,37,35,26,31,56,100,165,184,199,177,125,80,80,93,135,212,208,172,119,64,33,20,40,55,111,140,155,166,156,119,106,65,52,61,105,200,260,243,169,101,47,49,66,89,127,153,184,159,163,94,53,29,20,31,55,117,183,233,183,149,86,59,69,102,145,189,219,160,109,66,35,26,43,46,88,123,176,175,140,108,59,64,53,62,96,155,188
220,151,115,58,46,38,57,93,139,184,180,140,67,35,36,21,35,63,104,164,209,198,140,114,67,78,107,152,215,197,158,114,73,32,24,32,54,116,149,154,187,150,104,103,59,57,67,119,182,244,255,170,102,54,53,72,83,123,158,175,198,143,97,52,36,19,21,70,118,178,210,207,171,89,48,69,112,151,204,184,179,107,62,40,24,33,51,96,114,188,186,142,113,68,34,42,66,107,139,209
212,142,114,66,49,44,64,84,142,163,182,129,62,44,27,27,33,61,110,164,216,220,140,102,68,78,115,152,177,218,159,115,64,30,18,25,61,108,138,165,174,154,119,83,77,53,49,110,198,263,223,192,123,42,57,65,72,124,164,182,174,157,76,50,35,17,28,68,120,138,201,220,196,82,61,73,124,147,187,206,173,98,67,27,25,31,59,75,132,175,182,163,96,67,48,40,61,106,141,188
197,168,103,73,39,42,62,94,143,197,181,115,66,42,25,19,43,66,123,183,201,158,164,106,73,71,103,155,196,213,169,113,53,32,23,27,72,105,120,152,186,148,120,97,72,58,70,98,178,263,255,183,95,51,54,71,81,134,145,189,177,147,100,54,25,18,32,53,93,163,219,234,159,97,60,57,115,168,157,202,176,132,63,37,30,31,45,80,112,202,173,154,103,57,37,49,83,91,141,175
205,174,102,64,48,41,54,97,151,180,175,107,72,43,23,21,39,70,125,182,191,178,169,112,74,72,89,148,199,218,175,112,51,34,25,39,53,92,142,155,191,159,125,101,62,60,67,119,158,269,267,181,86,55,59,66,87,114,159,181,175,137,107,65,28,36,26,39,104,178,199,216,167,95,63,74,102,142,179,212,205,117,59,30,23,27,51,83,127,203,187,162,102,61,36,51,66,110,145,179
202,139,104,57,41,51,54,104,146,162,194,126,65,38,31,21,37,77,122,181,186,201,143,84,81,67,92,157,199,221,181,96,59,33,32,29,65,89,119,168,193,143,111,104,66,56,61,97,188,269,289,164,103,51,52,66,72,103,145,174,178,150,98,72,32,22,32,46,107,177,218,219,152,97,75,72,87,155,172,209,182,108,63,37,36,18,50,72,146,195,185,144,92,63,55,36,57,98,161,221
191,162,106,62,32,38,66,106,141,151,168,121,72,46,21,32,49,78,124,202,215,175,140,83,68,58,99,153,202,220,167,101,57,51,17,34,54,95,133,174,151,141,122,99,82,54,61,104,186,268,270,190,85,39,50,82,62,99,133,175,171,172,104,64,36,26,24,42,113,176,218,212,149,110,71,66,87,159,177,215,153,129,69,36,19,28,55,79,137,198,184,149,107,59,37,46,52,109,167,186
183,166,93,61,37,39,60,104,163,163,141,117,86,48,29,27,40,93,131,182,219,162,124,87,65,77,93,143,220,223,172,101,59,40,21,35,57,89,128,167,170,157,113,96,76,55,54,88,187,262,273,186,89,51,44,65,83,105,112,168,193,152,118,71,34,12,25,66,99,175,197,193,163,116,84,84,103,138,190,175,187,128,77,29,21,17,47,94,139,176,189,172,119,59,41,38,65,115,156,196
210,146,93,64,45,42,56,108,137,163,151,114,75,52,36,22,43,93,123,202,216,163,125,98,74,69,97,153,215,207,173,118,60,33,28,30,60,74,143,176,160,144,123,107,94,50,63,87,197,262,254,192,107,49,49,76,90,94,138,149,183,158,108,83,27,19,31,56,111,164,195,202,149,112,80,74,104,143,166,186,199,124,61,54,24,24,50,81,120,207,181,154,101,64,44,43,64,104,138,217
180,130,94,69,41,32,77,104,154,177,153,91,69,56,38,22,43,69,139,181,197,173,138,104,71,78,96,174,189,222,153,105,67,38,22,26,52,106,135,149,176,130,135,109,90,52,55,100,182,249,282,195,91,57,61,73,72,105,148,160,185,146,81,68,39,29,37,45,109,169,204,190,163,108,67,79,91,156,183,199,176,116,76,42,30,35,39,78,149,171,185,152,112,80,40,42,82,113,148,200
182,137,111,74,47,34,54,109,160,165,178,99,78,37,30,36,38,57,112,178,211,194,147,92,69,73,90,155,235,200,158,100,71,35,22,21,47,93,144,157,184,147,131,94,93,57,56,89,219,238,292,169,92,55,57,66,82,130,153,152,163,155,106,47,41,29,44,48,89,170,182,203,174,111,69,65,118,156,165,242,149,117,82,43,27,32,51,99,139,181,169,169,83,63,41,51,74,81,168,191
189,135,107,75,48,49,50,92,173,182,150,118,60,39,33,26,34,60,94,177,204,219,141,90,75,73,85,154,224,241,155,103,64,33,14,32,53,78,123,169,200,148,113,118,68,49,66,102,188,266,254,175,94,50,59,56,97,108,165,157,177,140,101,65,39,32,31,62,115,167,190,189,143,108,76,79,104,148,205,167,193,105,65,43,30,37,58,98,142,186,171,142,104,61,58,51,73,110,149,201
170,138,105,72,36,45,57,103,161,174,157,140,62,40,27,30,28,83,106,151,208,208,139,110,67,53,83,145,234,219,191,113,46,34,16,16,45,82,118,187,200,156,146,80,69,38,59,94,192,262,270,176,98,46,59,73,73,128,141,164,189,133,97,71,37,34,33,75,120,147,204,195,151,94,73,83,107,143,183,207,186,105,48,49,32,29,58,110,133,157,167,156,118,60,42,49,81,90,177,218
213,147,112,66,40,30,70,88,150,169,138,125,73,45,23,30,36,80,122,155,201,203,150,100,83,54,89,150,214,241,193,93,41,23,20,25,41,65,134,177,195,190,119,93,75,48,41,103,183,248,259,182,98,64,57,76,84,103,158,180,155,145,107,60,37,26,31,57,134,174,209,175,144,102,63,88,123,156,176,188,149,121,72,42,31,36,50,85,144,170,171,143,106,80,38,46,69,97,139,199
189,191,115,70,45,52,66,102,138,144,163,123,63,48,26,35,53,51,134,161,197,163,158,106,76,77,103,144,203,237,189,103,45,22,10,24,37,73,141,187,192,200,115,96,67,54,51,87,191,258,265,180,99,59,52,68,87,104,172,197,170,125,109,60,37,21,44,47,120,181,198,182,136,110,75,91,117,144,198,189,163,103,62,43,29,34,56,81,131,177,183,169,89,59,40,45,62,102,159,192
202,170,120,49,44,46,64,108,127,151,162,129,62,39,32,37,35,64,113,169,190,161,163,105,66,84,97,171,220,205,161,117,60,20,17,26,42,79,122,196,198,152,121,104,72,39,58,109,187,248,258,167,116,60,59,57,99,90,147,193,187,151,98,59,31,23,30,66,114,188,178,164,144,109,81,78,109,179,205,190,144,109,52,44,32,36,49,85,139,181,213,145,81,59,42,40,56,102,150,204
215,174,109,52,42,46,67,116,114,157,153,127,66,55,30,29,44,64,129,146,194,189,160,113,73,62,114,167,215,219,159,101,60,28,19,24,61,88,112,198,169,158,132,112,70,42,51,95,185,249,252,195,108,70,65,66,95,97,144,192,193,142,103,63,32,15,33,65,127,163,208,187,147,94,75,74,135,149,190,198,147,110,70,50,28,48,54,70,118,195,214,138,100,54,42,42,64,100,140,201
199,171,111,56,42,29,65,101,131,164,148,116,87,54,35,25,35,80,103,155,185,174,159,108,82,74,98,152,220,223,163,104,49,33,19,32,50,87,115,169,181,168,131,108,64,49,60,110,166,261,240,178,118,74,57,76,89,108,163,192,157,153,110,41,21,17,26,57,116,189,232,185,134,95,78,75,119,188,181,181,162,102,74,46,22,36,51,87,125,168,187,153,88,61,33,49,70,110,160,189
210,174,82,68,50,42,59,96,116,180,163,124,89,49,29,22,47,73,121,165,191,171,152,122,94,76,101,144,207,234,174,92,52,27,17,29,44,80,156,156,188,165,136,84,70,55,59,95,190,266,231,177,99,72,61,70,89,117,155,178,190,156,86,59,32,19,21,53,102,196,232,188,143,82,70,80,141,183,166,198,156,102,73,38,23,41,42,83,123,201,175,156,91,59,42,37,56,128,174,177
207,160,88,60,44,48,51,65,145,188,175,108,79,45,35,21,46,74,114,177,170,198,157,108,84,70,95,147,201,237,169,101,46,25,23,30,43,91,136,174,167,148,146,103,70,70,60,102,185,238,266,172,115,61,54,69,73,128,147,201,193,139,86,53,31,19,26,49,109,164,241,203,131,77,90,82,128,158,180,210,141,116,66,30,32,33,56,83,120,177,201,153,96,52,53,47,52,119,161,218
187,156,104,63,44,41,58,77,150,151,179,110,84,45,33,26,37,80,116,159,193,189,145,107,80,80,98,145,209,239,170,84,58,26,32,21,44,80,135,178,186,163,116,104,82,56,57,117,159,262,253,184,88,63,59,49,99,119,163,189,179,134,91,47,21,22,36,59,107,167,207,201,150,105,75,80,121,154,205,185,169,114,59,36,25,35,70,86,125,170,163,163,99,66,39,49,78,95,152,211
193,146,119,61,47,49,63,74,133,152,163,125,81,53,29,24,41,75,117,173,185,209,141,112,87,65,103,157,203,200,166,113,59,30,22,28,49,102,125,170,173,159,133,104,64,59,59,112,187,246,262,173,90,55,54,60,102,120,174,172,165,135,84,64,23,22,34,40,86,175,234,193,147,104,87,76,109,141,195,201,153,131,60,44,33,27,58,87,133,180,174,139,112,62,43,52,72,123,147,179
178,136,109,75,49,49,60,89,126,151,153,114,92,38,37,22,36,77,119,184,203,182,142,91,90,74,98,170,185,207,170,103,63,19,26,28,52,92,158,140,157,166,151,90,67,51,68,94,170,257,267,190,85,59,63,56,117,115,163,169,189,112,82,61,29,23,29,63,92,155,229,197,172,99,83,54,109,157,167,211,176,104,65,46,34,26,64,86,117,164,190,159,108,59,42,50,84,120,171,189
180,157,95,68,57,56,70,85,137,142,149,124,78,43,34,40,28,62,132,182,203,184,133,115,70,85,90,163,210,216,185,95,51,30,21,28,64,99,135,174,178,150,132,89,72,44,58,104,188,262,270,174,98,72,59,73,84,141,168,182,165,125,85,47,35,29,32,46,94,178,221,226,134,108,72,72,105,142,216,183,150,103,56,53,33,41,45,100,125,161,184,152,93,62,46,47,65,121,177,199
200,159,95,59,41,64,57,95,128,163,156,110,76,48,38,29,40,61,108,176,226,176,128,104,91,79,105,145,215,231,177,111,50,16,17,33,61,82,164,162,168,151,132,95,63,57,54,83,183,258,280,181,105,54,45,73,92,124,193,196,164,126,81,45,31,19,35,58,101,168,223,216,148,91,58,81,100,169,188,183,154,110,72,52,30,41,53,73,134,172,201,152,89,52,39,48,62,116,160,204
215,152,93,65,42,48,51,112,122,147,146,136,74,54,27,31,44,54,113,174,216,166,137,114,72,76,111,152,182,237,186,119,51,29,19,30,53,112,160,166,167,137,138,89,65,42,59,107,183,251,271,182,93,49,55,67,104,118,191,185,187,120,75,56,29,28,25,47,83,183,240,214,149,101,56,64,99,177,212,188,145,112,72,35,30,42,49,106,127,171,185,144,115,51,47,38,67,118,156,214
201,156,110,67,41,40,58,87,149,167,134,118,84,56,21,29,41,62,118,167,188,196,151,95,77,67,96,123,193,247,190,121,37,34,18,29,55,113,120,206,188,147,123,98,54,47,59,98,169,272,264,186,86,57,48,79,98,123,196,181,170,131,76,41,28,30,27,48,97,166,241,207,145,98,80,72,93,147,247,194,147,96,62,37,29,26,44,74,145,187,176,170,90,58,32,49,56,111,182,191
211,152,91,61,52,51,68,86,126,157,131,136,84,38,29,20,43,69,129,184,206,181,143,97,70,67,106,140,188,202,214,117,59,25,22,29,53,84,136,162,177,149,125,105,58,53,57,102,192,249,239,181,105,61,52,73,85,125,180,195,178,115,79,48,34,20,34,51,105,180,222,194,145,106,83,69,113,146,223,200,151,111,70,39,16,28,52,91,159,171,176,160,103,56,37,48,54,98,165,200
208,161,91,62,50,57,58,93,123,143,155,130,89,41,31,24,36,81,134,166,210,196,131,89,79,89,106,135,183,220,187,111,63,26,22,32,52,101,129,188,161,147,125,95,94,54,55,102,182,233,245,212,113,73,46,68,89,129,168,200,178,132,68,52,28,20,27,48,97,174,223,210,139,104,73,67,96,157,216,189,162,115,69,30,22,25,50,86,137,180,179,169,112,52,51,31,68,96,144,213
213,141,101,65,49,40,57,91,126,182,152,121,74,51,35,23,38,86,129,185,198,184,139,100,79,80,111,136,211,179,169,119,67,22,13,32,46,96,135,174,168,154,131,110,57,60,67,107,154,255,249,200,107,58,55,67,101,110,165,193,199,125,80,38,29,18,20,55,113,202,224,184,140,88,69,74,107,166,200,202,178,103,54,37,22,25,42,87,119,176,195,166,105,65,41,53,49,111,166,206
175,140,118,65,45,48,41,79,143,155,163,115,84,45,31,26,39,77,129,171,220,187,134,110,77,84,91,156,179,217,166,124,49,22,30,35,49,92,125,172,164,160,132,87,67,59,71,95,184,254,259,189,107,75,56,63,83,148,152,184,199,139,76,42,27,17,21,75,113,170,204,177,147,111,74,81,109,151,188,210,178,107,63,32,24,27,44,96,123,194,176,186,90,50,42,42,59,113,183,192
178,167,112,66,30,37,57,72,132,148,162,144,62,47,35,21,50,78,128,173,209,195,132,101,77,88,102,147,181,198,185,109,65,19,20,33,48,104,128,176,157,164,141,98,73,41,56,100,164,274,267,180,111,68,66,56,85,147,167,180,176,153,81,34,25,21,31,63,132,160,197,192,119,114,92,82,95,154,171,225,191,94,64,34,15,33,51,99,139,172,196,155,104,47,46,39,71,114,155,202
191,169,111,61,43,31,60,82,129,149,151,137,81,43,37,31,37,64,118,202,186,189,167,101,81,74,94,144,210,207,181,106,63,22,22,22,51,95,136,160,185,168,130,89,74,45,53,91,175,265,272,198,125,45,56,64,96,136,166,175,176,136,80,51,28,26,28,76,120,170,198,198,134,108,84,83,108,170,188,203,164,111,72,34,25,30,57,73,148,170,200,140,85,57,44,40,63,111,159,212
190,160,106,61,33,51,54,72,153,139,146,124,76,47,44,30,31,65,125,212,180,193,135,130,70,73,105,171,205,214,166,91,63,28,15,29,40,85,158,170,186,145,116,107,74,68,57,93,180,255,260,186,114,71,60,66,77,149,153,171,159,148,86,40,24,27,45,60,105,165,216,178,147,108,70,70,118,169,201,201,144,96,77,34,24,41,56,79,128,171,199,142,82,57,37,32,70,101,188,200
185,152,108,71,39,49,59,95,137,166,136,103,88,36,37,40,37,58,138,153,213,205,137,111,70,68,97,186,184,223,152,104,48,40,20,23,39,90,145,173,179,153,140,85,69,77,55,83,186,274,240,184,118,66,51,75,87,147,162,176,149,138,81,52,27,32,37,74,101,164,214,196,147,94,60,79,124,164,191,209,162,104,56,36,39,42,58,78,126,179,179,165,104,55,38,43,62,111,171,201
207,140,128,63,44,42,78,86,153,153,129,95,75,39,35,34,44,58,123,172,211,202,157,92,60,60,97,158,211,220,171,105,39,37,19,22,61,84,131,174,155,167,129,94,75,74,57,90,168,288,271,173,94,66,74,71,99,100,178,189,170,128,91,45,30,30,30,56,110,166,220,223,147,86,74,68,106,161,204,213,162,103,53,42,35,43,44,79,128,189,161,143,99,75,48,50,50,99,155,199
208,161,125,67,44,46,68,102,133,155,136,94,77,47,39,30,43,72,113,168,201,208,138,97,71,76,92,134,205,228,180,98,69,26,17,29,42,94,134,171,177,165,124,112,72,71,58,109,180,239,271,185,77,73,72,83,85,133,141,192,163,123,77,50,28,28,37,54,106,164,208,210,144,80,82,83,98,152,203,221,162,116,67,50,30,34,37,70,130,175,196,144,112,71,49,37,65,87,152,184
194,160,130,69,46,50,60,88,133,143,131,122,68,56,45,36,35,83,105,168,207,196,144,90,75,91,85,156,216,211,189,107,46,24,26,33,60,81,123,167,157,159,131,102,92,71,55,102,190,266,301,172,85,57,63,68,84,128,164,195,157,134,76,51,34,29,28,51,78,200,221,204,126,84,66,91,114,165,197,183,152,110,78,57,35,18,45,80,107,184,191,144,115,73,40,46,62,96,170,181
199,144,102,72,52,58,68,83,134,157,148,114,69,51,45,36,36,80,113,178,203,200,140,100,72,88,116,152,186,209,187,100,49,29,18,22,64,92,135,166,164,139,137,97,68,73,63,118,202,251,242,181,110,53,55,63,78,132,172,194,167,130,80,49,19,21,22,59,94,196,220,207,139,91,68,88,124,144,183,205,147,110,73,53,26,39,50,82,115,164,175,132,117,73,46,49,52,108,157,185
204,142,95,69,57,53,59,81,146,135,143,107,88,53,34,28,35,84,116,177,225,199,127,108,78,75,97,156,200,204,179,127,58,30,20,33,58,83,140,179,161,160,123,112,71,60,64,113,208,249,257,176,100,78,48,63,93,111,163,163,179,139,83,45,28,26,16,58,123,178,205,214,147,114,68,97,117,157,178,208,157,108,74,39,32,33,40,79,127,173,165,131,125,58,43,39,70,99,192,181
176,144,107,64,41,49,58,101,123,144,158,119,68,44,48,27,24,87,122,170,189,195,144,105,93,85,96,138,185,208,177,117,57,22,32,37,61,84,121,140,164,193,121,95,70,70,85,113,209,250,261,159,104,76,68,65,89,129,146,180,175,143,87,54,29,13,22,49,107,174,233,220,139,101,79,73,120,147,208,190,178,96,68,39,38,23,48,68,118,173,171,150,104,77,47,51,67,119,183,200
193,150,100,82,32,45,56,105,136,145,148,122,64,54,32,37,43,55,114,183,229,169,140,104,88,78,98,126,212,202,177,109,58,32,18,39,61,77,117,162,161,192,129,93,78,65,75,105,194,263,263,141,138,76,56,59,84,127,141,164,180,128,97,55,21,21,22,46,104,176,231,212,143,108,64,89,105,157,187,208,151,125,70,41,26,22,51,97,125,171,162,155,104,65,53,47,66,111,164,194
196,160,114,74,36,43,67,84,127,142,142,139,75,39,33,30,34,63,129,180,234,184,135,82,85,71,102,121,202,206,189,111,51,41,27,33,52,97,119,175,177,139,146,105,66,65,80,114,178,267,236,164,112,81,81,66,75,116,136,182,163,128,102,45,29,23,17,46,95,188,229,191,161,97,73,76,120,161,165,194,157,125,81,53,25,37,42,69,134,177,158,141,103,56,49,65,67,110,148,183
191,189,122,69,36,35,40,99,129,167,148,128,66,37,30,29,48,76,108,174,205,186,142,101,69,79,83,145,204,226,163,118,56,41,16,25,55,106,142,145,187,146,144,108,73,64,78,102,181,263,254,175,104,76,68,70,81,122,168,170,169,127,87,47,32,18,34,53,95,174,228,217,136,97,97,79,106,152,171,201,174,131,63,49,35,32,47,93,130,142,179,142,101,63,57,44,67,95,147,191
215,168,113,64,39,47,59,93,118,171,149,127,65,38,23,40,47,77,116,185,211,192,133,100,79,61,94,160,204,205,182,111,68,33,19,20,48,108,143,172,165,152,120,99,82,60,63,113,204,258,251,175,99,63,60,66,98,135,175,143,163,143,80,55,37,17,27,45,114,151,222,228,150,109,80,70,115,148,180,187,191,122,75,42,32,41,57,88,101,156,175,153,92,65,51,39,60,106,130,194
206,161,105,81,39,35,58,94,142,142,151,124,56,55,32,30,46,64,121,170,226,187,139,89,75,71,84,147,210,217,164,100,67,31,35,29,66,90,140,183,159,147,132,110,65,66,95,98,197,247,261,173,118,49,59,87,88,110,186,157,184,128,90,52,26,24,28,43,101,170,229,185,167,108,82,81,107,158,212,177,144,121,84,44,33,42,63,92,100,138,175,155,107,64,33,42,71,98,134,199
205,162,111,61,42,50,58,97,129,142,154,119,78,38,34,31,30,72,121,171,204,191,136,98,75,61,122,139,233,198,160,102,52,33,36,46,60,97,116,154,150,173,136,99,72,63,77,123,189,255,268,185,82,61,69,79,92,123,146,159,157,141,85,64,35,28,24,56,99,162,221,240,161,85,80,89,111,155,214,174,142,118,80,34,32,43,59,82,110,147,169,144,105,62,41,45,47,117,157,176
187,174,107,57,42,30,60,85,132,165,145,116,72,38,32,31,43,63,127,166,209,198,139,94,77,66,96,166,204,212,166,88,67,42,36,44,45,88,122,169,181,132,142,88,67,62,81,122,191,265,260,162,100,76,68,69,78,127,156,128,183,148,92,73,32,28,36,54,107,178,235,200,133,100,82,76,118,142,187,197,173,116,75,41,25,31,53,80,136,149,178,140,86,60,45,34,68,102,173,209
184,151,110,67,47,40,56,82,123,154,146,116,83,42,31,40,36,55,117,188,238,187,145,87,65,62,90,146,209,226,175,114,55,22,36,36,52,80,147,167,192,161,131,91,68,71,69,125,178,223,265,192,116,64,62,56,89,116,145,185,150,135,94,68,43,27,42,67,114,177,197,188,148,134,93,81,114,141,192,188,162,132,67,40,41,46,54,77,123,140,158,130,100,67,31,56,66,135,156,211
187,152,101,57,37,42,53,94,118,155,164,118,73,45,24,36,44,65,96,188,236,182,138,91,63,69,81,146,195,242,180,110,67,35,36,38,60,74,143,178,189,159,113,73,79,78,71,104,175,250,268,176,122,65,57,74,99,114,146,155,175,145,92,61,41,32,34,45,109,189,203,191,137,92,95,82,96,159,179,212,169,124,52,48,33,44,65,90,112,152,147,131,92,71,43,56,82,114,172,209
195,167,85,72,42,43,52,84,122,138,188,109,71,35,22,37,53,51,109,162,228,180,145,104,70,65,90,132,190,231,203,109,51,43,30,33,55,83,157,189,161,160,118,88,95,62,60,104,162,258,276,199,102,55,61,92,86,114,164,158,162,144,99,68,32,35,27,55,117,183,205,175,137,107,90,77,99,166,186,200,163,130,57,30,42,46,61,91,122,148,143,140,92,67,39,44,75,131,168,195
196,150,78,64,46,46,61,89,137,159,148,116,58,40,34,39,53,63,120,151,173,185,155,113,74,65,110,125,177,218,205,116,64,42,24,39,65,104,132,161,189,142,122,101,85,57,75,118,163,235,273,182,100,83,63,81,82,116,158,156,165,133,98,61,38,33,26,59,115,175,206,186,152,111,85,74,133,154,184,190,167,126,61,46,31,41,54,83,132,162,164,125,95,61,36,56,86,121,174,190
206,142,87,53,49,44,56,96,133,146,146,117,72,51,31,32,44,71,112,170,217,196,127,92,76,82,94,137,181,215,175,138,60,34,20,39,58,93,136,155,182,157,111,110,77,70,61,107,173,240,272,180,111,76,69,62,101,115,133,175,186,142,94,52,36,38,29,55,130,153,206,201,155,83,81,95,126,155,189,182,176,111,81,35,34,33,52,75,136,155,168,138,96,57,40,52,79,103,145,208
200,156,88,48,46,49,58,90,123,152,141,110,65,54,33,38,33,59,117,191,226,202,125,80,74,77,90,145,202,211,167,121,70,35,31,36,61,90,129,165,177,139,139,112,70,68,64,94,189,243,249,175,128,84,66,72,91,116,160,187,151,126,104,67,30,35,29,53,113,183,218,197,124,103,72,91,125,152,203,193,175,116,75,37,31,28,46,79,113,168,154,148,88,56,41,52,73,105,175,201
191,141,91,54,40,57,58,87,128,146,132,106,95,55,27,36,36,61,122,191,235,186,117,90,73,73,98,131,200,234,154,119,52,33,20,39,59,95,154,152,171,152,134,100,78,75,63,94,177,240,230,193,131,86,65,66,113,122,149,184,147,116,95,78,54,21,23,57,118,166,204,178,149,107,85,85,122,146,195,224,158,112,66,34,26,40,60,70,129,157,149,140,124,50,45,55,75,112,155,214
204,145,100,66,54,53,56,75,132,152,123,104,72,58,46,30,44,60,130,183,197,201,139,93,82,73,87,158,206,207,166,121,62,27,35,47,63,118,117,185,172,156,124,86,91,66,65,127,180,224,253,204,123,59,74,79,99,115,126,170,169,147,96,53,43,36,37,53,109,188,204,186,129,100,78,79,120,169,188,190,183,96,67,50,36,42,59,82,100,155,174,134,93,59,61,58,75,104,143,196
183,144,97,72,55,47,66,85,119,141,124,108,74,48,49,34,45,61,125,180,209,184,118,112,94,81,112,141,187,208,157,98,57,34,33,52,66,108,123,169,168,149,135,89,61,66,75,103,206,235,261,185,109,72,78,87,83,104,148,167,186,128,93,57,49,25,39,62,121,163,216,172,144,99,78,85,114,158,166,184,164,133,66,47,39,44,61,89,93,158,162,137,95,48,57,79,70,108,128,204
181,152,109,49,52,61,67,82,100,140,139,104,75,59,38,49,40,75,94,176,208,171,135,105,92,99,116,134,160,213,165,117,67,26,25,51,75,101,143,160,175,150,116,93,71,63,73,122,183,257,218,185,108,87,72,84,98,120,143,165,155,132,87,73,39,36,33,69,110,162,196,178,137,92,94,104,123,129,187,173,161,129,67,55,41,40,70,91,138,133,138,145,96,58,51,65,74,93,166,202
190,129,103,72,50,49,69,82,115,129,132,93,77,46,46,41,49,78,107,164,195,185,133,112,84,110,115,143,179,195,161,113,61,37,36,52,66,110,136,158,152,134,121,87,76,63,88,108,184,236,225,189,125,94,64,85,92,126,143,143,172,120,93,69,41,44,33,68,118,167,198,187,134,89,87,106,114,136,177,157,165,126,78,60,47,45,57,104,135,158,140,107,93,65,73,51,76,116,152,211
195,143,90,81,45,47,65,85,118,121,133,95,57,50,46,43,46,65,130,176,182,177,146,115,79,99,96,115,179,226,160,114,60,40,50,61,79,92,131,129,160,129,113,99,86,81,76,126,164,223,237,191,132,72,70,75,117,133,115,167,125,114,96,81,58,36,37,60,109,169,190,161,140,109,76,96,105,156,170,156,160,111,71,53,35,48,74,100,118,158,141,96,99,52,66,63,86,109,165,163
151,135,89,77,62,33,55,84,108,112,107,87,48,48,49,46,52,95,106,139,147,154,112,108,95,89,95,121,169,177,147,86,50,42,43,53,82,84,122,110,130,123,83,88,80,85,76,114,172,223,223,190,109,81,50,63,83,104,120,126,128,105,73,70,53,41,43,72,99,146,163,131,129,94,90,104,119,120,130,149,150,91,98,44,46,46,55,89,118,135,126,98,66,66,56,64,97,103,130,140
103,99,79,62,45,38,38,60,65,88,78,64,44,40,43,43,30,74,89,104,113,112,73,80,77,69,75,110,123,142,102,77,48,34,27,43,33,73,84,109,93,100,66,60,60,60,59,107,132,209,214,140,102,69,46,73,72,72,87,95,111,83,62,50,50,44,30,51,88,118,116,113,70,95,80,85,90,101,110,118,113,80,60,48,41,34,60,66,84,105,99,86,59,55,48,67,52,86,97,111
60,52,30,43,23,27,27,35,39,38,54,37,40,26,12,22,20,36,61,65,64,78,64,49,48,42,56,69,69,74,67,49,33,23,18,24,28,43,49,62,79,45,26,36,30,37,56,73,97,133,150,116,73,43,30,40,41,33,55,62,68,44,55,39,25,21,23,22,60,70,67,82,50,42,58,36,36,57,80,72,55,46,37,29,20,18,27,46,43,57,43,43,39,27,19,34,44,46,65,73
15,18,19,11,9,14,15,11,11,17,15,18,13,5,2,4,11,19,18,24,25,33,21,20,23,20,21,28,29,39,34,19,8,5,12,1,14,13,27,19,26,13,14,15,18,11,22,32,59,60,69,48,46,27,13,17,19,14,22,31,20,27,17,18,5,9,5,13,22,39,34,24,22,20,10,17,21,20,22,35,26,17,13,15,6,5,13,14,24,24,20,19,6,6,9,11,15,23,21,25
6,5,4,7,3,3,5,4,0,4,7,0,4,0,0,0,4,5,2,3,7,6,4,5,5,8,6,2,13,15,7,4,2,0,1,1,0,2,2,7,4,1,5,3,5,9,5,9,11,25,17,18,15,8,6,9,5,8,3,1,2,6,7,1,2,0,1,4,1,13,2,5,7,7,4,7,3,1,7,7,6,5,3,1,2,2,1,4,2,5,5,2,3,1,1,2,3,4,3,8
1,2,1,0,0,0,1,0,0,0,0,0,0,0,0,1,0,1,0,0,0,1,0,1,2,1,1,6,2,0,2,2,1,0,0,0,0,0,0,2,0,1,0,0,0,1,2,5,6,8,3,0,1,2,1,0,2,0,0,0,0,0,0,0,0,0,0,0,1,1,0,1,0,0,1,2,1,0,0,0,0,1,1,0,0,0,1,0,1,0,0,1,0,0,0,1,0,0,2,2
0,0,0,0,0,0,0,0,0,0,0,0,0,0,0,0,0,0,0,0,0,0,0,0,0,0,0,1,0,0,0,0,0,0,0,0,0,0,0,0,0,0,0,0,0,0,0,0,1,0,1,0,0,0,0,0,0,0,0,0,0,0,0,0,0,0,0,0,0,0,0,0,0,0,0,0,0,0,0,0,2,0,0,0,0,0,0,0,0,0,0,0,0,0,0,0,0,0,0,0
0,0,0,0,0,0,0,0,0,0,0,0,0,0,0,0,0,0,0,0,0,0,0,0,0,0,0,0,0,0,0,0,0,0,0,0,0,0,0,0,0,0,0,0,0,0,0,0,0,0,0,0,0,0,0,0,0,0,0,0,0,0,0,0,0,0,0,0,0,0,0,0,0,0,0,0,0,0,0,0,0,0,0,0,0,0,0,0,0,0,0,0,0,0,0,0,0,0,0,0
0,0,0,0,0,0,0,0,0,0,0,0,0,0,0,0,0,0,0,0,0,0,0,0,0,0,0,0,0,0,0,0,0,0,0,0,0,0,0,0,0,0,0,0,0,0,0,0,0,0,0,0,0,0,0,0,0,0,0,0,0,0,0,0,0,0,0,0,0,0,0,0,0,0,0,0,0,0,0,0,0,0,0,0,0,0,0,0,0,0,0,0,0,0,0,0,0,0,0,0
0,0,0,0,0,0,0,0,0,0,0,0,0,0,0,0,0,0,0,0,0,0,0,0,0,0,0,0,0,0,0,0,0,0,0,0,0,0,0,0,0,0,0,0,0,0,0,0,0,0,0,0,0,0,0,0,0,0,0,0,0,0,0,0,0,0,0,0,0,0,0,0,0,0,0,0,0,0,0,0,0,0,0,0,0,0,0,0,0,0,0,0,0,0,0,0,0,0,0,0
0,0,0,0,0,0,0,0,0,0,0,0,0,0,0,0,0,0,0,0,0,0,0,0,0,0,0,0,0,0,0,0,0,0,0,0,0,0,0,0,0,0,0,0,0,0,0,0,0,0,0,0,0,0,0,0,0,0,0,0,0,0,0,0,0,0,0,0,0,0,0,0,0,0,0,0,0,0,0,0,0,0,0,0,0,0,0,0,0,0,0,0,0,0,0,0,0,0,0,0
0,0,0,0,0,0,0,0,0,0,0,0,0,0,0,0,0,0,0,0,0,0,0,0,0,0,0,0,0,0,0,0,0,0,0,0,0,0,0,0,0,0,0,0,0,0,0,0,0,0,0,0,0,0,0,0,0,0,0,0,0,0,0,0,0,0,0,0,0,0,0,0,0,0,0,0,0,0,0,0,0,0,0,0,0,0,0,0,0,0,0,0,0,0,0,0,0,0,0,0
