3.59673,0.412312
3.54687,0.608142
3.59558,0.83005
3.79614,0.861957
3.83282,1.05598
3.76955,1.24045
3.89145,1.39934
3.7134,1.5046
3.68112,1.70154
3.72674,1.89842
3.60882,2.06601
3.68091,2.25949
3.57918,2.45117
3.38412,2.49745
3.39786,2.70892
3.20136,2.77393
3.10892,2.94907
3.14839,3.14885
3.26491,3.30385
3.16791,3.48146
3.18428,3.68985
3.28464,3.86095
3.18053,4.04714
3.24573,4.23634
3.06188,4.31222
3.16281,4.48413
3.17215,4.6855
3.32709,4.83291
3.21986,5.01426
3.30247,5.20483
3.1185,5.31084
3.14775,5.51092
3.07395,5.70978
3.04668,5.90692
3.07803,6.10556
2.99456,6.29908
3.00066,6.50855
3.05056,6.69285
2.9883,6.89313
3.08093,7.06376
3.24913,7.16775
3.38076,7.32487
3.33345,7.51628
3.26689,7.72597
3.26489,7.94058
3.22195,8.14691
3.21093,8.34406
3.13202,8.53126
3.07546,8.73513
3.00951,8.93482
2.99914,9.14698
3.16082,9.25957
3.23237,9.46431
3.11754,9.63629
3.31648,9.63909
3.39894,9.81844
3.40414,10.0133
3.33344,10.213
3.49755,10.3343
3.47441,10.5384
3.4962,10.74
3.35738,10.9102
3.38844,11.1152
3.30433,11.3006
3.33987,11.5014
3.40304,11.7042
3.51784,11.8757
3.58999,12.0698
3.59673,12.2761
3.70485,12.4467
3.56766,12.5929
3.53363,12.805
3.41945,12.9651
3.45146,13.1573
3.34881,13.3312
3.33363,13.5341
3.42315,13.7138
3.43686,13.9135
3.31033,14.0583
3.23888,14.2458
3.34431,14.4016
3.46021,14.5755
3.46887,14.781
3.3361,14.943
3.49685,15.0679
3.57571,15.2334
3.50045,15.4258
3.45812,15.6188
3.50104,15.8261
3.37146,15.9754
3.42216,16.1747
3.50427,16.3716
3.43324,16.5546
3.33954,16.7396
3.29619,16.9435
3.38147,17.1269
3.41537,17.3233
3.54579,17.4685
3.52275,17.6524
3.49711,17.8592
3.4379,18.0533
3.55899,18.2186
3.37345,18.2839
3.32804,18.4782
3.27628,18.6656
3.20995,18.8541
3.25154,19.055
3.28191,19.265
3.22994,19.4706
3.32997,19.6559
3.40668,19.8405
3.25356,19.9939
3.41686,20.1222
3.42709,20.335
3.47126,20.538
3.37368,20.7146
3.32932,20.9091
3.38419,21.1051
3.52517,21.2481
3.41304,21.4334
3.32048,21.6231
3.19099,21.7728
3.21448,21.9762
3.1679,22.1541
3.09168,22.3542
3.06482,22.5551
3.10906,22.7462
3.06087,22.9717
3.0899,23.178
3.13716,23.3761
3.19781,23.567
3.26419,23.7729
3.33009,23.9727
3.35491,24.1767
3.40473,24.3719
3.2945,24.5298
3.19992,24.6998
3.26432,24.9096
3.35017,25.0955
3.24216,25.285
3.33588,25.4592
3.19741,25.5942
3.30841,25.7518
3.4105,25.929
3.31597,26.1069
3.17456,26.2453
3.10119,26.432
3.03831,26.6289
2.96486,26.8291
3.14851,26.9121
3.13857,27.1223
3.20034,27.3318
3.37273,27.4366
3.52293,27.5664
3.48259,27.7679
3.49311,27.9657
3.51593,28.1816
3.5227,28.3846
3.59776,28.5887
3.61721,28.7882
3.58038,28.9895
3.7695,29.043
3.79175,29.2432
3.74168,29.4413
3.72207,29.6345
3.62631,29.8131
3.66222,30.0096
3.5393,30.1804
3.66576,30.359
3.50944,30.484
3.65228,30.6336
3.61844,30.8513
3.52831,31.034
3.46585,31.2215
3.50588,31.4257
3.35887,31.5623
3.31056,31.7534
3.18409,31.9316
3.28577,32.1248
3.27971,32.3235
3.32915,32.5206
3.35449,32.7283
3.27822,32.9194
3.34315,33.1125
3.51531,33.2238
3.54335,33.4276
3.60095,33.6314
3.65498,33.8227
3.5121,33.9547
3.5361,34.1567
3.70018,34.2813
3.70178,34.483
3.75998,34.6821
3.68659,34.8727
3.49216,34.9729
3.55697,35.1657
3.3902,35.2716
3.57302,35.3588
3.62936,35.5492
3.61669,35.7488
4.27193,0.405834
4.2782,0.62777
4.25579,0.82532
4.36951,1.00104
4.18387,1.11802
4.25372,1.32095
4.34513,1.50591
4.31597,1.71141
4.34972,1.91661
4.3609,2.10627
4.48248,2.25084
4.39074,2.43035
4.44657,2.61422
4.32883,2.7757
4.25731,2.96808
4.25096,3.15862
4.38215,3.33124
4.44849,3.52691
4.43814,3.73457
4.45195,3.95526
4.4923,4.14524
4.3161,4.27785
4.26097,4.47158
4.28394,4.6763
4.12956,4.83817
4.07115,5.03548
4.08353,5.24123
4.14498,5.43565
4.23662,5.60954
4.27599,5.8006
4.36538,5.97716
4.33225,6.17673
4.29186,6.37959
4.38978,6.55299
4.48451,6.72276
4.34368,6.85679
4.33707,7.07494
4.19639,7.2424
4.30451,7.41788
4.30514,7.62704
4.39746,7.82565
4.39514,8.01981
4.26494,8.17002
4.33143,8.38147
4.39532,8.58299
4.39294,8.79772
4.39956,9.01485
4.36022,9.21541
4.46623,9.39054
4.29256,9.48851
4.2101,9.66412
4.14142,9.85958
4.06091,10.0571
4.09499,10.2705
4.0769,10.4643
4.02061,10.6836
4.0018,10.9017
4.08839,11.0765
4.0529,11.2615
3.98132,11.4638
4.06697,11.6405
4.16827,11.8102
4.04331,11.9731
4.09248,12.168
4.05179,12.3761
4.03479,12.5682
4.15073,12.7398
4.09789,12.935
4.04682,13.1386
4.03526,13.3494
3.96304,13.552
4.06407,13.7408
4.07268,13.9506
3.94007,14.1196
4.05628,14.2919
4.13476,14.5035
4.05447,14.683
4.07308,14.8733
4.22211,15.0082
4.17728,15.2174
4.28409,15.3772
4.43911,15.4996
4.35812,15.7007
4.3587,15.9125
4.31184,16.0975
4.15144,16.2483
4.32773,16.3625
4.36038,16.5495
4.37275,16.7586
4.48218,16.9185
4.3746,17.0821
4.28881,17.2647
4.39381,17.4297
4.28617,17.6084
4.16664,17.7591
4.09689,17.9424
4.09869,18.136
4.0906,18.3489
4.08619,18.5672
4.18038,18.7577
4.30155,18.8909
4.29197,19.1022
4.29541,19.3284
4.22447,19.5229
4.29103,19.7358
4.23775,19.937
4.17187,20.138
4.18074,20.3406
4.17237,20.5528
4.00139,20.6389
4.12312,20.8081
4.18263,20.9891
4.07437,21.1486
3.99184,21.332
3.97642,21.5395
4.11211,21.6895
3.9583,21.8268
3.94606,22.0344
3.89865,22.2234
3.91941,22.4208
4.06596,22.5522
4.07321,22.7523
4.25942,22.7138
4.25714,22.9204
4.1505,23.1005
4.23502,23.2762
4.1129,23.4547
4.00766,23.64
3.99288,23.8286
3.95788,24.0327
4.01979,24.2469
4.00853,24.4514
4.14652,24.6075
4.11409,24.8132
4.14153,25.0171
4.20922,25.2373
4.11698,25.4017
4.32621,25.434
4.19876,25.5954
4.03508,25.7104
4.03874,25.9129
4.13288,26.0786
4.08778,26.2779
3.98745,26.4589
3.93431,26.6499
3.92931,26.8593
3.85716,27.053
4.01047,27.1748
4.13219,27.3347
4.23603,27.5266
4.28761,27.7081
4.18325,27.8886
4.22234,28.0926
4.3022,28.2822
4.25626,28.4848
4.26254,28.6791
4.21606,28.8695
4.18872,29.058
4.37373,29.1227
4.31665,29.3141
4.16235,29.4447
4.01328,29.5827
4.16853,29.7183
4.10317,29.9372
4.10713,30.1438
4.02073,30.3224
4.04193,30.5193
4.06271,30.7344
4.01876,30.9287
4.04586,31.132
3.99591,31.334
4.01374,31.5538
4.00644,31.7382
4.12218,31.9256
4.05754,32.1146
4.06147,32.3005
4.0952,32.4997
3.89446,32.547
3.80845,32.7509
3.99601,32.7918
3.96723,33.0111
4.05935,33.2018
4.21494,33.3294
4.1541,33.535
4.09596,33.7291
4.08543,33.94
4.05929,34.1454
4.0546,34.3417
4.1666,34.5163
4.15096,34.7128
4.09941,34.9148
4.14692,35.1228
4.04752,35.3032
3.9694,35.486
4.08242,35.6458
3.95692,35.7935
3.95547,35.9924
3.95868,36.1976
4.03381,36.3821
4.00023,36.5725
-1.56944,0.436725
-1.48132,0.613826
-1.46016,0.820667
-1.31923,0.974669
-1.30766,1.17603
-1.41071,1.36941
-1.33827,1.57973
-1.26149,1.76592
-1.22685,1.96859
-1.18482,2.16096
-1.08396,2.32661
-1.15766,2.53017
-1.21548,2.72188
-1.1591,2.90435
-0.998872,3.01408
-1.0885,3.18704
-1.18477,3.36499
-1.165,3.56462
-1.25862,3.74672
-1.311,3.93445
-1.45326,4.08858
-1.46827,4.27894
-1.63633,4.38694
-1.51398,4.54816
-1.43685,4.74301
-1.31684,4.90285
-1.23171,5.07438
-1.3419,5.24252
-1.27834,5.42735
-1.21273,5.61204
-1.34474,5.76431
-1.34807,5.95979
-1.28245,6.14114
-1.16497,6.29253
-1.12272,6.48383
-1.01297,6.65191
-1.02048,6.84606
-1.03084,7.02991
-0.97931,7.22172
-0.946709,7.42599
-1.05998,7.60872
-1.10685,7.82047
-1.25815,7.95769
-1.37239,8.11724
-1.32147,8.33449
-1.23864,8.53194
-1.2271,8.73567
-1.39431,8.85948
-1.32211,9.05013
-1.23296,9.22298
-1.43082,9.24766
-1.47808,9.44822
-1.32855,9.58514
-1.20767,9.76789
-1.13921,9.96424
-1.10935,10.1702
-1.2332,10.3227
-1.15509,10.5131
-1.14751,10.723
-1.22732,10.9028
-1.35482,11.064
-1.46287,11.2428
-1.46403,11.4426
-1.34041,11.5973
-1.31516,11.8082
-1.29877,12.0058
-1.13091,12.0865
-0.991113,12.2332
-0.934277,12.4171
-1.01571,12.6216
-1.12754,12.8013
-1.11632,13.0105
-1.14251,13.2162
-1.0929,13.4109
-1.1378,13.6086
-1.06873,13.8038
-1.12654,14.0192
-1.12017,14.223
-1.07807,14.4321
-0.947527,14.5686
-0.903805,14.7612
-1.02986,14.9236
-1.03009,15.1188
-1.05431,15.3353
-1.10723,15.5411
-1.16163,15.7324
-1.19882,15.9365
-1.24836,16.1298
-1.2294,16.3482
-1.1779,16.5463
-1.27245,16.7275
-1.34533,16.9346
-1.22882,17.0912
-1.32508,17.2876
-1.38809,17.469
-1.49821,17.6347
-1.41148,17.8138
-1.36479,18.0153
-1.30991,18.205
-1.32584,18.4039
-1.44161,18.5567
-1.54236,18.7502
-1.45949,18.9373
-1.24423,18.9788
-1.2198,19.1846
-1.27198,19.3665
-1.27072,19.5799
-1.42901,19.7438
-1.52267,19.9169
-1.60749,20.1162
-1.48953,20.2781
-1.59957,20.4554
-1.52404,20.6524
-1.48593,20.8522
-1.44305,21.0459
-1.52743,21.2158
-1.55107,21.4123
-1.604,21.5939
-1.54382,21.7845
-1.51106,21.9926
-1.39196,22.1556
-1.4899,22.3449
-1.46248,22.5581
-1.43717,22.7618
-1.53692,22.9523
-1.40728,23.1072
-1.40136,23.3275
-1.24987,23.4661
-1.28704,23.6733
-1.20192,23.8538
-1.1639,24.0496
-1.28775,24.2312
-1.3639,24.4104
-1.51138,24.5506
-1.46876,24.746
-1.40383,24.9232
-1.3427,25.118
-1.36237,25.3169
-1.41117,25.5085
-1.3999,25.7257
-1.58219,25.8531
-1.59492,26.0715
-1.46856,26.2331
-1.32433,26.3702
-1.21234,26.5484
-1.02027,26.6259
-1.09559,26.815
-1.22896,26.9559
-1.29659,27.1642
-1.29401,27.3622
-1.28394,27.5713
-1.33533,27.7906
-1.2368,27.9593
-1.35854,28.1103
-1.34463,28.3336
-1.34824,28.5321
-1.40167,28.7274
-1.31211,28.9177
-1.38341,29.1203
-1.40976,29.3235
-1.26254,29.44
-1.44294,29.5523
-1.41095,29.7493
-1.3059,29.9177
-1.34657,30.1166
-1.33702,30.3375
-1.39579,30.5324
-1.3193,30.7361
-1.41321,30.9186
-1.32115,31.1145
-1.42532,31.2902
-1.33814,31.469
-1.32894,31.6706
-1.41036,31.8684
-1.33478,32.0643
-1.47464,32.2089
-1.4032,32.4028
-1.45704,32.5986
-1.61364,32.7621
-1.49464,32.9208
-1.38682,33.0927
-1.39425,33.3063
-1.33205,33.4971
-1.302,33.7016
-1.3597,33.8937
-1.25524,34.0769
-1.18468,34.2559
-1.06046,34.4211
-1.15141,34.5861
-0.97656,34.6796
-0.916651,34.895
-0.777876,35.0416
-0.942196,35.1537
-0.902931,35.3513
-0.862349,35.5532
-0.781126,35.7195
-0.727585,35.9154
-0.647731,36.0969
-0.656881,36.2874
-0.651602,36.4748
-0.581762,0.167241
-0.501861,0.358263
-0.573156,0.538807
-0.472722,0.724183
-0.455718,0.917234
-0.299965,1.0537
-0.286718,1.25754
-0.450922,1.34802
-0.401607,1.5578
-0.338229,1.75074
-0.459376,1.91279
-0.441678,2.1214
-0.495194,2.3439
-0.456906,2.54351
-0.300273,2.67275
-0.212904,2.86763
-0.340446,3.01869
-0.246286,3.20338
-0.314759,3.39299
-0.422137,3.55673
-0.370435,3.74406
-0.515426,3.89548
-0.552451,4.09988
-0.545402,4.29452
-0.401072,4.43543
-0.331073,4.63174
-0.324381,4.83061
-0.436045,4.99299
-0.445679,5.19312
-0.506163,5.39307
-0.495913,5.59197
-0.455933,5.78645
-0.359936,5.95361
-0.357577,6.15294
-0.293619,6.34468
-0.195978,6.52556
-0.36621,6.6452
-0.234019,6.76643
-0.305385,6.94659
-0.173196,7.09399
-0.00291771,7.19336
-0.100403,7.3629
-0.0490461,7.56267
-0.163809,7.73169
-0.345639,7.82852
-0.341039,8.03384
-0.366109,8.22945
-0.305172,8.4369
-0.274464,8.64101
-0.247429,8.84692
-0.249995,9.05162
-0.272496,9.24026
-0.169643,9.40915
-0.110914,9.60684
-0.245369,9.75896
-0.28458,9.9567
-0.287935,10.1612
-0.264909,10.3707
-0.297904,10.5751
-0.176453,10.747
-0.102201,10.9359
-0.161601,11.123
-0.215627,11.3084
-0.259815,11.5051
-0.282077,11.717
-0.184379,11.8778
-0.268893,12.0625
-0.333117,12.242
-0.379252,12.4374
-0.48743,12.6299
-0.372258,12.7885
-0.313504,12.9925
-0.455218,13.1402
-0.404494,13.3332
-0.39332,13.5365
-0.235235,13.6854
-0.335762,13.8585
-0.323189,14.0562
-0.249061,14.2455
-0.337338,14.426
-0.231201,14.5998
-0.187016,14.7925
-0.217173,14.9932
-0.174155,15.1833
-0.162679,15.3841
-0.258221,15.5574
-0.199039,15.7494
-0.338966,15.8947
-0.428717,16.0724
-0.514354,16.2514
-0.548381,16.4444
-0.495504,16.6451
-0.337255,16.7741
-0.378628,16.9694
-0.48167,17.1467
-0.432185,17.3429
-0.309715,17.493
-0.292745,17.6983
-0.274785,17.9059
-0.232704,18.1012
-0.241595,18.3046
-0.299652,18.5133
-0.258893,18.7123
-0.417568,18.8421
-0.552879,18.9814
-0.599127,19.182
-0.527999,19.3748
-0.418517,19.5376
-0.365885,19.7356
-0.390625,19.9258
-0.450917,20.1327
-0.42716,20.3396
-0.296938,20.5105
-0.355228,20.7213
-0.227045,20.8741
-0.275378,21.0587
-0.311503,21.2587
-0.222032,21.4565
-0.271321,21.6633
-0.270753,21.8875
-0.233916,22.0711
-0.142931,22.2547
-0.316316,22.3305
-0.33173,22.5321
-0.163977,22.653
-0.238089,22.8344
-0.235611,23.0282
-0.259849,23.2278
-0.205177,23.4258
-0.143259,23.6091
-0.160518,23.8182
-0.0421306,23.9804
-0.046604,24.1797
-0.216389,24.2706
-0.14449,24.4771
-0.240844,24.6403
-0.209086,24.8423
-0.288775,25.0213
-0.268195,25.218
-0.358006,25.3929
-0.207723,25.5236
-0.0872599,25.6768
-0.156083,25.8548
-0.164479,26.0481
-0.23108,26.2481
-0.15649,26.4319
-0.235596,26.6155
-0.246929,26.8246
-0.216452,27.0268
-0.190978,27.2411
-0.0202209,27.3669
-0.0201973,27.578
-0.125274,27.7482
-0.136816,27.9646
-0.260785,28.13
-0.205561,28.3337
-0.172943,28.5247
-0.0667984,28.717
-0.0297902,28.9153
-0.0312381,29.123
-0.00803418,29.3282
0.066857,29.5258
0.00214094,29.7269
0.0997279,29.9042
0.0686779,30.1044
-0.0141837,30.2917
0.0195841,30.4902
0.110348,30.6732
0.0171909,30.8403
0.00753568,31.0388
0.0369465,31.2467
-0.0372776,31.4244
-0.0146856,31.625
0.0860486,31.7801
-0.0535857,31.9396
-0.119917,32.1482
-0.1734,32.3586
-0.247635,32.5402
-0.333207,32.7364
-0.234943,32.8988
-0.251775,33.095
-0.262719,33.2897
-0.167425,33.4654
-0.332998,33.5852
-0.214067,33.7434
-0.0421805,33.8818
0.0311284,34.0753
0.0642209,34.2659
0.0175356,34.4734
0.0912594,34.6645
0.0747385,34.8782
-0.0262487,35.0615
0.108752,35.2152
0.197907,35.3912
0.0981414,35.5705
0.0626824,35.7655
0.231189,35.886
0.123735,36.0604
0.0962988,36.2595
0.154187,36.4534
-0.12457,0.312779
-0.126557,0.516842
-0.131067,0.720139
-0.0273604,0.897303
0.0113468,1.08935
0.086477,1.27977
0.0250671,1.48348
0.128822,1.65829
0.311857,1.75193
0.228161,1.94181
0.158033,2.13381
-0.0244264,2.21028
0.112291,2.35763
0.162626,2.5479
0.0776345,2.74444
0.239156,2.85425
0.142136,3.02356
0.00237168,3.17982
0.0339546,3.36584
-0.020264,3.59333
0.0450924,3.79114
0.0935112,3.97106
0.0974797,4.16445
-0.0815381,4.26956
-0.181127,4.43766
-0.107558,4.62691
-0.0826232,4.82991
-0.0322876,5.02341
-0.117729,5.22449
-0.0910274,5.42717
-0.0162888,5.61845
0.0697077,5.80991
0.0634261,6.00492
0.0964164,6.20044
0.123111,6.39004
0.0136197,6.56901
0.0624484,6.76086
0.242932,6.88433
0.349919,7.05933
0.464546,7.22355
0.443677,7.4203
0.435607,7.62137
0.327985,7.80033
0.382707,8.01204
0.406154,8.21529
0.449752,8.42301
0.493487,8.60413
0.566333,8.79215
0.436358,8.94933
0.411541,9.16275
0.488236,9.3832
0.424405,9.57051
0.416943,9.76573
0.327891,9.94869
0.246654,10.1261
0.268525,10.3173
0.317937,10.5146
0.276263,10.7315
0.334974,10.9157
0.188709,11.0919
0.218496,11.2924
0.282952,11.4731
0.297672,11.6744
0.293476,11.8807
0.259845,12.0828
0.289456,12.2661
0.165463,12.4146
0.152459,12.6283
0.22312,12.8087
0.228967,13.0231
0.270601,13.2238
0.471302,13.3035
0.532746,13.5003
0.582828,13.686
0.42341,13.8322
0.337747,14.0178
0.399718,14.2141
0.308643,14.3894
0.137129,14.5148
0.146371,14.7102
0.199046,14.9108
0.310456,15.0694
0.226047,15.2557
0.280391,15.4521
0.157151,15.6417
0.0079459,15.7685
0.0991659,15.9429
0.0513755,16.146
0.0304706,16.3371
0.0823555,16.544
0.0942833,16.7548
0.0644552,16.9581
0.145075,17.1407
0.204556,17.3375
0.169288,17.5282
0.118421,17.729
0.222529,17.9241
0.361866,18.0725
0.375131,18.2639
0.336655,18.4639
0.399734,18.665
0.315715,18.8627
0.423349,19.0224
0.270959,19.1609
0.268636,19.3776
0.204863,19.5745
0.0355202,19.6946
0.120191,19.8938
0.112873,20.0962
0.120168,20.3078
0.156267,20.5011
0.28489,20.6506
0.261448,20.8524
0.344721,21.0436
0.361639,21.2499
0.289059,21.4274
0.37308,21.63
0.393423,21.8218
0.284712,22.0013
0.280127,22.2004
0.344118,22.3956
0.288735,22.6067
0.221329,22.8125
0.344983,22.9623
0.376457,23.1654
0.19872,23.2457
0.202539,23.4498
0.253695,23.6555
0.109569,23.8081
0.2751,23.9564
0.270994,24.1701
0.241745,24.381
0.267442,24.5757
0.1726,24.7519
0.302955,24.8989
0.166228,25.0465
0.349617,25.1599
0.27244,25.3496
0.156506,25.5079
0.114911,25.7066
0.0659149,25.9241
0.111828,26.1203
0.16829,26.3181
0.107139,26.5201
0.0631319,26.7349
0.159709,26.8944
0.225575,27.0926
0.268128,27.2916
0.234102,27.4757
0.199835,27.6628
0.0876511,27.84
0.114585,28.0588
0.162056,28.2592
0.210624,28.4461
0.370929,28.5725
0.333696,28.7706
0.433353,28.94
0.491184,29.1163
0.526727,29.322
0.552353,29.5241
0.423874,29.6699
0.48829,29.8766
0.473527,30.073
0.408001,30.258
0.541987,30.4062
0.600551,30.5889
0.505736,30.779
0.57307,30.9869
0.599658,31.1943
0.62137,31.3942
0.652576,31.5962
0.573434,31.7745
0.453025,31.9502
0.301082,32.0691
0.305783,32.2863
0.192766,32.4581
0.203225,32.6568
0.276521,32.8513
0.317994,33.0522
0.375305,33.2728
0.293417,33.4309
0.199139,33.608
0.341793,33.7566
0.321162,33.9485
0.378232,34.1337
0.516018,34.2984
0.441842,34.4861
0.57343,34.6395
0.622678,34.8402
0.629694,35.0356
0.42728,35.1351
0.51662,35.345
0.456995,35.5332
0.483748,35.7469
0.581125,35.9324
0.513172,36.139
0.58845,36.3265
0.717611,36.4886
0.603265,36.6577
0.479967,36.8118
0.438637,0.251543
0.256278,0.318512
0.360875,0.49533
0.441152,0.675315
0.396349,0.885993
0.341158,1.08524
0.389783,1.29248
0.544679,1.40191
0.518184,1.59855
0.623557,1.77422
0.5651,1.95615
0.476478,2.12473
0.628186,2.27242
0.474746,2.40408
0.546934,2.59731
0.4714,2.78875
0.405956,2.99737
0.429561,3.21702
0.368966,3.41747
0.483861,3.60235
0.575297,3.78258
0.667052,3.96984
0.688549,4.17655
0.63829,4.3799
0.792599,4.49637
0.823394,4.70671
0.799764,4.91539
0.940868,5.0502
1.00287,5.23564
0.790622,5.24267
0.803364,5.43684
0.716362,5.62759
0.607715,5.81073
0.746514,5.97
0.854152,6.15961
0.664496,6.28648
0.734211,6.46211
0.822816,6.63563
0.911994,6.82186
0.778472,6.96676
0.831153,7.17248
0.880686,7.38783
0.838103,7.58561
0.865,7.78729
0.681246,7.70904
0.52345,7.82661
0.597509,8.0101
0.770491,8.11802
0.706809,8.30546
0.71111,8.49969
0.815769,8.66809
0.852476,8.87212
0.838734,9.06176
0.821581,9.27992
0.801683,9.48615
0.806182,9.69281
0.950525,9.82388
0.908658,10.0183
0.77942,10.1732
0.884248,10.3633
0.822342,10.5584
0.881622,10.754
0.709481,10.8669
0.630457,11.0559
0.591155,11.2464
0.69699,11.4146
0.668011,11.6072
0.564385,11.7957
0.717717,11.9516
0.59057,12.1126
0.642619,12.312
0.698114,12.4991
0.692331,12.7031
0.824617,12.8672
0.827931,13.061
0.802328,13.2573
0.860279,13.4483
0.917154,13.6371
1.04366,13.7984
1.05623,13.9865
1.13378,14.1845
1.09866,14.4063
1.11276,14.6062
1.06579,14.807
0.960488,14.9867
0.959704,15.1974
0.834342,15.3362
0.638205,15.4012
0.618252,15.6021
0.776213,15.7261
0.756406,15.9331
0.718632,16.12
0.729982,16.3161
0.819269,16.5168
0.769863,16.7139
0.810789,16.9181
0.865053,17.1127
0.762483,17.2867
0.83849,17.4842
0.849252,17.6769
0.813237,17.8711
0.821355,18.074
0.795025,18.2723
0.779003,18.4864
0.820681,18.6728
0.713984,18.8383
0.64647,19.0383
0.74824,19.2278
0.606403,19.3603
0.61289,19.5729
0.633262,19.78
0.704519,19.9668
0.806691,20.1374
0.728293,20.3261
0.560849,20.445
0.528385,20.6353
0.718149,20.7254
0.578311,20.8628
0.700149,21.0345
0.790349,21.2249
0.733714,21.4374
0.870318,21.5725
0.782263,21.7684
0.607266,21.8678
0.751069,22.0252
0.787673,22.2354
0.721621,22.4214
0.828248,22.6036
0.773806,22.797
0.735667,22.994
0.768415,23.1885
0.620793,23.3273
0.630938,23.5446
0.752115,23.7084
0.694399,23.8966
0.687316,24.1017
0.710011,24.2985
0.721517,24.4959
0.704681,24.7131
0.875317,24.8515
0.883081,25.0482
0.940829,25.2392
0.943471,25.4409
0.828039,25.6015
0.959179,25.7714
0.834486,25.9557
0.918176,26.1603
0.874183,26.3735
0.939814,26.5505
0.864107,26.7387
0.950668,26.912
1.00139,27.1083
0.97118,27.3108
0.794328,27.418
0.811694,27.6265
0.93756,27.7936
0.963527,27.9851
0.969772,28.1829
1.08793,28.3421
0.933218,28.4562
1.06363,28.6096
1.04769,28.8061
0.878824,28.923
0.783386,29.108
0.888268,29.2849
0.82247,29.4683
0.78305,29.6732
0.864017,29.8675
0.817783,30.0906
0.785484,30.2869
0.871017,30.4606
0.807679,30.6613
1.00073,30.7074
1.01196,30.9129
0.969651,31.1275
0.951989,31.3219
0.944383,31.5307
1.01652,31.7151
1.04058,31.9178
0.91636,32.0508
0.973017,32.2608
1.16279,32.3631
1.26146,32.5293
1.17305,32.72
1.0354,32.8679
1.094,33.0608
0.926582,33.1792
0.907212,33.3762
1.03859,33.5196
0.950682,33.6948
0.836513,33.8652
0.813729,34.0691
0.799738,34.2653
0.943021,34.3948
0.967714,34.6098
0.944973,34.8297
0.834656,35.0082
0.8942,35.1965
0.83541,35.4091
0.866099,35.6005
0.564126,0.0715704
0.670252,0.266911
0.773857,0.438073
0.871389,0.598315
0.868991,0.812562
0.950346,0.992478
1.12213,1.09418
1.16468,1.29456
1.06112,1.48254
0.952727,1.67601
1.00146,1.87648
1.03369,2.06682
1.11453,2.23796
1.08136,2.46013
1.0653,2.66304
1.07919,2.8585
0.986187,3.03937
0.988009,3.25401
1.05332,3.46504
1.03432,3.67003
0.988278,3.86202
0.880064,4.02573
0.965689,4.20217
1.00305,4.40622
1.06387,4.62042
1.22888,4.75231
1.26554,4.95918
1.17956,5.13327
1.16883,5.33858
1.22003,5.54137
1.15933,5.7347
1.12925,5.93777
1.09915,6.14418
1.12266,6.3554
1.15293,6.56099
1.17261,6.75564
1.13343,6.94947
1.09769,7.16471
1.15249,7.35789
1.12972,7.56016
1.07202,7.75142
1.27451,7.80042
1.22065,7.9922
1.28793,8.19361
1.13693,8.33815
1.25466,8.51041
1.34259,8.70035
1.32837,8.90142
1.30262,9.11946
1.24104,9.30488
1.30865,9.48446
1.21256,9.66382
1.22718,9.86644
1.30294,10.0626
1.29647,10.2605
1.29896,10.4815
1.3152,10.6872
1.30202,10.9059
1.21009,11.0823
1.13998,11.2786
1.23058,11.4558
1.40487,11.5813
1.24223,11.7261
1.10619,11.8899
1.06237,12.0947
1.11807,12.288
0.956871,12.4202
1.0348,12.619
1.23035,12.7099
1.36953,12.8416
1.30174,13.0357
1.38994,13.2181
1.28516,13.3911
1.46807,13.484
1.60962,13.6468
1.41033,13.6941
1.44297,13.9119
1.392,14.1205
1.31238,14.2989
1.40568,14.4767
1.37846,14.671
1.47226,14.864
1.35318,15.0248
1.24119,15.1974
1.19729,15.4036
1.2973,15.5805
1.28298,15.7776
1.11946,15.8857
1.18037,16.0703
1.25439,16.2684
1.27679,16.463
1.26023,16.6524
1.24838,16.8402
1.32716,17.0353
1.28124,17.2424
1.27926,17.4414
1.34238,17.629
1.24652,17.797
1.24402,17.9928
1.37884,18.1471
1.32077,18.3358
1.18507,18.4868
1.21203,18.703
1.0792,18.8565
1.06562,19.0656
0.956494,19.2303
0.979279,19.4234
1.0635,19.642
1.16912,19.8327
1.18687,20.0276
1.2489,20.2241
1.36474,20.3813
1.44945,20.5906
1.60589,20.7253
1.477,20.8789
1.4294,21.0901
1.41257,21.2988
1.38617,21.4938
1.41762,21.6915
1.39203,21.9074
1.25646,22.0453
1.31019,22.2398
1.23797,22.4378
1.28816,22.6347
1.28704,22.826
1.29333,23.045
1.20793,23.2355
1.12678,23.4194
1.03964,23.6124
1.15276,23.767
1.12461,23.9596
1.14736,24.1598
1.16172,24.3632
1.10373,24.5472
1.14074,24.7405
1.10949,24.935
1.20844,25.1294
1.25902,25.3224
1.23682,25.5138
1.19797,25.7098
1.17063,25.9048
1.1833,26.1203
1.35116,26.2605
1.4649,26.4264
1.45566,26.6289
1.42342,26.8284
1.47206,27.0327
1.34314,27.1825
1.37668,27.3964
1.36263,27.6022
1.37053,27.8008
1.25186,27.9734
1.28371,28.1873
1.35373,28.387
1.36041,28.5987
1.39323,28.8149
1.50773,28.9716
1.39148,29.1531
1.32028,29.3396
1.32518,29.556
1.41987,29.7352
1.416,29.9453
1.50329,30.1281
1.71168,30.1698
1.69217,30.3844
1.6239,30.5759
1.67347,30.7766
1.61364,30.9762
1.66421,31.1757
1.76738,31.343
1.65944,31.5112
1.46048,31.5775
1.42124,31.7804
1.53411,31.9462
1.57142,32.1383
1.5796,32.3457
1.57183,32.5621
1.58761,32.7649
1.53078,32.9627
1.35589,33.0479
1.39948,33.2474
1.30373,33.4155
1.39042,33.5946
1.20051,33.6765
1.34707,33.8117
1.39543,34.0223
1.32502,34.2028
1.32246,34.4107
1.35915,34.6231
1.34111,34.8171
1.26738,35.0077
1.29833,35.2106
1.25752,35.4267
1.29699,35.6295
1.2663,35.8269
1.08147,35.9033
1.16526,36.0673
1.21917,36.2627
1.35526,36.4296
1.14419,36.4612
1.38147,0.414275
1.27431,0.610394
1.37519,0.786383
1.42477,0.994086
1.56149,1.1431
1.48688,1.32897
1.5051,1.53616
1.39041,1.69066
1.34498,1.88872
1.34968,2.09088
1.36978,2.30126
1.31482,2.4869
1.35871,2.68238
1.35247,2.9019
1.22702,3.05972
1.37444,3.19346
1.42623,3.3873
1.40311,3.58953
1.58082,3.68995
1.59055,3.88134
1.5554,4.08335
1.59049,4.28831
1.65265,4.47927
1.74451,4.66508
1.67284,4.84434
1.6041,5.04592
1.62827,5.23744
1.50451,5.39298
1.51477,5.59306
1.49557,5.79672
1.42221,5.98549
1.58847,6.08337
1.51527,6.25178
1.5236,6.45354
1.5343,6.66492
1.59978,6.8579
1.61857,7.06018
1.7046,7.23642
1.70469,7.43016
1.83545,7.5795
1.77369,7.76936
1.69327,7.94827
1.70749,8.14246
1.6613,8.34538
1.63847,8.54739
1.54935,8.73054
1.54819,8.93959
1.53574,9.13959
1.71925,9.23044
1.69228,9.43782
1.84433,9.57912
1.83315,9.77375
1.72662,9.93552
1.81247,10.1206
1.76142,10.3151
1.7876,10.5159
1.77708,10.7132
1.67527,10.8838
1.59337,11.0868
1.6215,11.2954
1.58941,11.4903
1.64873,11.6765
1.78775,11.8278
1.84279,12.0299
1.71627,12.206
1.74366,12.4085
1.79186,12.6133
1.66089,12.764
1.77891,12.9407
1.81876,13.1426
1.93032,13.3173
1.94423,13.5138
1.96088,13.7142
1.78212,13.8356
1.80913,14.0271
1.71657,14.2208
1.77887,14.4037
1.81117,14.6176
1.94725,14.7879
1.74941,14.8327
1.81143,15.0181
1.8209,15.2187
1.80006,15.4314
1.76674,15.6304
1.64026,15.808
1.68463,16.0004
1.65607,16.2162
1.55046,16.3827
1.73288,16.4599
1.70906,16.6648
1.89272,16.7475
1.76886,16.9237
1.70416,17.1328
1.64581,17.3149
1.61565,17.522
1.64182,17.7191
1.6567,17.9299
1.57656,18.1363
1.63276,18.3292
1.64048,18.5295
1.80493,18.6382
1.76141,18.8428
1.62437,18.9955
1.60872,19.2012
1.53622,19.4009
1.5532,19.5987
1.59219,19.794
1.697,19.9702
1.55299,20.1036
1.54385,20.3124
1.7084,20.4256
1.80864,20.6148
1.78563,20.8156
1.85219,20.9947
1.76516,21.1673
1.74465,21.3718
1.73923,21.5929
1.7622,21.7888
1.72552,21.9826
1.71982,22.2032
1.66539,22.4112
1.76699,22.5925
1.72191,22.8049
1.57013,22.9422
1.70293,23.0987
1.74874,23.2889
1.83129,23.4766
1.72789,23.6484
1.64542,23.8264
1.62447,24.0392
1.66819,24.2499
1.65619,24.4424
1.53414,24.5908
1.70964,24.7157
1.83436,24.8812
1.88306,25.0901
1.85285,25.3058
1.79255,25.5024
1.66362,25.6587
1.68858,25.8718
1.63776,26.0712
1.76113,26.2515
1.69654,26.4568
1.66177,26.6545
1.70287,26.844
1.72158,27.0398
1.84047,27.206
1.94347,27.3841
1.89957,27.5875
1.8967,27.7881
1.98433,27.9612
1.96691,28.1563
1.87173,28.3365
1.94211,28.5146
1.86058,28.7031
1.92374,28.8894
1.98272,29.0936
1.95085,29.2903
2.01803,29.4877
1.95491,29.6849
2.11773,29.7894
2.21687,29.9637
2.0771,30.1339
2.08661,30.3439
1.98361,30.5069
1.99698,30.7018
2.07375,30.8954
1.99666,31.0849
2.05612,31.2865
2.08357,31.4933
1.96872,31.657
2.02878,31.8466
2.0784,32.0354
2.12042,32.2285
1.97967,32.3667
1.9951,32.5735
1.81394,32.683
1.88289,32.8726
1.91133,33.0618
1.82829,33.2346
1.73353,33.4079
1.65563,33.6062
1.54787,33.7741
1.61915,33.9579
1.55284,34.148
1.71526,34.2659
1.58802,34.4255
1.6877,34.5887
1.62961,34.7911
1.70244,34.9842
1.80914,35.1475
1.93188,35.3023
1.92549,35.4933
2.03201,35.6803
2.16431,35.8606
2.18203,36.0663
2.32053,36.2115
2.27979,36.408
2.3623,36.5973
2.4817,36.7648
1.76126,0.39956
1.78483,0.595771
1.84929,0.796251
1.7985,0.986972
1.86038,1.18038
1.7696,1.34704
1.78969,1.55287
1.90097,1.71009
1.97835,1.88652
2.01323,2.08006
2.01447,2.28125
1.86208,2.41818
1.90467,2.61802
1.93465,2.81816
1.9243,3.01423
1.94591,3.21643
1.94014,3.42397
1.95978,3.62564
1.92404,3.80748
2.10934,3.85118
2.03247,4.04409
2.0334,4.2434
2.00882,4.47189
1.9198,4.66567
1.88238,4.85546
1.96118,5.066
1.99127,5.25391
2.18444,5.29778
2.03104,5.44833
1.96073,5.63067
1.94182,5.83554
1.90321,6.0376
2.00628,6.21553
2.05048,6.40333
2.02079,6.60805
1.91737,6.78895
2.07584,6.89261
2.0402,7.08352
1.92426,7.27379
2.06014,7.41182
2.06926,7.62643
2.12873,7.82312
2.13685,8.02553
2.13735,8.23156
2.15836,8.44306
2.0893,8.622
1.91535,8.74939
1.99893,8.94166
1.98717,9.13717
2.10839,9.30565
2.15318,9.5077
2.23899,9.69299
2.17889,9.88729
2.23231,10.0971
2.12037,10.2594
2.06676,10.4668
2.03739,10.6569
2.12142,10.8342
2.0145,11.0296
2.10406,11.2178
2.04459,11.4115
2.1308,11.5874
1.99093,11.7326
2.06311,11.9327
2.15455,12.131
2.29931,12.2654
2.27853,12.4693
2.31908,12.6722
2.29218,12.8751
2.34407,13.0741
2.23093,13.2331
2.184,13.4303
2.17355,13.6235
2.16336,13.8482
2.26395,14.0139
2.40486,14.145
2.32993,14.3535
2.29718,14.5469
2.29747,14.756
2.42219,14.9072
2.51756,15.0872
2.49541,15.3103
2.34445,15.4563
2.21491,15.5945
2.25978,15.794
2.2158,15.9904
2.33038,16.1407
2.37841,16.3336
2.40125,16.5269
2.33505,16.7177
2.36141,16.9076
2.47758,17.0642
2.3497,17.2395
2.35229,17.462
2.23296,17.6376
2.17304,17.8246
2.15103,18.0102
2.23674,18.2003
2.17296,18.3891
2.27158,18.5678
2.30772,18.7689
2.39086,18.9635
2.35689,19.1781
2.21125,19.3124
2.2075,19.5316
2.14138,19.734
2.16127,19.9203
2.24996,20.1067
2.19991,20.3133
2.16439,20.5102
2.2467,20.7067
2.23996,20.9156
2.15311,21.0934
2.25397,21.2847
2.36855,21.4535
2.34015,21.6488
2.33628,21.847
2.18806,21.9807
2.11627,22.184
1.97414,22.3476
2.11198,22.4815
2.03286,22.6711
2.11088,22.8477
1.95879,22.9927
1.96226,23.2015
2.05357,23.3949
2.20627,23.5426
2.06703,23.6993
2.1145,23.8945
2.10038,24.1084
2.14881,24.3019
2.19305,24.5103
2.22564,24.7144
2.22824,24.9243
2.13458,25.0996
2.16014,25.2997
2.19127,25.489
2.19346,25.6968
2.17094,25.9038
2.19542,26.0992
2.13035,26.3034
2.12265,26.5105
2.30447,26.5979
2.30523,26.7993
2.24832,26.9997
2.13352,27.1754
2.33076,27.2661
2.32282,27.4702
2.16462,27.569
2.13421,27.7842
2.32816,27.8835
2.21548,28.0477
2.29225,28.2512
2.33159,28.4442
2.20791,28.6033
2.16935,28.7977
2.21179,29
2.17382,29.2061
2.22896,29.4005
2.39412,29.4875
2.50154,29.6754
2.49984,29.8931
2.53793,30.0791
2.50768,30.2766
2.47497,30.4696
2.29085,30.5823
2.43085,30.7497
2.4603,30.9335
2.50839,31.1247
2.51745,31.3331
2.41699,31.4871
2.53985,31.6422
2.56949,31.8509
2.52848,32.042
2.44409,32.2332
2.403,32.4161
2.46804,32.6087
2.29542,32.6914
2.30785,32.8997
2.24674,33.0774
2.44094,33.0636
2.49831,33.2503
2.42815,33.4471
2.57123,33.5964
2.63327,33.7789
2.43153,33.7887
2.40663,33.9823
2.30055,34.1543
2.40717,34.3259
2.26904,34.4791
2.37014,34.6548
2.38374,34.8652
2.48504,35.0295
2.56233,35.2121
2.62023,35.4153
2.54914,35.6133
2.58296,35.8168
2.69027,36.0037
2.63832,36.202
2.61884,36.4043
2.15625,0.59944
2.21943,0.795204
2.37747,0.927838
2.35285,1.14387
2.41746,1.3412
2.54546,1.50621
2.56077,1.71342
2.57052,1.9179
2.74077,2.03444
2.66273,2.20986
2.56192,2.362
2.51473,2.57172
2.56772,2.77973
2.59438,2.99295
2.60607,3.20175
2.44576,3.30531
2.27038,3.41944
2.4199,3.55823
2.42291,3.75346
2.46775,3.94281
2.36461,4.13219
2.45546,4.31309
2.47072,4.51516
2.39616,4.69319
2.38125,4.89096
2.4155,5.09751
2.40505,5.30813
2.32432,5.49458
2.37017,5.68342
2.2087,5.81128
2.25392,6.02092
2.3301,6.22484
2.37741,6.41188
2.27033,6.60098
2.30333,6.78403
2.44344,6.92951
2.39582,7.13042
2.50416,7.31253
2.37438,7.46342
2.34083,7.65658
2.51179,7.77511
2.5977,7.95509
2.47816,8.12934
2.49068,8.32134
2.48366,8.51885
2.63209,8.66223
2.4713,8.78798
2.4149,8.97472
2.53581,9.14168
2.62705,9.30152
2.55145,9.49142
2.45974,9.67503
2.64444,9.71756
2.52655,9.89871
2.58909,10.1092
2.67586,10.3045
2.56434,10.4691
2.62686,10.6559
2.53442,10.8406
2.49965,11.0458
2.63231,11.1926
2.83706,11.1863
2.90376,11.3732
2.91709,11.5691
3.001,11.7505
3.07377,11.9328
3.17643,12.097
3.05907,12.2717
3.06362,12.4755
3.14533,12.6685
3.01612,12.8189
3.0217,13.0114
2.9733,13.2066
2.96843,13.4223
2.78943,13.5187
2.88346,13.692
2.98865,13.8679
2.98781,14.0753
2.85876,14.2494
2.87639,14.4658
3.00858,14.6248
3.05815,14.8201
3.0197,15.0127
2.98234,15.1969
2.91031,15.4014
2.77748,15.5788
2.82594,15.7816
2.83244,15.99
2.78772,16.1994
2.90177,16.3693
2.80161,16.5357
2.82281,16.7392
2.90063,16.9319
2.84327,17.1161
2.82295,17.3169
2.95274,17.4865
2.9564,17.6904
2.8747,17.8937
2.96456,18.0879
2.95498,18.3058
2.848,18.4876
2.7944,18.672
2.76141,18.8668
2.69068,19.0711
2.67377,19.2811
2.66861,19.4893
2.58512,19.6862
2.47544,19.8535
2.46705,20.0618
2.58255,20.2338
2.63795,20.435
2.66467,20.6229
2.74456,20.8198
2.8328,21.0101
2.91296,21.2194
2.71933,21.2928
2.57689,21.425
2.52519,21.6156
2.64967,21.7647
2.66002,21.9684
2.5923,22.1609
2.66111,22.3559
2.48764,22.4439
2.50789,22.6468
2.64414,22.8054
2.60529,23.0008
2.58686,23.192
2.72539,23.3376
2.64037,23.5351
2.77134,23.7088
2.62429,23.8472
2.72012,24.0403
2.65309,24.2347
2.65705,24.4488
2.70475,24.6501
2.73286,24.8642
2.76679,25.0655
2.71681,25.266
2.64451,25.4584
2.7787,25.6081
2.77995,25.8032
2.89592,25.9685
2.75813,26.1346
2.69468,26.3242
2.60737,26.5016
2.49626,26.6804
2.48491,26.8832
2.44774,27.0849
2.65442,27.0435
2.68407,27.2413
2.60591,27.4248
2.70957,27.6141
2.69239,27.8092
2.66563,28.0041
2.82656,28.1133
2.8876,28.3102
2.81261,28.4823
2.74431,28.6853
2.86561,28.8536
2.89422,29.0497
3.07577,29.1555
3.11347,29.355
3.21135,29.5477
3.16241,29.7595
3.08417,29.9558
2.97462,30.1311
3.12446,30.263
3.19198,30.4721
3.05409,30.6376
2.99623,30.8545
3.02406,31.0508
3.0066,31.2522
3.00838,31.4466
2.89178,31.6137
2.87308,31.8085
2.95098,31.9933
2.97472,32.1879
2.87978,32.3644
2.88687,32.5609
2.93656,32.7599
2.9555,32.9498
2.96111,33.1563
2.84936,33.3172
2.94606,33.4842
2.9756,33.699
2.82501,33.842
2.7028,34.015
2.74504,34.2117
2.68412,34.4056
2.765,34.592
2.96199,34.6594
3.0581,34.8335
3.12422,35.0189
3.19389,35.226
3.13659,35.4088
3.04526,35.6009
3.16411,35.7646
3.00112,35.8832
3.07215,36.0853
2.95085,36.2523
