parameters (x,y,w,h,rx,ry):-5,0,10.000000,40.000000,100,100
45,44,24,22,22,42,41,39,48,58,58,55,44,49,45,36,56,43,74,67,57,55,48,44,30,34,36,34,57,56,60,45,35,34,26,18,31,46,56,60,67,69,49,42,35,43,53,60,65,76,82,63,45,45,51,43,51,52,60,56,55,34,36,28,40,28,31,40,52,55,51,40,37,43,41,41,48,58,61,65,73,63,49,44,45,61,45,59,52,61,55,39,34,25,24,35,43,31,35,74
141,102,89,59,52,43,72,102,128,161,149,153,124,95,95,82,99,91,160,187,180,155,101,73,69,69,91,118,145,152,134,113,85,56,52,49,79,99,120,181,150,154,123,104,85,87,111,113,160,185,188,152,96,96,106,115,88,147,155,134,120,99,78,67,60,87,68,104,117,138,132,129,88,77,78,72,99,130,145,160,162,133,132,104,96,101,103,135,181,138,128,91,85,66,66,67,74,98,97,125
137,100,77,61,38,43,52,92,139,170,177,135,102,110,93,79,81,126,145,215,173,146,110,81,63,62,108,113,139,136,168,97,83,67,45,59,75,85,122,165,173,167,114,82,79,91,106,120,173,211,206,151,106,95,97,115,107,136,178,142,104,100,77,78,70,62,72,106,130,137,154,125,101,70,57,76,85,124,170,174,173,142,125,96,65,101,122,155,154,171,133,92,70,63,58,62,74,104,112,124
132,116,81,47,43,25,49,93,130,175,184,149,124,96,90,83,77,115,174,196,178,163,89,65,75,63,76,109,164,150,171,124,79,42,60,66,62,87,112,162,198,153,115,85,71,76,103,116,163,210,208,149,105,100,93,94,103,141,147,145,145,104,85,56,61,68,65,97,125,132,152,146,89,67,54,84,78,137,156,185,189,145,120,92,75,108,135,150,143,166,129,105,72,67,55,65,74,90,128,135
122,110,100,55,26,39,50,101,141,166,202,149,116,98,73,79,85,128,162,200,186,150,84,71,65,81,66,104,156,187,151,109,73,49,38,56,53,80,131,160,180,152,144,86,71,74,94,136,156,204,227,150,119,95,83,89,117,124,158,138,151,122,75,49,39,68,62,91,149,127,163,137,97,68,48,72,76,122,154,199,180,180,121,83,76,82,130,142,168,155,130,130,76,54,54,49,73,108,129,129
140,121,89,60,37,34,47,82,161,185,166,158,121,90,73,71,76,125,177,184,195,150,90,62,75,68,78,114,164,183,179,106,89,41,37,43,55,84,135,173,195,169,124,75,74,67,94,120,175,209,215,160,110,82,81,94,124,126,175,153,140,105,83,57,42,54,77,86,130,144,174,132,101,69,46,66,60,119,184,166,204,178,107,96,74,84,129,138,161,146,155,109,86,54,28,48,78,98,125,138
133,118,93,58,42,30,52,89,137,184,186,154,115,97,74,66,79,119,167,207,184,152,99,64,57,63,81,132,171,190,157,113,71,42,34,39,48,95,125,184,186,154,125,92,57,78,97,124,166,221,186,160,114,98,74,91,116,162,170,149,135,99,93,49,46,51,66,120,123,131,169,139,124,68,47,53,71,122,173,208,182,176,96,86,84,91,107,130,168,196,137,103,77,54,34,35,54,116,130,151
156,111,68,55,35,34,50,70,141,164,188,177,142,76,71,73,71,118,159,216,159,158,115,71,30,62,114,139,146,170,176,108,71,41,35,31,55,81,144,177,196,148,148,78,62,60,71,148,175,205,206,170,106,77,77,93,128,168,172,153,124,101,76,52,41,44,71,105,136,155,164,131,107,72,54,46,97,120,157,193,206,147,100,74,80,84,107,143,178,159,144,117,76,37,36,40,64,103,133,172
154,148,71,43,31,35,40,81,120,184,191,167,129,94,81,57,86,111,177,209,195,143,101,68,38,55,114,123,168,170,157,128,85,33,31,30,38,90,145,176,193,179,120,89,54,72,70,129,165,225,198,185,114,66,64,87,108,171,159,163,161,94,80,47,35,53,73,103,131,149,180,138,98,66,61,53,86,107,144,197,201,177,100,84,76,73,103,153,197,174,131,111,62,47,38,42,75,81,122,187
153,137,90,45,32,29,34,73,120,189,209,181,129,94,63,68,69,120,182,194,182,154,98,74,56,64,93,126,184,164,164,106,87,42,35,29,46,71,123,174,207,211,131,83,50,54,69,111,185,230,217,164,106,73,71,99,132,139,156,163,159,98,61,47,44,46,75,124,124,171,148,146,89,64,49,65,73,127,149,192,199,177,107,72,78,71,95,141,181,168,157,119,70,55,29,40,44,96,124,168
168,136,98,50,28,23,38,64,121,189,215,178,141,89,51,54,90,116,158,207,205,147,91,70,55,56,83,127,159,176,161,111,93,44,27,29,41,79,143,171,182,201,130,95,59,54,72,119,208,229,211,170,82,67,63,102,141,140,155,163,141,107,78,44,43,52,74,95,139,168,169,145,96,68,38,46,78,131,147,191,211,145,129,84,79,73,107,138,187,169,160,100,81,43,21,44,77,90,118,165
148,145,96,57,28,14,42,83,129,174,188,183,156,84,67,72,67,121,124,222,195,158,100,59,55,60,86,114,158,181,195,125,71,43,29,22,44,82,134,188,161,173,153,92,64,54,79,121,191,214,221,160,99,61,79,88,124,138,155,200,140,114,62,50,44,38,76,90,134,173,158,159,103,60,42,35,66,127,158,203,194,143,138,87,57,88,101,168,182,164,164,98,73,37,25,31,72,113,121,153
152,150,89,48,22,28,46,70,116,164,174,189,165,95,67,62,67,100,151,206,192,181,99,60,40,61,89,136,160,204,157,103,69,57,26,21,37,87,127,192,171,183,134,120,58,53,73,118,191,258,201,157,93,72,63,93,130,150,171,178,147,106,58,50,28,43,67,86,137,159,175,159,93,73,57,34,73,120,148,218,199,164,105,76,56,80,123,169,170,185,168,107,58,46,31,39,58,102,137,153
163,126,69,54,26,27,42,66,104,177,192,198,162,92,70,44,58,117,150,200,205,187,107,61,35,44,95,153,172,179,154,107,86,56,30,23,44,72,130,183,167,189,143,97,62,59,79,94,182,251,236,154,95,65,56,89,130,151,158,183,146,96,63,31,39,53,64,87,128,173,181,142,104,63,51,47,60,117,158,221,193,181,124,67,60,64,97,169,205,186,150,102,61,32,38,34,51,113,137,168
149,136,86,49,36,20,33,71,110,164,225,194,132,92,67,34,77,106,171,200,183,167,104,66,28,43,65,140,191,192,159,115,80,49,36,25,40,71,109,178,198,182,135,110,73,41,68,99,190,255,206,172,105,52,61,94,127,167,190,166,133,109,64,30,36,55,60,87,148,199,156,129,95,61,47,50,70,93,150,200,222,145,118,76,57,76,119,167,220,208,147,87,63,45,29,38,57,92,157,172
155,132,76,44,35,19,40,71,120,175,194,180,157,80,53,57,61,132,191,190,209,149,106,40,35,40,80,122,175,201,171,120,79,42,44,21,31,66,108,164,183,206,147,94,67,42,71,114,172,223,221,169,93,57,55,109,123,168,200,160,142,94,53,43,29,46,72,95,129,195,182,131,97,65,48,50,64,97,168,218,202,141,95,68,72,71,110,162,200,193,174,86,70,32,27,31,63,114,148,161
155,132,73,52,29,24,35,71,108,177,214,181,146,101,61,46,77,113,214,201,185,144,89,52,32,52,78,112,164,199,174,138,86,50,27,27,43,73,103,179,216,196,130,81,51,59,80,112,163,224,233,162,91,60,71,91,124,183,191,186,144,92,54,50,26,40,72,103,132,174,183,155,101,60,49,32,71,114,172,214,206,164,91,67,61,73,92,147,200,191,165,115,69,52,19,29,72,103,139,174
206,135,92,37,26,33,30,78,109,195,199,185,126,86,78,47,80,121,157,226,201,157,90,62,44,51,66,111,167,211,169,125,81,46,32,26,34,54,108,163,224,214,148,75,52,64,72,110,172,230,219,165,88,69,48,77,134,184,181,176,137,90,66,39,38,40,72,120,128,187,164,155,105,44,46,37,67,111,183,218,203,166,113,59,51,68,101,176,194,194,166,93,61,52,31,39,61,89,133,153
162,117,105,49,26,22,38,80,106,208,195,185,122,96,57,46,68,116,187,233,180,174,81,51,50,59,66,102,195,201,175,118,86,52,37,30,30,72,102,190,185,199,121,85,72,41,61,116,176,216,224,174,103,65,54,93,108,184,187,168,130,96,57,51,43,45,65,91,131,188,169,158,104,68,41,43,62,93,173,220,228,140,107,70,40,58,107,161,192,191,177,106,55,48,34,42,62,86,142,184
163,132,72,56,36,18,29,85,121,162,219,177,135,101,68,45,75,112,178,229,197,163,80,66,25,55,86,105,174,197,178,120,85,42,31,41,37,51,123,175,206,209,119,90,59,40,71,120,171,250,216,162,104,65,72,82,119,155,191,182,132,106,59,41,35,54,66,80,150,164,187,172,97,62,40,35,55,101,184,212,210,167,106,65,54,54,99,155,194,203,155,105,61,37,32,44,71,97,142,160
180,127,66,47,30,20,25,72,117,189,197,186,149,81,67,55,65,126,181,217,187,174,90,46,32,53,82,101,193,197,165,132,68,44,32,20,34,78,105,194,178,192,127,75,61,47,63,109,194,233,219,153,109,71,60,75,121,129,199,183,145,119,59,50,36,41,55,104,152,180,180,146,96,65,39,35,70,113,158,226,208,164,90,69,53,73,105,143,181,208,157,120,58,30,37,39,61,92,153,195
169,140,89,41,31,17,38,62,105,197,204,185,145,85,61,62,58,122,170,205,200,171,88,47,46,44,68,117,171,190,198,120,92,47,19,16,35,74,137,200,194,147,129,105,60,35,52,131,176,232,229,166,110,70,59,79,110,144,186,174,162,95,70,55,31,31,44,100,158,197,166,148,93,74,39,42,63,102,175,214,220,185,103,68,70,74,108,153,178,193,171,95,55,48,37,36,55,111,147,191
191,101,94,47,30,15,32,67,105,165,232,207,143,81,57,50,65,110,164,236,199,168,89,62,40,44,58,102,184,204,176,128,74,58,28,22,39,66,122,176,189,174,136,86,68,43,67,131,177,237,224,167,94,61,67,60,99,165,161,190,144,104,66,51,29,30,68,107,153,196,156,146,107,65,36,39,75,93,162,210,215,165,97,72,67,76,98,141,187,195,160,108,67,35,29,41,73,113,159,173
168,132,72,48,23,21,38,71,114,175,213,199,150,95,54,43,64,108,172,227,210,141,95,54,50,48,62,107,191,203,180,132,81,41,31,22,47,71,119,175,205,183,136,89,52,54,79,95,178,210,239,187,103,60,52,74,94,158,190,183,164,107,50,44,41,28,53,86,153,188,180,146,112,60,37,43,55,116,162,211,211,173,103,62,57,74,114,150,198,203,149,111,55,34,28,32,66,119,149,207
179,116,78,42,24,18,35,57,137,174,197,192,147,96,44,53,74,115,190,210,198,140,94,47,44,34,58,134,164,211,180,127,83,37,32,27,38,75,112,178,207,165,126,93,48,59,68,109,177,246,223,144,91,59,61,73,113,136,201,192,154,95,67,42,40,35,53,86,142,177,192,157,102,64,44,32,61,113,149,215,219,172,119,59,43,60,89,163,198,207,157,119,58,32,30,36,61,109,179,195
167,145,67,33,23,17,31,64,125,176,203,205,175,83,53,46,77,121,161,238,204,156,90,47,33,36,73,119,163,187,195,133,77,46,18,31,51,69,110,195,190,157,134,97,50,52,62,106,167,227,247,166,94,63,62,86,111,130,158,198,161,105,61,50,35,46,52,81,127,194,192,164,106,66,40,37,62,113,170,217,212,159,104,60,60,61,89,133,222,177,185,108,55,32,27,29,59,98,165,207
173,131,75,44,22,25,25,63,132,176,224,206,153,85,48,46,70,109,185,219,196,148,92,49,42,35,53,135,159,199,196,149,79,51,23,23,48,76,113,171,190,179,153,91,49,33,59,115,187,219,236,167,115,56,56,81,96,157,151,184,152,116,90,34,38,43,52,111,144,172,192,154,95,73,25,40,75,89,143,223,206,164,109,66,38,68,106,141,183,204,177,117,75,38,26,49,66,99,166,180
174,143,90,44,26,28,30,60,116,201,196,214,135,90,71,45,73,116,177,220,195,139,101,54,38,39,76,110,171,207,190,134,80,49,24,31,36,70,126,155,200,198,144,76,66,41,60,89,159,243,242,162,111,57,47,67,101,161,164,178,173,122,68,41,35,30,54,103,134,173,201,162,102,55,34,43,65,103,162,196,225,169,105,51,53,69,114,150,198,200,175,105,75,33,35,42,63,93,167,175
186,162,89,37,21,30,29,64,134,196,187,198,145,85,51,53,81,97,173,208,213,149,108,54,35,41,65,112,167,209,214,137,67,37,19,23,34,68,125,176,187,180,180,83,62,41,66,102,173,238,227,162,110,54,38,54,110,147,175,183,183,119,58,40,25,38,64,81,168,164,186,171,106,66,33,36,53,121,140,205,217,160,106,59,54,67,103,163,180,192,177,114,65,39,34,37,48,102,161,183
174,158,95,51,17,19,36,70,109,203,216,184,121,85,69,47,85,111,149,210,214,153,94,45,35,46,56,112,176,200,214,135,84,37,22,20,40,53,116,165,230,166,135,96,67,45,53,109,169,240,231,168,104,51,42,61,83,155,194,191,146,121,72,26,31,35,62,101,144,196,161,174,96,58,42,41,59,122,149,216,195,154,124,60,61,62,103,143,208,189,166,111,66,45,24,41,54,105,145,169
176,151,101,50,20,10,29,75,117,181,226,205,137,77,49,61,77,109,176,205,201,160,98,52,41,33,57,112,186,220,175,152,74,37,21,21,38,61,129,184,192,178,141,87,56,52,61,113,167,220,241,169,108,49,48,62,120,150,171,176,182,104,69,39,35,27,54,96,131,190,198,139,117,62,47,38,52,113,175,198,197,165,116,53,62,56,98,153,188,204,166,85,80,44,25,42,68,96,157,181
172,167,97,49,28,18,30,72,118,164,209,189,149,97,54,47,78,116,192,194,228,135,105,54,21,44,67,121,180,216,174,124,73,52,21,22,35,68,111,202,206,164,130,80,68,45,58,93,157,248,231,178,88,64,46,83,89,148,180,178,185,111,52,45,40,39,47,103,155,171,185,145,116,72,44,48,56,104,176,189,191,189,94,69,63,58,105,139,177,197,161,118,75,35,24,39,58,102,157,173
176,147,79,56,31,29,19,72,127,181,195,169,161,90,67,50,62,116,205,232,207,158,84,40,35,44,65,123,177,205,174,132,83,41,34,22,32,73,124,177,206,195,126,83,67,40,73,106,149,245,239,156,105,57,54,80,104,137,170,191,179,135,52,38,32,35,75,89,145,187,192,143,112,76,48,32,48,112,174,235,176,175,99,57,60,61,84,130,189,205,171,108,50,50,28,36,75,93,158,187
201,128,79,54,36,26,26,80,137,193,184,197,131,94,59,45,70,107,170,208,240,164,83,49,22,35,77,123,183,193,159,132,88,51,32,22,39,69,141,164,212,183,136,83,57,44,51,102,180,200,235,179,93,66,56,54,107,147,164,198,160,117,67,29,31,26,54,93,158,200,161,142,109,67,46,39,61,109,168,206,211,156,109,73,58,52,91,141,197,211,171,107,73,42,35,41,66,110,167,158
183,123,89,51,36,24,37,81,146,162,189,192,138,102,67,52,63,108,174,232,209,168,82,40,19,34,69,102,207,197,172,144,84,47,42,27,33,83,117,184,175,181,139,87,73,37,45,101,135,223,235,208,100,60,40,67,89,162,170,209,180,96,64,27,24,34,53,76,161,184,194,148,115,61,41,41,68,105,166,206,225,143,99,65,51,64,106,125,180,214,193,99,71,39,37,42,71,102,157,172
171,158,91,48,28,24,45,84,121,192,187,199,122,98,59,50,60,127,171,219,222,150,81,41,25,33,71,120,189,201,186,132,89,45,22,31,37,68,123,178,213,175,123,115,57,33,40,88,175,227,240,188,123,50,38,62,86,133,173,213,193,108,59,24,26,39,44,89,132,185,206,161,106,72,41,35,56,113,176,193,199,155,96,60,52,54,129,149,182,196,172,128,65,42,28,33,71,103,135,186
165,156,103,52,32,42,41,67,135,159,180,181,136,114,67,45,70,125,180,232,208,132,88,55,25,37,67,126,202,189,175,135,75,40,34,20,26,75,137,172,200,195,148,91,56,34,48,106,152,223,279,181,88,61,44,62,85,132,203,203,170,107,62,33,24,31,63,99,118,189,219,146,116,62,42,23,57,101,169,204,215,130,121,73,47,57,109,176,163,198,170,135,57,32,24,31,64,107,154,174
168,131,87,75,39,30,35,73,132,158,192,202,133,99,56,58,60,146,169,189,211,153,85,52,25,37,63,121,192,202,192,123,79,48,27,23,36,70,118,174,239,174,124,83,60,40,39,93,174,235,224,175,115,63,44,62,82,159,179,203,153,120,72,41,15,31,56,83,133,201,204,159,120,61,32,22,57,99,165,242,197,146,97,66,63,61,103,140,205,194,178,122,62,35,27,29,63,107,152,174
156,138,97,63,36,32,50,64,131,160,206,181,155,99,66,51,62,132,168,210,232,138,84,44,38,44,77,129,167,192,202,128,85,47,23,31,38,69,123,180,209,184,126,83,57,40,45,116,146,206,242,185,110,65,53,57,89,132,175,212,180,120,60,35,18,28,61,95,137,191,174,192,104,64,32,31,60,111,149,210,231,147,96,57,54,66,103,163,193,216,175,115,73,39,34,24,64,104,144,176
196,139,91,60,34,33,34,82,120,172,179,183,161,90,64,61,64,110,198,230,186,139,105,52,36,35,69,119,179,193,166,146,100,48,25,12,42,73,118,194,207,204,126,77,47,40,56,82,175,233,243,169,100,75,50,56,83,137,172,197,179,116,51,35,24,32,56,112,176,176,180,145,112,57,30,37,54,102,169,214,204,174,86,65,47,75,97,155,202,203,163,131,72,41,23,26,62,104,143,172
169,153,117,64,25,27,38,76,93,168,198,189,138,97,54,38,71,119,197,230,191,118,94,60,30,52,61,122,198,182,169,151,95,46,30,13,42,55,120,179,213,210,134,88,54,44,52,100,163,221,253,166,84,57,41,68,99,143,182,169,170,122,59,43,22,30,64,97,173,180,200,133,99,68,47,36,62,94,172,207,206,164,107,76,42,73,88,127,217,202,168,118,76,39,26,22,60,107,139,182
177,185,128,58,28,17,47,66,106,171,208,188,131,102,61,56,58,113,184,235,214,132,94,52,28,49,73,130,167,184,174,135,75,60,39,15,25,62,114,172,207,212,136,87,59,44,61,108,180,211,242,173,97,55,39,53,94,144,188,196,166,120,65,34,23,32,51,112,149,182,207,147,101,59,46,33,64,97,169,201,206,144,120,71,54,72,102,136,181,198,184,127,64,31,34,26,48,107,124,160
179,154,104,64,33,33,32,69,123,162,193,190,144,82,74,44,86,92,173,240,212,152,92,43,29,54,81,107,144,188,179,156,105,52,28,16,29,70,132,162,191,181,160,96,63,48,63,97,175,254,208,149,86,75,40,58,96,144,178,206,153,107,71,33,18,21,50,110,155,180,193,166,92,49,44,40,50,111,173,205,195,145,123,55,59,77,106,151,184,203,163,112,72,34,27,40,61,98,148,175
173,151,101,57,28,36,32,62,98,198,213,190,153,86,64,54,73,109,153,226,221,134,98,50,49,45,57,93,162,189,196,144,83,55,33,26,23,64,106,179,223,181,132,108,64,35,51,108,164,256,218,148,106,66,51,52,104,133,198,214,164,119,57,32,25,23,54,88,151,195,197,158,104,68,43,40,55,98,162,213,190,164,107,58,60,51,110,148,195,197,168,114,68,37,23,28,60,106,154,195
189,160,94,51,30,26,27,62,109,182,219,194,141,98,54,67,78,105,175,189,220,154,94,62,44,53,57,120,160,195,178,138,93,49,32,18,39,52,109,165,222,207,153,103,44,36,56,102,170,232,222,169,81,47,50,56,109,148,171,203,177,114,68,33,18,23,43,93,148,198,192,146,115,64,35,42,63,104,156,219,195,169,93,70,47,86,95,124,190,211,170,131,66,38,18,30,53,101,165,186
213,125,125,67,36,18,25,62,109,169,201,191,175,98,65,54,66,129,170,199,187,144,104,67,51,46,76,120,187,184,177,137,85,50,33,22,28,61,94,167,227,185,168,81,52,49,55,95,165,245,228,167,84,53,51,89,91,131,194,194,173,109,59,30,20,27,48,84,130,217,210,165,103,65,28,31,67,90,163,205,206,152,94,70,53,65,118,161,178,194,167,116,64,35,25,25,54,98,159,178
188,147,116,56,36,25,32,45,110,182,203,181,164,111,63,52,78,114,162,179,202,148,111,61,34,48,67,131,157,198,184,133,88,44,32,20,29,56,116,188,197,205,143,102,51,45,49,93,167,256,204,173,89,55,42,80,118,165,171,200,176,102,57,27,14,22,54,90,151,206,183,163,102,68,41,38,47,122,172,213,193,150,101,83,46,58,109,157,180,201,169,111,65,36,21,32,51,86,157,194
188,147,110,44,37,23,32,54,104,174,194,211,156,98,65,49,71,111,141,212,221,153,100,58,34,47,83,129,184,200,163,126,78,46,30,23,36,62,109,162,216,192,165,93,52,45,62,97,166,224,221,178,112,55,47,73,125,143,184,179,168,141,69,27,15,36,44,73,159,179,217,168,109,74,32,27,60,105,164,196,197,166,105,65,49,68,95,153,173,213,191,95,52,41,27,38,48,100,139,189
197,156,90,64,42,30,28,51,104,170,189,197,178,97,69,62,64,97,162,225,225,142,89,56,37,42,78,120,197,211,153,136,94,41,28,29,33,56,120,164,191,204,143,87,46,39,61,97,164,222,253,173,99,57,55,79,105,152,175,175,168,110,63,38,25,32,45,64,145,196,198,174,122,64,43,39,41,98,157,198,195,201,132,56,55,53,88,135,176,225,197,101,62,43,26,29,53,87,149,200
184,167,102,66,32,26,38,48,102,160,195,167,169,111,74,57,55,108,155,245,213,156,108,44,38,39,66,133,173,207,177,131,85,42,32,26,36,55,127,170,186,201,139,80,50,44,66,87,171,233,221,172,105,62,46,73,110,137,185,212,163,115,55,30,22,29,38,93,144,184,197,179,116,63,41,34,45,87,156,226,203,170,117,60,48,67,86,148,182,195,179,120,68,35,27,24,54,85,157,176
189,157,91,60,42,23,28,74,111,147,200,198,146,134,75,43,61,90,180,204,264,155,86,45,38,39,55,125,177,203,173,140,80,48,23,27,40,68,130,140,176,198,144,93,62,54,53,93,179,248,215,171,107,49,60,65,103,143,200,210,168,88,45,38,28,27,45,95,129,184,209,175,122,69,39,31,49,88,151,209,217,171,104,71,43,59,87,152,199,188,192,103,71,35,22,25,53,96,163,180
189,163,94,57,44,28,29,66,105,145,200,204,162,125,75,65,60,97,167,216,251,137,93,58,35,24,66,115,186,196,169,137,89,46,31,17,39,80,115,156,177,177,130,100,84,58,60,104,165,229,213,185,101,61,50,58,85,169,193,211,145,117,44,27,22,32,43,77,128,189,190,172,136,82,44,35,55,96,152,197,210,186,110,55,56,63,92,121,204,194,176,124,59,42,24,31,52,105,143,164
189,162,98,55,36,17,27,62,107,160,207,183,172,122,76,55,57,98,173,200,222,167,77,58,38,53,68,111,161,185,179,135,93,62,24,29,37,72,101,173,183,157,155,103,58,56,57,92,168,220,239,168,110,61,36,67,97,145,204,193,182,102,67,28,16,21,33,90,133,197,200,158,128,76,39,45,46,87,141,224,214,168,107,91,48,57,86,157,182,194,194,114,58,24,20,46,70,100,134,177
210,146,118,56,38,21,24,69,92,146,208,202,168,109,64,54,77,108,166,203,199,157,109,58,33,46,62,134,167,173,175,151,72,53,37,40,32,54,93,183,195,197,134,103,52,42,62,94,176,242,198,214,85,56,46,61,97,145,176,207,183,113,70,32,11,21,49,80,105,207,229,171,123,68,42,35,45,96,157,212,219,172,108,55,69,54,90,159,180,213,153,110,62,34,32,40,57,77,141,176
197,186,101,66,28,20,26,60,111,160,213,217,154,95,56,54,70,133,168,232,197,167,111,59,34,40,70,126,178,168,177,129,76,57,43,23,35,62,91,163,190,206,148,105,63,44,51,103,183,231,224,179,86,66,42,53,93,138,191,187,184,113,74,31,14,26,38,71,128,204,197,169,118,83,39,37,55,103,157,195,214,167,104,78,58,56,93,158,188,232,154,107,70,31,33,33,51,89,108,179
182,167,118,53,43,16,21,63,129,149,219,192,158,93,68,43,74,108,155,230,232,164,99,44,34,36,67,121,179,203,174,120,83,57,27,23,40,67,91,171,197,192,138,96,73,41,57,117,176,236,216,167,99,57,43,69,88,142,183,220,153,119,72,33,17,19,38,69,134,193,204,162,129,80,42,43,46,86,171,212,213,185,95,59,53,59,87,142,186,204,171,113,74,38,18,41,57,88,137,164
182,148,113,63,39,22,27,66,125,180,188,215,144,107,56,53,55,108,160,251,234,146,75,47,25,41,76,102,179,225,178,123,84,54,31,22,40,73,113,165,176,179,148,98,74,42,58,115,196,234,212,157,77,67,52,54,91,136,198,201,185,118,65,36,19,17,36,80,126,216,196,174,104,73,61,31,48,103,154,181,237,180,102,48,54,72,81,132,191,221,174,91,74,41,24,34,50,83,125,193
180,180,116,68,39,15,31,58,122,175,208,179,158,97,60,47,78,108,168,243,211,150,87,56,26,44,79,113,142,216,175,135,81,51,29,18,33,60,109,162,202,171,142,115,67,47,58,121,180,251,201,144,91,63,58,51,93,138,177,218,180,109,77,37,21,16,43,73,145,183,210,160,132,71,51,34,50,102,142,221,236,161,94,73,48,65,97,138,164,214,182,119,57,27,29,41,45,88,159,160
200,170,106,56,35,16,32,66,119,176,194,197,167,101,69,53,73,113,186,202,223,165,99,40,29,39,80,97,179,187,188,114,78,54,44,26,35,64,127,190,199,173,136,89,65,54,47,109,172,248,229,134,106,82,44,52,102,127,196,207,178,125,57,38,32,21,38,78,132,167,193,189,127,82,42,36,62,84,143,217,242,172,112,69,53,61,98,145,168,198,174,132,65,26,28,27,50,83,124,191
193,139,111,74,36,22,24,72,115,150,201,185,165,97,83,47,70,95,175,237,210,137,81,48,40,47,67,103,173,168,180,140,94,58,30,31,36,53,112,159,203,171,150,87,56,62,70,87,149,237,247,165,107,56,40,59,91,126,183,211,172,130,58,45,26,27,37,79,106,182,195,187,120,76,57,40,50,88,152,207,228,173,111,46,55,65,87,136,190,199,187,114,57,28,28,26,49,114,135,178
184,151,103,68,24,26,31,67,116,171,185,190,162,100,70,58,68,91,202,224,204,130,78,54,42,40,67,107,155,201,180,138,92,61,40,23,43,78,111,155,196,170,157,111,65,61,60,87,165,234,253,168,100,54,44,61,72,147,201,193,192,105,55,35,16,25,31,73,134,153,186,204,132,70,54,43,51,88,163,202,224,183,102,57,64,68,99,144,188,210,166,120,69,39,32,20,59,87,176,168
180,137,106,63,37,19,40,68,106,170,194,187,152,101,75,55,51,108,191,214,193,161,93,67,26,46,67,106,188,191,180,123,84,59,39,23,32,72,115,183,205,150,131,107,86,60,62,81,168,250,217,192,91,58,46,58,89,149,214,216,174,109,54,40,17,36,34,71,116,165,223,168,125,84,50,39,56,97,159,216,223,165,109,55,49,69,107,143,176,197,169,117,62,39,22,28,63,83,162,186
160,153,96,51,39,29,51,64,135,153,200,199,152,93,68,60,53,95,171,211,214,159,101,58,19,49,57,111,158,204,190,130,85,60,37,32,36,64,117,190,169,148,129,88,80,59,60,93,170,241,244,176,73,55,46,77,86,151,196,224,168,109,51,29,18,33,37,81,131,169,209,149,142,68,49,40,43,107,159,222,197,175,109,56,46,63,113,145,194,196,172,103,60,25,19,35,70,101,153,193
168,130,124,48,49,26,38,77,104,169,206,185,151,95,54,49,64,114,164,200,222,170,99,64,26,30,56,114,150,210,189,136,101,60,30,28,41,72,118,170,197,155,132,91,83,58,59,98,201,233,225,180,91,51,46,58,106,148,196,217,176,88,58,28,30,26,55,79,134,167,204,175,106,74,48,35,68,81,166,201,225,187,95,63,56,59,126,159,193,185,180,103,55,26,24,26,56,104,140,181
189,160,86,62,45,38,44,64,105,155,190,194,168,90,61,49,52,110,173,208,222,162,106,53,30,34,61,104,186,179,184,141,100,57,36,35,32,79,107,167,184,168,151,82,75,55,57,113,178,229,226,164,100,54,40,61,83,140,194,224,189,98,53,32,25,23,50,68,120,183,226,166,123,70,30,33,67,107,146,196,204,174,127,58,48,68,95,144,206,198,184,112,60,27,29,27,62,81,141,187
201,130,96,50,37,35,41,64,117,146,208,196,138,103,64,50,69,117,147,212,240,174,109,48,32,27,54,112,172,176,166,165,96,64,39,27,29,85,103,180,181,165,123,94,71,71,60,105,154,229,242,172,94,66,58,60,62,122,200,225,187,106,55,25,23,18,45,83,113,165,229,191,135,56,38,40,49,106,160,183,239,168,116,63,36,65,93,136,192,224,166,122,75,27,31,29,64,91,124,211
181,156,93,52,37,26,41,55,106,166,202,177,161,119,60,55,65,122,138,242,207,172,121,50,25,30,59,106,161,199,174,150,105,61,42,25,40,66,117,162,195,170,148,89,72,57,63,114,157,226,235,158,122,69,52,60,93,142,192,221,192,112,51,24,17,30,29,71,130,193,182,182,152,76,39,45,45,92,150,225,216,178,99,78,47,64,95,154,175,202,181,120,71,39,19,27,56,115,149,161
179,144,110,60,41,28,31,53,119,147,202,186,151,105,73,66,81,121,157,216,192,161,106,61,29,44,62,92,141,181,185,167,105,55,36,32,46,57,113,193,173,188,138,84,61,58,72,106,178,234,227,168,104,60,37,61,92,144,182,225,167,125,54,32,20,25,36,83,135,182,206,155,125,69,51,48,45,102,153,211,208,164,103,72,65,66,94,131,191,197,187,99,75,38,34,32,68,93,135,167
173,160,98,65,36,25,35,51,106,159,226,180,140,101,82,48,74,110,168,222,216,134,95,56,46,35,54,101,145,172,174,155,129,49,40,35,56,62,110,174,174,174,139,86,64,67,79,104,170,225,231,179,85,59,50,68,93,138,192,205,172,116,52,50,17,22,49,67,129,170,178,181,136,76,49,49,49,101,146,203,234,154,131,56,47,64,96,133,209,189,172,129,69,39,32,42,60,97,137,151
175,161,107,55,35,38,29,59,112,151,213,195,140,101,73,74,79,99,149,216,227,147,104,36,44,46,71,109,154,177,181,148,93,68,37,30,41,60,110,173,206,170,144,88,61,43,80,119,174,226,207,180,91,67,58,72,95,140,189,194,158,119,69,40,20,22,49,84,121,171,193,188,125,92,47,46,41,109,148,201,206,186,112,72,47,69,108,153,181,189,165,115,65,41,30,31,53,112,131,169
174,137,99,59,36,27,32,68,110,157,198,197,144,87,80,72,74,99,156,220,217,172,75,63,41,52,54,98,145,212,163,130,95,60,41,30,44,70,95,169,197,188,151,103,61,46,69,119,142,200,214,191,110,76,50,67,101,149,176,188,161,117,63,37,26,21,48,77,129,169,188,162,133,70,49,42,50,88,170,182,222,181,119,73,49,65,105,123,189,211,157,135,65,30,24,26,62,95,157,185
145,130,105,65,33,31,36,64,124,163,203,198,116,97,80,62,75,106,181,230,198,156,92,64,48,42,73,106,164,186,163,138,94,56,34,25,43,63,125,159,202,189,154,90,64,62,61,102,161,211,234,191,118,56,63,65,111,142,152,193,159,122,72,38,23,27,60,74,119,162,188,168,130,92,44,36,70,100,153,208,196,193,111,68,44,70,90,138,183,209,186,122,46,30,35,27,46,92,155,193
171,153,100,53,39,30,42,59,113,162,214,202,131,105,67,63,69,132,184,207,206,144,100,51,38,45,79,100,142,197,171,135,98,58,25,29,38,76,110,167,184,198,143,93,64,49,59,103,169,251,236,187,105,66,51,79,95,139,171,180,183,121,65,39,30,30,32,71,129,172,192,179,132,77,50,32,72,107,158,185,204,166,117,73,43,63,102,145,199,200,161,109,70,29,23,42,46,86,120,172
180,142,100,58,32,38,34,61,104,171,231,202,126,106,59,60,83,106,198,202,190,159,101,55,43,37,71,110,147,161,185,150,66,53,41,39,46,78,118,145,175,182,132,133,68,47,56,97,172,251,207,179,116,73,59,73,92,108,173,208,166,124,64,36,28,24,33,83,139,189,191,169,119,80,51,40,67,113,147,193,211,159,99,98,41,59,101,148,185,204,166,113,53,42,19,27,54,87,131,178
175,153,104,70,30,37,36,49,116,168,224,201,138,100,77,53,71,126,178,206,167,164,115,66,43,58,66,92,132,195,175,135,89,45,49,37,54,86,115,133,183,189,140,119,75,59,55,105,189,206,245,178,107,64,54,51,94,145,171,206,189,105,81,29,22,29,34,83,137,189,214,164,99,66,45,43,65,95,166,209,200,167,118,80,50,68,111,163,171,204,157,117,60,37,28,24,44,92,120,184
131,168,100,55,45,43,39,67,103,178,207,182,158,121,62,58,71,125,162,196,193,167,118,60,45,49,64,85,154,202,149,128,87,71,46,32,42,75,118,149,181,184,133,111,81,67,72,106,174,221,223,183,98,61,49,65,79,140,171,214,169,130,74,30,31,25,37,89,123,195,201,152,110,63,52,48,60,99,157,202,212,173,120,76,60,56,113,140,183,215,150,114,71,38,27,31,46,95,122,164
148,141,112,52,52,40,39,79,93,159,192,180,166,103,67,59,77,112,173,193,210,169,99,62,52,41,73,101,145,184,161,124,95,57,38,31,47,78,124,151,164,160,156,104,82,83,86,106,159,230,237,161,99,59,49,50,96,135,186,209,175,133,72,37,26,27,46,82,136,167,181,161,126,80,36,49,49,101,148,230,213,161,109,82,69,72,107,142,171,198,182,118,61,42,23,36,45,91,119,180
143,140,127,72,49,29,39,66,109,148,180,183,156,93,86,52,79,122,175,224,183,168,99,56,43,53,72,121,133,179,173,137,95,62,28,33,46,63,108,152,187,162,140,103,84,83,90,135,180,198,211,179,125,61,46,50,92,125,173,204,200,134,75,34,22,21,37,88,129,174,192,151,137,83,49,49,49,77,159,230,215,140,117,81,79,69,97,127,180,198,167,126,76,39,22,38,47,84,115,172
149,154,91,69,49,40,37,69,125,153,184,182,147,112,71,46,73,131,169,205,186,165,104,70,42,52,59,111,181,172,157,124,94,55,52,30,49,63,93,148,204,182,115,107,81,66,84,120,183,199,225,151,117,83,56,54,68,129,186,194,160,152,83,47,21,21,46,81,116,156,177,177,124,103,59,56,59,102,158,195,194,152,133,75,57,81,103,171,163,190,156,127,74,42,21,33,44,97,114,156
155,152,117,67,47,40,46,71,108,177,189,168,134,139,78,56,71,93,170,198,174,188,105,70,49,46,65,116,153,179,148,134,80,80,49,38,36,61,101,155,168,175,140,96,89,70,75,126,167,213,212,173,103,72,55,70,91,126,189,187,169,120,100,45,35,30,43,71,131,156,188,166,119,86,79,47,58,99,148,197,183,183,105,85,58,70,125,135,181,202,148,118,83,37,27,29,62,78,123,136
149,173,101,51,37,40,43,58,131,138,188,196,130,125,87,59,70,105,153,187,173,187,129,77,54,44,66,94,170,175,142,153,92,73,32,35,46,65,111,124,179,172,136,107,100,72,78,141,154,238,204,147,106,88,54,65,78,115,167,190,185,139,92,49,30,30,46,80,116,154,193,167,130,76,48,54,66,91,157,186,193,176,118,85,54,73,95,147,176,180,171,140,62,39,26,32,52,84,124,152
168,155,87,62,44,40,39,64,97,162,152,212,150,127,80,59,72,117,141,188,195,172,131,84,49,49,75,109,140,153,171,129,92,80,46,44,44,55,93,152,175,170,137,116,76,60,108,120,176,198,205,169,127,84,59,73,81,112,154,185,186,138,110,56,28,27,44,81,120,168,183,187,117,64,59,49,73,91,137,171,194,189,128,81,67,74,96,140,169,175,181,137,73,39,31,26,62,72,130,141
154,141,107,70,43,35,48,64,108,140,172,189,175,108,76,60,85,90,128,216,194,178,116,74,58,53,76,104,124,168,170,140,101,64,60,46,43,54,99,123,176,166,141,124,95,73,71,140,181,193,202,167,118,101,69,63,94,121,132,174,190,139,100,57,34,30,61,80,128,157,180,161,110,80,62,57,54,97,116,179,188,196,153,90,64,71,89,126,164,184,183,133,70,37,44,33,50,72,128,155
155,145,106,71,50,44,54,65,114,144,179,188,150,123,69,65,79,103,147,180,219,164,121,73,79,49,59,103,136,164,144,150,105,84,45,47,32,63,91,137,158,164,151,121,78,73,72,104,172,234,190,174,137,86,58,76,63,111,155,165,208,152,97,51,27,23,60,83,134,144,178,167,135,71,58,57,54,87,138,187,179,203,131,87,61,62,106,137,162,201,177,122,87,42,25,30,40,78,128,146
173,156,100,77,55,51,53,68,108,144,169,152,154,112,80,62,75,121,153,182,195,160,128,72,69,61,65,88,139,146,154,140,103,82,58,47,46,57,103,129,167,174,140,113,89,73,67,112,152,217,241,186,132,87,56,54,91,122,143,203,168,149,99,53,33,34,55,87,119,155,163,146,117,87,73,44,73,92,136,185,190,192,144,91,67,67,107,144,155,206,164,141,73,40,33,36,44,82,110,134
152,123,97,87,61,45,44,80,107,153,166,148,143,123,91,72,93,113,156,189,196,166,114,78,54,60,63,97,125,145,161,127,108,79,60,51,42,61,99,149,143,183,135,133,96,70,76,101,155,206,199,202,135,96,69,64,78,124,144,194,164,141,96,48,42,34,58,66,136,161,171,146,124,94,66,57,66,91,121,186,199,186,135,92,78,72,102,136,175,193,168,110,91,49,42,23,41,76,119,133
131,132,98,75,58,47,52,84,122,134,164,155,125,138,79,76,99,120,184,179,170,169,124,64,51,52,70,91,118,155,165,134,113,80,58,50,43,64,107,126,138,171,141,122,101,82,77,95,145,194,229,199,132,93,52,70,86,104,151,186,190,135,77,62,40,39,47,73,110,156,181,145,120,88,63,61,68,76,136,177,210,161,130,95,86,71,92,122,167,186,172,132,79,50,50,32,49,80,114,137
153,139,84,64,50,53,59,67,107,148,139,161,135,117,116,75,86,129,165,174,166,149,122,69,59,53,71,97,114,134,155,141,108,79,74,49,64,65,81,136,137,155,131,125,90,76,87,98,134,171,221,169,148,98,90,65,89,97,129,158,180,150,100,67,35,44,53,71,100,146,172,149,129,95,75,56,69,73,114,143,209,195,127,91,83,83,85,131,158,190,145,122,100,48,54,43,59,77,97,132
121,122,80,54,45,61,53,69,82,126,135,145,121,115,90,79,91,106,151,154,163,138,121,97,45,55,47,75,109,137,136,123,89,68,53,71,55,50,89,118,124,143,131,112,87,85,85,83,123,177,202,162,141,74,85,68,88,104,129,133,144,125,109,67,47,38,46,63,92,109,131,160,116,93,70,60,57,73,96,156,153,179,140,88,71,70,100,113,130,154,152,111,82,63,43,36,55,71,97,113
91,92,69,51,29,35,47,49,66,96,87,108,104,83,79,60,79,86,115,131,117,107,76,67,57,42,58,66,90,86,92,82,89,58,48,42,46,50,76,104,99,86,85,64,75,67,61,78,102,143,175,123,113,83,67,69,73,74,97,106,110,111,86,47,42,29,38,43,69,100,100,100,96,71,68,60,49,66,73,117,128,139,104,80,76,53,86,81,99,111,103,96,66,48,36,35,34,66,74,82
44,56,49,31,18,25,22,44,37,54,59,61,54,52,52,33,44,48,62,76,73,58,55,45,24,30,29,43,42,53,57,38,41,41,31,21,29,34,36,55,61,49,58,24,37,43,45,51,73,89,108,59,76,49,39,49,40,51,50,56,57,54,37,31,22,18,21,29,36,50,47,76,47,37,37,48,37,30,41,76,74,85,61,59,49,42,46,62,55,49,53,44,41,27,22,20,15,27,50,46
25,20,19,10,13,10,15,17,30,17,33,20,19,18,16,16,15,24,23,38,29,22,20,12,17,17,17,18,18,20,16,14,16,16,9,6,7,10,9,18,27,23,16,17,7,14,21,20,47,32,49,36,36,16,13,19,19,21,17,14,25,20,13,17,10,12,5,7,6,11,18,20,21,22,27,13,10,6,10,37,32,28,26,26,15,17,24,22,20,26,27,14,15,9,12,5,13,8,13,16
11,9,4,3,1,3,3,2,2,3,7,7,7,4,1,0,6,2,4,7,6,6,7,2,3,5,4,4,4,3,5,3,0,2,0,0,2,0,1,3,0,4,4,2,2,8,4,10,8,9,21,17,3,4,2,7,6,2,1,2,4,5,4,2,1,1,1,3,0,3,3,1,2,4,5,3,5,1,2,5,6,11,6,3,5,3,1,10,15,6,7,8,3,7,1,3,4,1,4,4
0,1,0,1,0,0,1,0,1,0,0,1,0,0,0,0,0,0,0,0,0,1,2,0,0,2,0,2,0,0,0,1,0,0,0,0,0,0,0,0,0,0,0,0,0,0,1,1,1,2,3,0,1,1,0,1,0,0,1,0,2,1,1,0,0,0,0,0,0,0,1,0,0,0,1,1,3,1,0,0,1,0,0,1,1,0,1,0,1,0,1,2,0,0,0,1,1,0,0,0
0,0,0,0,0,0,0,0,0,0,0,0,0,0,0,0,0,0,0,0,0,0,0,0,2,0,0,1,0,0,0,0,0,0,0,0,0,0,0,0,0,0,0,0,0,0,0,0,0,0,0,0,0,1,0,0,0,0,0,0,0,0,0,0,0,0,0,0,0,0,0,0,0,0,0,0,0,0,0,0,0,0,0,1,0,0,0,0,0,0,0,0,0,0,0,0,0,0,0,0
0,0,0,0,0,0,0,0,0,0,0,0,0,0,0,0,0,0,0,0,0,0,0,0,0,0,0,0,0,0,0,0,0,0,0,0,0,0,0,0,0,0,0,0,0,0,0,0,0,0,0,0,0,0,0,0,0,0,0,0,0,0,0,0,0,0,0,0,0,0,0,0,0,0,0,0,0,0,0,0,0,0,0,0,0,0,0,0,0,0,0,0,0,0,0,0,0,0,0,0
0,0,0,0,0,0,0,0,0,0,0,0,0,0,0,0,0,0,0,0,0,0,0,0,0,0,0,0,0,0,0,0,0,0,0,0,0,0,0,0,0,0,0,0,0,0,0,0,0,0,0,0,0,0,0,0,0,0,0,0,0,0,0,0,0,0,0,0,0,0,0,0,0,0,0,0,0,0,0,0,0,0,0,0,0,0,0,0,0,0,0,0,0,0,0,0,0,0,0,0
0,0,0,0,0,0,0,0,0,0,0,0,0,0,0,0,0,0,0,0,0,0,0,0,0,0,0,0,0,0,0,0,0,0,0,0,0,0,0,0,0,0,0,0,0,0,0,0,0,0,0,0,0,0,0,0,0,0,0,0,0,0,0,0,0,0,0,0,0,0,0,0,0,0,0,0,0,0,0,0,0,0,0,0,0,0,0,0,0,0,0,0,0,0,0,0,0,0,0,0
0,0,0,0,0,0,0,0,0,0,0,0,0,0,0,0,0,0,0,0,0,0,0,0,0,0,0,0,0,0,0,0,0,0,0,0,0,0,0,0,0,0,0,0,0,0,0,0,0,0,0,0,0,0,0,0,0,0,0,0,0,0,0,0,0,0,0,0,0,0,0,0,0,0,0,0,0,0,0,0,0,0,0,0,0,0,0,0,0,0,0,0,0,0,0,0,0,0,0,0
0,0,0,0,0,0,0,0,0,0,0,0,0,0,0,0,0,0,0,0,0,0,0,0,0,0,0,0,0,0,0,0,0,0,0,0,0,0,0,0,0,0,0,0,0,0,0,0,0,0,0,0,0,0,0,0,0,0,0,0,0,0,0,0,0,0,0,0,0,0,0,0,0,0,0,0,0,0,0,0,0,0,0,0,0,0,0,0,0,0,0,0,0,0,0,0,0,0,0,0
