parameters (x,y,w,h,rx,ry):-5,0,10.000000,40.000000,100,100
189,40,45,60,54,50,39,36,26,31,34,38,52,66,68,62,40,39,31,24,25,31,29,40,60,50,52,55,56,50,32,44,26,36,55,65,61,72,48,46,33,28,31,28,43,41,52,70,70,85,59,42,31,26,36,41,37,57,64,45,45,47,28,24,23,27,36,49,63,72,65,68,46,37,28,31,28,37,47,57,66,85,63,61,41,28,42,37,32,43,52,67,71,51,53,54,39,43,47,333
468,89,91,117,125,110,108,73,45,56,62,105,111,130,150,134,104,77,70,58,56,55,79,82,122,126,145,128,114,97,83,78,68,71,108,156,148,150,122,102,65,67,43,59,81,114,119,141,186,135,112,97,62,68,90,82,111,123,143,142,99,95,58,56,55,65,79,89,126,160,151,120,99,73,56,60,69,81,84,114,173,176,172,112,82,61,69,75,104,116,128,158,148,126,109,99,96,80,78,750
434,86,107,147,120,119,94,65,56,61,47,78,120,142,160,152,125,84,66,57,38,54,65,76,106,148,154,146,97,100,68,73,68,60,123,143,159,157,131,113,72,53,39,53,91,100,130,162,161,159,114,82,77,49,73,88,114,154,146,134,116,93,75,47,50,55,79,106,120,148,165,147,94,58,50,46,60,73,109,138,182,149,160,121,81,55,63,77,96,113,127,170,137,143,112,99,63,81,78,797
411,92,115,138,143,138,91,55,49,61,47,73,104,150,178,155,110,104,70,45,34,54,59,86,124,139,160,158,116,83,59,48,70,63,112,137,193,139,146,118,73,52,40,50,55,91,115,174,207,150,114,93,49,60,78,84,96,130,167,133,139,79,90,52,36,56,55,93,138,178,163,154,110,62,34,34,41,73,113,158,185,153,150,99,85,51,53,58,97,120,144,173,147,129,119,94,87,53,68,823
397,101,108,151,133,125,90,59,46,54,44,87,112,138,168,150,118,96,67,54,30,41,52,84,123,167,163,165,114,78,60,50,62,76,104,157,176,172,154,97,61,53,36,44,60,83,137,181,179,158,115,91,56,50,65,87,107,159,149,138,123,96,63,52,40,46,53,79,126,183,188,175,110,60,37,32,24,57,128,174,189,166,132,106,79,57,51,59,89,129,145,163,155,142,105,88,75,59,73,839
361,98,114,137,146,112,107,65,39,49,58,60,110,164,160,159,140,71,61,51,46,37,47,80,109,172,158,154,144,79,55,52,42,70,110,144,168,181,164,92,72,50,27,42,64,90,125,186,165,155,130,81,59,42,57,88,124,149,145,168,123,115,55,41,38,42,46,88,135,175,202,160,110,53,48,29,33,60,101,166,173,183,157,124,68,48,39,61,78,135,149,175,172,136,107,94,63,60,74,860
328,106,128,130,184,126,98,58,39,46,46,65,117,155,160,156,139,96,66,37,36,39,50,61,121,171,181,173,126,86,55,46,50,64,113,129,186,202,150,94,66,49,28,36,72,110,125,184,183,142,136,100,51,38,54,69,104,139,164,178,138,102,58,36,29,41,49,85,120,205,190,161,104,87,30,40,30,66,86,131,199,213,160,121,68,39,41,59,77,95,128,193,178,141,123,90,53,41,66,935
321,112,144,141,164,130,84,44,43,39,38,67,114,170,177,172,110,96,67,37,31,31,62,85,124,166,187,150,127,79,53,49,44,62,108,146,157,217,168,91,57,41,34,27,62,116,133,184,147,162,130,94,41,45,30,61,113,145,168,193,154,100,42,33,34,24,38,93,145,184,210,168,96,87,47,30,34,53,81,137,194,189,171,113,58,51,43,60,88,89,124,167,191,165,123,87,54,36,58,875
312,98,146,147,170,129,81,44,29,27,51,67,121,162,175,166,106,106,63,34,28,31,67,79,120,169,182,176,126,88,59,47,47,67,103,125,166,180,180,116,67,31,32,34,60,100,123,173,180,160,132,81,47,29,33,62,115,154,198,209,139,77,64,28,26,31,37,93,125,184,192,152,115,77,40,39,28,52,91,153,207,206,143,90,73,51,49,57,74,96,144,193,191,171,114,65,64,57,46,887
317,91,163,158,176,122,80,37,31,31,51,60,109,169,178,164,136,108,54,47,32,30,44,73,114,147,219,160,136,84,62,28,49,60,100,126,177,189,180,126,62,31,23,38,65,90,158,157,184,164,129,87,57,29,35,65,114,152,202,193,137,86,53,30,19,23,51,74,143,170,208,177,128,66,39,39,26,51,86,135,206,207,170,105,53,54,42,61,70,101,156,168,187,170,122,82,45,48,52,892
355,101,154,173,151,123,89,44,30,22,36,64,108,183,185,162,144,102,51,44,24,35,44,78,109,172,199,165,138,78,60,45,47,57,86,144,168,199,189,120,52,23,25,36,51,103,146,180,185,152,117,94,50,32,41,60,117,145,201,182,142,90,65,34,20,24,40,77,124,194,177,170,129,74,43,30,37,51,84,144,172,205,178,109,72,49,32,52,81,91,145,170,184,181,136,93,43,37,41,896
320,97,150,181,150,108,75,68,33,26,34,66,127,158,183,165,146,96,57,35,31,43,51,58,116,160,196,172,126,104,38,44,38,62,86,117,166,222,186,111,67,33,28,36,53,97,130,171,186,182,118,77,51,35,45,52,96,166,207,182,144,101,51,39,24,21,47,83,129,192,211,164,123,71,38,29,40,45,87,151,191,195,172,109,69,47,33,57,62,98,161,155,204,144,134,90,52,40,41,893
315,91,148,182,157,110,73,51,46,24,29,88,122,156,199,174,132,94,59,43,32,45,45,69,117,172,204,158,149,85,51,34,31,58,89,147,179,194,178,112,72,37,19,31,52,91,126,175,215,169,123,79,46,31,47,67,106,157,188,190,138,97,51,28,12,21,44,88,132,195,193,158,124,71,43,31,30,47,95,143,194,165,169,120,72,47,46,56,64,86,133,197,192,153,134,90,41,47,49,900
345,97,135,184,179,119,85,41,39,22,43,62,125,148,171,177,132,104,69,45,37,28,42,68,111,172,201,175,144,77,43,30,31,63,92,148,162,208,169,119,65,34,21,35,50,98,130,189,191,178,122,70,30,27,44,53,103,178,201,179,146,98,64,25,17,19,55,84,126,192,188,180,129,76,49,30,26,59,85,138,175,206,172,126,88,42,31,48,76,114,133,183,193,178,101,83,59,48,48,881
332,91,134,166,178,146,80,48,36,21,39,75,125,141,170,199,141,104,54,50,36,27,27,77,114,186,193,184,135,78,41,34,33,55,81,137,195,192,175,107,57,29,19,46,49,89,140,178,225,174,120,74,45,24,24,70,105,169,202,187,121,104,57,22,16,18,37,83,135,177,207,166,127,84,33,36,31,50,82,149,184,181,179,139,83,47,30,56,75,110,150,186,170,168,122,74,51,56,53,864
329,108,137,172,174,135,87,47,35,31,33,55,104,176,197,201,128,73,57,37,28,28,45,55,118,175,198,165,134,97,55,37,31,63,86,133,190,209,151,110,43,28,34,34,52,91,146,189,217,166,112,64,47,28,44,69,106,165,185,200,131,94,56,40,10,22,38,70,121,201,208,186,130,63,35,20,31,48,81,147,172,181,191,147,72,44,34,58,82,112,116,179,191,144,135,63,58,51,59,888
333,108,138,171,150,154,96,54,24,24,40,68,112,152,197,193,128,87,53,39,30,23,40,69,132,157,210,197,121,105,48,29,39,54,103,163,197,174,150,119,62,40,26,25,55,96,149,182,199,175,118,67,50,32,48,64,102,144,180,196,144,99,57,26,19,23,38,74,132,187,202,179,131,69,38,22,19,45,87,139,227,205,162,120,67,49,40,61,66,92,147,188,179,164,121,79,45,36,47,870
356,94,128,168,146,132,99,62,28,24,37,55,111,169,189,172,148,101,52,45,25,21,44,75,115,154,211,204,137,93,57,29,37,49,76,153,214,198,135,122,58,32,22,19,48,94,136,191,205,166,112,93,40,39,46,65,111,176,178,179,144,78,49,40,20,21,42,63,141,170,228,193,129,80,28,28,25,41,77,128,224,212,157,114,75,43,56,45,69,102,131,200,209,153,122,62,44,37,54,872
341,98,149,174,137,131,104,54,27,38,45,47,112,162,179,199,142,112,56,31,26,31,25,81,110,160,203,196,159,75,40,34,35,57,105,140,205,206,141,104,71,33,23,24,41,82,150,200,197,167,117,63,37,27,50,73,108,157,204,187,136,93,54,33,17,26,33,84,145,189,200,194,113,77,34,20,35,41,89,133,188,225,175,111,86,42,29,56,68,112,137,178,185,177,116,68,47,31,49,899
321,104,155,157,155,125,83,53,37,30,41,54,114,156,188,184,152,100,64,37,20,24,24,51,118,176,205,186,132,102,56,24,39,65,87,173,203,197,148,104,56,26,21,25,48,97,156,181,181,184,122,68,47,39,29,77,101,172,189,177,137,90,49,38,15,22,38,80,164,180,215,178,118,57,39,27,21,47,84,138,195,209,187,134,59,34,36,38,68,97,146,177,194,170,110,68,49,38,43,889
302,102,138,160,148,145,90,52,49,19,43,77,90,179,181,180,171,91,68,33,24,24,31,75,104,166,203,191,134,94,56,38,41,63,94,148,176,194,171,95,49,30,14,40,53,86,135,194,196,156,131,83,46,32,48,55,113,158,183,196,145,105,66,30,22,24,39,90,139,183,212,188,125,67,41,16,15,53,85,176,209,191,173,112,81,37,34,51,77,100,134,170,204,180,115,67,45,34,55,884
348,101,132,168,166,117,90,60,43,22,42,67,96,157,181,196,162,107,58,37,21,24,31,66,101,155,211,203,147,86,60,28,38,61,96,149,198,210,145,104,55,26,25,37,53,81,121,176,217,156,128,84,48,42,42,57,98,150,179,178,173,105,54,25,17,29,51,66,142,193,214,171,120,69,36,25,20,58,93,157,210,184,149,117,80,47,41,46,72,112,133,196,188,157,122,61,44,45,38,876
328,116,135,156,147,124,93,59,33,38,45,51,89,159,187,195,166,98,61,40,15,22,38,65,104,183,194,172,139,110,52,34,28,58,101,159,180,188,166,111,62,33,29,37,32,88,144,171,186,176,135,86,53,36,43,61,114,157,186,180,147,97,54,28,15,23,41,93,145,195,203,180,105,73,25,24,32,41,97,140,185,190,167,118,72,54,30,53,64,92,163,179,177,171,110,79,40,34,53,883
314,117,154,170,168,127,92,45,26,25,30,67,104,163,205,167,160,103,67,37,29,23,47,60,123,167,192,178,142,101,69,28,30,61,99,175,176,197,143,110,75,29,25,22,37,89,147,174,194,163,135,86,56,27,49,83,107,161,177,182,139,104,45,21,23,23,40,90,161,182,182,168,125,55,40,17,37,57,85,148,187,193,164,146,77,56,33,36,76,94,162,205,179,145,113,84,41,25,49,908
292,104,152,169,176,124,85,51,23,29,33,52,103,160,204,167,164,90,51,35,32,26,41,75,119,176,179,188,139,99,55,39,32,55,100,152,201,200,159,104,62,32,24,24,47,81,160,181,212,165,118,83,44,35,31,86,130,165,202,181,150,83,53,21,13,21,32,82,178,181,198,167,136,69,33,20,18,56,104,130,207,208,160,121,77,56,34,44,73,109,151,195,170,167,112,68,41,31,45,935
291,98,156,174,153,134,91,46,28,23,36,63,109,154,208,213,140,82,70,45,28,32,34,63,127,164,167,191,148,79,50,34,33,52,104,145,185,204,152,117,60,28,28,18,53,85,156,157,216,180,128,68,47,24,48,79,112,182,188,173,150,101,51,23,11,15,38,94,150,215,204,181,115,61,36,19,25,53,94,137,185,211,171,96,73,55,36,39,59,107,141,201,175,154,125,59,43,36,49,929
309,97,179,190,143,133,83,56,15,18,28,53,126,155,193,181,151,113,65,36,23,28,48,67,123,187,196,175,127,85,56,37,32,58,93,131,180,211,175,105,59,35,28,28,48,88,139,171,193,155,125,80,46,43,53,66,130,167,183,183,135,89,52,30,13,19,36,85,145,169,214,203,121,65,29,24,27,49,97,129,181,209,163,128,70,41,34,47,64,103,135,202,168,162,121,73,44,46,51,895
317,102,150,185,142,141,88,50,29,14,32,64,94,150,202,186,143,103,81,31,26,26,44,80,116,177,181,168,149,85,63,26,30,47,102,140,194,204,176,125,58,36,25,21,44,88,158,167,182,158,138,87,54,37,45,60,113,160,180,187,160,91,45,32,18,23,40,82,131,192,211,185,142,66,25,30,24,55,88,132,187,209,176,108,87,32,42,47,67,82,170,170,180,144,138,75,50,34,45,890
331,98,151,178,150,138,95,47,27,35,35,65,109,154,184,180,149,103,78,42,31,16,41,76,128,182,171,157,159,108,50,28,26,59,72,145,173,216,156,107,70,35,19,31,49,78,158,170,193,179,124,90,61,31,40,65,107,155,196,191,170,91,46,31,17,17,42,89,141,198,229,165,119,63,27,21,35,47,85,150,197,200,166,103,54,51,31,55,53,103,147,169,185,158,120,82,59,34,44,902
333,84,168,154,172,125,90,51,42,25,48,52,94,167,185,164,174,89,79,36,21,12,36,84,114,178,189,184,150,96,68,33,29,53,88,156,209,183,179,108,68,32,25,26,38,83,156,190,177,161,139,93,49,36,47,54,111,149,186,203,175,72,53,24,17,15,36,95,160,193,226,177,115,55,27,23,29,60,78,150,177,189,196,120,69,39,41,43,69,95,134,166,185,163,127,92,51,41,35,887
333,82,140,163,162,138,94,66,23,34,40,68,106,149,166,188,143,122,86,30,20,18,34,75,124,160,189,190,128,109,60,36,38,54,73,147,217,194,155,103,67,28,21,21,53,92,153,163,172,167,131,96,54,36,42,65,89,172,191,227,132,79,52,26,9,22,35,76,136,184,234,184,129,56,24,19,27,53,96,148,175,199,172,119,68,51,36,47,48,89,145,165,195,167,101,86,62,27,40,920
309,102,123,190,141,132,97,47,31,30,44,70,125,141,176,183,144,109,67,31,19,15,24,75,116,182,188,166,151,100,62,28,42,52,65,144,216,211,180,105,70,33,15,26,49,74,150,191,161,169,135,91,65,39,30,64,113,168,195,195,152,91,48,27,14,18,38,91,164,209,205,160,126,68,29,11,31,59,91,143,209,207,137,103,70,47,45,47,56,96,134,204,196,138,141,80,42,41,38,923
315,123,140,172,176,105,83,47,35,31,42,70,106,164,188,182,144,92,61,27,20,19,45,72,118,157,192,186,142,91,66,28,26,38,98,146,198,205,191,107,62,21,21,32,55,78,145,170,187,182,135,86,47,38,29,66,115,176,169,201,140,105,34,27,15,22,32,72,144,204,211,147,123,67,34,14,32,51,99,158,213,202,131,113,76,47,29,33,56,128,125,184,206,174,115,61,44,43,45,905
318,108,169,165,171,109,77,54,30,34,40,60,120,166,205,169,132,110,56,29,25,20,39,66,115,184,186,192,131,91,51,37,24,39,96,159,195,219,155,106,71,35,17,18,50,91,136,180,176,194,137,80,48,37,40,63,142,160,194,193,131,86,55,27,22,20,45,85,137,195,210,184,109,69,39,15,27,63,100,153,188,201,135,123,66,43,29,36,69,94,152,170,194,154,141,62,60,43,43,907
326,132,128,178,145,134,86,42,23,35,40,72,110,163,186,189,149,90,71,33,13,31,41,61,113,161,194,198,160,96,44,31,21,43,89,170,195,193,152,120,60,37,21,26,52,88,140,165,205,184,125,80,50,37,34,62,134,174,184,186,130,102,40,26,23,21,44,91,132,177,202,178,133,66,32,17,26,61,104,147,176,206,161,123,54,56,34,38,63,115,145,178,200,159,110,71,52,51,44,866
304,111,135,185,158,131,86,52,35,30,39,94,116,144,176,177,137,102,60,37,16,25,35,75,101,140,179,205,159,105,64,34,20,51,92,147,195,187,183,124,70,16,20,31,64,101,143,176,183,158,136,80,52,39,41,65,105,172,217,182,154,69,45,29,15,32,49,80,139,199,207,179,102,71,32,25,25,51,83,180,184,198,165,93,78,50,33,36,73,104,139,166,186,161,122,67,65,36,46,880
323,102,159,161,154,137,68,51,41,41,47,89,101,168,206,186,123,98,65,31,25,27,32,81,106,136,169,203,158,117,62,23,21,55,94,153,191,195,183,116,70,39,22,36,42,99,138,162,180,173,131,84,48,34,41,62,114,164,189,216,128,96,49,32,10,27,43,80,141,201,190,200,108,70,34,29,27,46,90,148,191,210,158,102,68,52,35,37,76,103,130,180,186,168,111,71,51,44,53,885
327,105,164,156,170,122,78,56,35,28,47,69,124,148,196,189,134,113,51,34,28,23,42,79,99,173,154,198,167,93,58,27,25,51,90,159,174,191,166,120,71,45,20,26,52,81,151,166,188,167,139,82,52,25,41,67,96,182,194,186,141,108,51,24,24,19,38,83,149,193,191,156,134,66,46,16,28,51,82,158,177,205,162,128,64,52,30,49,70,89,158,181,168,139,120,89,51,34,57,899
303,100,142,176,166,115,92,48,32,36,41,69,118,152,190,187,149,105,65,25,24,26,47,65,115,172,162,182,134,92,61,33,39,47,83,141,182,224,166,129,67,34,24,32,32,84,116,196,195,171,125,88,42,31,39,57,91,162,208,195,137,98,68,38,21,23,45,79,148,187,195,182,122,57,48,20,25,53,94,139,175,201,190,113,71,49,32,32,75,97,148,173,184,159,132,77,54,34,45,900
293,97,132,204,161,139,91,47,39,36,34,66,116,154,182,180,150,100,65,36,36,26,39,73,98,169,187,167,141,91,54,46,39,47,73,128,202,219,169,123,70,31,17,25,51,80,155,170,187,175,143,80,46,24,45,64,113,125,200,218,132,100,69,36,26,26,37,74,139,194,199,170,109,87,29,29,18,51,90,138,196,226,172,110,73,36,29,47,74,85,146,167,204,188,107,76,42,34,44,905
278,88,156,161,200,145,90,43,32,32,37,56,118,148,199,179,159,102,57,30,38,21,43,62,121,175,176,190,141,101,49,32,27,38,94,141,201,222,193,118,68,19,23,34,46,99,121,175,204,176,140,84,40,28,43,69,103,177,185,186,138,94,63,35,21,15,39,71,136,208,217,159,122,81,32,20,26,41,88,151,200,192,184,111,62,39,27,44,62,94,137,188,190,171,136,67,48,28,49,901
270,91,142,171,179,153,99,51,31,33,37,58,110,164,184,188,152,106,63,39,24,16,30,62,130,171,190,190,141,97,51,33,29,33,95,145,199,206,163,122,70,37,26,24,38,83,144,189,203,158,128,74,51,44,44,66,115,146,192,179,153,91,65,31,20,9,28,90,121,217,220,166,114,72,43,25,28,49,97,139,217,210,169,106,53,40,35,40,56,80,157,176,179,176,123,79,48,23,28,935
272,105,139,180,168,152,99,67,33,33,49,60,85,152,180,185,154,112,60,38,27,17,45,62,122,169,183,180,147,89,62,29,21,44,78,145,221,205,192,112,51,26,23,34,40,88,127,180,217,148,118,83,59,43,34,72,85,149,201,179,161,99,71,34,13,26,34,77,136,190,220,179,109,76,40,22,26,46,77,147,221,217,155,104,78,34,30,35,53,121,137,156,200,193,125,79,47,23,23,941
285,100,143,168,195,135,99,66,31,34,33,49,98,123,229,196,148,111,54,38,27,22,38,54,118,168,190,219,137,87,44,15,28,40,77,147,216,260,159,99,43,34,27,32,42,99,152,182,199,152,130,67,54,36,29,71,113,161,184,178,132,114,57,39,18,23,50,86,140,186,200,186,129,49,36,22,32,46,90,159,195,215,166,117,55,40,25,46,51,101,140,160,184,179,124,90,44,40,24,910
279,101,159,173,202,129,87,73,30,34,35,58,95,139,207,202,155,94,56,34,24,32,31,55,117,162,195,194,156,88,48,29,17,44,95,142,209,214,185,115,63,26,16,23,46,114,137,176,185,162,128,87,51,34,25,71,111,156,184,187,163,102,52,31,19,15,55,74,124,196,222,194,127,46,33,24,40,56,106,140,208,223,171,79,57,45,34,39,63,94,144,173,182,146,145,92,51,34,52,915
282,93,142,197,179,140,106,53,38,27,28,68,102,148,209,196,148,82,54,47,25,30,45,52,103,170,207,173,151,110,48,20,25,51,111,122,178,214,170,121,73,27,24,23,35,98,140,173,191,159,127,93,41,36,26,49,112,160,193,199,162,80,53,34,18,22,35,74,143,182,227,167,143,62,31,28,25,51,100,167,193,195,157,108,58,45,36,41,52,86,130,197,167,165,151,89,46,41,46,865
258,132,167,165,177,152,104,51,30,28,25,65,99,142,198,211,148,97,61,35,21,34,45,60,110,170,181,189,151,108,57,23,25,61,102,145,187,220,178,101,58,38,19,20,46,75,148,179,196,176,119,74,53,19,36,52,99,177,205,183,160,99,71,25,10,20,37,69,139,188,223,174,122,80,41,27,29,41,102,160,201,195,153,100,67,45,32,40,66,87,147,177,189,170,133,81,38,48,46,900
306,124,160,180,167,147,89,49,32,34,28,79,101,167,175,186,154,115,48,29,24,22,40,72,120,156,205,171,143,96,49,27,29,65,102,148,197,195,156,105,70,28,20,29,34,86,125,192,212,165,122,86,47,29,34,65,109,150,205,184,153,121,55,30,15,15,34,67,147,195,187,186,134,68,41,24,26,43,88,168,206,204,144,113,69,37,28,35,78,108,135,173,200,170,110,71,54,37,47,891
305,107,153,190,182,118,95,60,29,24,41,69,116,144,175,194,155,101,63,36,29,30,45,63,111,175,187,169,130,100,64,40,34,66,106,134,188,193,181,98,59,47,22,25,37,73,125,196,216,173,124,91,36,32,41,65,106,158,180,190,167,115,52,16,14,22,42,83,108,172,230,175,124,71,36,25,24,38,100,159,185,195,186,106,72,36,29,46,57,88,130,186,195,161,118,74,42,42,50,916
280,120,159,167,185,123,93,52,41,17,36,64,127,154,193,176,150,111,52,36,22,22,40,58,108,171,211,182,133,102,61,38,42,62,88,159,170,207,173,108,63,32,17,25,51,90,119,200,207,166,116,83,38,30,42,59,98,163,200,179,148,114,60,31,17,15,37,73,123,197,208,193,129,73,41,25,28,49,96,147,194,205,178,113,65,41,23,46,67,87,117,214,172,175,132,79,42,28,35,907
264,103,159,188,164,141,90,58,41,24,34,68,105,174,203,188,141,87,68,31,15,36,35,61,122,144,189,175,136,94,73,38,38,58,99,134,192,210,161,112,74,27,27,20,51,98,142,186,171,159,124,84,31,37,32,69,111,165,186,179,160,91,68,26,24,20,35,69,124,201,222,169,129,76,37,18,26,47,91,160,189,212,169,116,56,41,27,35,60,96,156,189,194,170,125,62,37,28,23,914
286,100,170,182,145,134,93,57,47,28,48,47,134,144,222,190,136,89,68,38,17,33,31,73,117,146,180,189,156,81,58,38,42,47,105,164,184,195,149,98,77,35,23,34,56,81,120,202,204,176,109,66,58,36,34,60,112,166,183,189,143,98,52,41,21,22,41,73,118,193,186,206,133,80,37,19,33,55,100,130,203,211,174,105,64,46,26,38,70,102,130,188,199,159,115,76,37,30,40,917
260,124,143,169,175,132,95,57,40,35,33,64,95,152,206,193,140,108,49,32,21,25,53,82,106,158,197,171,159,82,55,33,34,69,90,138,198,216,152,107,68,31,36,31,57,85,148,164,180,175,132,60,53,34,48,75,107,146,182,184,145,107,54,40,19,23,46,75,122,185,215,181,129,67,41,17,27,57,98,144,198,203,174,107,62,43,37,39,58,117,125,171,193,169,110,64,53,26,53,911
253,118,159,159,186,130,92,62,27,24,43,81,106,150,193,184,164,93,53,40,30,26,50,73,112,164,189,175,139,109,46,28,37,58,83,159,225,186,154,95,60,39,31,44,61,87,132,174,179,154,131,83,45,39,44,76,106,139,172,163,161,107,64,35,19,30,37,75,133,202,191,187,126,79,33,26,20,44,73,138,222,194,178,97,65,46,40,32,61,110,155,191,159,169,116,66,51,34,48,916
280,102,162,189,160,141,93,54,33,28,47,58,92,169,181,180,152,108,53,39,29,26,42,68,118,147,195,176,142,110,51,44,33,51,90,175,204,185,163,93,54,44,30,32,53,100,137,201,146,169,113,92,54,33,34,69,118,143,168,165,181,140,63,40,15,17,42,82,138,170,215,177,126,61,35,21,25,41,81,153,201,229,164,99,63,42,44,37,55,103,156,151,184,161,132,73,40,43,39,915
295,124,148,159,178,119,114,52,33,33,38,74,110,153,205,172,151,116,63,38,21,16,46,69,105,178,183,193,129,88,57,36,33,42,96,156,176,202,168,107,64,47,30,28,59,104,135,158,196,157,121,87,54,39,37,78,94,155,181,177,166,122,73,28,13,20,53,72,126,164,236,175,125,78,38,18,25,35,79,149,192,203,184,112,59,47,34,43,66,100,148,153,208,177,116,63,38,31,61,874
300,108,148,191,175,138,88,67,29,29,36,70,116,163,168,190,147,105,67,35,21,19,42,74,113,183,192,192,129,90,59,31,28,46,86,152,208,198,186,108,68,31,22,28,52,89,145,169,180,177,139,70,51,42,33,64,97,160,182,169,176,110,66,32,14,11,39,84,126,184,200,204,133,57,39,18,24,53,89,143,197,208,173,112,67,37,46,46,52,76,154,192,193,166,121,72,50,42,51,881
305,114,139,175,170,153,98,54,26,23,52,64,121,157,165,170,137,115,76,41,17,18,36,60,131,149,187,195,131,100,57,20,24,39,98,171,190,208,185,118,45,45,22,23,58,94,133,183,189,168,111,84,55,43,37,52,103,149,190,186,156,105,62,29,15,19,33,88,141,189,209,182,130,63,34,27,27,33,83,132,194,211,164,135,66,38,36,42,57,97,125,181,188,171,138,85,46,36,46,887
290,117,151,164,197,124,104,60,18,24,52,84,115,161,187,161,140,92,58,50,23,16,37,66,124,142,217,211,141,87,52,22,23,42,100,150,207,208,167,136,47,28,32,27,59,92,130,162,196,152,141,88,56,34,45,67,100,157,193,152,157,101,74,40,16,21,39,81,142,190,199,174,122,75,42,17,43,44,86,143,192,189,172,126,76,46,31,34,74,92,132,179,188,165,142,70,48,42,39,893
265,116,159,193,179,133,90,51,36,25,41,85,120,157,186,193,131,73,73,42,23,26,36,60,118,175,211,171,140,98,62,21,27,48,84,141,203,192,181,124,61,29,23,29,73,106,136,161,171,160,128,86,43,36,39,77,108,137,168,198,139,107,72,35,24,25,34,80,124,174,210,184,130,75,33,24,26,45,107,152,206,196,140,117,83,43,33,35,52,95,146,165,210,175,110,79,37,34,42,899
265,97,138,220,177,139,70,60,39,23,42,66,121,171,181,189,139,94,69,36,19,25,41,79,123,161,173,181,138,102,55,30,29,45,96,142,215,207,166,116,57,30,30,26,72,89,126,169,172,149,117,91,70,25,45,57,112,168,169,191,142,118,57,37,23,31,49,72,128,195,199,188,134,62,31,20,31,45,88,154,198,197,157,116,70,48,39,40,54,80,132,193,201,164,125,58,40,39,33,923
297,99,191,173,176,135,96,58,34,23,30,69,100,166,184,186,137,102,59,33,20,32,40,86,113,161,187,170,135,115,51,29,32,41,91,170,210,223,151,125,43,32,23,39,55,96,132,168,179,178,125,87,53,33,35,58,106,150,198,179,172,102,64,30,21,17,32,83,115,203,222,181,121,58,36,25,32,51,100,155,193,189,156,115,79,39,39,37,49,93,133,188,202,176,132,46,44,31,45,889
290,101,148,188,192,139,90,57,41,20,29,55,110,163,197,192,161,97,67,42,21,26,45,66,103,173,197,172,150,99,61,30,28,31,107,147,204,230,163,106,50,25,22,37,69,85,123,160,199,174,110,76,56,30,44,56,113,159,185,182,144,98,71,41,14,16,47,73,133,161,230,192,117,84,29,34,29,50,91,147,175,191,176,122,79,46,35,34,48,99,139,187,206,160,117,60,40,46,45,909
301,102,143,191,209,140,91,37,32,20,27,65,107,158,201,196,164,90,57,38,27,19,25,75,125,135,211,196,136,95,57,29,26,43,81,148,229,233,148,80,50,21,33,36,57,97,145,163,179,153,137,93,46,33,41,68,104,150,189,167,161,102,74,37,19,13,38,83,139,186,216,167,122,77,29,31,22,54,86,112,184,187,180,126,73,56,31,43,51,95,155,178,178,178,127,79,48,29,46,889
269,110,157,198,196,141,90,49,29,15,24,69,99,150,203,208,156,92,46,36,29,18,33,76,120,134,214,193,149,92,57,34,29,37,82,165,229,225,143,81,54,34,21,39,49,90,141,186,178,160,126,77,67,29,46,68,113,126,181,169,168,113,64,35,12,20,35,75,160,208,185,188,115,80,34,17,19,53,88,119,192,219,164,125,64,48,31,32,50,111,150,164,186,160,120,70,45,39,52,902
274,109,155,171,202,139,97,54,33,12,38,46,102,137,220,190,178,88,53,30,29,23,42,72,119,149,185,189,163,99,62,23,22,56,92,165,219,201,153,99,47,46,24,31,43,90,155,179,178,144,128,87,55,32,39,88,100,133,174,171,156,86,68,39,20,23,37,82,146,213,198,168,129,62,36,10,23,43,93,151,189,199,169,113,82,51,39,29,49,85,138,173,193,166,130,71,45,38,47,924
276,96,174,169,190,147,84,60,33,21,38,53,109,136,210,194,148,99,55,33,27,30,44,70,91,148,185,207,156,131,58,22,24,42,107,172,203,215,144,91,51,37,34,30,40,108,143,180,186,172,110,76,53,48,43,75,103,143,195,158,143,101,70,38,25,28,36,68,140,211,238,174,127,75,25,14,11,44,79,168,179,201,171,136,63,43,32,44,59,87,128,167,192,172,136,73,49,36,51,906
296,91,142,181,193,123,85,53,41,27,36,65,94,151,198,197,153,93,66,30,19,32,35,52,87,177,197,193,160,104,60,31,27,57,131,133,200,191,173,90,51,36,31,30,61,114,130,182,177,169,113,86,53,53,40,68,112,160,199,155,138,105,64,39,22,21,34,73,135,208,206,171,146,67,34,13,18,37,76,144,191,190,188,134,75,41,33,42,61,108,136,149,193,158,125,78,56,44,51,892
277,106,163,177,185,127,85,58,42,29,36,60,104,170,197,177,146,96,59,39,28,24,37,58,115,157,202,203,140,95,48,30,43,53,93,170,195,194,172,103,55,27,19,31,44,98,133,206,180,122,122,86,58,50,53,55,99,165,180,164,149,92,71,37,26,17,35,81,136,224,223,158,139,54,38,23,23,35,69,158,191,186,191,122,87,34,41,37,56,85,132,172,215,120,134,91,46,54,36,891
301,105,157,182,188,151,94,43,19,24,45,56,111,166,196,168,153,114,56,46,32,19,40,62,101,161,202,203,133,97,70,26,35,75,107,142,195,204,149,123,57,27,13,23,54,86,149,202,179,142,130,81,54,45,47,61,103,170,177,200,119,94,58,38,22,23,43,91,132,194,229,179,100,63,33,16,20,46,73,148,192,229,169,112,67,34,39,31,79,86,127,187,218,133,118,79,67,41,45,886
288,109,149,191,167,153,83,55,32,31,29,75,101,145,172,183,139,102,67,43,29,18,35,64,106,161,187,206,169,102,50,33,42,61,116,146,189,178,157,109,64,32,18,27,51,97,129,192,200,156,122,74,43,48,54,71,112,161,187,172,128,92,60,37,23,23,34,87,158,170,229,183,129,52,34,14,27,51,80,142,193,211,184,118,68,26,27,37,88,78,129,171,197,161,110,76,60,33,41,883
267,96,149,200,190,158,105,48,30,21,35,60,99,134,187,211,137,101,66,36,35,22,28,58,109,162,201,184,169,110,50,31,40,72,91,170,182,197,151,99,61,24,19,30,44,88,156,184,194,143,135,71,53,41,41,72,127,148,185,170,126,84,64,36,25,21,37,91,146,186,232,184,132,58,28,14,19,49,90,151,171,188,186,125,69,54,31,33,69,89,145,197,171,160,118,72,46,45,32,927
276,102,146,202,190,153,99,55,30,17,34,68,93,158,170,174,159,99,51,42,29,28,33,62,105,169,185,186,164,95,59,42,36,61,101,159,182,206,163,95,62,34,15,24,64,100,135,197,175,177,116,76,45,42,52,68,103,145,199,180,135,91,46,34,22,26,41,86,140,197,208,196,121,66,27,17,18,46,98,131,188,207,168,111,71,58,36,39,59,101,143,180,193,158,116,84,54,36,48,913
301,91,130,216,196,128,84,54,28,31,46,59,101,129,196,190,151,107,66,32,36,16,29,59,114,174,201,200,148,88,50,43,31,56,97,151,215,198,157,85,62,36,27,32,53,85,149,209,167,164,106,80,47,49,39,64,110,148,189,163,148,102,50,40,18,21,34,70,158,198,194,207,139,54,31,15,28,49,87,166,174,208,156,108,64,61,35,32,49,109,169,191,184,129,113,81,54,42,52,884
304,79,151,196,206,134,91,49,36,26,33,54,97,135,196,214,136,110,62,41,21,21,38,64,120,148,197,179,150,99,54,36,40,42,93,162,196,213,159,89,60,45,39,36,53,82,132,172,215,161,125,85,43,45,39,64,121,138,190,189,145,86,68,30,23,24,43,79,134,176,217,194,119,64,33,23,21,42,88,159,183,192,158,116,70,53,36,41,46,111,148,220,174,123,108,69,60,42,43,892
315,86,139,169,199,143,111,63,27,21,42,39,89,168,171,185,176,104,59,32,24,32,49,55,114,179,176,172,160,101,40,37,39,51,87,160,207,191,163,113,65,38,42,38,43,92,140,167,204,154,115,89,49,43,41,71,110,167,184,166,144,99,66,33,29,28,38,75,123,190,224,182,126,79,41,22,25,43,100,135,185,211,173,110,77,35,35,42,56,95,153,203,177,150,105,75,58,45,34,898
296,82,118,192,168,171,115,63,22,31,36,54,92,140,191,204,136,112,62,36,39,24,50,55,101,169,187,171,137,115,62,29,36,57,85,131,198,201,169,125,60,41,28,40,53,95,121,177,201,169,112,92,47,39,41,69,94,173,179,185,136,111,49,29,26,31,40,76,125,167,201,186,144,78,46,25,19,37,101,153,172,186,176,114,76,52,29,38,55,104,162,185,210,141,120,75,49,38,38,895
317,100,127,203,165,134,118,65,27,25,34,70,83,161,201,175,148,84,78,44,36,35,27,55,93,167,182,183,171,95,59,27,41,54,68,132,202,220,170,111,79,30,30,44,53,91,142,187,196,159,127,78,45,33,41,64,104,147,200,171,123,113,61,32,21,23,43,85,146,154,210,168,129,79,43,21,25,45,83,144,179,202,158,117,87,45,36,33,62,96,166,194,211,134,101,74,55,35,37,861
296,102,155,169,182,140,103,63,42,30,29,80,98,146,166,182,137,98,69,46,30,29,44,52,86,170,202,192,159,98,63,28,40,46,66,135,199,225,173,110,74,37,41,35,47,92,128,191,179,168,130,80,44,37,50,58,100,155,196,168,151,115,51,34,23,17,41,75,128,182,203,184,123,74,44,26,29,39,89,140,201,204,161,119,79,52,41,31,66,93,141,192,182,164,110,77,56,32,48,867
293,105,148,185,190,144,94,57,50,34,27,64,106,151,168,162,140,104,79,46,28,28,38,70,80,174,197,177,171,99,56,30,37,47,75,129,177,226,164,131,78,48,29,37,58,105,138,179,161,181,111,80,56,34,43,68,105,153,151,208,140,109,67,25,13,21,45,85,140,173,212,169,115,79,45,35,45,35,79,151,218,191,155,116,77,52,48,40,50,106,145,195,170,151,136,71,60,38,48,853
303,81,162,184,154,159,99,70,37,24,40,51,107,164,189,151,124,101,70,47,31,34,39,55,92,150,195,189,151,113,57,41,36,50,71,135,187,224,169,115,61,51,40,31,62,106,150,172,171,148,108,86,55,39,40,61,104,120,165,200,139,107,82,38,14,23,28,91,129,192,205,180,109,66,42,31,38,45,98,139,188,191,179,127,74,43,29,47,57,107,123,168,182,174,120,94,54,32,38,873
283,83,153,187,166,134,101,62,43,34,47,64,89,144,197,173,138,87,75,44,31,38,42,60,91,151,189,180,147,108,69,45,37,46,87,114,191,233,181,112,68,35,49,38,65,113,145,150,150,158,134,80,50,54,37,62,111,121,185,187,147,102,77,40,16,18,38,86,129,180,209,181,117,70,42,29,20,66,75,147,185,170,170,133,92,43,31,46,62,113,159,162,180,157,114,77,44,41,66,890
283,98,154,158,181,113,92,68,42,36,49,71,94,136,164,173,144,94,79,53,24,47,45,50,96,137,183,190,156,90,69,38,44,55,91,144,166,210,167,113,74,46,40,49,53,74,144,181,156,169,126,71,70,37,41,53,105,154,182,190,155,110,61,34,29,17,44,86,130,170,199,182,114,74,46,29,32,51,91,154,191,202,157,115,96,51,35,49,73,98,134,185,185,145,107,84,42,32,48,930
290,112,123,183,164,145,81,59,44,47,56,69,89,145,141,172,157,105,61,55,34,42,47,60,96,132,210,204,129,104,56,40,53,48,86,133,189,205,141,117,73,51,44,50,51,84,121,153,190,151,134,72,70,48,47,62,96,160,161,159,139,114,69,43,22,32,50,78,124,164,199,165,133,66,49,34,33,42,89,163,194,191,172,117,73,44,38,61,60,109,135,160,192,157,117,69,42,53,60,909
304,82,163,170,188,121,82,50,43,44,56,79,101,137,129,175,161,119,55,55,42,36,45,71,100,161,179,180,136,101,67,55,41,60,93,125,172,213,144,114,71,50,43,48,60,92,103,170,182,170,105,79,79,56,39,56,108,168,167,166,139,101,86,42,28,30,40,65,122,186,224,170,106,68,40,25,38,49,101,135,192,186,164,134,73,60,41,52,82,113,131,166,171,153,107,90,51,37,50,889
309,100,159,166,167,110,95,53,38,49,58,65,103,141,151,165,144,100,66,46,40,48,38,69,100,149,183,173,147,89,71,50,55,65,75,128,185,172,178,123,73,45,46,59,65,83,137,155,166,157,119,96,65,40,49,54,116,158,150,156,157,97,75,52,36,23,42,81,109,194,221,173,109,69,34,28,40,56,80,141,198,153,170,128,71,63,63,41,80,115,141,152,162,164,120,74,58,45,54,891
333,94,139,161,175,130,97,53,44,41,48,66,100,151,154,155,129,108,53,75,41,49,57,71,107,141,178,153,140,104,67,52,50,57,79,118,192,165,172,113,72,65,53,49,78,85,121,149,152,149,108,91,64,61,61,72,92,143,162,162,125,101,78,53,43,39,46,92,123,166,184,169,125,69,41,46,37,51,82,131,178,179,168,133,92,66,58,63,74,103,133,153,166,154,113,78,63,61,54,846
326,92,133,159,144,150,78,63,58,35,40,78,113,140,142,147,142,85,74,59,43,46,52,70,108,135,164,150,116,95,84,46,63,70,57,114,184,182,147,109,75,59,57,51,67,99,122,127,150,145,116,78,60,77,48,73,108,134,147,152,111,96,84,64,49,40,39,85,116,145,177,148,141,71,49,39,40,47,98,133,147,150,162,146,79,57,53,63,82,95,137,162,130,129,128,95,67,60,58,794
340,84,115,134,135,109,83,50,39,46,50,55,85,96,136,136,109,107,77,50,38,38,56,71,81,108,140,132,133,94,68,61,50,56,69,105,149,151,147,86,79,61,45,46,55,87,116,121,145,111,100,72,58,65,70,74,88,116,138,129,102,91,56,67,45,49,48,60,106,120,153,154,119,82,56,30,37,60,79,115,130,140,139,115,78,59,64,64,84,75,133,122,129,127,99,85,56,43,59,725
255,75,115,78,96,91,53,56,35,36,34,40,65,76,100,85,103,74,50,35,27,30,49,62,71,79,98,104,100,84,61,45,34,36,82,89,86,93,108,89,60,39,37,46,30,49,91,90,107,94,69,74,41,51,43,46,70,82,111,104,86,57,48,31,41,36,29,52,81,102,121,104,87,59,52,46,35,35,62,90,89,97,105,89,57,45,41,54,65,67,108,87,113,85,76,66,47,41,38,527
147,42,52,43,52,40,34,26,23,11,19,31,35,53,48,54,51,43,22,22,18,15,26,28,38,61,63,47,54,47,42,22,22,19,31,48,40,55,48,51,30,18,19,24,26,21,32,48,66,47,42,32,33,20,29,31,44,43,65,46,46,35,28,28,18,19,14,35,54,66,66,54,43,40,30,25,21,23,49,54,57,54,58,48,35,32,27,30,29,32,48,56,59,53,45,29,31,28,29,294
63,13,16,13,24,18,13,12,8,2,1,8,11,12,20,15,16,16,9,9,6,9,11,9,16,11,26,15,17,20,6,14,7,4,16,10,11,20,22,21,11,5,8,9,6,6,16,18,21,19,13,12,8,11,12,14,22,22,14,21,19,6,11,8,4,4,9,13,23,24,21,14,10,12,7,6,11,11,15,13,20,21,11,13,23,19,6,14,7,18,12,20,19,19,17,10,4,13,11,106
19,0,1,2,0,3,2,3,0,0,3,2,2,2,4,4,2,2,0,1,2,2,0,2,3,1,6,2,0,1,3,0,1,2,1,1,0,3,3,4,1,1,1,5,1,4,5,5,1,4,5,4,0,0,6,4,2,10,3,2,2,1,1,2,2,2,3,5,2,5,6,2,1,1,1,1,2,1,2,4,9,2,5,4,5,8,5,0,1,0,0,8,4,1,3,1,1,2,2,18
2,0,0,0,0,0,0,1,0,0,0,0,0,0,0,1,1,0,0,0,1,0,0,1,1,0,0,0,0,0,1,0,0,0,0,0,0,0,0,0,0,0,0,1,0,1,0,1,0,0,1,0,0,0,0,0,1,0,0,0,0,0,0,0,0,0,0,0,0,0,0,0,0,0,0,0,0,0,0,0,1,0,0,0,0,0,2,0,0,0,0,0,1,0,0,0,0,0,0,6
0,0,0,0,0,0,0,0,0,0,0,0,0,0,0,0,0,0,0,0,0,0,0,0,0,0,0,0,0,0,0,0,0,0,0,0,0,0,0,0,0,0,0,0,0,0,0,0,0,0,0,0,0,0,0,0,0,0,0,0,0,0,0,0,0,0,0,0,0,0,0,0,0,0,0,0,0,0,0,0,0,0,0,0,0,0,0,0,1,0,0,0,0,0,0,0,0,0,0,0
0,0,0,0,0,0,0,0,0,0,0,0,0,0,0,0,0,0,0,0,0,0,0,0,0,0,0,0,0,0,0,0,0,0,0,0,0,0,0,0,0,0,0,0,0,0,0,0,0,0,0,0,0,0,0,0,0,0,0,0,0,0,0,0,0,0,0,0,0,0,0,0,0,0,0,0,0,0,0,0,0,0,0,0,0,0,0,0,0,0,0,0,0,0,0,0,0,0,0,0
0,0,0,0,0,0,0,0,0,0,0,0,0,0,0,0,0,0,0,0,0,0,0,0,0,0,0,0,0,0,0,0,0,0,0,0,0,0,0,0,0,0,0,0,0,0,0,0,0,0,0,0,0,0,0,0,0,0,0,0,0,0,0,0,0,0,0,0,0,0,0,0,0,0,0,0,0,0,0,0,0,0,0,0,0,0,0,0,0,0,0,0,0,0,0,0,0,0,0,0
0,0,0,0,0,0,0,0,0,0,0,0,0,0,0,0,0,0,0,0,0,0,0,0,0,0,0,0,0,0,0,0,0,0,0,0,0,0,0,0,0,0,0,0,0,0,0,0,0,0,0,0,0,0,0,0,0,0,0,0,0,0,0,0,0,0,0,0,0,0,0,0,0,0,0,0,0,0,0,0,0,0,0,0,0,0,0,0,0,0,0,0,0,0,0,0,0,0,0,0
0,0,0,0,0,0,0,0,0,0,0,0,0,0,0,0,0,0,0,0,0,0,0,0,0,0,0,0,0,0,0,0,0,0,0,0,0,0,0,0,0,0,0,0,0,0,0,0,0,0,0,0,0,0,0,0,0,0,0,0,0,0,0,0,0,0,0,0,0,0,0,0,0,0,0,0,0,0,0,0,0,0,0,0,0,0,0,0,0,0,0,0,0,0,0,0,0,0,0,0
0,0,0,0,0,0,0,0,0,0,0,0,0,0,0,0,0,0,0,0,0,0,0,0,0,0,0,0,0,0,0,0,0,0,0,0,0,0,0,0,0,0,0,0,0,0,0,0,0,0,0,0,0,0,0,0,0,0,0,0,0,0,0,0,0,0,0,0,0,0,0,0,0,0,0,0,0,0,0,0,0,0,0,0,0,0,0,0,0,0,0,0,0,0,0,0,0,0,0,0
