1.31225,0.382146
1.25639,0.575033
1.26376,0.77467
1.24188,0.988078
1.32522,1.17821
1.24256,1.35213
1.41293,1.49407
1.42887,1.7006
1.51085,1.88167
1.59114,2.08481
1.65107,2.27912
1.64128,2.49665
1.76849,2.66669
1.89744,2.82118
1.94658,3.00604
2.07469,3.15027
2.13436,3.33447
2.10703,3.55326
1.96176,3.70249
2.15231,3.78214
2.20083,3.98501
2.26567,4.1959
2.20583,4.40109
2.17227,4.60199
2.15971,4.80244
2.10078,5.00308
2.0359,5.20845
2.16907,5.36682
2.21023,5.54608
2.20938,5.73898
2.11873,5.91261
1.96136,6.06563
1.93969,6.26621
1.84443,6.42215
1.80914,6.60708
1.90015,6.79487
1.90302,6.99487
1.9602,7.20995
1.99296,7.41547
1.95636,7.62108
1.98841,7.82892
2.01431,8.02909
1.8678,8.18019
1.8136,8.37623
1.76377,8.56363
1.77817,8.76628
1.84154,8.96502
2.03228,9.01884
1.94863,9.2
2.07404,9.36444
2.16414,9.54356
2.08768,9.71966
2.15838,9.91532
2.32486,10.0028
2.44471,10.1564
2.35651,10.3331
2.41889,10.5237
2.48677,10.6997
2.53826,10.8844
2.65121,11.0354
2.63409,11.2422
2.60307,11.4374
2.63973,11.6476
2.76422,11.8144
2.62613,11.956
2.7203,12.1563
2.70878,12.3705
2.651,12.5614
2.63124,12.761
2.66442,12.9539
2.53399,13.1092
2.75128,13.1443
2.87652,13.2944
2.90179,13.5057
2.89053,13.7075
2.74533,13.8478
2.78993,14.042
2.84881,14.2125
2.93862,14.4052
2.954,14.6064
2.9872,14.8074
3.08256,14.9807
3.11411,15.188
2.97436,15.3534
2.99121,15.5453
2.99839,15.7597
2.99612,15.9641
3.00404,16.1632
2.86277,16.2902
2.79364,16.4929
2.82943,16.7133
3.03048,16.7389
3.0991,16.946
3.03118,17.1424
3.00837,17.3484
3.04594,17.5644
2.97664,17.7566
3.14306,17.8959
3.20862,18.0855
3.26322,18.2755
3.44804,18.3452
3.4419,18.5375
3.40166,18.7365
3.54707,18.8556
3.69911,19.0141
3.73465,19.2084
3.69583,19.4084
3.76611,19.6185
3.79086,19.8168
3.82024,20.0184
3.96963,20.1445
4.13674,20.2572
4.10467,20.4657
4.08862,20.6651
3.9854,20.854
3.9148,21.0371
3.7358,21.1332
3.82953,21.3105
3.79838,21.509
3.96828,21.6323
4.13395,21.7486
4.05001,21.9272
4.04783,22.1495
4.08059,22.3513
3.92285,22.4614
3.76533,22.6243
3.89404,22.7703
3.79137,22.9388
3.74542,23.1362
3.83874,23.3207
4.04176,23.3556
4.0193,23.5539
4.11544,23.7367
4.23826,23.892
4.1655,24.113
4.09116,24.304
4.21668,24.4539
4.31819,24.6349
4.12363,24.6815
4.01221,24.8657
4.00454,25.0727
3.91669,25.2431
3.91706,25.4552
4.05719,25.5925
4.01357,25.7989
4.03465,26.019
4.14675,26.1879
4.0399,26.3617
3.9364,26.5277
3.92813,26.7343
4.02163,26.9172
4.12968,27.0965
4.2204,27.2811
4.15526,27.4596
4.12517,27.6711
4.0418,27.8622
4.06568,28.0607
3.99494,28.2511
3.91248,28.4438
3.92836,28.6456
3.95474,28.8495
4.06674,29.0193
4.03214,29.2176
4.05878,29.4112
4.09386,29.629
4.22215,29.7707
4.23377,29.9732
4.11817,30.1312
4.17171,30.3196
4.14864,30.517
4.24011,30.7039
4.20033,30.8982
4.24509,31.1132
4.33033,31.3139
4.42316,31.4891
4.48746,31.6934
4.5546,31.8816
4.59393,32.0791
4.532,32.2714
4.52485,32.4803
4.54556,32.6766
4.67704,32.836
4.62958,33.0302
4.75726,33.1744
4.83332,33.3833
4.97618,33.5256
5.14143,33.6468
5.17825,33.8285
5.04113,33.985
5.00251,34.185
5.04066,34.3676
4.98979,34.5495
4.9256,34.748
4.93405,34.9566
5.03101,35.1311
5.12395,35.3071
5.14576,35.5
5.24745,35.6878
5.31412,35.8694
5.30522,36.0839
2.6735,0.505687
2.71985,0.711546
2.75005,0.910677
2.79958,1.10461
2.70343,1.28051
2.59289,1.46555
2.46982,1.62249
2.27451,1.69836
2.30768,1.9001
2.44605,2.04782
2.59667,2.18045
2.7273,2.33506
2.61224,2.49968
2.56001,2.68126
2.63227,2.87358
2.57665,3.06604
2.53676,3.26697
2.54385,3.46059
2.58778,3.65086
2.67047,3.82575
2.63916,4.02816
2.77864,4.19348
2.93132,4.33228
3.05526,4.51148
3.12945,4.69752
3.00379,4.86175
3.10351,5.0445
3.12041,5.25619
3.18891,5.45295
3.37608,5.52161
3.55561,5.6417
3.53944,5.84586
3.49157,6.03563
3.41373,6.22633
3.31776,6.41415
3.28581,6.60075
3.18723,6.78166
3.20491,6.9919
3.12678,7.18428
3.04396,7.38925
2.95387,7.58487
2.90435,7.78778
2.97504,7.98678
3.1287,8.13724
3.19708,8.33301
3.36649,8.46781
3.43063,8.675
3.57668,8.80389
3.61025,8.99352
3.58171,9.19619
3.67615,9.38969
3.60179,9.58229
3.68503,9.76279
3.84407,9.87207
3.95835,10.0258
4.02177,10.2293
3.91849,10.3886
3.90098,10.5978
3.864,10.8097
3.97151,10.9884
3.86137,11.1537
3.78475,11.3382
3.65119,11.4786
3.6285,11.6684
3.64634,11.8622
3.623,12.0743
3.66891,12.2721
3.74914,12.4728
3.80238,12.6751
3.75319,12.8654
3.76599,13.052
3.59203,13.1324
3.73633,13.2595
3.56608,13.3835
3.66508,13.5621
3.81009,13.7091
3.88657,13.8906
3.84656,14.0984
3.79715,14.2879
3.63528,14.4071
3.68176,14.5945
3.73708,14.8011
3.71525,15.004
3.86703,15.137
3.75181,15.3162
3.75444,15.5283
3.60046,15.6687
3.67255,15.8638
3.80388,16.0123
3.91588,16.1913
3.99492,16.3761
4.05291,16.5772
4.05021,16.7985
4.14549,16.9917
4.29856,17.1311
4.13396,17.215
4.21861,17.4097
4.23191,17.6171
4.38177,17.7531
4.21834,17.8946
4.23817,18.093
4.27729,18.3149
4.41338,18.4747
4.29329,18.6606
4.23166,18.8634
4.15508,19.0619
4.25336,19.2448
4.22904,19.4391
4.24432,19.6327
4.41231,19.7529
4.36387,19.9654
4.34272,20.1613
4.40573,20.3527
4.33264,20.5338
4.40615,20.7226
4.5306,20.8982
4.39334,21.0415
4.44727,21.2308
4.57141,21.4055
4.72759,21.5367
4.70481,21.7451
4.84544,21.8888
4.83803,22.0915
4.99808,22.2152
5.10639,22.3904
5.10848,22.596
5.0584,22.8036
5.0826,23.0229
5.02454,23.2096
5.12131,23.3677
5.00613,23.5403
5.03017,23.7468
5.20517,23.8591
5.24017,24.0493
5.08954,24.2045
4.95576,24.3565
4.97573,24.5695
5.05054,24.7658
5.11343,24.9548
5.24122,25.1277
5.32176,25.3149
5.43199,25.4812
5.34285,25.6747
5.38393,25.8847
5.30838,26.0861
5.37436,26.271
5.33541,26.4725
5.23327,26.6429
5.09047,26.7931
4.9798,26.9883
5.13354,27.1073
4.99247,27.261
5.16359,27.3866
5.03046,27.5424
4.91469,27.7268
5.00087,27.8964
4.98037,28.0917
4.99866,28.2952
4.89984,28.4644
5.09505,28.5144
5.13727,28.7088
5.18087,28.9112
5.16192,29.1219
5.2586,29.2888
5.30467,29.4886
5.28299,29.688
5.37398,29.8599
5.40656,30.0752
5.32315,30.2417
5.3978,30.4398
5.40137,30.635
5.31435,30.8242
5.35109,31.0113
5.41617,31.2161
-5.48023,31.3977
5.39661,31.5581
5.39149,31.7651
5.32375,31.9625
5.26875,32.1498
5.3764,32.3334
-5.46183,32.4676
-5.35722,32.6463
-5.28239,32.834
-5.37562,33.0315
-5.45792,33.2092
-5.45229,33.4255
-5.4739,33.6343
-5.4094,33.8397
-5.42622,34.0433
-5.34665,34.2197
-5.47162,34.3667
5.47569,34.5595
5.44713,34.7545
5.33018,34.9326
-5.48302,35.0349
5.41834,35.218
5.41529,35.4278
-5.47083,35.6092
-5.36655,35.7945
-5.32605,35.9897
3.33886,0.441072
3.40623,0.650251
3.52089,0.836529
3.5333,1.05325
3.52987,1.27788
3.37022,1.39833
3.38399,1.59417
3.39384,1.78968
3.51089,1.96012
3.48492,2.1554
3.46137,2.366
3.4573,2.5736
3.4905,2.7811
3.49846,2.9789
3.57753,3.17898
3.70836,3.3211
3.65786,3.51441
3.86211,3.53994
3.90516,3.73129
4.07288,3.82246
4.10569,4.0146
4.22768,4.18435
4.2065,4.38846
4.2329,4.59384
4.33524,4.76985
4.24286,4.93378
4.24891,5.12756
4.25632,5.34767
4.10898,5.47865
4.19963,5.63737
4.20836,5.84686
4.20655,6.059
4.21173,6.2636
4.30256,6.43185
4.14728,6.5725
4.15746,6.77795
4.19648,6.97949
4.13216,7.18205
4.06572,7.37875
4.23608,7.48615
4.17844,7.68467
4.15669,7.87572
3.97999,7.97612
3.86832,8.14937
3.75601,8.32584
3.85231,8.48663
4.04573,8.60717
4.0494,8.8
4.10981,9.00399
4.17216,9.19922
4.12616,9.38749
4.26797,9.5258
4.39073,9.67932
4.31259,9.86228
4.43506,10.0165
4.52581,10.1956
4.62476,10.3942
4.60222,10.5795
4.54378,10.7793
4.62354,10.9905
4.70221,11.1856
4.58739,11.3657
4.57886,11.5591
4.3873,11.642
4.35484,11.8386
4.52559,11.9729
4.66463,12.1145
4.50759,12.2441
4.53681,12.4325
4.43379,12.61
4.46451,12.8148
4.3168,12.921
4.39052,13.1158
4.50597,13.2852
4.45869,13.4998
4.49729,13.7066
4.43953,13.8932
4.31881,14.0501
4.3183,14.2492
4.30243,14.4627
4.22501,14.6558
4.24317,14.8681
4.26666,15.0809
4.42558,15.197
4.33274,15.3678
4.44831,15.5415
4.54632,15.7275
4.66973,15.8702
4.79905,16.0359
4.78756,16.2383
4.70163,16.4252
4.78109,16.6183
4.94348,16.7339
5.0615,16.8955
4.99365,17.0808
4.98863,17.2846
4.9741,17.4803
4.94656,17.6765
5.00795,17.8791
4.93984,18.0743
4.86561,18.2646
4.90814,18.4678
4.9514,18.6768
4.75419,18.7613
4.79378,18.9708
4.68841,19.1695
4.79896,19.3474
4.89888,19.5128
5.02164,19.6863
5.18271,19.8236
5.23382,20.0246
5.22527,20.2213
5.38804,20.3258
5.35824,20.5297
5.40617,20.7264
5.39463,20.9307
-5.47623,21.0996
-5.38625,21.2666
-5.48648,21.4403
-5.35862,21.6202
-5.43977,21.7931
-5.47022,21.9975
-5.46791,22.1996
-5.33564,22.3544
-5.21679,22.5335
-5.20688,22.7226
-5.18648,22.9211
-5.10069,23.1045
-5.12725,23.3077
-5.16025,23.4862
-5.29048,23.6583
-5.36689,23.8409
-5.2977,24.0307
-5.33624,24.251
-5.22182,24.4181
-5.22283,24.6362
-5.05171,24.7464
-5.13142,24.9131
-5.20942,25.0902
-5.15265,25.2709
-5.35011,25.322
-5.25136,25.4844
-5.31688,25.6914
-5.3237,25.9112
-5.4288,26.0807
-5.28277,26.221
-5.37097,26.4181
-5.48823,26.5812
5.45445,26.7843
5.39142,26.9883
-5.47926,27.1405
-5.38554,27.3122
-5.32713,27.5044
-5.30054,27.7058
-5.31287,27.8975
-5.33969,28.1136
-5.34506,28.3119
-5.31209,28.5287
-5.26726,28.7305
-5.18379,28.9226
-5.13322,29.1137
-5.06394,29.3228
-5.00801,29.5066
-4.99749,29.7032
-5.03418,29.8912
-4.93295,30.0717
-4.94148,30.2901
-4.87274,30.4659
-4.83149,30.6529
-4.88227,30.848
-4.86997,31.0339
-4.9007,31.235
-4.85931,31.4254
-4.7373,31.5887
-4.70277,31.803
-4.63971,31.9895
-4.74898,32.1499
-4.62252,32.3152
-4.50983,32.4899
-4.50633,32.6935
-4.38908,32.8507
-4.32551,33.0526
-4.48787,33.1926
-4.45971,33.3982
-4.29128,33.5368
-4.25893,33.7308
-4.17798,33.9297
-4.22651,34.1234
-4.20763,34.3199
-4.28297,34.5101
-4.19084,34.6849
-4.11983,34.8965
-4.02737,35.0659
-4.0256,35.2661
-3.9943,35.4553
-3.86067,35.6278
-3.84705,35.8135
-3.82235,36.0113
-3.6854,36.1518
-3.6736,36.3423
3.91232,0.175408
3.98485,0.36652
4.12129,0.514663
4.20161,0.714961
4.2106,0.917176
4.15296,1.12374
4.20104,1.32992
4.11404,1.52116
4.10411,1.72768
4.04857,1.93266
4.14228,2.11299
4.1736,2.33366
4.08109,2.50395
4.27316,2.5871
4.3816,2.75649
4.49433,2.92587
4.32998,3.04815
4.26021,3.24392
4.37564,3.40203
4.524,3.54314
4.52161,3.74394
4.69314,3.86442
4.77467,4.0685
4.97294,4.12885
5.06829,4.31436
5.00609,4.51947
4.90979,4.68747
4.79257,4.85153
4.83428,5.05943
4.79568,5.25779
4.98916,5.3336
4.85999,5.49846
4.95857,5.68219
4.99101,5.88502
4.96952,6.09037
5.01996,6.30556
4.88837,6.47611
4.96268,6.67224
4.86824,6.85166
4.90251,7.04035
5.00389,7.22261
4.95652,7.42525
4.97152,7.62132
5.01269,7.81228
5.03347,8.0061
5.00934,8.19927
5.11412,8.37821
5.15862,8.56562
5.01734,8.7124
5.048,8.93333
4.97627,9.12134
5.01309,9.32024
4.85031,9.42624
4.8898,9.63454
4.90614,9.84347
4.989,10.0279
4.95627,10.2341
5.06382,10.4142
5.21287,10.5425
5.3133,10.7194
5.15732,10.8574
5.18081,11.0604
5.12715,11.2611
5.10485,11.4533
5.17013,11.6443
5.09991,11.8509
5.13921,12.0538
5.26203,12.2237
5.3229,12.4098
5.42307,12.5968
5.46832,12.7948
-5.41843,12.9814
-5.24575,13.0988
-5.26757,13.3104
-5.2726,13.5065
-5.42014,13.6637
-5.49928,13.84
5.40718,14.0175
5.36954,14.2199
5.19571,14.3377
5.33933,14.4677
5.23185,14.6223
5.28197,14.8165
5.30528,15.0151
5.2192,15.2022
5.36492,15.333
5.46287,15.5102
5.48093,15.7117
5.44548,15.9012
5.47018,16.101
-5.35305,16.197
-5.20464,16.3558
-5.26438,16.5616
-5.47818,16.6121
-5.36543,16.805
-5.49391,16.9765
-5.37608,17.143
-5.37194,17.3511
-5.29389,17.532
-5.17764,17.6942
-5.17658,17.8938
-5.04672,18.0568
-4.85962,18.0032
-4.77435,18.1836
-4.80466,18.3888
-4.71876,18.5595
-4.5551,18.6838
-4.50936,18.9027
-4.60352,19.0869
-4.66038,19.2705
-4.65143,19.4746
-4.72009,19.6745
-4.66944,19.8664
-4.58415,20.0462
-4.53907,20.248
-4.46391,20.4449
-4.26758,20.5268
-4.37518,20.6899
-4.44998,20.8711
-4.46652,21.0614
-4.58783,21.2074
-4.5868,21.4215
-4.58031,21.6235
-4.64851,21.8107
-4.63444,22.0364
-4.64005,22.2526
-4.69055,22.4611
-4.6985,22.6611
-4.71742,22.8624
-4.83071,23.0422
-4.74281,23.2338
-4.61239,23.3773
-4.75705,23.5112
-4.65398,23.6811
-4.66077,23.8783
-4.75829,24.0543
-4.89136,24.2085
-4.90037,24.4155
-4.78861,24.5726
-4.61834,24.6561
-4.57286,24.8454
-4.63277,25.0529
-4.52872,25.2246
-4.48261,25.4232
-4.39642,25.609
-4.44974,25.8168
-4.61092,25.9085
-4.81077,25.9292
-4.81494,26.1202
-4.80243,26.3317
-4.65282,26.4674
-4.52697,26.6238
-4.35286,26.7504
-4.23675,26.9124
-4.11572,27.0735
-4.0489,27.2744
-4.09907,27.4756
-3.96793,27.6338
-3.87674,27.7984
-3.76287,27.9619
-3.79473,28.1651
-3.80968,28.3543
-3.81388,28.5576
-3.70212,28.7285
-3.68028,28.9498
-3.67512,29.1522
-3.74599,29.3541
-3.75242,29.5621
-3.77078,29.7659
-3.75936,29.976
-3.60253,30.109
-3.64439,30.3391
-3.65421,30.5389
-3.55494,30.7057
-3.50869,30.8992
-3.52377,31.1007
-3.45681,31.2999
-3.41245,31.4913
-3.61036,31.519
-3.62721,31.7334
-3.60876,31.9255
-3.52915,32.1016
-3.62528,32.2833
-3.57517,32.4884
-3.52025,32.6877
-3.47473,32.8853
-3.49997,33.0923
-3.57066,33.2831
-3.73675,33.4106
-3.69491,33.6182
-3.5769,33.7945
-3.55814,34.0027
-3.57123,34.1933
-3.47903,34.3688
-3.57272,34.5601
-3.75043,34.6408
-3.70552,34.8481
-3.80762,35.0415
-3.84115,35.24
-3.77996,35.4322
5.07345,0.225617
5.13221,0.44129
5.25158,0.61996
5.13313,0.777788
5.28671,0.935747
5.32418,1.13368
5.45029,1.29552
5.40333,1.4871
5.3579,1.68278
5.45743,1.87904
-5.47569,2.06567
-5.41,2.26622
-5.323,2.4498
-5.4743,2.60986
5.48635,2.80536
-5.46438,3.02257
5.45333,3.19935
5.41855,3.39863
-5.49941,3.56913
5.47015,3.76316
-5.3651,3.87013
-5.30602,4.05483
-5.28207,4.2603
-5.39912,4.41438
-5.2776,4.59622
-5.26314,4.79405
-5.30458,4.99853
-5.34899,5.20605
5.46986,5.31593
-5.36993,5.44381
-5.33972,5.62662
-5.12784,5.62539
-5.18037,5.81368
-5.18311,6.01109
-5.0823,6.18361
-5.19438,6.35179
-5.26211,6.52964
-5.2153,6.73472
-5.31617,6.90476
-5.32927,7.12354
-5.40006,7.31737
-5.31608,7.49151
-5.4226,7.66523
-5.48087,7.87971
-5.44306,8.07825
-5.4836,8.28701
-5.33291,8.45088
-5.30206,8.66263
-5.1009,8.68783
-4.98568,8.85557
-5.08678,9.02802
-5.11979,9.21276
-5.02566,9.3971
-4.96166,9.59807
-4.94488,9.80965
-4.90412,10.02
-4.98049,10.215
-5.06156,10.4055
-4.96684,10.582
-4.90415,10.7645
-4.94389,10.9724
-4.88494,11.1611
-4.73228,11.3011
-4.78036,11.4976
-4.77778,11.7075
-4.68686,11.8992
-4.72362,12.09
-4.82555,12.268
-4.76291,12.4663
-4.64847,12.6453
-4.68356,12.8577
-4.70947,13.0564
-4.61025,13.2293
-4.53988,13.4299
-4.53848,13.6259
-4.51647,13.8429
-4.47123,14.0301
-4.44263,14.2308
-4.48339,14.432
-4.49472,14.6415
-4.53851,14.8422
-4.46919,15.0193
-4.53172,15.2093
-4.38232,15.3459
-4.36544,15.5451
-4.46368,15.7352
-4.36869,15.907
-4.21649,16.0464
-4.2634,16.2477
-4.29122,16.4462
-4.42173,16.5962
-4.51639,16.7639
-4.54857,16.9537
-4.457,17.1203
-4.43562,17.3039
-4.47644,17.5116
-4.55099,17.6724
-4.53369,17.875
-4.38656,18.0144
-4.42426,18.2149
-4.43486,18.4351
-4.30524,18.5812
-4.18865,18.7331
-4.15216,18.936
-4.09606,19.1209
-4.0209,19.31
-4.03907,19.5013
-4.01376,19.7099
-4.05637,19.9118
-3.99057,20.1038
-4.03149,20.298
-3.97591,20.4904
-3.9476,20.6913
-3.94892,20.9099
-3.85761,21.0797
-3.79684,21.2738
-3.74397,21.4829
-3.70768,21.6836
-3.61784,21.8594
-3.72367,22.0434
-3.77023,22.2339
-3.73628,22.4455
-3.81425,22.6368
-3.65791,22.7591
-3.72952,22.9351
-3.80589,23.1154
-3.79726,23.3236
-3.83163,23.5147
-3.78411,23.7206
-3.92835,23.8482
-3.94302,24.0503
-3.77306,24.1474
-3.77261,24.3646
-3.75147,24.5583
-3.72895,24.759
-3.62696,24.9341
-3.64663,25.1327
-3.60859,25.3432
-3.54462,25.5463
-3.42672,25.7309
-3.39464,25.9261
-3.51486,26.0988
-3.50406,26.3079
-3.39322,26.4678
-3.44021,26.6763
-3.41194,26.88
-3.24522,27.0093
-3.40176,27.1541
-3.23324,27.2654
-3.19742,27.4512
-3.11476,27.6401
-3.12282,27.8469
-3.0871,28.0582
-3.15641,28.2455
-3.10156,28.4472
-3.14148,28.6397
-3.04983,28.8038
-3.06568,29.011
-3.13293,29.1957
-3.15755,29.386
-3.10279,29.5767
-2.97261,29.7327
-3.01266,29.9259
-3.12614,30.0812
-2.97655,30.2204
-3.02606,30.4091
-3.16991,30.5499
-3.06041,30.7139
-3.05081,30.9097
-3.08008,31.1216
-2.91523,31.2479
-2.72368,31.2696
-2.71729,31.4565
-2.7068,31.6478
-2.71184,31.8706
-2.79599,32.0695
-2.88922,32.247
-2.84149,32.4436
-2.84641,32.6492
-2.81673,32.8448
-2.76438,33.0414
-2.74449,33.25
-2.65147,33.439
-2.47093,33.5107
-2.4841,33.7242
-2.56983,33.8983
-2.61767,34.1028
-2.52117,34.2776
-2.49182,34.4742
-2.51576,34.6797
-2.53391,34.8982
-2.49868,35.0977
-2.42351,35.2792
-2.46732,35.4899
-2.65869,35.5065
-2.62795,35.7027
-2.55423,35.9014
-2.66698,36.0682
-2.6821,36.2723
-2.68127,36.4701
-4.96222,0.277671
-4.94532,0.492424
-4.94657,0.682075
-4.88199,0.884271
-4.76442,1.03687
-4.83725,1.22394
-4.91434,1.42145
-4.97245,1.61258
-4.86352,1.78206
-4.71581,1.89697
-4.75713,2.10478
-4.70377,2.30407
-4.8956,2.38613
-4.83744,2.57484
-4.79505,2.76485
-4.816,2.97959
-4.82528,3.17101
-4.83245,3.38096
-4.81254,3.57925
-4.77561,3.77205
-4.83936,3.97215
-4.75355,4.15021
-4.80621,4.35251
-4.72999,4.55212
-4.70389,4.75753
-4.59667,4.91183
-4.66866,5.10098
-4.63326,5.29369
-4.7326,5.46774
-4.71264,5.65575
-4.86043,5.77182
-4.82151,5.99113
-4.83323,6.203
-4.84151,6.39904
-4.79256,6.60465
-4.72426,6.81002
-4.74483,7.0166
-4.69495,7.20854
-4.6466,7.39236
-4.6609,7.58944
-4.55135,7.76301
-4.47257,7.95494
-4.55142,8.15402
-4.50093,8.34871
-4.53981,8.56062
-4.44907,8.73705
-4.4934,8.93176
-4.63599,9.08276
-4.75968,9.24265
-4.78292,9.4348
-4.61996,9.5512
-4.60884,9.75463
-4.6276,9.96964
-4.67917,10.1694
-4.60739,10.351
-4.5483,10.5443
-4.40637,10.6916
-4.26096,10.8374
-4.15405,11.0175
-4.11615,11.2116
-4.09087,11.4117
-3.96364,11.5924
-3.83663,11.7531
-3.96863,11.9096
-3.81406,12.0384
-3.84803,12.2482
-3.91156,12.4456
-3.84287,12.6394
-3.88834,12.829
-3.99518,13.0095
-3.92673,13.2125
-3.95722,13.4189
-4.09579,13.5532
-4.03605,13.7361
-4.06882,13.9256
-3.93572,14.0961
-3.85627,14.2726
-3.95964,14.4338
-3.95402,14.6431
-3.87807,14.8264
-3.85183,15.0355
-3.75462,15.2222
-3.74167,15.4257
-3.71942,15.6274
-3.80939,15.8073
-3.76294,16.018
-3.68834,16.2109
-3.69617,16.4028
-3.70783,16.6052
-3.61115,16.7809
-3.54033,16.9882
-3.54056,17.1951
-3.46732,17.3887
-3.49194,17.5778
-3.43128,17.758
-3.44678,17.9529
-3.36592,18.151
-3.3027,18.3486
-3.40883,18.5048
-3.42679,18.7095
-3.58639,18.8315
-3.48295,19.0073
-3.55677,19.1884
-3.55737,19.3934
-3.6537,19.5634
-3.74876,19.7516
-3.65363,19.9193
-3.467,20.0276
-3.41573,20.217
-3.40287,20.4147
-3.35703,20.6144
-3.36056,20.8242
-3.31082,21.0031
-3.46808,21.112
-3.3597,21.2871
-3.17839,21.3629
-3.00346,21.4856
-2.86343,21.6162
-2.77822,21.8024
-2.85637,21.9985
-2.94686,22.1956
-3.03545,22.3814
-2.99131,22.5915
-3.03833,22.7766
-3.03854,22.9652
-3.14147,23.1383
-3.13264,23.3389
-3.15474,23.5389
-3.00217,23.7043
-3.09166,23.8767
-3.09579,24.0871
-3.09798,24.2742
-3.10856,24.4812
-3.26217,24.623
-3.08736,24.7176
-3.07154,24.936
-3.12232,25.1314
-3.11814,25.3268
-2.94975,25.4567
-2.96975,25.6497
-2.96756,25.8531
-2.7997,25.9584
-2.6473,26.1093
-2.55856,26.2777
-2.50816,26.4675
-2.57752,26.6659
-2.43844,26.8398
-2.39811,27.0364
-2.34815,27.2301
-2.29659,27.4332
-2.32022,27.6124
-2.38839,27.8109
-2.43614,28.0069
-2.38554,28.2156
-2.45072,28.4059
-2.42199,28.59
-2.31482,28.7711
-2.29526,28.9641
-2.19748,29.1368
-2.29017,29.3122
-2.28532,29.5119
-2.29692,29.6967
-2.28019,29.8967
-2.3035,30.0921
-2.27452,30.2854
-2.26963,30.4824
-2.28148,30.6759
-2.26216,30.8748
-2.42534,30.9925
-2.45331,31.2026
-2.2703,31.2908
-2.22545,31.4954
-2.33334,31.6579
-2.33389,31.8658
-2.35915,32.0643
-2.2017,32.1833
-2.16501,32.3868
-2.24343,32.5709
-2.22162,32.7743
-2.27632,32.9651
-2.27533,33.178
-2.11277,33.2775
-1.96759,33.4489
-1.9951,33.6617
-1.9317,33.8591
-1.75197,33.9554
-1.62108,34.101
-1.42426,34.1848
-1.42777,34.3946
-1.47964,34.6036
-1.52165,34.8087
-1.48421,35.0192
-1.4252,35.2155
-1.28545,35.3617
-1.3972,35.5294
-1.51543,35.7089
-1.47736,35.9252
-1.52357,36.1113
-1.43679,36.3
-1.30506,36.4475
-4.72422,0.143612
-4.67681,0.330526
-4.6134,0.513229
-4.69563,0.702883
-4.53045,0.834529
-4.40594,0.99106
-4.50078,1.15765
-4.49263,1.35868
-4.53101,1.53967
-4.44943,1.72696
-4.36181,1.90676
-4.30141,2.11398
-4.30961,2.3174
-4.19177,2.48869
-4.17029,2.68526
-4.2068,2.88029
-4.18918,3.08991
-4.10421,3.28306
-4.30288,3.31303
-4.20406,3.48376
-4.25396,3.70644
-4.43175,3.78657
-4.31928,3.94796
-4.35084,4.15116
-4.28581,4.33441
-4.32519,4.54671
-4.24827,4.72538
-4.25705,4.95051
-4.12344,5.10694
-4.09563,5.31978
-4.13655,5.51564
-4.0404,5.67477
-4.05068,5.88578
-4.01235,6.09744
-3.95744,6.29292
-4.08532,6.45017
-3.93092,6.57427
-4.06543,6.74926
-3.9865,6.9284
-4.10661,7.08778
-4.22274,7.25778
-4.09773,7.40177
-4.10929,7.61049
-4.2414,7.75268
-4.05081,7.81931
-3.93932,7.99195
-3.95762,8.20217
-3.93206,8.40306
-4.01301,8.58976
-3.86596,8.74239
-4.0028,8.89983
-3.89876,9.0728
-3.79297,9.23394
-3.60573,9.21638
-3.58612,9.42176
-3.47173,9.5671
-3.35151,9.74313
-3.45302,9.93895
-3.45246,10.1372
-3.44849,10.3298
-3.47958,10.5407
-3.44755,10.7383
-3.39266,10.9435
-3.46926,11.1316
-3.30393,11.2534
-3.28378,11.4739
-3.39809,11.6644
-3.34078,11.8668
-3.32108,12.0786
-3.48275,12.2034
-3.45658,12.4099
-3.40541,12.6002
-3.32904,12.805
-3.23914,12.9948
-3.28315,13.1868
-3.41266,13.3458
-3.34144,13.5411
-3.24948,13.7135
-3.23575,13.9203
-3.42512,14.0045
-3.44545,14.1943
-3.3223,14.372
-3.17398,14.4982
-3.0721,14.6835
-2.89294,14.7711
-2.76498,14.9216
-2.78472,15.1245
-2.72993,15.3229
-2.80075,15.5158
-2.70738,15.6954
-2.54042,15.8021
-2.64319,15.9875
-2.63152,16.1823
-2.5937,16.3996
-2.6231,16.6041
-2.64097,16.8023
-2.65072,17.0062
-2.45848,16.9988
-2.46376,17.2071
-2.58505,17.3717
-2.45269,17.5477
-2.30682,17.675
-2.20123,17.8374
-2.10563,18.0361
-2.10255,18.2368
-2.26156,18.3627
-2.23994,18.5746
-2.35066,18.7512
-2.35052,18.9677
-2.29427,19.1803
-2.29023,19.3727
-2.13936,19.4977
-2.05514,19.6785
-2.09618,19.8738
-2.21351,20.034
-2.29016,20.2414
-2.26574,20.4318
-2.23755,20.624
-2.18915,20.8168
-2.09136,21.0048
-1.94627,21.1425
-1.96164,21.3555
-1.85248,21.525
-1.81071,21.7273
-1.87605,21.9177
-1.7871,22.0868
-1.77548,22.2882
-1.64894,22.4587
-1.61162,22.646
-1.55345,22.8497
-1.61679,23.0275
-1.75923,23.1641
-1.73359,23.3593
-1.55059,23.5007
-1.43717,23.6554
-1.3777,23.8489
-1.47709,24.0296
-1.48643,24.2389
-1.56971,24.4457
-1.43866,24.5899
-1.35109,24.7851
-1.31477,24.9922
-1.2382,25.1663
-1.12725,25.3296
-1.12662,25.5257
-0.959171,25.6312
-0.885813,25.8153
-0.75796,25.9807
-0.692495,26.1607
-0.572587,26.3213
-0.646829,26.5145
-0.525597,26.6568
-0.683789,26.7623
-0.791119,26.9316
-0.774399,27.158
-0.681629,27.3467
-0.675614,27.5504
-0.493229,27.6286
-0.651815,27.7646
-0.653597,27.9928
-0.705127,28.1881
-0.657162,28.3757
-0.668783,28.5801
-0.599818,28.766
-0.526472,28.9792
-0.36525,29.0961
-0.314364,29.3101
-0.266053,29.5163
-0.323139,29.7155
-0.351225,29.9171
-0.316971,30.1199
-0.335349,30.3173
-0.172409,30.4539
-0.170777,30.664
-0.166284,30.8691
0.00194785,30.9742
-0.174001,31.0723
-0.0228628,31.2043
-0.0778048,31.4073
-0.158445,31.5966
-0.118607,31.789
-0.081261,31.9715
-0.221574,32.1138
-0.125167,32.2822
-0.150785,32.4862
-0.052814,32.661
-0.0946522,32.8454
-0.0743654,33.0601
-0.0321636,33.2534
-0.045802,33.4591
0.00578473,33.6551
0.0897157,33.8406
-0.000767589,34.0293
-0.00395358,34.2455
0.0091743,34.4413
0.110671,34.6244
0.256227,34.782
0.305746,34.986
0.257085,35.1865
0.078218,35.2879
-3.43694,0.234414
-3.43089,0.435313
-3.55411,0.615118
-3.53645,0.818989
-3.35677,0.894502
-3.40733,1.10122
-3.51499,1.27862
-3.44216,1.47399
-3.58678,1.62733
-3.64097,1.83849
-3.53716,2.00706
-3.53339,2.20969
-3.42497,2.37807
-3.42108,2.58053
-3.31595,2.77089
-3.20561,2.95496
-3.29358,3.13259
-3.46044,3.25064
-3.45937,3.4674
-3.49809,3.68942
-3.38435,3.85152
-3.31907,4.05618
-3.27196,4.25962
-3.12082,4.40883
-3.25598,4.56522
-3.23921,4.78133
-3.1474,4.96777
-3.08344,5.16987
-3.18339,5.35399
-3.16989,5.54426
-3.16674,5.73437
-2.96988,5.82973
-2.84963,5.99678
-2.93825,6.16907
-3.01404,6.36734
-3.13612,6.54879
-3.00073,6.72977
-3.1726,6.86403
-3.03452,7.02529
-2.95001,7.20936
-3.15399,7.21888
-3.15585,7.42667
-3.09941,7.61497
-3.01762,7.7897
-2.88645,7.94157
-2.89229,8.13176
-2.82421,8.31917
-2.96058,8.47562
-2.95047,8.67459
-2.93783,8.86268
-2.93555,9.04815
-2.91666,9.26822
-2.86824,9.46904
-2.75193,9.63251
-2.76545,9.82412
-2.88686,9.99214
-2.85649,10.189
-3.01037,10.3224
-2.8203,10.396
-2.73234,10.5745
-2.76952,10.7864
-2.77867,10.9869
-2.79941,11.1832
-2.662,11.3389
-2.6122,11.5367
-2.59744,11.751
-2.52567,11.9315
-2.46296,12.1216
-2.45891,12.3104
-2.41514,12.5108
-2.58684,12.5907
-2.68085,12.7837
-2.53419,12.9274
-2.5713,13.1379
-2.47938,13.3296
-2.56117,13.5188
-2.68611,13.6813
-2.68338,13.8744
-2.56113,14.035
-2.56309,14.2416
-2.40294,14.3654
-2.22146,14.4709
-2.09819,14.6206
-2.13011,14.8085
-2.16318,14.9953
-2.08649,15.1756
-1.8923,15.2454
-1.71171,15.3294
-1.57163,15.475
-1.64563,15.6516
-1.76756,15.8176
-1.70923,16.0089
-1.60077,16.1768
-1.71915,16.3145
-1.62606,16.4999
-1.45946,16.6088
-1.38497,16.796
-1.39589,17.0086
-1.41312,17.2159
-1.36939,17.3968
-1.39219,17.6066
-1.47636,17.7956
-1.35253,17.9618
-1.16561,18.0615
-1.2742,18.2311
-1.21956,18.4233
-1.15773,18.6122
-1.17938,18.8127
-1.26689,18.9917
-1.31439,19.1982
-1.36944,19.4003
-1.35723,19.6027
-1.21825,19.7603
-1.22311,19.9667
-1.16757,20.1722
-0.999439,20.3047
-0.947386,20.5083
-0.948162,20.7043
-1.0232,20.8835
-1.0543,21.0944
-1.00256,21.2904
-1.0508,21.4734
-1.1025,21.6655
-0.993646,21.8475
-0.920241,22.0316
-1.01634,22.2024
-0.960347,22.4065
-0.97992,22.6126
-0.981475,22.8246
-1.07086,23.0025
-1.03457,23.2143
-0.99278,23.4278
-1.0058,23.6405
-0.982407,23.8586
-0.896195,24.0476
-0.779828,24.214
-0.71695,24.4023
-0.746461,24.5964
-0.670077,24.7829
-0.657164,24.9873
-0.632856,25.1921
-0.710104,25.3746
-0.665933,25.5837
-0.465099,25.6228
-0.376255,25.8058
-0.307591,26.0034
-0.236824,26.2133
-0.0978524,26.3724
-0.17913,26.5631
-0.0443722,26.705
0.0999321,26.8599
0.028932,27.0519
0.0224911,27.2573
0.199314,27.3441
0.208059,27.5493
0.281112,27.7375
0.149379,27.8997
0.236419,28.0911
0.254188,28.2981
0.406853,28.4423
0.520766,28.6127
0.32971,28.701
0.28442,28.9031
0.483426,28.9031
0.478347,29.1087
0.431189,29.3059
0.483888,29.5023
0.507247,29.6895
0.43831,29.8662
0.523581,30.0623
0.675286,30.212
0.722563,30.403
0.776334,30.6089
0.780259,30.8199
0.918993,30.9698
0.906812,31.1873
1.00244,31.373
1.09039,31.5699
1.21624,31.7294
1.21528,31.946
1.17976,32.1311
1.18829,32.3325
1.20408,32.5344
1.38878,32.6634
1.45397,32.8669
1.31089,33.0028
1.35178,33.201
1.38703,33.3886
1.33077,33.5864
1.40275,33.774
1.35887,33.9799
1.38125,34.188
1.30606,34.3737
1.41583,34.5555
1.34086,34.737
1.29823,34.936
1.31288,35.1448
1.22848,35.3253
1.42437,35.4196
1.51972,35.5997
-2.13577,0.549156
-2.29671,0.677893
-2.22465,0.890467
-2.17593,1.08154
-2.07032,1.25815
-2.02144,1.46085
-1.93448,1.65609
-1.99313,1.84288
-1.86884,1.98097
-1.66258,1.99149
-1.57013,2.15489
-1.67109,2.33096
-1.63164,2.52409
-1.55918,2.70459
-1.48383,2.88034
-1.40695,3.0737
-1.3848,3.28073
-1.22478,3.41543
-1.06915,3.52679
-1.041,3.7302
-1.16709,3.90332
-1.00969,4.05419
-1.10596,4.22811
-1.21854,4.39188
-1.2945,4.57885
-1.23009,4.76459
-1.23357,4.97592
-1.16954,5.16799
-1.0634,5.34273
-1.10706,5.54083
-1.03627,5.73662
-1.01542,5.93158
-1.02755,6.14973
-0.865693,6.26333
-0.938056,6.45452
-0.909447,6.6598
-0.950376,6.86093
-0.973447,7.05679
-0.975755,7.24751
-0.877069,7.43707
-0.870115,7.64798
-0.788357,7.85701
-0.697298,8.0268
-0.776935,8.20006
-0.655265,8.36882
-0.625551,8.57763
-0.610088,8.78557
-0.474372,8.92825
-0.602985,9.07897
-0.518339,9.2738
-0.504059,9.47686
-0.622374,9.6392
-0.587448,9.83596
-0.671069,10.0256
-0.571579,10.1943
-0.546277,10.4136
-0.703887,10.5595
-0.738162,10.7618
-0.6678,10.9499
-0.702837,11.1384
-0.665541,11.337
-0.695976,11.5241
-0.723961,11.7265
-0.66205,11.9114
-0.602515,12.0832
-0.583224,12.2818
-0.475007,12.4647
-0.574596,12.6303
-0.580741,12.8446
-0.637186,13.0562
-0.437969,13.0503
-0.381638,13.2545
-0.443414,13.4582
-0.536558,13.6412
-0.460179,13.8276
-0.377573,14.0063
-0.207293,14.1526
-0.280353,14.3344
-0.221831,14.5328
-0.327886,14.7191
-0.250477,14.8996
-0.296619,15.1106
-0.261868,15.308
-0.105621,15.4248
-0.109936,15.621
-0.151563,15.8255
-0.163801,16.036
0.0361668,16.0276
0.0326768,16.2263
0.083397,16.4303
0.0968657,16.6276
0.0934284,16.8185
0.0391158,17.017
0.0588085,17.2059
0.0364281,17.4065
-0.00348465,17.5994
-0.0375631,17.7944
-0.014088,18.0026
0.0139006,18.1994
-0.0881273,18.3761
0.0291448,18.5442
-0.0391531,18.7326
-0.194768,18.8586
-0.21307,19.057
-0.207293,19.2585
-0.195347,19.463
-0.0860985,19.6436
-0.0429113,19.8399
-0.0409148,20.039
-0.0254794,20.2484
0.00334767,20.4561
0.0528948,20.6643
0.0723752,20.8732
0.254726,20.972
0.222936,21.1761
0.195146,21.3746
0.297842,21.5454
0.389857,21.7256
0.560114,21.8162
0.430297,21.9662
0.360599,22.1705
0.443657,22.3563
0.440466,22.5791
0.444684,22.7791
0.46768,22.9698
0.588004,23.1331
0.593653,23.3418
0.74271,23.4547
0.73252,23.6756
0.893676,23.8049
0.952303,24.0071
0.957326,24.1992
0.899337,24.4034
0.928356,24.6075
0.954278,24.8014
0.898128,25.0046
0.960428,25.1907
0.982468,25.4095
0.990733,25.6168
0.962875,25.8123
1.15533,25.8959
1.33701,25.9609
1.22465,26.1212
1.15257,26.3012
1.17213,26.4898
1.26652,26.6817
1.34917,26.8667
1.39335,27.0732
1.42572,27.2833
1.301,27.4485
1.48404,27.5318
1.53689,27.7401
1.51331,27.9315
1.59737,28.1112
1.76923,28.2061
1.90729,28.3556
1.88857,28.5477
1.89661,28.7486
1.88256,28.9472
1.78009,29.1332
1.93617,29.2759
1.98222,29.4779
2.05336,29.6687
2.167,29.8247
2.37106,29.8073
2.51213,29.9606
2.53287,30.1561
2.53947,30.3508
2.41188,30.5197
2.50624,30.6758
2.37412,30.8392
2.24691,31.0086
2.11547,31.168
2.1042,31.3796
2.07912,31.5649
2.08461,31.7694
2.23801,31.9137
2.17997,32.1048
2.24675,32.3068
2.22288,32.5109
2.177,32.7171
2.2998,32.8853
2.17865,33.0531
2.25222,33.2483
2.39383,33.3926
2.44152,33.5835
2.4556,33.7863
2.55842,33.9771
2.47978,34.1663
2.42064,34.3586
2.31005,34.546
2.37414,34.744
2.30948,34.9472
2.19746,35.1381
2.26466,35.3369
2.34154,35.5202
2.40005,35.7105
2.48687,35.8803
2.46488,36.0782
2.52778,36.2867
-0.622559,0.391211
-0.509737,0.578851
-0.486939,0.789256
-0.346113,0.926683
-0.307014,1.11497
-0.293792,1.3224
-0.289448,1.52728
-0.194457,1.73548
-0.113639,1.91506
-0.0259421,2.10832
-0.16091,2.27882
-0.0875152,2.47671
-0.202692,2.66064
-0.187554,2.87142
-0.275503,3.06862
-0.151116,3.23246
-0.166359,3.43028
-0.230163,3.62709
-0.0799216,3.76281
-0.177064,3.92844
-0.187438,4.11909
-0.21229,4.31156
-0.387087,4.41865
-0.379399,4.61452
-0.232026,4.75306
-0.308812,4.95263
-0.328049,5.15757
-0.403909,5.34985
-0.323271,5.53471
-0.425633,5.71307
-0.467936,5.91689
-0.351833,6.08944
-0.345528,6.29596
-0.275077,6.49855
-0.372596,6.6761
-0.290114,6.85469
-0.199773,7.03498
-0.262824,7.23668
-0.163556,7.41216
-0.188422,7.60892
-0.254859,7.81745
-0.107158,7.95953
-0.0806286,8.15308
0.135168,8.22057
0.0526231,8.41534
0.139963,8.61485
0.004773,8.76706
-0.0347635,8.98008
0.0218134,9.16247
0.0220903,9.36868
0.0131147,9.56884
0.0466573,9.76989
0.100825,9.96199
0.080235,10.1606
0.0962301,10.3552
0.164961,10.5707
0.071518,10.7419
0.170005,10.9271
0.201494,11.1323
0.405352,11.1873
0.354515,11.3704
0.281114,11.5476
0.245834,11.7243
0.145081,11.8961
0.216517,12.0832
0.321029,12.2461
0.488027,12.3446
0.569383,12.5252
0.667761,12.6984
0.619417,12.9163
0.686937,13.1107
0.562412,13.2687
0.622894,13.4534
0.73515,13.6301
0.86643,13.7962
0.795987,13.9938
0.947459,14.1262
0.931586,14.3262
1.01039,14.5072
0.927245,14.6956
0.889889,14.8975
0.968154,15.097
0.868319,15.2905
0.94984,15.493
1.07856,15.6519
1.22067,15.7948
1.21849,16.0075
1.1267,16.1821
1.29863,16.291
1.39448,16.4573
1.49823,16.6382
1.64843,16.7667
1.5601,16.96
1.69124,17.118
1.62579,17.307
1.64641,17.5067
1.6379,17.7067
1.61122,17.9147
1.75313,18.0484
1.66144,18.2286
1.77438,18.383
1.88691,18.5495
2.0415,18.6785
2.14182,18.89
2.3552,18.9268
2.49255,19.0733
2.60212,19.239
2.58561,19.4533
2.40912,19.5641
2.43694,19.7614
2.29033,19.9167
2.39511,20.1001
2.41053,20.2955
2.31101,20.4903
2.23317,20.6651
2.24325,20.8787
2.379,21.0349
2.30426,21.2124
2.24491,21.4202
2.37406,21.5656
2.39744,21.7572
2.35822,21.9479
2.25519,22.1416
2.23475,22.3583
2.30521,22.5551
2.19287,22.7158
2.1187,22.9099
2.13138,23.1197
2.08325,23.3055
2.2202,23.442
2.16352,23.6406
2.22096,23.8208
2.2331,24.0262
2.12913,24.1884
2.30724,24.3131
2.29661,24.5072
2.36738,24.7019
2.53071,24.8055
2.50128,24.9916
2.64319,25.1281
2.53205,25.2959
2.62498,25.4877
2.69722,25.6927
2.83632,25.8472
2.90281,26.0369
2.86223,26.2398
2.98777,26.4204
3.08967,26.5985
3.02766,26.8137
3.02137,27.0153
3.1511,27.1701
3.1687,27.3803
3.11489,27.5552
3.0577,27.7502
3.16316,27.916
3.16632,28.12
3.21253,28.3056
3.19881,28.5093
3.15624,28.7132
3.04731,28.8704
3.04115,29.0878
2.95558,29.2742
3.09765,29.4029
3.25325,29.5445
3.30387,29.721
3.19526,29.9005
3.31415,30.065
3.29737,30.2694
3.2372,30.4691
3.23033,30.6714
3.31826,30.8607
3.17814,31.0285
3.25517,31.2289
3.18569,31.4188
3.25334,31.5992
3.32442,31.7896
3.40449,31.9731
3.59439,31.9932
3.75298,32.1207
3.78878,32.3102
3.78297,32.5103
3.9796,32.5729
3.91307,32.7658
4.03532,32.9391
4.1602,33.1238
4.02619,33.2474
4.08687,33.4345
4.08513,33.6293
4.09874,33.8499
4.18316,34.0316
4.11804,34.2172
3.95719,34.3428
3.9255,34.5324
4.01841,34.7279
4.09722,34.9152
4.14718,35.1152
4.26881,35.2756
4.35666,35.4672
4.31843,35.6515
4.35237,35.8618
