2.97666,0.178644
3.09973,0.341873
3.1421,0.540801
3.1195,0.744049
3.26585,0.902625
3.32347,1.09229
3.28983,1.28351
3.42794,1.42321
3.43493,1.60456
3.25862,1.71185
3.25921,1.93292
3.41377,2.0475
3.58963,2.19022
3.58871,2.38228
3.69331,2.56956
3.63448,2.76495
3.66393,2.96239
3.52738,3.13496
3.43189,3.31494
3.49485,3.51602
3.47832,3.71721
3.44994,3.91199
3.36317,4.10504
3.42469,4.30034
3.34452,4.50075
3.16179,4.60634
3.32911,4.72366
3.20316,4.89324
3.28966,5.08156
3.10278,5.17466
3.23549,5.33611
3.43434,5.35149
3.42664,5.55653
3.59385,5.6586
3.5992,5.86145
3.6686,6.05231
3.53095,6.2193
3.63135,6.39641
3.63961,6.58582
3.76229,6.74327
3.86971,6.91367
3.92508,7.10559
3.94942,7.30245
4.04796,7.48295
4.17159,7.63379
4.05314,7.78433
3.97179,7.97803
3.96728,8.1713
3.99994,8.36643
4.11885,8.52918
4.21638,8.71627
4.22444,8.90641
4.17135,9.09726
4.05873,9.28236
4.14458,9.45388
4.28887,9.60762
4.37844,9.81139
4.44178,10.0001
4.36234,10.1877
4.37302,10.4038
4.18889,10.5147
4.28029,10.6871
4.18421,10.8564
4.25627,11.0448
4.21028,11.2383
4.27875,11.4238
4.10457,11.5307
4.2423,11.673
4.38332,11.8236
4.2972,12.0049
4.42766,12.1667
4.24281,12.2787
4.28727,12.4859
4.36235,12.6748
4.44576,12.856
4.34902,13.0268
4.35799,13.223
4.34726,13.4085
4.47553,13.583
4.38155,13.7757
4.31103,13.9623
4.40408,14.1353
4.34092,14.3283
4.31953,14.5298
4.32795,14.7424
4.33324,14.956
4.18024,15.0963
4.29125,15.2514
4.26749,15.4607
4.27812,15.6562
4.24259,15.8598
4.24755,16.0813
4.16456,16.264
4.23266,16.4401
4.20726,16.6358
4.31752,16.8076
4.52012,16.8213
4.58099,17.0081
4.54972,17.205
4.6417,17.3919
4.71831,17.5814
4.63185,17.7533
4.56708,17.9378
4.64715,18.1181
4.80222,18.2421
4.92543,18.4114
4.93325,18.6212
4.96169,18.815
5.11547,18.9263
5.22075,19.0929
5.39554,19.1744
5.43484,19.3752
5.40057,19.5764
5.29659,19.764
5.16725,19.9174
5.34401,20.0062
5.44642,20.1972
-5.47483,20.3835
5.47626,20.5834
5.44467,20.7876
5.37419,20.983
5.24305,21.1361
5.34684,21.3124
5.48049,21.4806
-5.47206,21.679
-5.46464,21.9026
-5.49187,22.0952
5.49672,22.2912
-5.3107,22.3683
-5.31249,22.5598
-5.34511,22.7558
-5.3799,22.9533
-5.36389,23.1586
-5.26317,23.3419
-5.43343,23.448
5.40272,23.5583
5.45988,23.7594
5.37289,23.9606
5.35115,24.1526
5.18903,24.283
5.18446,24.4992
5.34184,24.6433
5.36868,24.8554
5.42976,25.036
-5.42508,25.1642
-5.30265,25.3295
-5.14631,25.4734
-5.18754,25.6709
-5.09677,25.8446
-5.08561,26.0627
-5.0271,26.2558
-5.09601,26.4538
-5.15449,26.6707
-5.09559,26.8765
-4.97566,27.0509
-4.80504,27.137
-4.85208,27.327
-4.91798,27.5251
-4.94589,27.7299
-4.88973,27.9249
-5.02108,28.0989
-4.81808,28.1015
-4.74968,28.2913
-4.76247,28.4935
-4.56633,28.5103
-4.51969,28.701
-4.40135,28.8627
-4.332,29.0448
-4.39341,29.2407
-4.36753,29.4457
-4.39144,29.6383
-4.47059,29.814
-4.53172,30.0144
-4.45671,30.2079
-4.52716,30.4026
-4.41829,30.5844
-4.38027,30.7705
-4.34931,30.9802
-4.19343,31.1034
-4.13231,31.302
-4.05923,31.4981
-4.07159,31.7128
-4.0421,31.9191
-4.0282,32.1228
-3.89562,32.2958
-4.02224,32.4735
-4.18201,32.5923
-4.17783,32.7853
-4.11821,32.9785
-4.06318,33.1744
-4.00917,33.3934
-3.84263,33.5029
-3.73359,33.6804
-3.61638,33.8321
-3.54236,34.016
-3.54643,34.2294
-3.4298,34.3851
-3.44005,34.5839
-3.53159,34.7609
-3.61697,34.9356
4.67077,0.429631
4.69164,0.619608
4.71896,0.832952
4.63283,1.04596
4.52458,1.22197
4.64977,1.38286
4.62712,1.58189
4.63984,1.79459
4.73642,1.95822
4.68853,2.16454
4.6691,2.36598
4.5333,2.5371
4.67203,2.6768
4.81797,2.80534
4.78251,3.0079
4.7602,3.23223
4.64718,3.40982
4.68277,3.61422
4.73819,3.81066
4.81244,3.99343
4.81792,4.18772
4.86608,4.3831
4.7422,4.55359
4.62782,4.71743
4.53105,4.90731
4.36204,4.99765
4.46404,5.19291
4.45701,5.38744
4.54135,5.58277
4.5715,5.7806
4.68447,5.93597
4.82033,6.08665
4.71595,6.24851
4.68651,6.45834
4.74512,6.66004
4.72371,6.84957
4.71152,7.05518
4.87012,7.20944
4.73279,7.35126
4.70819,7.54827
4.56282,7.68767
4.57743,7.89591
4.45297,8.07011
4.47375,8.2744
4.49266,8.49009
4.69149,8.49433
4.85952,8.59029
4.85391,8.78891
4.9557,8.96117
5.05208,9.13991
4.9586,9.33002
4.99451,9.53289
4.96618,9.73957
4.99685,9.94688
5.09048,10.1485
5.06637,10.358
5.14921,10.5419
5.29918,10.6953
5.32657,10.8955
-5.4803,10.9825
-5.49813,11.1943
5.4739,11.3933
-5.37224,11.5301
-5.35832,11.7365
-5.25348,11.901
-5.17232,12.0822
-5.15769,12.2957
-5.06363,12.4547
-4.97661,12.6398
-4.97474,12.8497
-4.97355,13.0438
-4.86494,13.2168
-4.85445,13.4149
-4.984,13.5637
-4.97176,13.7685
-4.99674,13.9598
-5.06439,14.1676
-5.09855,14.3603
-4.93733,14.4959
-4.99637,14.6827
-4.91309,14.8618
-4.86412,15.0537
-4.81866,15.257
-4.87648,15.4487
-4.9523,15.6286
-5.09107,15.7741
-5.03356,15.9743
-4.97362,16.1807
-4.85405,16.3496
-4.73433,16.5083
-4.65378,16.6874
-4.6094,16.8839
-4.51461,17.0689
-4.53513,17.2654
-4.73457,17.3006
-4.84722,17.4562
-4.64409,17.527
-4.65429,17.7314
-4.56708,17.9155
-4.62935,18.1246
-4.62845,18.3326
-4.55233,18.5027
-4.53286,18.7103
-4.52142,18.9117
-4.40496,19.0749
-4.21293,19.1172
-4.10789,19.3029
-4.07776,19.5027
-3.94144,19.6411
-4.03926,19.8163
-3.95688,20.0146
-3.8451,20.1998
-3.91076,20.3804
-3.96296,20.5681
-3.90323,20.767
-3.86747,20.9656
-3.9039,21.163
-4.05903,21.294
-4.05493,21.5043
-4.11357,21.7149
-4.05872,21.9071
-3.90276,22.0237
-3.81584,22.1959
-3.89543,22.3882
-3.97179,22.5889
-3.84368,22.74
-3.92312,22.9309
-3.7773,23.06
-3.83104,23.2648
-3.83308,23.4596
-3.93976,23.6132
-3.92355,23.8221
-3.87754,24.027
-3.78396,24.2042
-3.74127,24.3962
-3.63137,24.551
-3.66436,24.7465
-3.68614,24.97
-3.5842,25.1507
-3.62755,25.3565
-3.7342,25.5427
-3.57791,25.7007
-3.53656,25.9058
-3.55363,26.1343
-3.55388,26.3366
-3.55548,26.5599
-3.43997,26.7549
-3.42912,26.9745
-3.56032,27.1235
-3.63381,27.3195
-3.51706,27.4746
-3.47806,27.6735
-3.52008,27.8802
-3.51545,28.0797
-3.47342,28.2695
-3.32427,28.4194
-3.45485,28.5641
-3.62415,28.6496
-3.72519,28.8348
-3.61587,28.9956
-3.54215,29.1799
-3.60769,29.3588
-3.76336,29.4957
-3.73155,29.705
-3.70869,29.9194
-3.67658,30.1374
-3.6895,30.3546
-3.66433,30.5562
-3.5929,30.738
-3.48899,30.9103
-3.49664,31.1193
-3.48233,31.3179
-3.51835,31.5086
-3.38623,31.6589
-3.43231,31.8463
-3.3591,32.0461
-3.26169,32.2202
-3.24104,32.4176
-3.09233,32.5386
-3.16275,32.7236
-3.13554,32.9338
-3.0093,33.0892
-2.93821,33.2911
-2.83033,33.4693
-2.66242,33.6121
-2.60331,33.8053
-2.6973,33.9981
-2.64538,34.1972
-2.61674,34.398
-2.5197,34.5816
-2.48719,34.7863
-2.53013,34.9919
-2.56353,35.1918
-2.67402,35.3448
-2.59261,35.5397
-2.54855,35.7417
-2.44027,35.8994
-2.43267,36.1088
-2.35132,36.2777
-2.1946,36.3913
5.05369,0.383872
4.99587,0.584996
5.11027,0.751274
5.25732,0.876566
5.21988,1.0803
5.20976,1.27413
5.18996,1.4841
5.32571,1.634
5.25259,1.82972
5.2129,2.02766
5.15449,2.23385
5.00434,2.36947
5.00921,2.56505
5.07318,2.7591
5.12041,2.96485
5.019,3.16376
4.97947,3.36305
4.97329,3.56904
5.08455,3.74126
5.21003,3.88896
5.23935,4.09428
5.35727,4.26205
5.25324,4.4445
5.33899,4.62735
5.3225,4.83044
5.25738,5.02332
5.41378,5.1489
5.36128,5.35607
5.30293,5.54799
5.32587,5.74823
5.25292,5.93831
5.22864,6.13986
5.33381,6.31027
-5.47409,6.28629
-5.48066,6.48603
5.4872,6.68711
-5.42429,6.88346
-5.35287,7.07582
-5.42544,7.26775
-5.39124,7.44891
-5.39426,7.63896
-5.42208,7.83701
-5.36476,8.03371
-5.1827,8.12481
-5.18934,8.31513
-5.16679,8.50938
-5.07,8.68714
-4.97357,8.86577
-5.00438,9.06226
-5.05027,9.2588
-5.0238,9.46458
-5.05183,9.6532
-5.18299,9.84053
-5.20532,10.0455
-5.24547,10.2529
-5.27501,10.4556
-5.24379,10.6651
-5.28872,10.8753
-5.14364,11.0471
-5.13768,11.2451
-5.1765,11.4496
-4.97193,11.5045
-4.97199,11.7148
-4.81225,11.8508
-4.78109,12.0555
-4.63428,12.1763
-4.69716,12.3781
-4.49432,12.4613
-4.44993,12.6488
-4.52074,12.843
-4.40313,12.9866
-4.34819,13.1729
-4.41592,13.3621
-4.43793,13.5599
-4.42555,13.7697
-4.33839,13.9341
-4.43624,14.131
-4.39224,14.3282
-4.20687,14.3551
-4.04435,14.465
-4.06529,14.6634
-3.96503,14.8549
-4.00125,15.0719
-4.01251,15.2781
-3.83062,15.3888
-3.77028,15.5792
-3.94449,15.7173
-3.86579,15.9018
-3.9092,16.1043
-3.75946,16.2389
-3.68977,16.4253
-3.67647,16.6324
-3.63076,16.8192
-3.63981,17.0531
-3.60249,17.2432
-3.70265,17.4232
-3.57552,17.5938
-3.45931,17.7449
-3.46508,17.9505
-3.35537,18.1433
-3.35653,18.3465
-3.51771,18.472
-3.4298,18.6507
-3.44219,18.8733
-3.33012,19.0441
-3.35909,19.2422
-3.44858,19.4281
-3.54454,19.6099
-3.40765,19.7465
-3.43031,19.9428
-3.46668,20.1435
-3.3959,20.3189
-3.43929,20.5131
-3.38761,20.7183
-3.40191,20.9304
-3.39752,21.1386
-3.57008,21.2326
-3.57721,21.4278
-3.62244,21.6278
-3.62011,21.8164
-3.63991,22.0123
-3.50439,22.1853
-3.50753,22.3988
-3.48138,22.605
-3.31814,22.7199
-3.12079,22.8027
-3.00476,22.9792
-3.07563,23.1622
-3.15193,23.3447
-3.16744,23.5523
-3.04215,23.7166
-2.88777,23.8618
-2.98732,24.0459
-2.82032,24.1578
-2.7994,24.3686
-2.88472,24.5577
-2.77615,24.7356
-2.86441,24.9218
-2.75762,25.0965
-2.70515,25.2979
-2.68397,25.5046
-2.86784,25.5966
-2.79198,25.782
-2.78356,25.9983
-2.92075,26.1693
-2.88309,26.3581
-2.86744,26.5596
-2.73437,26.7241
-2.79727,26.9046
-2.70542,27.0819
-2.68462,27.2813
-2.54961,27.4455
-2.3817,27.3767
-2.25378,27.5276
-2.38361,27.6826
-2.34628,27.8875
-2.2524,28.0648
-2.4227,28.1706
-2.52012,28.3399
-2.45815,28.5551
-2.37564,28.7404
-2.41336,28.9433
-2.28481,29.1026
-2.20289,29.2797
-2.18821,29.4814
-2.15773,29.6999
-2.24815,29.8756
-2.24352,30.0903
-2.27537,30.296
-2.20619,30.4808
-2.39473,30.58
-2.5454,30.7134
-2.517,30.9118
-2.5587,31.0984
-2.43997,31.2602
-2.43635,31.4779
-2.24171,31.428
-2.16687,31.6076
-2.24466,31.7958
-2.18042,31.9867
-2.26038,32.1684
-2.34058,32.3503
-2.45499,32.5235
-2.32403,32.6618
-2.35424,32.8637
-2.27231,33.0408
-2.21335,33.2428
-2.12332,33.4094
-2.0046,33.5712
-2.04272,33.7821
-1.95926,33.9548
-2.01385,34.1528
-1.93676,34.3267
-1.91819,34.5284
-2.10502,34.5859
-2.00341,34.7708
-1.92792,34.9631
-1.83568,35.1486
-1.91992,35.3177
-1.84956,35.5325
-5.31344,0.506351
-5.1929,0.665614
-5.1696,0.865608
-5.02874,1.00741
-5.11361,1.19472
-5.09313,1.40929
-5.10284,1.61221
-5.00975,1.79994
-5.05573,1.99294
-4.93115,2.16597
-4.91872,2.36167
-4.94988,2.56567
-4.98122,2.77013
-4.91608,2.95238
-5.09373,3.04436
-5.04413,3.25181
-4.89908,3.40412
-4.85891,3.60875
-4.71638,3.76024
-4.72027,3.95295
-4.67842,4.15378
-4.60618,4.34113
-4.64953,4.53084
-4.69737,4.74547
-4.60938,4.92616
-4.51801,5.09189
-4.58772,5.28908
-4.56166,5.48721
-4.4356,5.63597
-4.3684,5.8206
-4.406,6.01135
-4.37483,6.20967
-4.2111,6.33391
-4.14718,6.52037
-4.07868,6.71643
-3.98672,6.8964
-4.00989,7.08837
-3.91838,7.26651
-3.98482,7.47456
-3.95677,7.68641
-3.90668,7.88718
-3.73955,8.0267
-3.81416,8.20076
-3.93302,8.34526
-3.74473,8.39021
-3.76189,8.59924
-3.91915,8.72167
-3.86696,8.92079
-3.86141,9.13834
-3.73075,9.27376
-3.723,9.46586
-3.78921,9.65926
-3.70158,9.83785
-3.63904,10.0216
-3.81899,10.0988
-3.76829,10.2918
-3.7196,10.5077
-3.73519,10.7158
-3.61137,10.8587
-3.47136,11.023
-3.50817,11.2323
-3.43499,11.4272
-3.42719,11.619
-3.57678,11.7629
-3.60444,11.96
-3.75165,12.1096
-3.64559,12.2843
-3.74059,12.4629
-3.63356,12.6399
-3.62661,12.8432
-3.6662,13.0308
-3.55615,13.1997
-3.45392,13.3747
-3.35573,13.5626
-3.23831,13.7477
-3.21608,13.9436
-3.14223,14.1261
-3.11835,14.3143
-2.95272,14.4605
-2.94189,14.6401
-2.745,14.7423
-2.89157,14.8901
-3.01477,15.0404
-2.93722,15.205
-2.78962,15.3606
-2.63978,15.4917
-2.62277,15.6878
-2.65521,15.8849
-2.68971,16.0698
-2.67126,16.2674
-2.66498,16.4663
-2.5298,16.6388
-2.61376,16.82
-2.64059,17.0349
-2.56921,17.2339
-2.52599,17.4357
-2.49998,17.6441
-2.49565,17.8516
-2.47451,18.06
-2.45266,18.2622
-2.41551,18.4495
-2.34499,18.6472
-2.24113,18.8301
-2.13404,18.9996
-2.23617,19.1815
-2.26919,19.373
-2.17684,19.5584
-2.10531,19.7652
-2.13025,19.974
-2.09144,20.1606
-2.13394,20.3627
-2.21886,20.5402
-2.27688,20.7351
-2.39029,20.8944
-2.39477,21.0993
-2.44763,21.2982
-2.32383,21.4664
-2.36504,21.6909
-2.20754,21.8345
-2.20779,22.0354
-2.17306,22.2244
-2.09939,22.4217
-1.93835,22.5395
-2.05064,22.7042
-1.98515,22.8869
-1.88735,23.0837
-1.85364,23.2872
-1.85697,23.5111
-1.9629,23.6877
-2.14994,23.7734
-2.14156,23.9743
-2.15028,24.1711
-2.17449,24.3787
-2.14596,24.5771
-2.09281,24.7655
-2.0937,24.961
-1.98857,25.1231
-1.93942,25.3139
-1.93439,25.5117
-1.9532,25.7131
-1.87202,25.8966
-1.92822,26.0994
-1.86738,26.2968
-1.85043,26.4923
-1.67629,26.5766
-1.52816,26.7028
-1.3879,26.8698
-1.38375,27.0924
-1.26414,27.267
-1.33887,27.451
-1.37132,27.6593
-1.28079,27.8526
-1.24688,28.0466
-1.14028,28.2261
-1.22371,28.4052
-1.18372,28.6125
-1.1181,28.8145
-1.12751,29.0082
-1.27398,29.1426
-1.1437,29.3013
-1.30164,29.4326
-1.40717,29.6006
-1.25857,29.7428
-1.26733,29.9517
-1.15905,30.1409
-1.0627,30.3237
-0.96107,30.4951
-0.902721,30.6975
-0.952324,30.8898
-0.990249,31.0931
-1.03586,31.2967
-0.951151,31.478
-0.943462,31.6647
-0.945901,31.8669
-0.881192,32.0591
-0.766763,32.2308
-0.881563,32.4085
-0.789169,32.6015
-0.7708,32.7979
-0.756407,33.0112
-0.909725,33.1678
-0.847157,33.3645
-0.913079,33.5661
-0.813134,33.7219
-0.732144,33.905
-0.762099,34.1082
-0.625417,34.2339
-0.685817,34.4124
-0.76499,34.5868
-0.586591,34.6684
-0.57429,34.8581
-0.442061,35.0098
-0.492596,35.1954
-0.395237,35.3905
-0.291883,35.582
-0.262537,35.7835
-0.345174,35.9653
-0.312077,36.1739
-0.320269,36.3625
-0.335746,36.5632
-4.53086,0.335466
-4.57151,0.539145
-4.38015,0.49627
-4.39136,0.710961
-4.32725,0.898656
-4.39755,1.08386
-4.53076,1.22266
-4.35334,1.31843
-4.44839,1.50866
-4.5459,1.68945
-4.51544,1.88596
-4.39357,2.05029
-4.47678,2.24724
-4.30709,2.34673
-4.14551,2.47635
-3.9527,2.56661
-3.8671,2.74652
-3.77013,2.91962
-3.88404,3.09979
-3.941,3.3258
-3.91932,3.5221
-3.93942,3.74003
-3.91107,3.93401
-3.95176,4.13827
-3.78182,4.24976
-3.78806,4.4605
-3.96816,4.55487
-3.96659,4.74869
-3.87693,4.91755
-3.95328,5.09773
-3.94454,5.30611
-3.81091,5.45944
-3.68485,5.61163
-3.63044,5.81096
-3.68228,5.99515
-3.51694,6.13139
-3.41339,6.31121
-3.43753,6.50149
-3.41746,6.68447
-3.46009,6.8973
-3.3215,7.04987
-3.45823,7.21536
-3.46571,7.42346
-3.59825,7.58776
-3.53897,7.78252
-3.5405,7.97836
-3.36292,8.09539
-3.17763,8.2085
-3.00789,8.33146
-2.93739,8.51547
-2.96125,8.72736
-3.09383,8.86775
-3.101,9.06886
-3.13222,9.26956
-3.08652,9.46723
-3.14214,9.67229
-3.27373,9.82303
-3.2761,10.0154
-3.41817,10.1593
-3.39393,10.3575
-3.229,10.4755
-3.14844,10.659
-3.18857,10.8442
-3.0914,11.0187
-2.89173,11.0545
-2.83774,11.2538
-2.73812,11.4184
-2.73763,11.6349
-2.74598,11.8453
-2.71366,12.0381
-2.59774,12.2018
-2.50472,12.3762
-2.57277,12.5496
-2.57745,12.7551
-2.55164,12.9672
-2.56962,13.1823
-2.53446,13.391
-2.6074,13.5711
-2.60934,13.7815
-2.68605,13.9687
-2.62082,14.1637
-2.60962,14.38
-2.5636,14.5712
-2.48399,14.7465
-2.45918,14.9602
-2.251,15.0102
-2.30417,15.2037
-2.1398,15.3293
-2.30031,15.4799
-2.21704,15.6649
-2.30921,15.8592
-2.4456,16.0158
-2.26384,16.1113
-2.26533,16.3146
-2.3133,16.5109
-2.11228,16.4841
-2.12329,16.6863
-2.12586,16.9082
-2.08655,17.0975
-2.10943,17.2871
-2.13493,17.4999
-2.19506,17.7077
-2.1927,17.903
-2.26435,18.082
-2.08836,18.1958
-1.97569,18.3663
-1.87725,18.5448
-1.82376,18.732
-1.80077,18.9307
-1.68991,19.094
-1.55082,19.2515
-1.63331,19.4488
-1.57479,19.6519
-1.47391,19.8082
-1.46124,20.0253
-1.37753,20.204
-1.31778,20.3929
-1.36361,20.5958
-1.29104,20.7796
-1.41894,20.9379
-1.4294,21.1432
-1.46818,21.3329
-1.39203,21.5367
-1.25047,21.6898
-1.10135,21.8143
-1.24498,21.9447
-1.29659,22.1462
-1.18737,22.3012
-1.12515,22.5029
-1.04485,22.6853
-0.903768,22.8225
-0.749995,22.9648
-0.760462,23.1681
-0.709957,23.3641
-0.81769,23.546
-0.923575,23.7227
-0.829075,23.8978
-0.794145,24.1162
-0.961476,24.2417
-1.10684,24.3551
-0.893352,24.4196
-0.995973,24.6166
-0.898557,24.8046
-0.782608,24.9744
-0.713745,25.1639
-0.801517,25.3729
-0.847455,25.5723
-0.855416,25.7635
-0.853465,25.9688
-0.656445,26.068
-0.765729,26.2433
-0.680257,26.4282
-0.632356,26.622
-0.692978,26.808
-0.655005,27.0277
-0.716036,27.2209
-0.745784,27.423
-0.70855,27.6284
-0.805954,27.8083
-0.785235,28.0079
-0.774446,28.2016
-0.756758,28.4106
-0.587987,28.5173
-0.59938,28.7191
-0.641555,28.9124
-0.713566,29.1021
-0.687448,29.3094
-0.59713,29.4879
-0.632826,29.6857
-0.682694,29.8798
-0.518544,30.0021
-0.435843,30.2029
-0.360463,30.3791
-0.257646,30.5511
-0.291296,30.74
-0.273904,30.9479
-0.224735,31.139
-0.337937,31.321
-0.305318,31.5104
-0.222358,31.7116
-0.232385,31.9129
-0.230714,32.1416
-0.2934,32.3295
-0.138773,32.4835
-0.166209,32.6772
-0.122587,32.8603
-0.00240935,33.03
0.00588037,33.2423
0.0117231,33.4457
-0.0786016,33.6334
0.00762733,33.8119
0.0995853,33.997
0.260703,34.1149
0.399415,34.2806
0.300986,34.4562
0.446169,34.5931
0.454963,34.7931
0.382474,34.9857
0.413601,35.1886
0.423585,35.3916
-3.49976,0.50619
-3.53189,0.710577
-3.37091,0.792796
-3.43019,0.992537
-3.47255,1.19577
-3.50487,1.39901
-3.49823,1.60554
-3.50328,1.808
-3.60517,1.97739
-3.49441,2.14757
-3.34957,2.30653
-3.26669,2.49533
-3.27722,2.69469
-3.24913,2.8985
-3.18053,3.09745
-3.31568,3.24619
-3.40482,3.41981
-3.45087,3.61344
-3.51918,3.80451
-3.48442,4.01738
-3.46745,4.21756
-3.35633,4.38869
-3.2409,4.54857
-3.19103,4.74037
-3.19604,4.94286
-3.12494,5.11891
-3.27856,5.26444
-3.22264,5.46186
-3.13647,5.65038
-3.14219,5.85182
-3.14869,6.04617
-3.03903,6.21272
-2.94203,6.38593
-2.85084,6.56361
-2.91244,6.74766
-2.85581,6.9517
-2.70852,7.10161
-2.63037,7.28015
-2.65499,7.49543
-2.60275,7.71107
-2.63809,7.90421
-2.6732,8.11668
-2.59581,8.3035
-2.65198,8.48823
-2.61975,8.6915
-2.68655,8.88669
-2.47159,8.87771
-2.35025,9.02252
-2.48726,9.17689
-2.55755,9.36767
-2.49338,9.56861
-2.33148,9.69007
-2.20489,9.85638
-2.23265,10.0632
-2.10594,10.2394
-2.01982,10.4185
-2.08514,10.6177
-2.12937,10.8235
-2.22481,10.9991
-2.12788,11.1678
-2.10102,11.3658
-2.27627,11.4716
-2.33989,11.6664
-2.3261,11.8686
-2.20072,12.0407
-2.06591,12.1913
-2.21302,12.3389
-2.06017,12.4769
-1.97804,12.6616
-1.99342,12.8779
-1.92279,13.0615
-1.81795,13.247
-1.97173,13.3707
-1.9475,13.5911
-1.87838,13.7938
-1.9023,13.9976
-1.87949,14.1899
-1.93933,14.3636
-2.04789,14.54
-2.01245,14.7284
-1.96303,14.9286
-1.95641,15.1272
-1.91703,15.3208
-1.80014,15.4751
-1.82352,15.6813
-1.75521,15.8657
-1.83037,16.0532
-1.83522,16.2446
-1.81978,16.4484
-1.73582,16.6452
-1.58448,16.7926
-1.50688,16.9815
-1.51767,17.1978
-1.51156,17.405
-1.39209,17.5563
-1.28162,17.7222
-1.26696,17.9302
-1.19785,18.1137
-1.22008,18.3143
-1.36945,18.4532
-1.33124,18.6494
-1.22088,18.8235
-1.20022,19.0313
-1.10917,19.2197
-1.06635,19.4109
-1.02185,19.6086
-1.02927,19.8156
-0.914608,19.9869
-0.807496,20.1576
-0.774652,20.3607
-0.691763,20.5473
-0.630462,20.7414
-0.628514,20.9537
-0.528966,21.1198
-0.562489,21.3051
-0.638101,21.4925
-0.60774,21.6842
-0.574211,21.8796
-0.584253,22.0876
-0.510913,22.2789
-0.555174,22.4812
-0.446476,22.6359
-0.326772,22.7929
-0.270993,22.9888
-0.322326,23.1856
-0.393758,23.3762
-0.267115,23.5384
-0.183524,23.7353
-0.133461,23.9326
-0.0245853,24.1139
-0.0531664,24.3229
0.0439251,24.4962
0.0549032,24.7001
0.0816841,24.8931
0.117555,25.1017
0.139196,25.3007
0.129435,25.5303
0.18578,25.7141
0.0659024,25.8853
-0.0701787,26.0349
-0.0211489,26.2232
-0.159197,26.4014
-0.0881255,26.5745
-0.13914,26.7813
-0.0510038,26.9694
-0.0429659,27.1683
-0.13885,27.3506
-0.156854,27.545
-0.188592,27.7712
-0.180168,27.9956
-0.0643701,28.165
-0.0775304,28.3839
-0.104147,28.5819
-0.0297398,28.7791
-0.0478438,28.98
-0.087592,29.1983
0.0816445,29.3112
0.148276,29.5011
0.137848,29.7047
0.316962,29.7683
0.421691,29.9562
0.420773,30.1569
0.548383,30.3216
0.681979,30.4812
0.56909,30.6497
0.711651,30.8171
0.748205,31.0087
0.736129,31.197
0.679717,31.3952
0.755634,31.584
0.885136,31.741
0.837899,31.9417
1.01691,32.0347
1.10368,32.2175
0.955505,32.3488
0.963378,32.5647
0.966211,32.7613
0.923312,32.9597
0.840566,33.1433
0.85886,33.3557
0.925332,33.5549
0.997851,33.7351
0.847537,33.8595
0.978002,34.0114
0.930128,34.2188
1.06421,34.3802
1.01706,34.5679
1.19794,34.6577
1.26262,34.8585
1.2852,35.0714
1.39632,35.2455
1.38898,35.4604
1.41354,35.6572
1.44992,35.8588
1.46579,36.0565
1.65734,36.119
1.58019,36.3111
1.69844,36.4691
1.77503,36.6632
1.7234,36.8672
-2.36013,0.293578
-2.47886,0.463912
-2.39628,0.657591
-2.23839,0.786018
-2.23727,0.999858
-2.17544,1.21317
-2.18946,1.41078
-2.26481,1.5976
-2.23475,1.78989
-2.31293,1.9884
-2.37947,2.19237
-2.47466,2.38558
-2.38087,2.55897
-2.3898,2.75801
-2.22178,2.8781
-2.27622,3.07503
-2.22848,3.28458
-2.23828,3.47919
-2.29006,3.67242
-2.26772,3.86642
-2.12684,4.0229
-1.9906,4.16902
-2.01564,4.38111
-1.96103,4.58438
-1.9167,4.77597
-1.72246,4.84648
-1.83897,5.01829
-1.94625,5.20454
-1.94346,5.40581
-1.85907,5.60093
-1.85322,5.80422
-1.82856,5.98382
-1.72069,6.16562
-1.75396,6.37824
-1.68589,6.55711
-1.70542,6.75326
-1.62349,6.94656
-1.52105,7.11626
-1.54507,7.31416
-1.52428,7.51971
-1.43056,7.70772
-1.50299,7.91057
-1.46046,8.10157
-1.5153,8.30146
-1.5309,8.52578
-1.61067,8.69459
-1.4537,8.79904
-1.48275,9.01435
-1.33574,9.16437
-1.20676,9.32264
-1.0567,9.46504
-1.06461,9.66182
-1.21463,9.77954
-1.14069,9.95832
-1.15295,10.1573
-1.04163,10.3223
-1.12181,10.5131
-1.18305,10.7055
-1.38523,10.6951
-1.55797,10.7938
-1.48905,10.9882
-1.36324,11.1449
-1.31634,11.3396
-1.31346,11.529
-1.1787,11.6929
-1.17304,11.8972
-1.212,12.1032
-1.17754,12.3186
-0.990743,12.335
-0.960862,12.5346
-0.942848,12.7369
-0.830803,12.9191
-0.870123,13.1221
-0.865041,13.3281
-0.745893,13.4941
-0.749281,13.6984
-0.691923,13.885
-0.599554,14.0594
-0.71736,14.2333
-0.835236,14.4081
-0.859309,14.6016
-0.934146,14.8016
-0.954547,14.993
-0.958229,15.1975
-0.929931,15.3987
-0.925042,15.6045
-0.768692,15.7394
-0.749638,15.9407
-0.686327,16.1296
-0.703394,16.3302
-0.518945,16.314
-0.335225,16.4175
-0.32234,16.6186
-0.21979,16.7923
-0.212215,16.9935
-0.172731,17.1832
-0.0407518,17.3359
0.0730887,17.4985
0.143997,17.6883
0.161134,17.8995
0.117754,18.1066
0.0206307,18.307
0.129609,18.4717
0.245129,18.6462
0.259823,18.846
0.256382,19.0346
0.273075,19.2341
0.371031,19.4012
0.3816,19.6172
0.329057,19.8058
0.248208,19.9859
0.169284,20.1796
0.189219,20.372
0.242763,20.5745
0.224335,20.769
0.183854,20.9659
0.231237,21.1679
0.184105,21.3665
0.103961,21.5521
-0.0541252,21.6933
-0.148943,21.8707
-0.0435819,22.0412
-0.161019,22.1974
-0.0598024,22.3883
-0.0368414,22.5941
0.100592,22.7451
0.171078,22.9215
0.38626,22.9074
0.373814,23.1164
0.470317,23.2997
0.405341,23.49
0.296366,23.6782
0.361407,23.861
0.454818,24.0391
0.501834,24.2475
0.681236,24.3429
0.68944,24.5528
0.784175,24.73
0.743432,24.9297
0.726015,25.1314
0.887691,25.287
1.00357,25.4645
1.02267,25.6773
1.06378,25.86
1.08744,26.0567
1.25536,26.178
1.36466,26.3474
1.4906,26.4902
1.66053,26.6164
1.84847,26.7175
1.90656,26.9215
1.81549,27.0908
1.87175,27.2838
1.93906,27.4639
1.8805,27.694
1.96024,27.8915
1.93612,28.0848
1.93981,28.3008
1.99071,28.4992
2.12355,28.6459
2.162,28.8426
2.09672,29.0314
1.95989,29.1858
1.99958,29.3876
1.98798,29.5777
1.89901,29.7723
1.76175,29.9156
1.72096,30.1094
1.86511,30.2559
1.95696,30.434
1.97179,30.635
2.09386,30.7985
2.01207,30.989
2.02864,31.1871
2.00045,31.3984
2.09723,31.5782
2.12429,31.7744
2.18186,31.9739
2.23641,32.1844
2.22766,32.406
2.3399,32.5914
2.33188,32.7854
2.53092,32.8333
2.61578,33.01
2.74811,33.1665
2.92612,33.2368
2.8523,33.4244
2.65517,33.5347
2.69917,33.7281
2.70981,33.941
2.73138,34.1487
2.57547,34.2983
2.65052,34.4838
2.84136,34.4742
2.80935,34.6746
2.81019,34.8734
2.81322,35.0721
2.87038,35.2606
2.72089,35.3992
2.72897,35.609
-1.19034,0.344034
-1.38103,0.447448
-1.3586,0.650882
-1.36535,0.882721
-1.35204,1.08854
-1.16102,1.1709
-1.27179,1.33344
-1.27492,1.54294
-1.14063,1.69305
-1.30856,1.80596
-1.16404,1.95322
-1.32164,2.07363
-1.36315,2.27285
-1.32343,2.48169
-1.29489,2.68037
-1.30967,2.8789
-1.22525,3.05952
-1.1591,3.28238
-1.21845,3.46781
-1.03122,3.53788
-1.13473,3.73472
-1.15973,3.93763
-1.07109,4.11359
-0.871202,4.20149
-1.02549,4.30877
-1.073,4.51541
-1.01995,4.72222
-1.05279,4.93267
-1.04024,5.1288
-0.880887,5.25249
-0.928735,5.45051
-1.07236,5.58374
-1.09519,5.78496
-1.14541,6.0001
-1.08899,6.20586
-1.08169,6.41421
-1.00974,6.61486
-0.977314,6.81354
-0.903114,7.01126
-0.824288,7.18625
-0.680382,7.33812
-0.845681,7.43411
-1.02069,7.56073
-1.12738,7.74411
-1.13822,7.94111
-1.07042,8.12514
-0.965246,8.27839
-0.981223,8.48731
-1.07759,8.65812
-0.908645,8.77225
-0.808244,8.9336
-0.841111,9.14019
-0.746368,9.31306
-0.748258,9.52652
-0.771513,9.71784
-0.592413,9.81049
-0.532451,10.014
-0.628535,10.1913
-0.56053,10.3868
-0.609352,10.5893
-0.680048,10.7733
-0.525266,10.8982
-0.48237,11.1197
-0.500078,11.3198
-0.578539,11.5063
-0.544246,11.6977
-0.438959,11.8705
-0.377064,12.079
-0.324231,12.279
-0.28905,12.4897
-0.0769421,12.4604
-0.16155,12.647
-0.156863,12.8749
-0.191789,13.0718
-0.0710702,13.2286
-0.0382492,13.4428
0.0936057,13.6187
0.0654137,13.8296
-0.053352,13.9888
0.0091077,14.1808
0.105771,14.3496
0.00943932,14.5197
0.0697465,14.7166
0.0167211,14.9173
0.105801,15.0925
-0.0106464,15.2668
0.134525,15.4068
0.035722,15.6017
0.0626458,15.8008
0.0242276,16.0023
0.0754863,16.2067
0.120948,16.4157
0.104166,16.6155
0.239795,16.7735
0.356435,16.9542
0.323239,17.1436
0.512525,17.2214
0.649407,17.3701
0.68616,17.5686
0.841073,17.7015
0.95913,17.8684
1.04581,18.0562
1.11268,18.249
0.97451,18.3945
0.993396,18.5971
1.12127,18.7517
1.15442,18.9692
1.15658,19.1697
1.12216,19.3788
1.24666,19.5473
1.42183,19.6871
1.51714,19.8383
1.54669,20.0462
1.72487,20.143
1.6305,20.3304
1.5434,20.5083
1.62807,20.6952
1.67963,20.8937
1.62845,21.0898
1.65437,21.2756
1.66022,21.4705
1.85246,21.4884
1.93581,21.6593
1.94712,21.8577
2.10268,21.9995
2.16315,22.1969
2.12663,22.415
2.12396,22.6152
2.19044,22.8127
2.24789,23.0088
2.2304,23.2109
2.25975,23.4121
2.23834,23.6079
2.28898,23.805
2.22013,23.9842
2.26021,24.1971
2.25449,24.3999
2.18166,24.5793
2.2588,24.7681
2.14807,24.9299
2.20643,25.1307
2.31367,25.3135
2.42172,25.4908
2.37327,25.7083
2.41106,25.8913
2.60195,26.002
2.6679,26.1733
2.63677,26.3806
2.59572,26.5812
2.54748,26.7831
2.59239,26.9884
2.56218,27.1838
2.60732,27.3667
2.7359,27.5241
2.82675,27.7151
3.0223,27.7327
3.09413,27.9151
3.08075,28.1213
3.2149,28.2856
3.24978,28.4812
3.25414,28.6815
3.248,28.8891
3.21227,29.0816
3.17736,29.2795
3.16506,29.4901
3.02248,29.6468
2.94456,29.8394
2.91026,30.0421
3.07754,30.1555
3.06227,30.3547
3.05061,30.545
2.95206,30.7193
3.02138,30.8984
2.99008,31.1087
3.05197,31.3021
3.02555,31.5014
3.0947,31.6909
3.13686,31.8887
3.23648,32.0716
3.31367,32.2625
3.40398,32.424
3.31834,32.6006
3.23582,32.7983
3.28791,32.993
3.37526,33.1809
3.31026,33.3647
3.40509,33.5395
3.48533,33.7412
3.33941,33.893
3.23955,34.0673
3.34892,34.2442
3.45186,34.4302
3.5751,34.5858
3.50864,34.7707
3.47117,34.9651
3.52556,35.1668
3.55012,35.3686
3.65923,35.5534
3.81678,35.6754
3.66479,35.7933
-0.440804,0.153775
-0.353354,0.338784
-0.504516,0.435634
-0.382276,0.618046
-0.486884,0.789853
-0.370924,0.958747
-0.193649,1.09241
-0.186687,1.29973
-0.0689681,1.43797
-0.0614249,1.62698
-0.0475914,1.82615
-0.133701,2.01977
-0.0912665,2.22897
-0.0298724,2.41133
-0.0395054,2.61273
0.0240209,2.80383
0.0309931,3.00749
-0.00569398,3.20951
0.0192738,3.40505
-0.0121201,3.62362
-0.0375988,3.82902
0.0479175,4.02767
-0.0689456,4.18925
-0.0145521,4.39314
-0.0977212,4.5827
-0.243092,4.69711
-0.114003,4.85727
-0.110046,5.07891
-0.272094,5.19053
-0.126426,5.31936
-0.144651,5.52977
-0.147256,5.7306
-0.277842,5.90531
-0.287569,6.10925
-0.254908,6.30633
-0.126851,6.49763
-0.0115204,6.68396
-0.00489766,6.8948
-0.202541,6.89083
-0.315119,7.08119
-0.330927,7.27654
-0.252474,7.47517
-0.0681909,7.55597
-0.0202778,7.7505
-0.0157762,7.95186
-0.00286155,8.15578
0.0270999,8.33106
0.156897,8.48527
0.230159,8.68685
0.341424,8.86407
0.376477,9.06869
0.316087,9.28093
0.373458,9.47092
0.469628,9.6295
0.473719,9.84119
0.608149,10.0017
0.429259,10.1197
0.437237,10.3156
0.363758,10.5078
0.376904,10.7022
0.453388,10.8959
0.395102,11.0867
0.433822,11.2796
0.366976,11.4878
0.480355,11.6549
0.451245,11.865
0.651187,11.9316
0.572033,12.1243
0.71874,12.2681
0.860968,12.4069
0.944745,12.5869
0.833053,12.7687
0.836689,12.972
0.734877,13.1424
0.900611,13.2525
0.950703,13.4468
0.977891,13.6347
0.996552,13.8518
0.945671,14.059
0.9716,14.2587
0.970789,14.4506
1.02782,14.6395
0.953296,14.8336
0.905193,15.0299
0.969228,15.2218
0.996433,15.417
1.0644,15.6275
1.14814,15.8058
1.22711,15.9962
1.2161,16.2075
1.21914,16.405
1.20587,16.6077
1.13384,16.7964
1.34261,16.7667
1.55971,16.8228
1.58882,17.0244
1.54161,17.22
1.58136,17.4145
1.68084,17.5901
1.80441,17.7638
1.87581,17.9513
1.88004,18.1604
1.76761,18.3368
1.84738,18.5243
1.9186,18.7351
2.01161,18.9198
2.09827,19.1013
2.18174,19.2983
2.05077,19.4506
2.17568,19.6208
1.99781,19.7323
2.05787,19.927
2.2014,20.0642
2.18061,20.2548
2.23315,20.4386
2.24326,20.6499
2.351,20.8172
2.23257,20.9764
2.32496,21.1425
2.21763,21.3249
2.23321,21.5156
2.352,21.6861
2.44866,21.8535
2.58079,22.0253
2.52474,22.2219
2.69171,22.3538
2.76043,22.5578
2.9247,22.6628
2.82294,22.8199
2.84051,23.0156
3.03736,23.0775
3.07078,23.2758
3.09435,23.4741
3.21874,23.6388
3.33539,23.7949
3.25524,23.9697
3.12151,24.1277
3.00235,24.3066
3.02619,24.5035
3.2176,24.5788
3.30519,24.7502
3.51018,24.7427
3.54499,24.9384
3.73977,25.0493
3.67562,25.2382
3.63431,25.446
3.5132,25.6177
3.65796,25.7648
3.66219,25.9698
3.69508,26.1527
3.79629,26.3176
3.73381,26.5081
3.78058,26.727
3.70401,26.9175
3.74683,27.1333
3.73999,27.3468
3.81385,27.5525
3.88411,27.7483
3.84516,27.9603
3.87818,28.1558
3.89005,28.3631
3.98867,28.5412
4.02068,28.742
4.00267,28.9448
3.97506,29.1458
3.84592,29.2936
3.95049,29.4599
3.99983,29.6505
4.01563,29.8559
4.05059,30.0698
4.1065,30.2608
3.97655,30.4129
4.11332,30.5441
4.25178,30.7074
4.2348,30.9239
4.27088,31.1217
4.23257,31.34
4.26802,31.5449
4.36435,31.72
4.48858,31.8639
4.42718,32.0576
4.49322,32.2455
4.40049,32.4375
4.36097,32.6243
4.36343,32.828
4.45566,33.0247
4.5193,33.2263
4.44029,33.4305
4.47003,33.6462
4.43132,33.8267
4.36251,34.0095
4.45649,34.2047
4.50333,34.4081
4.57131,34.5955
4.56086,34.8214
4.73476,34.9327
4.76867,35.1301
4.85163,35.3185
4.9502,35.4916
4.91263,35.6887
1.52748,0.511224
1.58453,0.698589
1.5057,0.898208
1.60685,1.08674
1.63598,1.28083
1.73963,1.46433
1.90784,1.59581
1.92431,1.81885
1.88107,2.01808
1.9335,2.22121
2.02769,2.39473
2.06393,2.59882
1.94266,2.75893
2.07302,2.92581
2.16903,3.09913
2.12614,3.30149
1.93947,3.4149
1.98553,3.6209
2.0259,3.81626
2.09202,4.0084
1.94334,4.15283
1.81265,4.30223
1.7893,4.48908
1.72804,4.675
1.86628,4.81893
1.75975,4.99459
1.83106,5.1846
1.75323,5.37669
1.9301,5.43934
1.97529,5.64253
2.00907,5.8479
2.04501,6.03495
2.02636,6.23214
2.09305,6.43219
2.18967,6.60866
2.06136,6.75145
2.16825,6.92248
1.99507,7.05375
2.01888,7.25681
2.04961,7.45729
1.83979,7.45198
1.87477,7.66038
1.87202,7.87492
1.96671,8.0622
1.93274,8.26488
1.89775,8.47078
1.77752,8.61878
1.70368,8.81293
1.72979,9.00727
1.54865,8.96083
1.37848,9.10095
1.44629,9.30408
1.57731,9.46414
1.49967,9.68495
1.6014,9.87424
1.78283,9.96939
1.70023,10.1591
1.63944,10.3474
1.75743,10.5073
1.72265,10.7199
1.60491,10.8798
1.61766,11.0697
1.60538,11.2785
1.54944,11.4858
1.7023,11.6184
1.7032,11.8222
1.81875,11.9751
1.85508,12.1587
1.68652,12.3001
1.82755,12.4304
2.00302,12.5447
1.87205,12.689
1.79704,12.8909
1.98086,12.9705
1.87672,13.1487
1.91008,13.3464
1.88793,13.5383
1.91548,13.7346
2.11216,13.7722
2.12691,13.9723
2.05298,14.1645
1.89907,14.2925
1.83889,14.4859
1.95316,14.6593
2.09618,14.8213
2.16498,15.0139
2.10283,15.2145
2.16271,15.4006
2.14175,15.6011
2.33813,15.65
2.48505,15.7984
2.5958,15.9631
2.54466,16.1638
2.74975,16.2298
2.76368,16.4381
2.66383,16.6031
2.61039,16.7967
2.6251,16.9984
2.65287,17.1944
2.74365,17.3716
2.90841,17.4916
3.03345,17.6476
3.01685,17.8521
3.0993,18.0352
3.23234,18.208
3.29669,18.4049
3.23627,18.5836
3.33799,18.7673
3.16715,18.863
3.2952,19.0291
3.29894,19.2224
3.36213,19.4141
3.54586,19.4781
3.42559,19.6402
3.58749,19.7721
3.65855,19.9599
3.54013,20.1232
3.57172,20.339
3.51811,20.5422
3.68252,20.6782
3.78902,20.854
3.70707,21.0421
3.90061,21.0559
3.88985,21.2617
4.00181,21.4442
4.09868,21.6216
4.15448,21.8136
4.03358,21.9725
4.15017,22.1433
4.08977,22.3454
4.04568,22.5402
3.94383,22.7299
4.06505,22.8839
4.0926,23.0993
3.93329,23.2317
4.11808,23.3215
4.16257,23.5289
4.19893,23.7263
4.22891,23.9285
4.17048,24.1208
4.05505,24.2996
4.08907,24.4982
4.17897,24.6704
4.17611,24.867
4.00925,24.973
3.99459,25.1937
3.95981,25.3951
3.93598,25.5919
4.03081,25.7664
4.02211,25.9757
4.13968,26.134
4.2509,26.3063
4.2171,26.523
4.26733,26.7212
4.27193,26.9154
4.36941,27.0893
4.51135,27.2348
4.41351,27.4137
4.40276,27.6062
4.56214,27.722
4.73695,27.6362
4.86238,27.7907
4.80004,27.9927
4.73337,28.2018
4.5505,28.2908
4.70588,28.4713
4.89896,28.5828
5.02515,28.7289
4.95828,28.9071
4.95407,29.1041
5.1178,29.2301
5.21777,29.4047
5.17727,29.6112
5.36732,29.6796
5.29607,29.878
5.40798,30.0374
5.32086,30.2195
5.21202,30.3847
5.31248,30.5491
5.31498,30.7515
5.26356,30.9358
5.17104,31.1124
5.24639,31.3059
5.18465,31.4939
5.06958,31.6601
5.20432,31.8187
5.18449,32.0145
5.27499,32.1916
5.1389,32.3343
5.08259,32.5531
5.18136,32.7304
5.24333,32.9317
5.39504,33.0707
-5.45126,33.1997
-5.45596,33.404
-5.48681,33.6043
5.4949,33.8085
5.33891,33.9551
-5.49424,34.0775
5.32706,34.1825
