parameters (x,y,w,h,rx,ry):-5,0,10.000000,40.000000,100,100
55,57,49,36,27,21,41,51,62,61,78,57,40,37,48,36,43,50,56,59,62,55,51,37,35,33,37,46,51,63,55,60,50,35,37,32,46,49,45,65,58,34,52,38,28,42,46,62,65,64,61,60,43,43,34,37,50,59,69,66,53,51,46,40,38,38,47,53,44,57,60,66,56,25,33,40,39,43,42,52,63,72,42,43,35,32,48,40,65,51,58,48,39,31,30,34,31,63,61,66
128,124,100,90,82,65,83,111,153,158,155,130,92,91,67,75,88,121,126,119,161,136,128,88,57,75,89,107,136,151,166,150,106,74,78,59,85,133,164,152,147,113,93,76,58,81,115,126,134,150,152,121,93,75,73,71,89,130,145,159,124,123,103,98,87,86,91,113,140,137,151,137,103,69,55,81,94,98,133,148,155,126,130,82,73,74,84,123,160,132,143,127,100,88,61,67,103,120,145,170
159,136,98,65,67,70,94,128,150,150,157,152,89,75,45,64,94,115,137,154,135,172,134,61,63,73,88,89,148,167,175,132,104,59,64,83,93,132,172,175,132,118,83,76,46,81,90,132,150,164,164,113,91,86,59,59,89,122,159,173,161,157,103,82,77,65,82,114,148,163,170,137,77,83,55,81,69,108,141,152,166,137,101,78,64,69,91,122,153,160,151,128,107,67,70,61,89,122,158,179
167,135,95,67,50,55,78,137,155,156,180,143,90,76,50,49,73,127,163,167,144,140,109,74,62,66,71,93,137,195,180,155,94,65,58,65,85,135,168,173,159,127,93,54,40,61,93,108,158,183,174,116,90,80,54,71,83,135,155,153,161,146,115,78,52,65,68,125,155,170,157,130,96,79,56,62,73,119,141,163,170,144,99,70,64,55,74,111,163,185,158,146,81,74,56,53,81,130,149,186
168,145,110,64,38,66,92,120,160,184,189,126,109,67,45,48,69,127,167,174,164,147,102,66,52,62,72,97,152,199,166,139,94,74,52,58,81,121,170,168,197,118,92,54,52,47,75,110,137,177,210,130,69,79,46,69,91,127,152,175,175,138,110,61,65,72,70,110,158,161,171,156,95,67,52,68,73,105,156,172,164,135,112,69,55,71,68,104,163,176,192,137,100,48,53,46,88,126,147,199
204,144,113,46,40,52,89,117,162,177,179,145,91,63,42,45,84,102,159,178,190,153,79,63,57,63,68,110,156,199,182,155,94,57,59,45,69,120,181,185,189,130,95,53,49,50,88,99,152,178,188,128,80,79,57,60,89,119,152,186,176,140,96,69,56,58,92,103,130,155,166,142,112,66,53,53,66,112,162,166,183,150,85,46,62,47,69,104,182,181,158,130,109,62,50,65,72,110,174,166
208,145,105,56,33,42,78,139,173,202,181,124,103,58,43,55,74,127,153,188,179,128,99,72,45,60,72,118,148,182,178,158,96,51,42,55,71,111,147,198,209,150,59,59,49,49,70,101,161,194,200,140,100,64,44,52,87,141,168,184,163,119,102,59,63,59,99,110,141,173,164,152,102,65,49,62,65,116,149,173,203,135,95,68,36,49,75,102,161,181,181,135,101,68,44,52,81,111,169,181
171,158,107,51,33,48,77,127,157,190,180,138,97,49,45,55,73,108,160,202,176,153,89,67,45,52,64,106,155,175,200,143,115,63,42,46,71,105,155,183,196,156,98,55,38,49,83,113,156,184,199,145,81,45,45,64,79,146,173,177,174,134,100,46,49,55,82,111,167,154,180,140,107,59,56,60,61,96,174,171,179,166,103,64,41,44,71,113,142,182,188,150,94,76,43,51,70,118,164,200
205,154,74,55,38,48,66,108,148,204,207,136,98,65,37,34,73,135,165,178,197,130,118,54,45,47,66,129,146,180,196,150,98,54,38,42,58,119,154,204,177,165,109,54,33,47,64,113,162,184,181,151,82,60,44,52,85,122,177,200,171,144,92,54,40,54,80,115,140,179,194,140,103,75,56,38,68,86,178,169,194,167,110,52,36,46,68,101,161,202,168,149,106,68,55,52,85,125,156,198
195,137,110,62,35,34,63,119,152,191,203,136,119,55,27,37,75,123,173,183,177,166,106,44,44,66,67,126,150,190,179,140,112,50,31,28,69,110,158,192,208,138,116,59,36,35,64,119,168,168,195,142,97,65,43,40,65,130,162,215,172,141,82,68,33,51,67,98,171,200,155,149,110,57,51,40,57,106,166,178,201,159,104,62,35,37,59,98,143,189,179,140,107,80,58,58,73,108,168,198
174,149,97,56,37,38,62,150,160,178,179,142,115,52,39,40,84,113,150,213,186,152,94,65,41,46,83,105,188,179,181,154,95,60,41,37,50,124,167,186,204,142,93,56,40,42,75,106,180,188,196,151,85,57,38,49,78,133,167,191,190,149,91,51,35,51,68,115,167,180,182,160,90,49,45,43,58,99,180,218,201,146,110,53,36,31,68,107,157,205,176,136,103,62,51,54,75,115,183,190
191,146,101,58,35,37,76,115,182,187,183,134,99,65,29,45,66,103,161,193,208,150,109,64,45,36,75,106,179,186,202,138,104,52,39,28,52,122,158,195,193,161,88,61,33,47,65,114,152,177,201,148,98,57,39,37,73,125,166,180,179,146,107,66,38,50,66,113,163,192,190,142,106,68,41,30,44,121,165,205,220,158,93,53,36,29,68,101,162,206,176,144,100,70,40,45,71,125,169,200
184,153,96,60,32,37,64,112,162,211,183,151,92,55,36,44,63,112,175,200,183,183,86,59,34,31,71,107,181,213,193,133,86,53,34,36,52,110,165,198,216,147,98,52,30,39,59,112,137,201,220,148,117,62,30,36,60,122,167,196,175,159,114,51,37,49,65,111,152,190,209,134,107,56,40,43,46,101,155,219,221,167,87,42,33,32,61,130,158,189,179,152,106,65,46,60,45,100,194,212
206,158,88,48,31,46,48,102,166,209,182,149,118,58,33,41,71,112,162,205,211,158,88,72,42,28,51,114,165,242,209,144,72,49,36,37,54,112,162,183,208,137,112,64,39,26,64,99,177,192,215,144,105,57,36,43,66,95,170,212,181,142,105,64,44,38,65,102,175,193,173,165,108,60,31,44,65,95,177,206,203,147,118,48,22,29,83,110,170,187,180,152,103,44,62,39,61,95,174,214
197,149,90,55,33,38,60,110,150,198,204,173,90,71,39,43,67,92,173,189,195,165,101,60,32,41,78,120,154,211,215,131,85,45,35,27,55,118,167,203,192,154,110,68,46,39,57,125,151,179,213,158,100,54,46,42,69,87,155,212,181,162,97,52,38,37,68,103,163,184,195,147,102,59,47,36,74,100,166,212,189,154,108,63,26,31,50,114,156,189,192,160,100,54,38,42,61,93,182,229
189,142,88,62,38,38,68,108,146,186,192,164,100,67,39,43,67,92,175,195,194,151,126,53,29,45,64,91,189,218,203,135,91,57,36,28,53,109,155,195,191,150,121,58,35,39,68,106,159,216,179,148,87,73,48,47,52,106,182,188,207,136,98,67,30,37,67,111,164,191,194,124,94,59,53,39,65,126,154,200,173,155,104,62,31,32,51,90,162,198,195,144,99,67,33,33,63,113,160,231
216,150,110,55,33,39,77,94,160,185,194,155,104,64,49,40,43,99,174,233,177,155,105,53,34,31,58,111,185,214,195,146,102,51,24,33,55,109,155,206,191,167,113,56,34,41,54,106,186,200,186,142,90,61,33,43,54,115,175,198,204,150,91,58,28,28,73,115,171,197,193,144,94,62,45,32,60,119,171,217,200,143,92,56,23,43,54,101,163,207,184,149,112,53,40,41,71,121,155,189
180,173,120,60,36,40,80,109,132,182,209,151,93,70,39,40,60,104,155,220,188,158,115,47,27,23,65,102,160,234,193,165,95,48,36,22,59,109,156,213,183,159,108,55,54,42,67,110,150,201,223,143,83,56,39,39,54,105,181,194,186,154,102,63,34,42,66,118,155,173,190,147,97,66,54,34,61,118,166,198,197,163,94,54,29,30,62,98,152,210,200,162,95,68,38,39,50,107,162,217
205,145,102,66,34,53,73,112,155,177,194,150,97,77,35,33,56,122,167,190,215,166,112,41,30,31,51,96,141,236,216,158,96,51,35,28,53,105,133,224,189,179,105,64,42,33,64,108,180,195,209,167,98,43,34,34,55,103,164,185,208,174,97,63,38,45,52,109,153,192,182,156,101,71,39,40,66,106,174,202,188,154,113,48,32,42,53,91,168,192,211,161,98,47,45,30,62,110,158,199
205,155,102,68,36,43,66,121,146,175,185,167,108,63,36,35,58,100,148,225,206,152,97,54,27,29,58,101,164,211,223,150,85,49,29,31,47,111,157,201,209,144,120,70,36,31,65,98,164,199,221,159,88,60,27,28,59,100,147,239,193,152,106,56,38,36,74,108,156,175,167,178,102,65,46,33,68,115,179,202,200,146,88,61,22,35,68,109,153,161,216,177,106,53,44,41,53,94,149,212
223,168,109,58,45,49,74,122,146,179,178,155,131,58,39,40,58,114,205,203,178,161,88,62,25,37,62,108,154,230,179,166,88,50,38,25,60,91,167,183,203,174,103,70,43,41,66,99,147,180,218,162,111,66,20,34,59,108,172,217,194,166,95,58,28,36,55,111,158,209,186,151,90,54,42,42,67,114,147,211,192,148,121,73,15,31,69,119,141,183,201,160,106,64,42,36,51,82,146,191
196,165,115,67,37,51,63,120,158,184,188,175,95,68,21,34,64,106,200,204,183,149,98,58,39,30,68,118,174,214,201,131,95,47,23,47,55,100,154,185,189,183,104,61,31,35,52,95,173,176,215,176,112,52,35,25,67,101,164,193,182,173,101,60,29,33,71,102,167,221,175,160,99,56,32,38,70,119,161,171,189,156,114,64,37,31,78,91,144,184,192,162,117,76,39,41,38,102,132,222
195,171,126,71,30,51,64,106,160,200,198,151,95,62,30,37,71,98,167,215,218,134,94,55,32,41,66,112,150,211,214,141,89,49,34,38,60,93,161,202,198,174,117,58,42,37,45,89,157,186,227,174,102,40,39,39,51,116,185,186,221,144,94,52,34,41,77,98,161,208,209,157,81,48,36,36,62,112,176,186,193,145,108,69,40,32,62,95,154,174,190,163,114,77,49,34,46,96,159,189
171,167,132,76,31,43,68,107,139,208,203,161,109,58,29,29,61,104,174,208,198,156,98,56,35,38,56,124,161,181,209,172,87,39,42,43,45,97,163,194,181,160,103,63,54,41,57,77,158,199,225,183,104,55,32,29,48,123,153,230,203,142,88,51,40,36,55,111,170,213,202,165,99,57,38,38,47,99,181,201,205,145,95,49,40,39,54,86,146,185,175,168,116,82,47,45,47,73,144,220
201,179,101,55,40,43,59,98,147,192,213,172,120,43,35,34,62,103,161,202,200,165,108,52,40,42,51,120,177,177,206,168,102,52,25,34,59,105,154,199,186,146,101,67,42,37,55,80,127,237,215,182,101,55,53,39,69,108,152,211,190,160,87,50,39,24,63,103,164,208,216,158,113,40,31,35,54,103,162,218,207,144,89,57,42,44,54,79,132,192,198,180,102,75,54,35,57,70,151,209
209,162,115,44,41,28,57,105,168,191,216,165,79,42,45,40,62,107,133,212,205,162,95,66,46,46,72,98,170,202,198,175,85,50,29,37,54,104,169,191,215,146,93,62,40,37,57,76,138,211,228,179,108,48,42,56,59,96,177,194,205,141,92,56,25,40,54,93,174,212,233,161,91,50,39,36,63,107,150,187,227,153,96,53,36,41,45,93,136,194,202,181,98,75,44,44,59,98,162,193
216,142,114,64,24,35,58,88,164,205,219,139,115,53,32,38,56,76,164,196,196,174,101,78,33,37,68,101,157,210,210,157,93,59,23,38,57,102,153,225,193,163,100,57,38,36,47,97,152,203,224,162,104,48,32,49,65,125,166,194,195,173,78,62,31,38,55,104,156,227,219,143,103,48,39,27,65,107,128,203,202,181,99,57,32,42,58,93,152,199,197,174,107,54,38,43,52,85,171,213
194,168,97,64,36,46,64,97,150,193,201,170,112,55,39,37,61,109,123,205,203,172,113,62,39,33,69,112,180,194,219,151,96,48,31,30,72,88,164,190,204,171,89,66,29,35,52,104,168,196,212,154,87,58,33,44,61,128,148,187,200,164,102,55,28,33,75,118,153,194,202,151,100,57,40,24,63,89,144,184,201,174,102,58,38,43,52,89,164,214,216,164,106,49,40,43,53,106,152,200
180,150,93,66,39,39,62,91,140,201,184,174,113,52,42,27,58,122,129,197,219,152,118,63,27,34,66,114,159,204,186,162,99,43,40,47,52,97,155,195,211,166,103,42,42,37,51,80,159,215,216,161,92,62,35,26,76,126,141,210,186,144,109,49,43,27,48,114,189,185,208,159,81,53,37,45,48,95,164,185,177,167,125,63,37,31,54,82,160,199,200,204,104,55,39,45,54,112,172,210
188,130,98,66,40,30,62,110,167,191,178,161,105,63,40,29,57,113,152,194,199,174,104,67,33,37,62,110,154,220,207,156,110,35,44,46,62,85,173,172,201,198,96,55,28,50,47,99,166,227,189,148,105,70,32,33,70,106,181,173,204,170,101,58,38,27,56,88,181,202,190,163,113,60,39,33,47,94,148,202,194,161,120,57,42,36,47,94,149,196,225,185,108,55,29,42,51,114,195,203
197,163,83,59,34,38,46,87,173,207,208,155,75,69,47,37,59,108,160,211,213,153,86,64,37,30,67,96,146,223,189,165,94,53,30,41,62,93,140,212,205,156,91,65,36,44,63,90,170,196,215,154,98,61,45,44,46,105,174,214,179,147,105,65,29,36,61,89,149,203,204,153,117,68,36,28,57,93,141,187,231,160,84,60,33,30,62,86,161,211,218,157,109,56,37,39,57,116,170,215
213,169,92,52,33,28,45,92,174,202,215,171,78,48,38,35,60,105,140,243,206,154,111,62,31,44,53,117,167,210,185,168,83,54,29,42,62,87,174,194,189,155,99,60,48,46,62,99,168,205,202,166,92,61,35,49,54,109,184,189,196,156,89,59,40,31,62,87,177,186,202,161,100,64,59,42,58,92,156,190,174,183,111,44,28,25,60,94,161,213,186,176,93,62,44,39,57,104,158,189
222,166,96,56,28,34,45,95,173,193,216,174,86,51,39,36,63,101,140,201,225,161,82,62,37,34,64,99,174,194,200,164,91,62,32,33,72,96,159,171,206,144,103,79,43,33,73,106,164,196,212,141,98,58,42,41,70,99,165,210,202,156,106,54,27,24,61,111,153,194,191,168,118,60,46,30,65,115,151,216,189,151,100,49,31,19,64,114,153,226,207,137,106,64,38,30,55,101,167,206
210,180,85,65,41,34,47,109,164,197,220,150,98,60,26,53,48,102,161,214,219,154,104,72,35,39,55,101,158,193,222,174,97,47,31,36,71,112,150,208,173,161,102,56,38,48,70,117,153,193,192,142,94,71,30,35,62,108,175,205,192,143,96,61,33,41,48,110,135,207,190,164,107,60,37,37,68,111,142,211,194,153,104,46,40,34,51,98,139,197,210,174,132,55,45,29,61,97,158,174
206,166,94,44,41,42,61,103,150,194,175,161,116,60,40,33,66,77,156,194,198,181,111,64,40,37,66,98,129,231,215,158,87,59,46,36,55,99,169,194,212,163,82,53,39,60,69,105,166,175,196,159,101,67,39,38,53,115,168,197,191,132,95,65,37,42,64,85,156,203,222,157,101,53,26,36,71,112,158,191,205,156,95,39,35,40,45,107,155,200,187,179,115,64,44,39,49,105,168,203
216,144,92,69,31,43,54,111,147,187,192,156,116,72,31,36,51,78,146,214,193,172,122,67,40,36,53,116,170,183,207,148,101,57,40,27,61,100,167,194,213,149,90,50,34,43,83,90,170,189,217,148,100,69,43,41,62,101,160,209,210,133,109,48,35,41,48,88,158,208,227,162,96,46,27,32,67,102,177,222,203,136,101,58,37,36,63,109,131,192,197,180,109,60,51,39,71,81,161,199
203,127,105,57,37,47,63,107,162,183,184,144,107,78,36,27,56,95,143,198,198,166,129,75,38,33,51,116,159,200,200,153,102,52,31,38,66,117,152,215,217,153,80,52,32,42,60,109,171,199,178,157,95,73,41,33,57,113,161,209,215,153,96,50,30,33,57,98,168,235,188,167,83,51,43,36,58,105,163,235,220,155,84,42,47,33,59,87,149,184,216,179,120,56,37,45,65,97,169,212
200,172,98,56,42,37,51,115,164,204,177,169,108,65,29,36,53,89,150,185,207,190,117,65,30,27,57,115,173,201,190,154,94,61,25,36,66,120,160,205,189,156,108,59,29,38,67,112,153,200,184,170,99,52,32,34,61,118,144,210,221,141,114,56,34,34,60,95,169,206,190,148,113,61,46,31,53,101,170,206,203,153,103,52,40,33,52,93,163,201,177,185,121,61,27,39,72,82,163,190
209,152,111,59,41,25,57,94,186,195,204,178,77,62,36,33,57,97,143,190,205,175,124,59,27,32,76,116,180,191,206,174,91,47,31,44,69,107,172,207,199,139,108,60,25,43,71,119,179,184,212,133,106,60,30,37,54,108,164,221,188,178,102,47,27,38,59,100,150,210,191,146,106,76,38,25,63,99,167,202,215,153,105,50,27,39,51,98,150,190,194,189,121,53,32,34,57,86,165,187
206,163,92,58,40,43,53,123,143,192,211,172,105,49,39,34,55,97,154,204,198,174,96,77,36,37,63,114,179,200,198,133,104,53,26,47,60,122,166,198,183,154,93,65,24,38,70,119,153,187,179,168,92,61,43,32,71,107,158,181,206,169,119,51,21,34,54,83,174,233,208,166,87,55,25,46,67,120,158,213,165,165,88,49,42,50,49,81,168,211,198,144,115,77,32,32,56,79,156,231
192,153,107,57,38,37,61,120,158,202,203,156,87,55,29,38,60,106,169,161,216,144,108,73,41,40,68,116,173,207,189,148,96,51,46,39,72,102,166,188,179,159,102,60,41,42,67,115,165,174,171,156,90,76,44,45,59,103,168,193,197,167,106,59,41,37,50,93,153,220,199,179,106,52,34,25,59,119,176,231,190,138,82,46,44,53,43,114,160,202,202,159,91,62,38,37,58,97,166,199
198,173,89,65,37,34,58,119,181,209,208,144,90,56,28,39,41,109,148,190,186,178,129,61,38,28,62,108,176,221,204,145,88,59,35,34,53,132,153,205,187,163,91,61,40,41,60,118,146,159,194,172,94,60,47,44,67,114,160,203,195,150,94,57,37,30,53,108,147,213,225,150,105,50,40,28,60,101,170,227,183,162,79,62,46,41,57,96,177,214,187,133,108,77,36,32,59,98,152,194
195,131,112,63,45,26,70,118,170,206,210,143,86,48,39,24,60,119,147,175,192,173,113,73,31,36,49,114,166,228,209,155,85,55,31,41,60,136,160,182,216,155,101,44,42,40,74,119,150,188,184,168,113,59,43,50,57,106,170,207,180,135,96,79,31,32,56,96,194,195,237,137,92,54,28,27,67,112,160,228,188,157,105,50,39,41,71,102,170,208,180,134,115,60,38,38,55,103,145,222
209,135,104,44,44,38,64,105,161,221,207,153,101,44,36,33,55,88,175,193,182,167,98,74,44,44,44,114,161,210,193,174,101,52,35,37,59,106,188,182,193,172,90,59,33,57,52,90,168,194,187,172,106,68,38,33,55,119,187,185,193,150,89,51,37,34,48,121,153,213,218,135,98,52,38,28,64,124,174,223,188,150,94,65,46,44,71,111,157,189,204,143,94,64,41,39,64,112,158,193
157,146,96,54,35,31,62,118,151,210,184,173,89,54,27,40,62,97,158,192,195,153,122,59,37,42,45,99,166,232,191,144,119,54,25,35,69,106,144,234,178,158,90,56,35,53,58,105,151,186,216,150,103,60,38,37,55,115,160,203,203,146,80,56,34,36,39,113,182,209,183,150,95,42,46,32,60,110,163,229,198,147,100,51,40,40,70,102,151,219,190,144,106,47,37,40,79,109,174,217
200,113,90,64,38,43,57,111,141,183,212,179,93,60,35,33,64,105,150,188,197,159,109,53,44,36,52,110,160,217,198,165,98,64,28,36,67,106,158,218,184,140,103,67,38,40,67,82,138,215,226,152,106,53,34,34,62,117,161,205,212,146,86,62,33,35,72,106,168,201,184,174,95,43,36,37,68,100,161,215,214,142,93,51,48,37,57,104,175,210,201,144,100,61,34,31,59,128,181,193
191,155,98,56,36,35,70,100,136,178,236,173,118,63,35,33,65,103,171,194,178,157,109,68,32,34,47,118,180,217,189,143,113,58,25,37,72,104,177,195,191,143,104,77,31,32,58,119,170,196,182,183,89,59,34,30,72,96,165,215,190,130,118,53,39,31,59,111,169,214,183,167,100,46,35,35,72,124,162,217,187,155,98,52,43,36,70,115,165,206,183,138,101,38,37,56,71,102,157,197
184,162,113,46,21,47,64,99,142,204,215,177,89,42,30,49,61,103,155,181,217,151,88,58,38,37,60,102,157,238,189,186,96,51,26,33,63,106,145,187,206,154,117,50,22,33,63,96,153,184,203,172,119,54,32,34,73,121,161,177,191,173,105,62,41,35,73,102,164,213,182,150,106,56,34,48,55,117,178,222,184,135,99,52,39,43,69,105,160,195,190,151,102,59,27,38,65,108,159,209
202,169,97,52,25,42,63,110,176,207,199,155,100,54,30,44,65,100,145,195,197,169,106,53,40,39,68,103,163,230,208,155,93,47,40,37,59,85,161,188,219,178,109,41,25,31,60,92,154,194,219,145,113,49,35,33,77,96,165,175,192,166,119,54,30,41,61,99,170,215,182,157,99,55,31,36,76,112,184,224,176,147,89,68,41,36,80,98,159,186,218,143,109,42,40,25,66,120,160,197
211,174,114,45,26,24,55,124,165,196,207,153,99,65,34,29,62,85,161,196,197,170,100,51,44,43,52,116,167,218,230,149,86,46,41,36,67,100,157,188,199,176,127,51,28,39,44,97,158,218,219,166,113,46,48,42,66,121,158,186,196,172,98,54,31,41,60,115,154,212,193,150,100,47,37,35,56,99,159,227,204,155,91,53,42,40,66,98,165,179,186,158,99,66,30,26,58,99,173,200
234,160,90,52,28,32,62,128,163,193,205,156,105,60,24,26,62,106,153,203,211,141,92,76,33,38,57,109,150,212,200,169,111,49,30,43,63,103,159,202,185,158,103,48,34,35,58,90,173,191,205,184,99,62,26,40,70,117,153,192,192,160,124,57,37,34,74,94,159,189,209,120,99,66,36,28,71,120,153,209,209,141,97,51,48,34,78,109,146,211,193,161,105,52,30,38,53,89,158,211
212,149,112,54,32,34,46,117,190,199,187,142,108,57,30,34,58,89,151,206,207,155,91,70,41,38,57,107,182,190,209,164,113,52,27,32,67,115,151,178,203,172,86,62,35,34,63,80,161,190,219,162,105,57,45,43,55,96,141,205,190,186,113,60,29,43,47,100,172,206,210,143,94,59,31,37,64,109,182,201,195,145,102,58,41,31,65,109,174,204,188,143,106,53,37,38,63,92,165,184
190,166,100,61,25,44,62,96,164,215,181,161,97,62,23,36,63,93,144,221,212,145,97,74,49,38,62,105,169,223,193,169,103,44,24,36,65,115,151,194,202,162,103,67,36,35,66,93,164,184,202,152,114,73,48,37,64,113,150,172,219,150,126,63,35,31,48,96,180,191,211,157,80,72,31,43,55,106,179,195,182,145,95,57,45,43,57,103,169,208,198,164,88,61,35,42,44,109,154,198
173,163,100,57,29,29,68,120,170,204,194,134,111,54,32,30,58,100,160,195,214,147,97,82,43,33,58,112,165,196,205,143,112,49,25,27,63,108,162,214,181,152,106,50,35,27,49,112,152,200,203,178,109,60,29,40,74,92,163,188,207,187,102,66,33,28,48,95,197,205,198,130,93,71,36,34,56,114,167,201,182,159,104,61,37,40,60,116,182,172,215,180,88,61,32,33,53,110,182,190
182,165,103,55,29,29,62,109,167,181,206,170,86,62,36,31,54,110,163,204,195,145,104,76,44,33,55,116,168,204,178,171,109,58,23,31,53,110,171,177,222,164,80,61,36,49,48,89,153,211,232,177,91,56,24,32,67,101,153,205,211,178,102,55,31,31,46,107,172,198,195,135,112,74,35,24,60,121,153,209,183,152,127,44,33,30,36,106,164,220,187,173,105,74,20,42,63,100,159,206
191,171,99,47,28,31,48,99,153,195,216,171,102,56,40,29,57,108,166,199,195,153,94,64,40,44,62,94,173,235,194,160,105,46,27,34,54,103,168,198,218,145,94,55,30,39,68,80,144,240,201,163,102,53,33,34,64,91,154,216,226,156,96,46,31,37,72,111,155,210,187,149,93,71,30,20,63,100,167,212,193,176,102,56,32,43,49,117,160,212,200,171,108,55,25,32,62,102,189,192
210,156,104,46,29,38,56,107,142,209,206,157,111,61,35,22,55,102,182,217,183,153,102,52,41,30,61,108,181,204,214,161,96,46,38,29,61,104,187,191,190,147,98,56,35,33,68,107,155,222,211,150,92,59,30,31,49,105,183,210,194,168,112,42,31,38,62,104,159,225,206,140,97,49,35,33,54,101,160,212,207,151,106,66,34,36,52,104,161,205,208,149,99,48,41,23,50,106,170,207
226,168,95,60,29,27,57,86,175,202,198,173,118,65,35,20,47,102,158,230,208,138,96,60,44,30,57,125,158,203,177,162,100,58,44,28,62,102,162,216,188,150,101,52,29,33,68,121,169,209,207,139,101,50,34,35,50,110,162,206,194,154,92,50,33,53,67,119,168,190,192,145,92,48,27,31,48,110,155,216,176,179,121,55,39,36,58,104,151,207,226,147,96,55,28,39,52,93,153,223
189,185,96,58,36,29,44,87,145,181,224,174,115,63,20,30,61,94,166,216,217,156,89,68,38,40,68,114,155,205,212,151,97,45,33,40,48,92,141,219,191,162,109,60,34,43,76,108,169,196,216,162,101,44,28,33,61,132,169,197,195,158,88,57,38,50,63,136,159,212,184,147,90,42,34,33,45,101,158,180,217,180,110,61,33,35,69,106,186,176,200,147,107,71,33,31,63,89,165,224
237,164,84,51,41,39,48,75,146,196,190,179,104,69,43,35,63,100,167,211,190,163,99,65,45,45,67,103,172,195,189,151,96,50,34,44,42,91,142,239,189,167,103,55,35,34,64,96,154,217,224,150,96,52,30,40,61,109,173,187,184,156,87,55,35,44,77,107,178,213,184,145,101,45,31,31,68,96,158,197,233,145,96,51,37,37,63,117,157,196,177,162,103,76,32,29,47,91,138,236
216,164,102,49,37,33,56,89,147,184,211,186,112,66,40,35,52,112,155,232,186,159,88,74,47,27,62,121,170,201,198,161,82,55,38,43,58,92,156,206,198,181,118,50,32,48,56,109,172,211,204,172,105,44,31,43,68,119,159,193,191,143,102,54,37,43,75,120,185,205,190,128,86,55,32,34,52,114,153,199,203,163,98,54,40,39,48,112,166,203,185,165,127,65,40,31,41,95,171,195
199,175,118,41,36,42,60,88,139,213,229,151,103,72,36,40,49,114,154,208,201,172,90,60,49,42,50,126,140,212,220,149,84,46,38,24,63,97,141,174,203,175,118,51,50,43,51,113,177,209,209,163,93,54,27,41,58,134,163,180,183,159,82,54,34,44,70,124,184,197,176,150,88,47,31,29,63,106,129,222,209,155,112,58,41,53,52,105,151,201,198,153,117,67,36,30,47,90,157,194
199,170,100,51,31,38,67,111,143,208,193,154,106,63,48,42,57,90,158,193,201,157,114,61,34,37,70,106,178,191,207,147,85,47,33,29,67,99,129,207,198,161,102,71,48,37,66,104,167,214,188,190,96,39,36,33,58,112,177,228,186,151,94,36,42,29,59,123,177,189,203,150,89,57,30,35,54,100,126,205,206,160,117,66,38,36,62,101,133,217,190,176,106,62,37,31,51,95,171,201
197,149,90,56,24,26,68,114,146,197,195,167,119,51,34,46,60,91,174,195,207,152,99,61,41,45,63,119,160,203,209,162,90,44,33,38,60,98,147,174,207,154,108,71,47,44,65,112,154,185,211,145,111,61,37,41,58,104,158,196,219,163,86,60,30,30,60,106,181,208,201,134,102,36,38,29,48,96,157,195,210,172,103,61,56,31,68,99,156,182,184,176,103,67,41,45,54,111,177,213
204,147,125,47,25,19,60,104,164,197,198,197,106,54,40,33,64,85,153,226,181,166,98,74,36,44,58,104,156,196,224,165,91,45,31,30,76,84,134,195,195,180,108,58,36,37,54,125,146,191,210,159,113,58,42,49,61,92,133,206,201,155,109,47,35,42,69,107,158,215,201,148,94,54,33,30,48,93,161,200,189,173,120,64,48,39,62,99,153,179,191,172,106,61,47,44,59,91,150,202
198,167,94,51,37,31,46,107,167,202,200,156,113,65,46,40,55,91,149,203,205,163,105,55,39,34,69,103,148,216,196,177,100,33,26,39,68,87,118,212,209,159,116,63,38,48,52,107,151,183,189,175,113,69,38,45,75,76,155,187,216,168,107,57,29,42,61,101,157,210,177,164,98,61,31,32,63,77,155,210,197,169,123,64,44,42,61,103,143,210,196,148,103,71,42,34,57,111,171,194
195,174,101,50,34,30,51,106,181,201,207,170,88,51,44,37,57,98,142,182,207,167,104,62,32,43,49,98,159,208,211,191,95,42,25,42,63,95,150,186,225,159,107,70,40,32,53,101,156,195,185,161,109,65,38,35,87,119,154,201,215,135,101,60,37,46,60,99,156,203,196,154,97,37,30,41,57,101,166,211,183,164,102,70,35,48,65,107,156,202,205,151,107,66,44,34,65,95,173,183
192,149,112,60,21,33,63,104,152,196,216,161,120,52,39,35,57,97,129,211,218,165,109,62,34,41,62,95,158,203,205,179,110,49,27,31,61,110,149,207,206,153,91,57,48,41,58,111,170,192,194,154,108,60,37,30,70,122,179,187,192,146,94,61,37,38,65,105,159,234,166,147,102,55,40,44,65,107,177,197,193,149,113,64,38,42,57,90,161,202,185,154,120,74,29,31,64,105,168,212
193,141,99,61,38,37,70,98,142,196,194,174,99,64,42,36,46,81,153,224,217,145,112,49,33,40,56,103,149,200,196,178,107,63,34,42,74,87,164,201,221,154,78,46,58,33,40,118,173,199,198,166,101,49,39,34,71,109,168,167,191,158,106,60,44,29,59,111,171,216,193,143,105,52,47,45,53,117,159,184,185,163,102,66,34,45,57,101,156,185,189,170,117,62,35,35,49,98,162,208
214,166,121,54,35,33,61,112,156,185,180,169,110,80,36,42,49,87,153,224,216,148,99,50,29,39,62,104,138,200,215,147,107,54,40,37,58,108,172,188,201,181,80,51,39,38,47,99,157,207,197,176,103,69,36,46,68,104,144,195,189,182,100,57,37,42,67,107,161,189,197,145,89,63,41,51,62,114,182,169,179,135,107,60,50,41,62,94,143,201,209,167,105,64,38,39,53,97,164,181
208,154,101,51,41,34,60,94,170,207,176,176,103,80,31,29,62,99,153,192,217,150,107,76,39,37,69,96,158,197,214,135,97,53,49,34,79,108,149,221,210,154,91,46,40,40,63,120,166,182,191,164,111,54,36,47,70,87,155,200,206,157,96,62,33,33,75,106,166,207,159,142,101,72,48,42,62,109,156,204,201,127,103,68,41,34,74,94,136,189,216,172,106,59,46,45,62,92,163,184
193,175,114,44,36,40,63,99,172,192,186,146,107,74,18,36,68,103,163,204,180,149,106,71,48,45,80,112,156,204,216,131,88,51,36,45,66,115,156,194,216,167,91,45,37,45,57,119,151,190,200,161,96,65,32,36,69,110,154,209,200,155,94,55,40,39,82,123,183,171,158,163,111,53,35,43,63,104,149,216,208,122,99,67,40,34,68,105,155,180,215,169,96,61,36,41,51,106,143,198
209,165,114,48,41,33,65,93,159,213,210,131,113,72,31,34,53,103,168,211,180,161,107,71,31,45,60,114,161,218,194,144,86,56,32,51,58,119,158,199,203,144,92,72,31,39,75,105,150,189,209,174,90,50,34,38,71,97,157,202,186,166,101,54,40,40,74,125,175,182,184,159,83,58,35,31,58,100,164,206,176,151,104,72,45,45,66,94,152,213,210,156,97,54,33,48,57,80,156,210
183,157,109,53,49,43,58,93,171,205,191,154,108,55,41,35,57,99,141,215,206,169,100,56,36,31,61,106,172,197,204,150,99,42,38,41,66,124,148,212,183,149,93,72,28,32,48,120,127,208,222,169,102,52,33,48,61,83,157,201,212,156,97,64,30,31,72,116,164,209,169,147,97,56,47,38,57,91,169,192,182,155,95,78,46,48,59,97,163,197,199,161,100,57,42,53,63,83,165,216
217,151,110,43,46,41,58,101,174,189,179,160,95,72,40,34,46,114,141,203,192,156,120,56,40,40,61,97,179,194,196,181,90,53,40,27,66,109,175,212,194,136,90,60,36,36,46,107,143,233,212,182,93,47,45,33,53,111,139,201,204,156,111,74,41,30,66,112,153,185,195,151,97,49,45,40,51,91,136,204,209,162,103,54,42,42,58,120,150,211,202,144,117,61,41,44,55,111,135,199
204,165,99,51,41,38,76,88,178,177,193,155,113,58,46,25,79,100,154,188,200,154,121,66,48,32,65,121,151,223,197,147,101,49,40,35,59,108,186,227,192,128,96,62,39,29,54,100,168,183,229,167,93,59,34,40,69,94,146,195,203,154,121,68,41,47,60,124,140,200,199,152,100,64,55,32,52,88,167,193,204,160,98,63,48,41,61,105,160,197,185,166,107,66,47,40,64,99,168,184
208,163,79,49,51,46,63,100,144,184,202,159,109,64,32,36,59,124,162,189,184,153,112,60,40,32,64,112,163,187,200,179,97,58,41,29,56,95,161,202,185,154,113,50,39,45,45,110,134,184,201,157,104,66,56,43,50,105,129,206,198,160,96,74,39,53,77,111,145,213,171,150,90,67,46,34,36,81,154,215,203,158,96,62,36,49,64,88,150,201,192,159,113,65,54,36,52,96,168,208
217,169,101,71,35,44,55,106,139,206,181,176,113,63,33,36,66,110,164,187,166,163,102,68,48,44,60,108,180,187,192,156,98,63,34,31,54,80,160,210,196,169,118,56,41,41,63,104,150,199,187,163,106,59,52,37,39,111,134,200,199,162,106,75,34,58,64,92,148,180,207,161,104,71,33,33,44,90,140,207,210,160,110,69,46,37,71,98,143,195,206,148,100,72,39,50,56,83,165,199
204,147,107,63,44,34,65,110,159,176,212,124,105,73,46,33,59,115,153,218,187,158,101,75,41,53,53,121,169,191,177,139,113,64,47,38,55,86,168,177,206,153,113,72,41,33,66,91,159,178,206,196,97,53,44,26,42,99,144,190,218,177,107,69,47,47,53,107,162,206,174,146,107,74,43,37,43,92,149,196,186,148,117,72,48,59,60,93,137,187,196,167,109,56,55,38,56,93,163,189
207,135,110,72,47,36,71,113,164,166,187,153,103,73,39,48,62,88,144,210,204,143,100,67,49,43,71,112,181,192,176,134,95,66,52,39,45,103,164,219,185,144,95,70,49,39,47,105,154,183,221,160,83,73,33,31,54,100,137,182,190,173,139,77,32,39,69,100,170,186,171,153,108,76,46,46,47,91,130,200,200,144,109,87,41,57,60,100,134,195,191,168,117,65,46,37,54,90,179,210
190,154,106,65,50,44,68,117,139,193,170,172,108,61,49,45,62,83,165,200,201,148,108,62,49,44,60,102,185,190,177,142,91,73,37,36,63,112,151,200,198,148,96,69,39,38,50,117,145,194,173,173,107,58,48,32,55,88,133,177,180,193,144,75,52,34,67,105,158,184,207,136,123,74,47,42,56,87,124,192,195,140,112,76,58,39,70,79,152,190,192,179,116,53,48,41,57,96,154,181
197,157,114,62,47,55,70,105,158,181,193,170,107,58,40,42,40,101,172,201,203,152,115,56,35,38,82,123,180,174,192,133,115,54,32,43,52,114,138,201,203,149,105,68,45,41,56,105,144,199,174,156,110,65,46,44,54,99,133,164,194,169,123,74,53,44,67,88,148,198,202,137,113,73,47,43,60,96,137,183,192,159,127,65,46,45,56,98,163,191,205,163,104,68,48,45,53,100,153,189
192,141,117,72,54,54,72,119,158,176,185,151,110,48,54,31,61,98,165,187,185,184,114,74,45,36,65,119,165,174,173,148,106,64,42,47,75,94,168,196,183,159,97,65,49,47,58,102,152,176,190,150,100,86,49,40,69,99,137,160,179,177,122,76,60,48,61,97,155,191,177,152,108,78,64,41,55,79,137,198,192,155,103,73,48,46,52,100,138,209,186,159,108,77,47,49,69,96,139,191
196,125,121,67,58,53,77,109,150,198,173,158,121,59,43,43,58,92,136,203,178,181,119,67,42,43,62,114,159,182,176,159,105,51,32,45,59,102,180,192,180,155,103,74,47,43,51,106,153,160,201,141,137,81,51,55,69,96,129,168,178,181,95,67,58,59,70,98,144,158,185,146,115,77,49,47,64,89,136,174,219,157,112,60,55,37,66,93,164,192,188,152,127,70,52,54,55,106,135,173
192,153,116,77,50,48,82,104,154,210,179,165,118,57,47,59,55,93,143,191,201,167,106,68,45,48,67,101,151,194,169,157,100,79,44,34,72,95,164,193,164,164,119,70,54,43,63,99,141,172,169,168,121,73,45,47,75,93,136,178,178,146,115,78,74,60,83,107,124,176,175,147,107,60,54,56,59,84,127,172,217,154,124,68,48,49,48,95,151,205,204,160,103,77,54,53,49,111,123,180
194,159,112,75,39,53,70,137,145,174,192,172,107,58,52,52,59,107,136,181,212,161,101,73,51,50,76,99,147,188,173,147,115,73,59,54,61,122,156,179,178,151,123,76,63,61,54,95,126,170,183,169,120,71,47,56,67,92,128,171,173,170,113,83,93,47,68,103,173,157,162,164,96,61,62,63,56,102,124,165,199,163,125,71,55,44,50,102,130,174,211,154,119,70,60,39,61,77,151,173
182,143,127,86,45,56,81,107,150,183,187,161,112,68,29,57,59,114,142,175,191,140,106,76,49,55,74,97,167,171,166,149,113,67,54,61,74,87,139,171,185,144,122,79,53,59,64,86,135,175,190,157,116,77,52,53,66,123,108,166,181,143,105,82,61,58,78,110,143,168,172,150,98,76,66,69,70,89,127,165,181,160,114,88,62,33,64,91,148,187,191,155,114,71,62,53,70,101,122,179
186,133,113,81,45,65,80,109,155,178,144,135,116,68,60,59,73,91,119,158,203,152,101,84,61,38,59,121,123,191,160,148,97,78,51,67,71,104,139,161,157,143,110,81,64,56,69,93,132,133,172,175,115,87,72,55,77,93,132,144,184,162,110,74,57,60,91,107,131,172,154,129,105,79,61,51,88,82,126,164,182,131,114,84,55,64,68,87,151,171,168,166,113,69,56,54,55,98,142,146
138,125,99,68,51,58,83,111,113,162,132,135,111,57,65,57,62,80,106,153,141,131,116,89,54,45,68,107,142,152,149,128,86,65,60,66,66,81,129,164,135,136,99,78,72,75,54,72,98,139,153,142,115,83,60,51,63,90,115,143,145,126,101,58,68,68,68,93,123,155,150,127,90,79,59,67,67,81,121,146,140,140,116,73,57,63,74,89,113,164,138,138,103,70,58,54,66,95,144,159
114,95,80,49,50,43,53,91,110,99,113,97,86,44,48,38,44,60,86,92,95,102,88,74,51,32,62,93,100,107,134,91,68,51,43,63,67,76,93,105,95,108,89,67,53,48,55,61,82,108,102,99,102,68,48,32,59,70,99,92,97,85,59,62,41,47,81,76,88,98,123,91,83,64,50,45,44,73,98,97,112,83,83,60,49,38,60,82,112,98,110,116,78,47,38,43,53,81,101,143
61,51,44,46,40,34,32,46,69,66,71,59,52,32,17,21,31,40,52,54,50,50,56,51,31,28,39,49,56,64,43,73,52,45,25,37,33,49,49,60,56,49,34,47,35,25,24,29,41,64,63,51,45,22,37,32,24,48,51,58,49,40,48,34,34,30,28,48,61,56,61,56,47,36,21,22,24,37,51,52,66,45,39,27,29,23,42,43,65,64,59,72,47,35,34,14,28,36,75,83
24,26,21,14,16,16,10,22,30,21,31,25,20,16,11,8,10,16,14,20,9,28,27,15,19,14,22,20,21,17,25,26,21,14,12,6,15,20,24,25,26,16,16,13,14,7,6,7,17,20,26,23,14,4,8,11,10,15,24,17,19,15,10,17,17,11,15,14,23,25,20,16,12,7,9,10,4,15,22,10,25,14,12,8,8,13,14,20,22,24,29,19,25,24,12,6,9,19,17,22
5,6,9,5,2,3,2,4,7,9,7,5,3,6,3,1,1,2,4,6,5,4,6,3,4,0,6,5,6,5,3,5,6,0,2,3,3,7,7,5,3,5,1,4,0,1,3,2,4,5,8,8,3,2,1,2,2,2,1,3,3,5,4,3,4,2,3,1,1,8,8,4,0,1,1,0,3,3,1,1,2,2,3,3,2,5,4,6,5,9,5,4,8,2,3,1,3,2,2,3
0,1,4,1,0,0,0,0,1,0,1,0,3,0,0,0,0,2,1,0,0,0,0,0,0,0,0,2,1,0,0,0,0,0,0,1,0,0,0,0,1,1,0,1,0,0,1,0,1,2,2,1,2,0,0,0,0,0,0,2,0,0,0,0,0,0,0,0,1,0,3,0,0,0,0,0,0,0,0,0,0,0,0,1,2,0,0,0,2,0,0,0,1,0,0,0,0,0,0,1
0,1,1,0,0,0,0,0,0,0,0,0,0,0,0,0,0,2,0,0,0,0,0,0,0,0,0,0,0,0,0,0,0,0,0,0,0,0,1,1,0,0,0,0,0,0,0,0,0,0,0,0,0,0,0,0,0,0,1,0,0,0,0,0,0,0,0,0,0,0,0,0,0,0,0,0,0,0,0,0,0,0,0,0,0,0,0,0,0,0,0,0,0,0,0,0,0,0,0,0
0,0,0,0,0,0,0,0,0,0,0,0,0,0,0,0,0,0,0,0,0,0,0,0,0,0,0,0,0,0,0,0,0,0,0,0,0,0,0,0,0,0,0,0,0,0,0,0,0,0,0,0,0,0,0,0,0,0,0,0,0,0,0,0,0,0,0,0,0,0,0,0,0,0,0,0,0,0,0,0,0,0,0,0,0,0,0,0,0,0,0,0,0,0,0,0,0,0,0,0
0,0,0,0,0,0,0,0,0,0,0,0,0,0,0,0,0,0,0,0,0,0,0,0,0,0,0,0,0,0,0,0,0,0,0,0,0,0,0,0,0,0,0,0,0,0,0,0,0,0,0,0,0,0,0,0,0,0,0,0,0,0,0,0,0,0,0,0,0,0,0,0,0,0,0,0,0,0,0,0,0,0,0,0,0,0,0,0,0,0,0,0,0,0,0,0,0,0,0,0
0,0,0,0,0,0,0,0,0,0,0,0,0,0,0,0,0,0,0,0,0,0,0,0,0,0,0,0,0,0,0,0,0,0,0,0,0,0,0,0,0,0,0,0,0,0,0,0,0,0,0,0,0,0,0,0,0,0,0,0,0,0,0,0,0,0,0,0,0,0,0,0,0,0,0,0,0,0,0,0,0,0,0,0,0,0,0,0,0,0,0,0,0,0,0,0,0,0,0,0
0,0,0,0,0,0,0,0,0,0,0,0,0,0,0,0,0,0,0,0,0,0,0,0,0,0,0,0,0,0,0,0,0,0,0,0,0,0,0,0,0,0,0,0,0,0,0,0,0,0,0,0,0,0,0,0,0,0,0,0,0,0,0,0,0,0,0,0,0,0,0,0,0,0,0,0,0,0,0,0,0,0,0,0,0,0,0,0,0,0,0,0,0,0,0,0,0,0,0,0
0,0,0,0,0,0,0,0,0,0,0,0,0,0,0,0,0,0,0,0,0,0,0,0,0,0,0,0,0,0,0,0,0,0,0,0,0,0,0,0,0,0,0,0,0,0,0,0,0,0,0,0,0,0,0,0,0,0,0,0,0,0,0,0,0,0,0,0,0,0,0,0,0,0,0,0,0,0,0,0,0,0,0,0,0,0,0,0,0,0,0,0,0,0,0,0,0,0,0,0
