parameters (x,y,w,h,rx,ry):-5,0,10.000000,40.000000,100,100
45,40,44,37,37,38,49,54,46,55,51,39,44,32,44,55,43,67,60,55,41,41,42,33,36,48,67,71,68,60,55,47,48,47,51,36,48,61,59,57,50,43,38,41,39,43,53,66,68,46,58,49,41,47,43,37,46,61,54,46,65,51,48,50,34,38,50,47,59,61,63,44,37,35,36,38,50,54,59,54,57,38,51,38,25,35,51,50,59,79,46,48,52,41,41,52,44,53,51,69
143,94,91,66,92,83,128,121,118,126,125,103,96,88,77,93,117,154,145,142,109,81,88,79,76,97,116,132,165,159,125,114,103,85,97,104,103,117,131,137,149,111,94,77,80,99,101,125,135,146,139,121,98,75,104,79,106,159,121,134,135,119,109,82,84,77,96,123,141,152,140,102,97,87,84,104,111,132,140,145,122,118,100,85,68,102,111,99,128,137,114,115,94,89,100,99,118,104,137,147
122,126,82,81,67,111,108,130,130,143,124,104,107,90,91,81,107,140,143,155,118,116,83,73,77,77,126,147,146,144,145,122,95,82,86,89,95,136,115,141,168,140,83,65,75,94,96,132,154,156,141,124,98,78,96,69,109,131,133,155,142,134,91,63,81,88,116,117,130,160,149,102,105,94,79,103,108,125,154,172,121,141,75,69,71,96,102,116,130,144,126,95,107,103,78,86,99,126,145,152
121,108,101,78,87,66,101,156,156,151,121,107,91,85,86,72,110,123,163,161,126,105,96,84,64,80,88,153,163,164,157,119,91,75,89,87,90,130,132,146,155,135,100,73,60,58,102,137,134,175,149,124,78,84,81,81,107,137,148,125,148,141,85,65,93,76,97,138,151,139,155,109,98,71,81,99,103,119,149,172,144,112,88,69,88,73,91,114,118,147,145,108,91,77,82,81,110,119,139,169
140,115,89,86,62,75,108,128,138,148,142,99,123,62,78,67,99,134,180,167,129,124,71,73,67,83,100,129,170,184,166,122,88,80,79,90,90,136,129,139,165,131,115,72,54,61,81,130,159,175,143,115,111,78,74,82,91,130,143,154,144,130,107,75,69,81,110,128,149,161,144,120,82,93,83,82,97,130,172,167,140,123,89,72,72,75,91,103,127,143,174,107,99,87,67,80,95,105,165,174
153,112,94,73,71,73,102,122,130,171,147,112,93,92,73,63,82,146,162,168,138,116,81,70,64,87,91,131,167,167,177,113,98,89,68,67,90,109,141,156,153,122,107,75,89,70,79,111,148,150,160,130,108,82,83,82,98,127,134,159,141,122,98,76,89,82,104,118,150,153,144,127,87,74,71,93,95,126,152,169,130,122,95,81,61,59,103,109,143,145,143,128,107,75,65,74,83,106,172,168
166,132,93,80,74,63,92,104,140,160,159,112,95,78,61,86,90,124,161,179,151,121,82,63,64,84,96,105,156,180,169,143,99,81,71,67,87,111,136,143,174,137,104,70,75,59,98,132,158,155,172,113,89,95,75,100,88,118,147,158,144,111,90,89,89,73,97,126,154,170,154,120,96,81,55,72,121,130,148,172,157,92,95,73,63,87,85,125,127,144,151,133,94,73,73,64,91,111,143,161
135,146,89,93,58,82,95,108,155,155,148,117,93,73,73,87,102,124,157,139,147,138,107,77,72,55,91,136,138,175,153,134,131,83,64,71,108,110,151,151,166,115,109,75,71,69,93,115,148,163,172,131,101,84,68,88,88,130,145,156,141,116,91,68,80,83,88,115,158,176,159,106,91,77,62,67,87,139,139,169,167,118,110,81,62,71,93,105,140,136,164,124,108,72,66,64,109,116,136,174
140,115,97,84,76,73,91,112,148,148,143,130,95,74,76,84,106,102,153,164,157,138,92,81,53,61,93,109,157,186,156,134,108,86,58,68,86,116,166,155,150,121,104,87,65,77,91,106,147,154,146,143,108,93,68,75,94,118,155,149,171,115,107,65,56,91,101,114,157,173,157,128,104,93,65,85,76,131,156,154,143,130,100,77,72,72,82,98,144,155,137,136,118,98,60,74,90,115,160,156
162,108,99,63,78,68,73,125,149,163,142,132,92,75,68,76,81,112,158,182,177,115,98,67,58,63,89,104,161,158,166,121,121,96,62,76,88,120,145,163,165,124,100,67,73,85,88,106,155,156,160,125,104,79,67,83,102,114,131,153,152,159,113,69,71,74,83,108,145,183,135,161,94,90,69,84,82,101,138,180,141,129,98,75,78,73,66,124,165,133,162,127,91,89,68,71,88,111,163,163
154,131,91,76,62,76,84,129,130,187,154,119,97,67,72,68,68,120,156,163,186,135,94,63,48,57,100,124,147,179,154,127,105,85,78,69,107,121,140,143,162,130,95,85,54,74,80,103,127,198,154,134,97,81,75,89,87,115,127,167,153,141,96,73,64,92,86,121,145,143,157,137,111,85,84,75,77,104,142,172,147,147,89,71,67,65,80,117,132,150,170,136,106,76,70,67,95,124,150,156
162,117,102,89,63,63,87,116,160,156,166,111,123,82,53,73,87,113,131,154,195,136,96,79,46,80,96,121,161,166,147,128,96,76,79,80,106,118,121,157,147,161,103,73,61,69,75,104,141,168,162,141,101,83,79,89,87,113,121,173,173,121,98,89,78,59,79,130,165,153,144,145,97,85,77,73,98,109,152,163,165,114,106,78,57,76,98,105,134,155,162,132,108,78,58,58,90,132,148,164
156,138,129,80,57,62,61,105,156,170,150,142,115,74,79,60,84,94,128,186,173,123,107,81,70,61,75,136,155,172,156,134,90,80,69,78,106,101,136,142,162,142,95,76,66,78,69,108,146,162,182,135,101,88,72,98,90,130,135,175,153,104,103,68,76,79,64,107,177,163,166,129,101,74,56,82,90,108,136,159,142,137,101,77,75,71,89,107,147,150,141,132,111,71,59,66,73,111,142,153
148,140,142,78,56,61,82,109,160,157,172,128,94,86,80,64,76,106,133,186,173,143,99,71,70,84,71,113,160,154,169,117,94,100,54,64,97,121,120,170,169,153,82,82,62,76,98,91,128,185,151,133,114,83,59,85,96,135,146,167,153,127,97,62,56,82,101,109,138,182,161,145,99,85,64,84,100,111,115,143,156,134,95,76,75,64,81,140,137,143,151,124,96,74,74,57,67,115,138,185
164,161,98,80,76,65,75,108,154,171,154,128,109,90,70,62,75,125,136,148,171,140,114,73,66,76,82,126,167,156,161,122,105,72,64,80,92,119,140,171,164,128,102,68,62,64,82,129,145,145,155,131,123,74,47,74,89,137,143,148,171,109,93,82,65,81,80,131,158,164,152,143,117,95,53,92,105,79,126,161,162,122,99,97,68,68,88,112,130,163,147,127,80,77,70,70,79,96,149,168
174,138,89,76,82,82,67,109,140,194,135,131,126,89,61,63,87,122,119,144,162,140,108,88,71,65,102,112,151,167,166,142,118,62,41,65,88,104,149,190,179,133,89,72,64,64,83,104,148,169,150,129,94,94,63,74,89,114,161,196,137,128,87,86,71,63,84,118,160,169,157,138,110,97,71,88,83,102,130,140,160,101,115,86,77,83,80,106,135,168,155,113,101,88,61,55,85,111,155,150
160,131,81,87,75,75,98,107,148,155,168,122,116,88,80,60,89,104,126,144,155,155,123,83,73,60,87,94,155,179,174,165,97,65,63,50,71,96,159,186,186,141,95,60,74,62,92,111,134,172,141,153,87,77,68,79,90,120,143,153,156,125,102,74,76,76,83,90,150,153,169,134,112,96,73,82,93,118,113,164,139,135,110,69,68,65,83,129,152,139,159,148,101,72,57,58,78,101,150,182
151,120,106,73,69,68,92,127,143,145,168,130,124,96,76,56,90,109,125,150,153,155,117,87,62,72,60,112,149,171,190,134,122,83,52,69,70,99,133,155,189,150,104,75,61,70,78,102,140,166,152,129,115,73,61,81,100,107,136,170,142,145,93,87,65,73,84,110,129,162,186,145,114,84,78,76,104,95,124,146,175,136,89,69,67,75,90,115,139,154,164,147,109,70,57,67,60,112,155,165
170,130,92,88,75,66,83,105,146,176,144,139,105,99,87,85,87,116,137,166,154,145,94,94,66,64,74,101,138,189,168,155,103,83,56,56,85,99,115,176,148,137,132,80,73,64,68,108,128,177,166,138,107,76,64,59,93,126,155,155,159,141,103,82,65,64,74,109,132,168,163,170,122,81,82,76,97,102,142,159,156,137,97,76,72,77,69,98,156,152,173,150,109,70,57,63,82,92,141,159
150,136,108,87,72,52,73,103,154,177,158,122,117,89,98,79,81,112,140,165,158,141,90,83,61,60,86,103,132,170,170,152,107,82,75,59,74,113,138,151,169,141,110,89,65,67,87,95,130,166,151,151,122,82,57,66,67,112,160,178,144,137,115,92,64,56,83,106,124,174,164,158,118,103,61,77,102,128,144,139,146,128,114,66,68,74,68,87,151,155,175,156,110,67,64,73,75,111,114,171
167,136,116,76,64,56,71,112,127,182,159,128,128,100,83,79,108,95,132,158,144,163,112,65,54,73,72,103,130,161,194,144,125,83,76,60,80,95,138,153,158,138,116,101,77,56,75,111,124,152,167,139,129,67,64,66,86,116,124,169,179,128,119,71,70,66,81,96,140,170,164,167,110,95,53,65,94,137,137,149,139,117,103,94,78,75,74,102,132,157,168,169,111,71,76,54,81,96,136,166
165,155,122,93,51,43,79,113,150,153,165,147,123,93,72,103,72,107,141,168,152,147,112,68,56,75,88,95,120,158,175,144,110,87,61,65,93,84,127,168,170,143,135,90,65,72,78,97,125,176,172,153,103,78,62,71,84,97,144,165,171,145,97,73,59,79,60,108,125,173,178,145,118,106,70,76,92,118,139,170,144,122,105,90,66,69,97,93,123,146,161,160,110,86,66,70,80,102,124,158
164,166,131,78,57,57,67,106,135,160,164,152,113,92,62,79,75,112,133,183,173,139,105,69,67,83,86,99,126,160,157,159,114,79,54,60,83,89,136,160,149,167,111,83,85,67,62,98,134,149,182,142,109,74,66,63,107,95,128,156,155,156,99,89,67,54,81,113,125,161,179,144,105,103,63,78,79,127,147,162,164,123,120,78,73,62,78,99,134,143,163,159,103,87,64,78,80,93,115,150
160,166,149,78,79,61,75,94,135,153,142,146,124,100,72,71,95,115,142,178,162,120,107,77,82,78,98,90,128,142,174,156,122,83,67,54,73,96,130,166,155,135,110,103,80,63,54,80,127,184,169,167,111,89,71,66,76,112,131,140,166,144,143,77,57,49,79,101,139,162,175,142,119,91,71,80,79,104,129,169,145,150,111,85,76,77,90,85,121,148,178,148,89,94,82,76,81,92,109,143
156,151,126,98,57,69,71,116,124,168,145,146,104,95,80,82,86,100,130,154,166,133,118,86,77,75,79,108,117,151,163,138,128,91,78,60,68,85,152,129,157,159,108,86,85,64,73,73,115,168,150,150,127,85,74,92,81,101,137,142,153,143,127,97,58,59,74,102,156,166,154,132,123,107,79,72,94,101,132,147,183,137,111,89,67,63,95,100,121,150,170,149,101,68,81,79,88,102,116,141
160,152,104,93,66,64,85,100,144,174,152,112,119,104,85,76,75,105,118,154,152,132,127,93,80,65,82,108,121,161,144,142,111,101,83,84,74,93,135,162,166,130,102,99,72,75,77,85,124,139,174,140,122,102,84,85,90,90,131,154,151,129,104,114,79,64,67,91,126,155,173,121,122,83,84,67,86,106,118,161,159,147,118,97,75,65,67,108,125,156,151,170,105,80,82,76,87,117,135,137
155,132,120,99,66,86,84,101,136,152,122,146,135,92,82,82,73,96,122,155,150,148,114,88,77,76,75,113,145,153,166,145,100,87,69,81,80,117,136,150,145,145,125,91,70,55,60,106,118,147,138,133,132,102,97,95,70,98,140,159,135,142,106,78,89,79,80,98,140,163,143,141,106,102,74,70,73,117,121,134,156,142,118,81,96,70,74,83,144,169,157,136,115,83,74,81,96,104,124,164
164,121,116,93,66,87,80,123,119,156,125,137,124,110,82,71,88,99,121,158,155,143,92,99,84,79,88,98,127,151,155,137,112,86,86,72,104,104,140,134,145,149,124,88,85,69,51,80,129,150,128,148,114,94,92,83,117,117,108,153,143,136,107,95,76,81,80,90,154,159,153,127,113,101,88,57,78,109,127,148,170,141,117,88,76,73,77,106,145,157,137,140,131,82,83,90,80,116,122,150
154,130,118,94,63,76,102,115,139,130,134,123,129,109,88,70,82,100,140,140,147,121,116,101,70,83,79,122,133,137,158,128,106,107,73,74,94,111,119,134,159,158,110,97,77,75,75,82,114,148,164,145,111,79,97,80,110,110,127,151,129,136,125,95,76,84,82,99,130,143,164,131,120,99,96,63,82,99,112,141,165,138,100,96,93,69,81,110,137,149,131,116,128,88,75,84,84,127,132,149
150,122,110,92,82,71,93,115,128,141,148,140,122,94,81,96,93,105,115,155,127,147,114,111,87,86,85,106,129,158,145,131,121,84,88,73,89,115,121,143,161,134,132,91,77,55,84,100,121,144,154,117,113,92,80,77,90,117,140,155,153,133,107,95,96,77,89,97,122,150,163,141,123,84,86,66,89,102,129,136,153,132,109,110,69,64,95,114,127,146,132,114,141,90,72,89,84,112,161,145
145,131,125,87,71,71,87,97,139,155,135,139,97,89,74,83,117,103,126,132,159,143,104,105,89,84,98,102,122,132,149,145,115,98,78,75,96,121,129,141,134,120,124,95,87,80,84,100,117,136,140,130,122,83,86,84,82,105,128,169,166,131,103,93,84,89,99,100,117,146,181,137,131,88,75,80,82,110,131,138,134,140,100,109,70,75,91,108,140,128,133,140,118,90,77,78,79,125,143,153
149,142,88,95,59,82,87,112,127,177,135,129,103,107,82,77,101,109,144,122,151,145,114,95,69,88,82,103,126,130,161,149,118,98,87,72,99,120,140,136,124,118,97,103,84,83,95,110,128,119,138,138,124,97,72,86,98,103,131,147,156,141,101,93,83,69,102,103,118,148,165,115,132,105,83,79,93,110,116,142,132,134,116,106,87,74,86,93,132,157,144,130,127,101,84,76,84,111,133,167
158,127,92,99,85,82,89,94,129,162,145,145,100,82,76,84,90,125,136,130,160,117,122,104,82,76,73,95,112,149,145,156,115,108,82,79,92,117,111,145,137,138,100,73,77,77,88,111,126,148,132,148,133,82,78,72,109,121,128,133,152,144,116,93,84,77,90,106,129,154,146,130,110,82,102,101,100,97,134,134,134,126,114,87,109,82,93,87,126,147,151,130,115,93,83,75,74,105,134,166
136,137,112,92,97,80,78,89,147,151,157,124,103,88,68,73,105,108,138,150,138,126,128,94,81,82,90,96,126,137,143,139,117,117,79,74,96,116,132,157,152,125,108,86,68,79,95,114,126,133,149,142,123,102,73,78,92,108,141,146,146,139,104,90,98,83,76,103,156,142,155,112,119,96,88,117,91,95,132,128,149,126,90,96,112,105,80,80,125,150,146,137,123,92,73,74,81,113,134,145
127,137,107,102,76,83,103,104,141,155,148,110,95,94,90,83,78,104,132,152,149,152,109,87,84,81,84,101,121,164,135,136,112,112,90,72,91,106,134,149,127,108,129,92,82,67,90,120,116,145,138,136,109,101,71,76,104,110,125,131,168,122,108,91,87,87,89,97,120,192,146,121,96,91,96,110,101,114,132,148,142,112,101,85,93,102,66,101,136,153,137,128,135,89,75,81,87,114,135,137
155,116,104,84,90,107,86,103,127,162,151,118,93,76,105,89,94,103,115,174,148,116,121,95,58,83,72,116,146,146,153,135,116,97,100,81,79,119,126,152,144,124,114,100,79,86,73,121,148,149,130,137,106,90,79,77,108,121,155,159,153,117,88,102,85,73,86,105,129,159,158,109,105,68,85,78,105,136,130,156,150,105,97,87,95,90,116,120,131,128,153,136,100,88,66,69,98,129,114,153
126,126,110,96,90,76,88,107,144,144,161,124,107,80,72,97,82,121,120,153,148,138,106,83,80,77,92,91,129,141,170,148,111,102,89,90,102,105,111,160,137,134,97,88,73,81,76,97,144,170,143,105,121,97,69,86,88,124,146,155,149,125,107,90,81,74,95,120,137,150,133,126,115,94,64,78,85,119,131,156,166,118,98,85,86,78,99,127,145,144,163,119,97,89,83,72,84,113,147,145
138,120,111,95,86,73,94,121,134,144,138,116,112,99,77,87,106,105,148,157,151,120,114,88,81,81,87,112,109,138,161,142,106,99,85,87,94,103,130,155,136,133,108,87,91,74,79,125,113,151,162,134,99,94,63,90,89,128,140,158,139,138,106,92,65,78,101,108,142,134,152,111,111,92,67,73,91,115,134,168,146,124,99,86,83,96,103,113,145,139,148,137,83,81,88,78,88,116,147,148
140,155,102,85,81,94,82,117,146,139,125,113,120,86,73,102,100,92,133,159,156,123,101,101,95,68,100,99,127,139,145,149,127,92,80,84,84,105,142,148,148,143,103,88,78,73,89,115,135,138,156,134,101,90,84,71,86,137,146,140,143,127,102,88,89,74,91,102,137,133,145,113,131,87,71,71,95,105,118,140,154,126,99,95,79,70,97,144,143,141,151,121,109,92,69,67,83,110,141,132
139,147,90,93,77,100,83,100,149,157,133,119,112,96,66,94,104,107,132,156,165,108,97,102,91,92,96,94,133,137,129,148,104,88,74,80,80,109,120,160,158,132,123,80,95,67,103,124,127,162,149,129,84,76,89,83,87,123,134,152,158,133,104,92,75,73,98,114,160,148,146,135,112,93,62,78,100,109,120,149,159,116,86,83,80,90,87,128,151,158,140,133,123,68,66,75,98,104,136,150
122,138,114,88,85,76,99,116,151,153,151,118,99,85,81,80,89,109,147,148,153,141,113,78,69,86,85,149,133,153,130,130,127,101,76,68,73,88,126,151,176,139,105,92,79,78,93,116,130,149,135,115,98,87,77,92,124,102,131,142,145,142,122,111,73,69,96,122,143,158,148,126,110,78,82,75,100,105,137,142,146,106,107,90,61,80,117,124,150,143,160,121,111,81,82,79,92,103,141,144
152,125,107,83,88,74,99,113,161,155,148,103,108,70,72,91,77,101,135,137,173,128,109,84,84,82,105,111,143,153,163,113,103,97,83,65,66,78,136,172,153,151,121,89,85,91,93,122,130,141,126,123,88,77,87,78,120,117,116,158,140,133,120,85,78,84,77,129,156,164,151,143,95,76,68,75,83,111,132,166,147,107,95,81,71,57,92,127,152,149,152,118,113,83,56,70,88,124,121,137
137,140,110,103,69,102,98,107,145,168,140,136,110,77,70,73,88,106,139,160,145,145,93,64,72,96,109,147,127,151,144,124,92,100,67,77,80,87,115,178,156,136,130,94,88,95,92,111,127,158,124,111,86,97,69,89,95,121,132,165,147,126,122,79,94,80,92,108,157,170,156,136,103,81,59,76,84,111,126,156,150,139,88,74,73,64,88,124,159,187,136,125,98,75,69,79,100,104,125,155
135,151,106,75,81,80,108,113,157,168,148,111,105,86,70,96,82,108,141,166,150,137,104,76,66,78,106,124,159,143,134,118,100,88,81,71,85,108,127,161,153,149,112,93,77,105,97,100,120,160,129,125,97,75,88,87,85,113,127,146,166,126,106,96,77,88,79,113,153,159,165,123,86,88,81,83,84,121,126,155,149,112,86,80,68,69,80,139,142,179,136,157,102,64,75,80,81,121,120,149
157,127,106,83,76,80,114,104,146,176,157,127,89,77,79,76,93,103,154,164,163,119,97,68,71,61,91,120,167,153,123,132,112,86,64,67,97,134,133,166,152,133,115,84,83,97,112,129,133,139,148,106,105,87,69,81,91,131,129,142,151,130,130,84,86,75,77,104,137,165,177,156,74,83,72,94,86,125,144,162,135,114,86,78,66,68,84,112,146,167,147,132,117,72,58,81,105,108,118,154
147,138,89,85,76,81,96,123,151,163,157,139,83,76,77,61,93,128,141,172,170,126,107,66,72,73,88,114,147,141,148,131,116,86,68,76,78,115,131,175,172,115,99,72,70,78,116,124,149,133,135,130,99,73,87,64,84,119,151,150,164,133,121,79,81,59,92,113,160,163,142,128,112,84,79,92,84,107,164,154,125,124,95,76,61,58,84,121,164,165,137,140,93,82,70,76,85,124,131,142
151,121,75,68,68,85,92,109,151,170,161,115,106,84,71,65,95,123,153,152,155,129,108,85,49,74,80,122,139,165,181,124,120,75,74,55,93,97,167,178,155,133,82,70,75,87,83,122,137,172,149,129,94,82,74,67,85,112,142,168,162,162,111,107,78,73,74,99,167,154,156,129,95,81,82,99,73,115,146,161,123,132,102,88,66,68,84,129,140,161,125,144,109,81,72,83,83,117,141,184
174,118,103,67,70,67,86,126,132,173,161,114,110,87,64,70,86,104,137,170,147,139,95,85,67,58,65,134,147,164,161,150,92,85,64,68,67,102,159,155,165,145,87,68,61,73,101,125,134,169,142,126,102,70,61,84,75,105,146,181,168,126,102,92,85,75,83,113,145,157,155,132,110,86,65,72,80,123,138,141,164,135,88,81,72,70,87,104,153,161,157,128,96,90,64,63,98,101,140,181
173,118,85,71,61,59,106,114,155,173,179,131,108,73,78,65,84,107,141,156,152,147,109,79,64,62,78,126,139,180,150,133,102,85,72,59,86,106,143,159,167,151,104,65,68,69,90,117,136,154,161,143,105,61,72,76,89,92,128,195,171,160,105,100,64,76,89,112,134,184,157,128,110,77,54,83,80,112,147,143,150,131,123,73,66,64,82,102,145,167,164,151,90,90,68,57,82,119,139,182
179,139,81,69,67,60,86,110,137,177,180,136,99,74,58,70,100,105,138,152,158,146,98,82,58,54,91,104,149,162,160,128,113,112,76,53,79,129,120,169,156,135,100,79,77,75,93,93,120,175,148,158,104,66,57,91,79,111,135,159,190,143,98,81,74,73,78,81,165,161,165,135,110,77,62,78,86,118,154,130,161,165,115,79,49,70,72,96,135,184,187,132,84,88,66,59,78,109,153,153
182,133,112,80,49,61,84,117,160,150,155,168,116,65,60,61,86,111,134,173,166,127,109,79,78,73,84,92,127,171,182,143,104,102,81,67,79,97,135,174,160,133,110,78,79,76,91,102,122,145,167,144,104,60,70,80,84,100,143,158,167,146,120,70,84,77,96,107,134,142,154,136,130,78,74,54,94,93,161,158,152,154,118,74,63,63,76,110,121,185,160,148,84,75,61,69,88,98,131,163
181,141,113,64,66,62,75,101,129,175,164,167,137,80,67,62,70,111,127,141,165,134,106,93,75,80,78,88,143,150,158,162,119,88,77,66,76,105,134,169,144,137,120,86,70,87,71,95,140,157,136,123,115,93,83,76,85,91,113,145,171,159,94,89,82,85,78,108,125,152,148,155,116,84,64,70,84,102,149,167,164,136,120,72,67,67,81,97,122,162,169,167,102,78,61,71,80,87,138,157
177,129,100,71,75,69,64,93,132,180,167,156,121,90,71,77,82,104,130,155,143,137,119,85,76,70,78,120,142,175,156,139,102,90,81,74,77,93,133,162,160,139,122,80,79,60,89,110,131,158,132,149,117,94,92,71,97,105,120,152,172,146,113,86,74,78,79,109,143,154,156,139,125,81,68,65,84,104,134,181,153,147,129,76,69,66,75,110,128,154,178,137,110,76,79,70,79,115,113,168
155,123,112,77,83,74,57,111,117,163,161,133,135,89,75,67,81,104,125,156,140,138,119,86,73,76,78,93,132,160,170,128,109,89,101,64,88,108,126,149,140,124,130,99,76,63,77,99,122,147,164,129,112,103,71,81,82,95,144,162,165,136,100,97,80,78,76,108,139,165,134,149,125,86,69,47,79,109,151,154,152,145,126,91,76,63,85,105,118,168,164,160,111,81,76,67,83,92,135,174
151,132,100,93,90,78,65,78,123,166,170,135,137,98,77,54,85,103,133,149,130,129,123,81,89,85,92,98,135,170,163,114,118,112,80,82,90,116,125,139,141,147,125,101,83,64,72,114,120,152,144,139,122,111,55,61,80,108,147,173,179,130,100,85,77,75,83,91,120,174,164,137,135,73,64,58,81,94,145,167,159,128,100,94,84,69,66,90,132,160,159,161,130,85,67,59,100,100,146,151
136,118,125,84,92,64,77,96,144,149,133,142,127,90,97,57,86,98,140,133,141,141,130,67,79,76,97,117,135,146,171,136,118,91,89,96,79,111,111,137,143,139,122,91,86,91,66,97,112,157,156,124,123,112,76,68,81,101,139,154,175,147,118,79,64,72,73,96,144,169,151,145,131,109,66,67,77,104,118,145,144,139,109,110,86,69,61,119,128,137,153,151,146,89,63,69,87,100,163,136
147,121,124,81,81,73,91,104,127,138,147,128,118,88,101,56,77,103,135,167,173,135,103,95,76,55,75,127,126,138,157,146,122,89,80,103,94,93,114,138,167,136,110,105,75,75,103,89,117,151,161,119,126,93,67,78,78,105,130,139,165,144,105,106,70,82,70,100,140,180,149,133,130,84,93,64,87,88,126,158,147,116,119,92,84,75,72,110,125,145,175,138,132,90,68,70,90,110,128,153
142,142,116,87,70,71,86,122,96,140,167,160,115,90,86,73,71,87,147,150,163,126,111,107,65,62,69,109,134,161,149,141,101,92,75,92,106,91,129,140,144,148,120,91,69,80,62,118,122,150,155,129,111,108,69,76,74,106,131,159,143,133,146,83,74,69,91,116,143,132,167,138,127,98,81,73,90,117,123,116,162,133,127,89,87,72,81,105,124,139,160,162,127,94,66,80,101,102,141,139
149,143,122,78,64,71,93,106,120,135,149,150,109,95,85,84,72,97,120,169,151,131,106,108,79,59,95,101,130,168,142,121,110,82,85,85,87,111,123,161,143,148,129,102,71,88,64,107,122,146,137,135,132,99,75,68,70,80,138,162,176,130,108,105,75,79,99,93,153,142,180,119,114,104,86,84,92,114,133,150,160,127,115,97,83,64,81,87,123,151,150,150,118,91,71,79,77,112,128,154
163,138,110,82,72,69,85,121,128,139,138,143,123,70,70,76,101,95,121,173,157,128,109,82,80,69,89,108,121,157,163,122,100,98,90,81,81,99,125,159,139,146,112,88,108,71,77,109,110,147,151,141,117,93,70,65,90,86,111,187,164,135,97,99,90,70,84,100,129,158,151,131,127,103,78,82,85,115,135,126,169,143,91,96,92,70,88,98,135,159,144,138,117,92,81,60,95,105,136,142
141,153,102,90,71,71,84,120,132,124,144,137,117,100,78,84,73,93,133,172,159,127,103,96,64,82,92,94,121,136,177,119,115,86,92,77,89,116,113,150,151,126,118,95,76,83,92,90,121,160,133,132,109,93,73,68,95,106,120,139,175,140,114,98,104,72,96,109,129,146,142,129,103,103,93,88,83,115,136,145,171,135,99,99,83,88,75,102,125,136,167,151,108,82,69,82,91,119,138,144
148,122,130,99,80,76,76,114,138,139,143,126,112,99,73,94,76,90,130,165,178,129,95,80,84,68,82,115,123,137,138,134,125,104,89,80,84,126,133,136,142,148,103,85,78,90,77,103,120,153,149,125,121,90,86,65,94,116,135,154,126,129,107,101,100,80,102,107,124,154,145,133,103,95,77,102,94,111,141,130,150,137,102,90,89,79,83,108,120,140,155,160,101,106,73,76,96,102,149,132
137,130,139,91,69,77,83,105,136,132,148,116,130,80,65,79,85,100,132,147,159,137,127,93,79,71,86,109,145,137,138,131,113,80,100,84,92,107,136,124,156,163,106,84,67,75,91,95,117,155,164,150,111,92,66,58,113,113,131,143,150,120,105,106,86,92,91,119,128,149,166,130,116,85,87,95,99,112,126,139,142,132,101,99,88,95,88,96,112,152,151,137,119,105,64,67,97,127,138,133
123,159,108,96,72,92,93,108,117,130,161,125,132,86,68,79,86,103,119,164,139,136,112,88,72,80,85,115,132,132,142,143,109,106,84,79,84,108,130,135,179,130,118,95,74,63,94,98,112,145,185,141,105,94,74,70,76,115,135,162,140,123,86,100,88,94,96,107,134,155,174,130,103,75,78,75,113,110,132,150,167,109,106,85,87,93,85,93,148,145,149,145,120,78,82,73,99,130,150,141
165,126,129,86,75,87,82,100,112,133,148,150,124,91,88,66,68,117,136,148,137,141,104,91,75,72,86,105,131,144,134,130,138,101,91,85,90,97,133,121,158,140,125,90,77,63,80,114,136,151,151,119,89,91,70,84,98,94,151,146,128,115,107,108,85,94,93,101,113,155,195,146,104,69,87,72,89,117,126,164,131,143,99,87,83,84,78,100,126,157,146,139,121,96,76,96,102,109,120,160
160,157,97,96,67,64,97,108,126,133,126,129,125,111,85,80,85,100,143,160,129,134,106,88,87,77,74,108,134,155,131,128,111,96,78,102,101,92,133,136,148,129,126,92,74,64,102,97,145,135,156,105,117,96,93,73,95,119,128,154,136,120,105,67,105,97,96,115,146,154,124,155,109,90,82,77,92,125,109,137,150,129,115,91,77,95,80,88,143,146,153,126,105,94,82,99,94,110,113,158
135,138,112,94,85,57,80,117,107,131,136,120,115,116,82,98,73,92,155,145,131,130,131,95,76,81,91,91,147,138,146,131,115,95,79,89,106,109,139,127,155,141,92,71,80,92,86,113,122,158,152,121,96,101,75,76,90,99,139,141,172,121,112,70,79,83,106,96,143,160,146,131,120,107,78,77,101,117,136,145,134,129,100,103,66,101,81,93,112,158,168,123,124,82,80,78,98,116,147,164
147,125,118,100,65,74,88,110,102,134,140,142,106,113,93,87,100,95,133,153,154,133,110,80,79,81,91,97,120,163,131,138,119,76,86,100,104,111,129,121,140,159,86,76,84,93,79,110,146,156,145,136,108,77,103,81,97,109,126,146,163,117,112,81,50,72,98,111,126,158,174,137,111,97,84,81,86,132,137,152,156,116,109,99,73,82,86,130,125,160,151,131,87,78,97,85,95,91,153,154
150,116,118,99,71,84,111,91,113,136,157,131,113,82,68,81,106,106,160,159,136,124,103,77,83,73,100,98,125,164,143,120,119,84,82,83,110,122,123,142,150,109,106,92,73,73,100,99,139,141,142,146,114,78,98,84,91,111,121,161,146,144,104,88,68,60,81,106,135,136,173,171,109,82,88,86,90,115,138,171,142,104,103,95,79,86,94,100,149,150,158,126,81,78,86,77,98,122,140,166
144,113,108,100,68,80,102,91,133,138,126,140,109,88,83,80,98,130,150,137,154,118,106,83,78,89,90,98,128,149,164,114,120,97,71,86,95,118,144,163,127,109,112,97,93,82,86,111,126,163,148,110,114,95,95,94,76,114,138,170,153,141,93,82,84,79,91,115,157,149,126,164,122,84,90,78,99,104,176,143,143,116,98,83,81,72,101,115,135,149,153,126,79,66,77,91,103,119,155,144
131,114,116,84,86,82,84,98,146,156,129,105,96,101,80,87,110,115,141,140,139,116,97,91,90,87,82,108,117,134,168,140,87,98,84,81,96,95,124,172,134,131,94,101,76,88,90,116,134,155,152,117,106,87,83,87,87,106,135,167,130,112,104,95,84,74,84,104,152,151,119,146,119,99,77,75,92,136,141,175,147,121,97,91,76,65,90,123,150,168,149,127,90,56,81,78,89,117,159,169
159,131,94,91,83,79,82,114,124,146,142,120,129,73,76,74,97,127,151,150,119,117,82,89,76,96,105,117,112,134,166,135,97,90,81,82,95,109,137,153,155,137,94,66,82,102,94,123,127,143,144,132,106,73,77,93,82,87,156,167,142,123,106,92,81,71,92,106,140,163,145,133,110,88,90,81,96,117,157,152,155,111,101,76,79,70,92,129,157,150,135,143,88,80,79,64,109,136,139,150
151,116,110,96,83,77,76,118,115,144,143,137,106,88,71,72,96,113,159,173,122,117,104,69,84,91,85,127,126,132,145,121,129,86,91,78,105,99,153,167,152,126,109,77,76,91,90,113,125,136,156,114,96,90,98,90,85,87,142,142,148,112,107,111,74,86,85,92,158,157,164,135,100,104,91,85,97,115,144,163,143,107,107,77,78,74,93,116,153,175,165,114,90,79,59,84,82,122,153,162
164,124,110,85,64,74,94,118,119,126,156,134,101,97,78,58,91,123,146,165,149,105,86,78,92,105,85,103,125,144,145,132,115,87,82,71,92,112,154,158,154,118,99,84,72,92,86,116,150,134,131,135,112,104,98,76,97,106,145,124,138,121,107,107,82,88,71,107,144,189,150,129,96,87,74,75,99,119,146,157,133,134,101,84,71,72,90,123,126,168,163,138,96,65,69,71,108,112,150,162
157,133,105,82,93,67,89,111,145,127,144,135,104,94,79,68,93,118,163,159,148,107,84,87,72,81,100,112,126,148,140,128,103,94,69,83,88,111,132,178,149,148,103,81,80,85,88,104,147,136,151,128,97,92,88,87,81,117,147,140,155,122,83,85,85,73,97,119,157,161,177,117,102,86,64,86,95,117,135,145,148,162,79,85,66,77,105,103,146,149,182,127,118,73,68,70,99,122,150,157
179,133,108,84,76,64,86,105,138,160,147,113,114,86,77,72,81,132,126,184,144,110,96,74,94,65,108,105,120,153,156,119,113,87,70,75,60,115,129,177,157,135,99,84,79,69,96,115,134,157,164,119,88,88,79,75,109,134,142,144,148,138,94,69,80,71,97,103,156,160,176,113,104,89,73,72,103,114,122,190,156,124,98,82,72,92,85,103,141,163,159,135,97,76,74,71,67,112,144,152
166,124,111,93,70,67,89,117,138,133,164,128,120,86,66,77,70,112,149,187,149,104,105,76,92,66,106,113,117,144,142,143,106,82,78,72,72,113,150,172,145,148,108,89,72,67,86,93,154,161,155,124,100,88,69,84,113,119,143,162,142,129,97,80,75,73,91,112,153,161,157,142,98,89,72,78,80,126,145,165,132,136,106,86,77,58,98,110,156,153,157,125,132,78,56,69,79,115,147,156
180,125,90,99,85,68,81,88,133,140,163,144,98,78,88,84,66,90,137,179,165,130,98,70,75,74,90,140,135,133,142,124,122,87,66,73,75,121,146,163,154,132,87,91,78,87,80,115,180,126,142,116,113,81,75,73,107,117,155,140,160,137,97,74,67,75,82,125,145,166,166,143,109,71,75,62,82,96,151,178,134,134,119,87,95,55,59,121,156,166,165,139,129,79,58,61,90,118,139,149
157,129,104,81,76,83,92,92,131,152,142,114,108,95,69,66,73,96,147,164,179,122,83,91,70,79,90,106,151,138,141,125,105,84,68,52,72,115,155,173,155,137,110,82,83,83,74,97,150,171,129,117,96,82,77,76,92,118,137,158,159,140,109,72,64,66,107,109,166,152,168,130,118,90,75,54,72,105,150,177,172,147,111,77,85,67,62,87,162,163,156,147,119,93,77,62,81,114,126,175
157,133,88,83,71,86,91,101,123,143,150,125,100,77,73,84,77,112,156,163,164,131,99,66,70,84,82,101,158,143,176,120,82,78,71,50,76,107,139,170,166,153,107,79,71,73,81,107,149,154,166,98,86,87,78,88,93,101,135,170,170,139,115,94,64,61,96,121,128,157,166,150,109,92,72,61,75,97,138,170,158,152,118,78,85,63,52,116,144,155,156,161,98,92,60,58,67,109,152,192
179,136,100,91,67,87,94,110,131,140,135,120,104,101,64,70,97,128,136,161,174,152,98,71,60,59,102,115,142,165,110,142,96,73,57,55,80,101,143,192,161,136,113,88,63,68,77,94,136,168,155,112,105,86,94,72,80,126,135,164,146,153,127,92,69,77,76,118,136,165,187,141,112,78,75,71,81,101,128,158,141,161,139,98,79,70,78,113,150,159,156,111,106,91,66,60,76,94,156,162
152,129,107,75,71,76,94,119,113,140,132,142,125,70,57,63,86,139,136,169,179,147,95,84,46,68,71,109,174,145,154,131,95,81,66,46,68,109,136,168,169,138,116,96,77,73,74,89,112,165,159,149,103,97,80,70,77,97,157,161,147,151,109,92,68,66,71,113,147,162,164,145,116,83,71,62,83,104,123,159,152,146,120,105,86,78,79,102,141,160,151,140,114,98,72,62,85,111,156,172
170,136,98,92,74,60,110,100,110,157,153,132,112,68,80,47,97,95,149,165,173,147,98,99,47,60,69,109,160,154,142,134,126,87,65,57,68,103,141,152,169,165,102,74,78,77,73,92,123,154,175,118,113,86,95,60,72,93,151,173,180,144,116,77,88,70,81,122,115,157,164,156,119,83,64,70,84,95,142,146,156,152,117,86,82,88,74,102,136,162,150,150,122,85,62,77,76,107,151,172
164,137,117,83,86,78,77,113,134,143,135,141,97,89,65,68,70,124,121,168,179,162,116,77,71,57,66,113,126,147,155,153,105,66,65,56,79,108,136,158,166,161,109,87,73,58,82,99,127,154,159,120,112,98,73,72,87,103,132,153,164,164,110,87,96,76,81,102,136,148,183,153,134,104,63,73,72,88,135,177,142,126,133,104,76,68,85,104,143,148,159,143,106,88,79,68,67,98,123,160
163,139,129,82,78,64,97,94,137,157,153,132,103,82,71,69,90,106,127,148,164,143,146,99,70,46,78,92,136,171,150,148,110,69,60,55,84,91,143,134,173,130,124,83,87,68,88,83,135,158,141,138,101,87,82,84,91,118,120,147,148,170,118,86,86,73,76,103,130,154,166,149,113,102,104,67,67,90,128,137,152,134,142,105,75,74,78,97,133,149,155,156,117,78,82,84,74,92,120,160
164,149,111,85,69,71,75,116,125,155,155,122,100,99,78,73,81,87,117,178,171,153,124,103,85,61,57,90,136,161,150,149,103,82,68,56,73,81,149,148,167,139,110,89,82,86,63,103,116,144,149,122,113,100,93,83,68,115,134,144,155,149,130,111,74,69,79,81,136,141,176,144,118,117,97,70,71,88,124,155,156,153,122,87,87,82,101,108,111,142,141,145,113,108,80,73,86,83,126,162
161,117,124,89,79,69,89,93,120,159,150,152,111,76,79,88,84,87,112,151,165,157,123,96,76,67,68,88,118,145,171,154,108,82,66,75,67,84,106,143,143,159,132,89,68,76,68,99,146,134,129,130,123,100,73,77,77,131,123,153,145,146,115,84,87,96,87,87,108,150,159,160,124,114,94,60,80,98,111,154,146,141,121,106,76,76,83,107,128,133,147,132,135,101,98,67,79,76,112,185
159,130,111,103,74,73,79,102,117,150,167,126,95,76,94,72,74,71,128,123,151,148,122,91,82,62,68,111,102,132,154,132,106,87,72,59,77,74,108,119,129,151,128,93,80,83,77,96,137,127,157,130,106,81,81,69,95,103,137,146,150,133,116,76,80,92,85,80,116,132,165,141,135,97,108,67,90,77,112,137,151,152,97,85,96,87,85,84,108,134,144,142,137,101,78,82,64,93,120,134
128,132,106,87,74,65,65,74,104,131,131,136,78,86,73,62,67,78,97,122,147,111,91,103,79,69,64,76,107,101,116,139,95,72,78,64,71,77,91,88,114,131,113,81,73,62,74,91,97,101,113,113,122,69,65,60,76,96,117,103,149,142,85,91,62,66,105,81,101,121,126,100,125,99,91,81,76,68,89,127,115,137,105,101,68,74,73,68,87,112,130,112,106,103,100,77,55,75,98,111
86,89,87,54,60,49,52,49,56,83,88,89,74,51,54,37,50,55,68,85,88,69,83,67,45,37,41,59,63,84,95,93,79,62,49,51,44,71,60,85,77,82,77,47,44,47,61,63,69,74,79,88,71,71,49,50,47,55,74,82,76,82,81,66,41,49,58,73,66,74,93,79,80,78,56,74,58,58,67,81,88,92,79,67,66,53,56,56,61,84,92,69,72,58,68,61,51,59,66,88
53,42,42,41,21,16,30,42,32,32,45,35,31,33,27,21,28,23,38,29,42,36,42,34,28,21,19,27,26,39,53,46,35,42,29,28,20,20,35,43,28,45,34,24,30,27,39,27,42,53,34,48,32,36,40,17,26,26,36,35,41,37,41,48,20,24,29,42,33,42,36,40,52,43,35,23,47,29,27,57,56,43,37,28,39,34,33,24,45,47,38,38,36,35,26,26,23,27,27,45
16,11,9,9,7,4,9,10,14,11,5,16,7,8,9,10,5,5,7,5,8,4,8,13,9,4,7,5,12,13,17,14,15,6,8,9,8,9,13,10,13,11,22,10,12,3,7,14,12,18,10,12,15,13,8,6,8,7,5,12,12,14,17,11,14,12,9,11,9,11,16,16,15,9,15,9,11,12,20,13,14,13,18,10,6,18,13,21,10,9,10,3,12,14,12,7,4,11,4,19
5,2,1,1,2,0,0,3,2,2,1,5,2,2,2,2,3,0,0,1,1,0,0,3,2,0,0,2,3,3,5,3,2,1,0,2,1,2,3,2,1,6,3,2,4,3,0,1,6,6,1,1,5,2,1,2,0,2,1,1,2,3,2,2,6,0,2,1,2,1,5,3,2,1,4,1,2,0,0,2,2,5,1,1,0,3,1,0,3,0,1,1,0,1,0,1,0,0,2,2
0,0,1,0,0,0,0,0,0,0,0,0,1,0,0,1,0,0,0,0,0,0,0,0,0,0,0,0,1,0,1,0,0,0,0,0,0,0,0,0,1,0,0,0,0,0,0,0,0,0,0,0,0,0,0,0,1,0,0,0,0,1,1,0,0,0,0,0,0,0,0,0,0,0,0,0,0,0,0,0,0,0,0,0,0,0,0,0,1,0,0,0,0,0,0,0,0,0,0,0
0,0,0,0,0,0,0,0,0,0,0,0,0,0,0,0,0,0,0,0,0,0,0,0,0,0,0,0,0,0,0,0,0,0,0,0,0,0,0,0,0,0,0,0,0,0,0,0,0,0,0,0,0,0,0,0,0,0,0,0,0,0,0,0,0,0,0,0,0,0,0,0,0,0,0,0,0,0,0,0,0,0,0,0,0,0,0,0,0,0,0,0,0,0,0,0,0,0,0,0
0,0,0,0,0,0,0,0,0,0,0,0,0,0,0,0,0,0,0,0,0,0,0,0,0,0,0,0,0,0,0,0,0,0,0,0,0,0,0,0,0,0,0,0,0,0,0,0,0,0,0,0,0,0,0,0,0,0,0,0,0,0,0,0,0,0,0,0,0,0,0,0,0,0,0,0,0,0,0,0,0,0,0,0,0,0,0,0,0,0,0,0,0,0,0,0,0,0,0,0
0,0,0,0,0,0,0,0,0,0,0,0,0,0,0,0,0,0,0,0,0,0,0,0,0,0,0,0,0,0,0,0,0,0,0,0,0,0,0,0,0,0,0,0,0,0,0,0,0,0,0,0,0,0,0,0,0,0,0,0,0,0,0,0,0,0,0,0,0,0,0,0,0,0,0,0,0,0,0,0,0,0,0,0,0,0,0,0,0,0,0,0,0,0,0,0,0,0,0,0
0,0,0,0,0,0,0,0,0,0,0,0,0,0,0,0,0,0,0,0,0,0,0,0,0,0,0,0,0,0,0,0,0,0,0,0,0,0,0,0,0,0,0,0,0,0,0,0,0,0,0,0,0,0,0,0,0,0,0,0,0,0,0,0,0,0,0,0,0,0,0,0,0,0,0,0,0,0,0,0,0,0,0,0,0,0,0,0,0,0,0,0,0,0,0,0,0,0,0,0
0,0,0,0,0,0,0,0,0,0,0,0,0,0,0,0,0,0,0,0,0,0,0,0,0,0,0,0,0,0,0,0,0,0,0,0,0,0,0,0,0,0,0,0,0,0,0,0,0,0,0,0,0,0,0,0,0,0,0,0,0,0,0,0,0,0,0,0,0,0,0,0,0,0,0,0,0,0,0,0,0,0,0,0,0,0,0,0,0,0,0,0,0,0,0,0,0,0,0,0
0,0,0,0,0,0,0,0,0,0,0,0,0,0,0,0,0,0,0,0,0,0,0,0,0,0,0,0,0,0,0,0,0,0,0,0,0,0,0,0,0,0,0,0,0,0,0,0,0,0,0,0,0,0,0,0,0,0,0,0,0,0,0,0,0,0,0,0,0,0,0,0,0,0,0,0,0,0,0,0,0,0,0,0,0,0,0,0,0,0,0,0,0,0,0,0,0,0,0,0
