parameters (x,y,w,h,rx,ry):-5,0,10.000000,40.000000,100,100
43,59,63,77,78,91,95,101,97,89,103,109,107,91,90,85,131,117,92,106,112,78,90,81,83,82,101,97,95,81,55,29,13,12,8,8,2,5,5,5,0,1,2,8,7,15,21,27,29,36,30,39,25,49,45,35,31,36,38,39,26,23,24,43,37,58,58,89,68,60,47,40,50,34,57,76,84,79,84,69,51,43,34,34,39,43,42,35,31,30,22,7,11,6,14,12,25,25,25,43
112,126,185,181,182,168,223,224,205,187,220,218,215,213,186,190,235,251,228,222,239,216,179,192,142,172,203,211,204,181,133,66,23,24,16,14,10,7,7,8,9,2,3,8,23,34,40,67,66,59,91,94,70,78,113,90,83,98,94,65,57,52,67,63,115,116,152,181,142,133,107,93,83,114,122,144,142,202,154,145,128,113,66,70,85,106,87,84,67,49,42,25,25,14,20,25,53,60,77,109
112,142,180,184,172,180,233,209,230,202,188,210,253,205,181,225,223,256,223,236,223,215,201,169,159,164,176,227,237,180,139,65,42,23,11,8,13,10,10,2,4,4,3,7,13,39,38,67,68,70,75,79,80,86,95,97,101,100,88,59,57,56,47,63,101,129,159,177,154,134,102,90,87,101,102,126,173,182,193,155,118,110,76,65,84,92,104,100,78,59,31,26,20,21,10,23,32,45,65,101
112,129,196,165,181,183,238,243,191,201,204,218,225,192,199,198,227,266,255,242,212,209,203,180,155,153,177,227,245,188,144,79,40,21,13,9,9,12,2,3,7,4,4,4,7,21,36,71,68,66,65,81,90,84,87,96,108,90,85,62,57,35,56,56,102,125,149,164,175,137,110,82,84,88,104,130,167,189,204,147,103,100,85,82,71,99,108,109,79,60,41,22,16,13,14,15,33,40,55,97
107,135,176,176,178,210,199,227,212,199,200,219,221,234,172,211,223,252,259,228,210,198,216,184,184,152,180,233,234,192,120,87,41,23,8,15,15,8,9,1,4,6,6,3,11,19,36,55,72,66,65,86,78,85,97,95,97,88,93,75,43,40,45,71,75,126,148,175,189,143,125,87,77,72,104,134,171,190,196,148,135,97,107,70,69,88,113,101,96,56,42,30,15,9,17,9,25,34,62,83
113,130,166,189,174,198,187,232,245,205,198,208,209,214,202,187,222,275,259,247,188,195,220,189,160,180,197,223,253,200,139,88,40,35,10,8,6,11,7,3,4,4,4,7,10,20,35,56,57,64,59,79,70,91,103,102,104,100,82,66,40,47,39,55,86,124,156,169,190,163,119,85,75,68,113,115,171,196,193,165,131,93,77,69,72,85,106,106,87,72,50,21,10,14,14,17,21,32,52,64
101,142,163,181,180,190,215,230,252,206,175,230,217,237,193,204,221,255,254,280,175,205,184,192,165,157,206,203,224,219,155,87,48,35,8,6,10,7,6,6,5,1,4,4,19,22,30,56,59,56,61,67,75,110,88,123,117,100,74,70,44,39,52,41,83,98,143,209,199,167,108,76,71,69,106,127,162,182,188,203,135,95,63,79,83,80,106,122,92,74,41,19,20,8,12,15,28,30,47,74
109,145,158,195,156,180,217,213,250,217,173,197,225,227,189,204,203,255,295,250,187,182,201,206,182,156,176,219,258,219,166,83,50,25,15,7,7,6,16,4,2,7,4,6,9,19,34,48,52,56,59,64,77,79,97,119,138,107,74,66,41,30,46,54,74,110,158,164,221,177,137,80,53,48,84,121,171,193,202,193,129,82,85,75,87,86,112,124,91,67,35,32,11,10,8,14,17,31,48,72
103,121,146,176,208,180,189,242,251,230,169,212,240,244,199,165,198,245,305,216,213,208,200,192,168,166,173,217,266,233,163,85,56,24,21,11,5,9,5,8,5,2,6,13,4,18,30,45,54,63,73,48,85,80,90,109,112,122,104,50,46,27,38,57,69,103,156,210,200,158,119,92,58,51,83,105,175,215,183,173,123,100,85,86,82,90,132,135,93,62,51,26,12,8,6,8,7,31,50,74
104,123,193,156,188,189,204,210,253,227,180,175,234,253,193,159,204,249,272,239,201,197,197,202,210,163,148,219,258,226,169,105,57,26,15,14,7,12,5,5,2,1,4,3,14,15,29,41,62,67,69,62,70,70,110,91,114,112,113,61,42,37,34,41,80,104,185,179,198,141,130,77,64,65,100,116,177,202,191,162,116,93,81,67,90,105,123,149,110,50,45,19,15,6,10,5,4,24,46,60
77,126,156,191,218,165,187,218,253,222,190,177,238,245,203,169,213,268,249,222,203,211,220,166,203,161,154,240,256,214,159,100,60,23,22,12,11,11,11,5,4,1,2,5,8,14,27,52,51,64,62,71,69,95,81,100,106,127,99,67,45,24,36,44,70,102,150,217,192,173,132,63,67,66,77,123,173,180,212,175,113,86,76,79,71,105,132,106,120,79,45,26,13,12,12,4,7,24,38,67
81,120,182,185,189,174,193,184,276,244,189,173,227,232,211,198,213,245,276,226,202,194,203,182,215,160,193,216,248,201,171,100,49,28,21,14,7,15,9,9,4,0,3,2,7,10,31,45,58,56,69,61,75,88,94,95,92,112,107,70,48,34,30,41,71,107,140,188,224,176,120,81,48,51,72,131,148,217,186,161,121,112,67,63,80,113,131,134,104,73,47,21,19,9,8,7,10,20,39,62
81,103,193,196,183,165,179,229,248,229,187,189,213,227,221,193,215,252,272,234,202,200,212,209,203,157,166,213,266,215,169,114,53,19,23,19,9,15,4,5,4,1,1,2,4,10,31,43,60,59,59,65,88,84,88,118,91,116,82,81,52,38,36,45,74,99,127,203,194,197,116,76,52,55,71,132,160,212,204,158,114,96,84,73,85,92,137,116,127,94,41,25,12,8,8,12,11,17,32,51
76,112,161,206,193,184,169,229,256,222,192,185,214,227,195,199,218,261,255,254,204,177,236,184,201,180,164,210,248,217,168,115,69,25,14,20,17,10,9,4,3,4,2,3,3,12,26,40,55,63,51,60,104,84,88,107,115,104,86,74,48,38,33,45,70,91,148,197,219,166,138,69,48,52,79,134,170,175,206,166,124,83,69,74,88,96,144,136,110,85,53,30,6,9,2,8,15,21,33,59
80,119,157,180,214,182,167,215,244,241,195,190,221,232,199,193,216,249,282,250,205,164,192,233,194,190,178,194,234,229,180,133,67,29,14,11,16,14,3,10,5,5,4,5,1,10,16,47,49,57,64,71,81,106,82,91,125,107,79,74,48,47,35,43,71,106,150,199,202,168,116,91,52,57,77,103,172,205,218,180,123,89,69,62,89,110,134,147,124,83,59,20,9,2,5,12,17,18,33,42
61,101,142,171,211,189,182,229,235,233,195,191,209,230,218,172,216,231,289,263,190,181,185,210,239,174,181,193,220,230,175,138,55,25,13,11,12,9,15,7,6,2,6,3,6,11,16,29,49,69,59,66,93,101,89,69,116,124,82,65,51,41,36,40,73,103,146,204,203,175,110,75,47,48,71,102,158,235,222,171,131,89,67,57,79,106,132,138,134,78,51,28,15,3,7,6,17,17,37,56
70,104,143,188,190,179,178,226,258,244,177,196,191,240,221,207,187,220,267,280,231,166,187,197,217,204,170,213,228,235,200,134,75,21,18,13,8,8,14,11,8,1,4,2,2,10,21,28,46,56,67,74,86,85,90,93,103,107,97,59,59,37,35,40,65,109,155,195,201,181,109,70,53,50,71,124,172,227,195,152,143,103,53,56,88,123,129,135,121,76,46,30,20,9,5,10,11,22,25,43
62,109,165,176,175,174,180,213,242,243,210,162,229,238,225,205,190,234,275,239,215,194,186,199,218,203,175,187,251,241,180,127,60,29,26,12,8,5,17,9,9,4,5,1,5,9,18,29,58,60,55,58,77,83,92,100,92,118,97,77,56,33,41,40,78,102,143,206,200,174,110,70,61,55,76,108,182,229,201,171,109,86,66,62,72,115,130,146,128,84,51,34,13,4,7,8,14,15,23,38
53,102,173,180,195,167,172,221,256,256,183,185,203,244,231,175,236,240,215,289,208,165,200,198,233,192,180,207,223,243,195,133,67,27,11,11,11,13,8,12,5,9,8,1,6,12,26,25,43,43,65,53,74,92,79,96,111,105,114,74,51,46,45,40,59,90,160,206,200,169,104,88,51,54,70,104,201,236,212,162,90,73,84,58,81,108,147,131,119,103,50,26,11,10,4,15,10,19,27,40
53,109,167,209,186,181,175,220,239,243,180,163,213,257,212,202,226,224,257,222,233,185,167,236,201,195,188,200,227,241,212,125,53,26,19,10,15,9,6,10,9,6,10,4,5,15,31,24,33,50,63,58,60,91,92,108,110,110,95,70,54,30,36,48,65,95,166,175,212,178,118,70,54,53,64,110,175,234,215,177,115,65,67,74,86,111,131,133,121,89,53,16,13,9,6,10,17,18,18,33
54,95,157,198,210,177,167,214,254,242,192,172,184,263,252,202,193,226,271,253,241,177,179,212,215,189,193,224,221,250,199,125,61,36,14,12,4,9,11,8,5,6,9,7,3,8,22,34,37,45,52,60,66,82,98,121,109,118,91,71,48,39,23,43,72,101,152,204,227,187,99,75,52,50,75,98,153,237,230,167,109,76,67,73,79,106,138,152,119,73,60,24,13,10,9,5,14,12,24,34
39,94,145,189,257,198,159,208,266,224,194,157,193,235,241,233,202,211,271,245,227,189,184,207,207,208,198,202,208,235,194,122,84,31,13,9,11,9,9,8,7,2,7,7,9,9,20,33,38,52,48,50,73,83,76,100,112,130,101,74,66,36,29,43,55,112,135,200,201,190,106,76,42,56,67,123,176,196,237,158,113,81,67,68,85,104,132,149,119,95,53,31,18,12,6,8,15,18,18,31
46,79,150,211,204,179,186,208,240,211,210,164,185,249,243,209,210,246,281,256,230,175,184,206,218,197,203,213,241,256,181,116,94,32,19,12,10,9,5,7,5,6,7,4,4,18,21,30,35,44,52,56,61,70,77,84,135,128,109,86,38,45,40,45,63,87,159,185,213,182,119,89,47,41,81,123,163,200,218,165,141,82,56,73,69,95,137,145,122,77,61,35,21,13,9,9,9,14,23,24
46,92,120,177,232,197,192,193,243,247,197,156,208,220,265,228,219,218,287,215,203,200,187,210,209,197,178,225,225,241,190,121,71,48,21,11,5,9,5,8,6,7,4,5,5,6,20,32,43,48,35,58,56,75,88,103,110,146,102,76,41,42,37,49,57,89,141,177,233,182,121,80,57,43,72,129,179,203,199,160,135,116,73,48,72,90,121,139,131,98,58,28,17,14,13,8,11,19,21,25
46,92,115,207,207,194,170,202,253,260,204,180,187,198,247,248,200,233,279,272,191,185,185,205,213,184,194,185,242,241,196,131,80,41,17,18,7,7,4,7,6,5,9,3,5,3,17,28,37,51,55,53,59,68,70,112,129,115,119,94,49,30,28,50,57,101,147,194,203,190,118,78,59,37,90,99,177,204,200,162,138,116,65,66,69,110,130,110,120,98,67,33,16,11,9,7,13,22,16,23
45,90,145,186,205,185,168,208,290,234,208,163,180,215,236,230,195,246,280,248,214,196,195,202,192,217,191,193,229,236,209,123,79,35,23,5,14,9,9,6,6,7,3,7,6,9,17,32,37,46,47,54,52,57,88,107,109,132,108,98,62,32,34,40,66,94,127,190,228,178,122,69,56,53,83,130,150,219,184,163,119,97,86,55,94,97,130,123,111,117,51,35,21,17,9,6,11,15,17,36
55,87,165,193,193,170,180,200,227,256,214,181,195,225,247,207,217,220,293,240,221,181,189,217,187,229,173,210,234,239,187,127,79,43,18,22,11,11,9,6,9,2,2,2,8,12,19,23,42,42,52,55,60,64,82,115,111,126,116,97,60,42,43,30,65,102,129,173,217,197,131,80,57,51,70,110,171,226,178,158,125,90,85,71,89,119,111,125,126,89,53,41,19,20,10,11,9,13,15,31
50,102,154,194,207,166,196,211,219,253,214,179,184,236,239,201,218,216,266,280,195,204,190,183,228,181,211,221,215,231,179,137,70,53,23,14,13,12,7,6,5,4,3,6,6,8,14,20,41,40,52,55,53,73,78,100,115,126,122,78,50,52,38,27,62,107,127,177,211,192,142,79,52,44,60,114,205,213,214,144,132,83,76,59,72,124,124,128,113,81,70,34,14,13,13,12,13,14,24,23
56,83,157,189,187,192,178,223,238,244,193,183,209,215,236,241,196,210,250,290,230,213,170,196,217,206,175,192,250,227,193,120,99,38,18,16,11,14,8,5,5,6,2,6,3,8,14,29,40,34,50,49,59,63,81,102,104,111,137,85,46,34,38,48,63,86,131,190,220,195,131,88,43,35,60,117,189,221,177,191,131,79,68,58,77,122,130,116,125,103,50,30,20,8,11,12,11,23,20,24
53,90,125,178,189,223,176,227,260,210,194,196,191,176,265,233,195,223,255,277,236,193,182,175,227,216,193,186,268,229,200,139,63,46,32,14,14,13,8,3,4,2,4,8,7,6,5,29,45,52,51,38,39,80,82,85,105,123,117,90,63,34,52,55,50,88,123,190,200,187,148,72,54,44,60,111,158,216,219,183,128,64,72,74,75,101,122,121,137,86,61,22,18,7,10,11,11,17,32,37
46,81,134,183,198,187,212,216,240,217,183,175,204,207,247,231,232,236,268,256,211,185,175,187,228,205,200,210,229,250,207,130,81,50,19,10,11,13,13,5,2,2,3,4,10,10,15,26,42,56,50,35,48,68,77,99,98,120,129,88,47,53,50,44,74,72,145,183,216,199,137,80,43,37,64,118,180,193,207,209,122,74,69,83,76,99,132,128,106,106,73,37,21,4,4,10,20,17,31,44
69,81,127,164,207,171,197,213,248,222,237,181,188,220,236,221,198,240,269,254,212,168,222,202,207,204,191,203,205,220,222,136,85,43,25,11,9,18,9,4,1,3,1,6,8,12,21,26,44,43,46,35,49,60,92,106,110,109,125,86,59,31,43,53,63,87,143,162,224,220,123,76,59,40,60,124,160,187,199,175,128,86,61,84,100,100,129,125,112,84,59,42,25,16,8,8,15,12,28,37
65,95,140,177,206,190,180,235,227,244,207,182,183,276,226,186,211,237,276,274,205,179,201,219,204,206,191,187,246,238,203,125,88,48,26,16,14,6,9,8,3,1,5,3,4,9,18,31,39,51,41,41,39,53,95,94,117,114,124,89,66,38,46,52,56,111,138,164,219,198,134,74,50,61,58,101,174,200,227,170,128,92,67,66,89,103,124,135,119,94,68,36,12,15,13,10,13,10,23,33
52,97,130,194,214,209,197,200,222,239,216,178,201,228,205,205,224,229,268,279,195,199,192,195,182,196,202,229,232,216,197,141,91,56,19,17,15,8,6,3,6,5,0,2,4,7,19,30,31,53,51,35,35,59,75,91,122,111,127,98,68,38,33,42,76,88,135,165,220,202,137,74,60,39,65,81,163,208,220,198,125,82,67,58,89,94,132,151,129,91,55,36,16,12,5,18,16,10,12,44
65,80,129,208,203,204,175,198,221,261,215,175,193,218,243,218,179,218,303,232,245,192,196,180,188,191,187,224,260,204,194,158,78,53,20,19,14,9,9,5,8,3,3,3,8,5,13,28,41,42,37,41,34,63,75,104,109,128,135,95,58,42,25,41,67,91,132,184,208,197,122,74,54,55,60,111,153,219,204,202,122,79,63,74,65,109,136,169,120,88,58,31,10,9,12,13,17,15,24,31
45,85,143,221,219,178,195,182,240,246,246,171,181,223,239,193,220,228,276,228,217,195,207,182,199,219,182,232,224,223,180,150,79,52,22,23,18,11,10,6,5,5,2,1,3,6,15,20,40,38,39,44,35,42,69,120,116,153,119,103,63,41,27,32,50,99,122,179,221,191,143,75,64,58,56,88,155,239,198,162,118,85,72,65,70,101,132,164,129,89,63,25,11,10,6,13,16,21,22,31
52,94,152,202,203,191,197,185,216,264,220,165,176,228,243,203,226,246,249,236,242,196,177,196,228,193,191,202,233,226,189,137,74,52,30,19,18,14,9,5,6,5,4,4,0,6,15,18,40,30,48,42,34,57,72,93,127,135,127,102,69,35,36,30,51,97,135,185,198,201,124,80,60,60,48,97,156,228,187,182,136,90,77,72,88,91,133,164,122,89,51,27,9,8,7,9,13,25,24,29
52,85,126,205,197,202,164,219,226,228,240,199,186,216,245,229,206,244,237,233,216,203,213,188,202,198,220,228,215,257,216,136,71,36,34,15,18,13,9,7,1,6,4,4,8,6,11,29,23,34,43,41,39,54,72,82,122,153,133,105,67,36,34,26,53,101,128,203,242,184,104,69,68,44,62,88,154,206,241,164,117,99,68,65,87,105,140,160,129,96,52,24,6,5,5,11,17,15,19,40
63,87,174,162,188,176,196,208,242,225,212,217,179,205,256,214,203,212,288,241,211,201,193,200,217,200,183,213,229,238,184,154,72,49,29,18,12,6,12,7,5,5,3,5,5,10,16,16,14,29,38,54,41,52,70,85,137,138,131,95,78,52,43,20,55,91,157,206,218,184,116,69,51,44,59,97,177,211,227,176,134,81,74,63,90,104,118,150,145,95,66,25,6,8,4,4,13,18,24,41
64,115,177,177,170,184,191,224,247,201,220,222,186,216,219,206,214,237,279,247,194,201,216,188,201,193,187,200,239,234,185,164,88,35,22,19,6,12,10,4,8,2,2,3,9,10,15,17,16,25,39,54,51,61,57,100,109,146,130,78,83,58,30,38,45,80,155,197,199,186,140,77,57,53,66,103,157,206,194,195,140,73,62,56,92,111,133,138,159,67,63,27,12,5,4,6,9,8,17,33
59,94,170,178,191,165,212,192,251,239,223,191,195,201,219,217,213,202,278,265,203,200,187,202,211,199,205,208,231,227,232,151,87,45,15,18,13,12,6,7,3,4,7,3,5,17,14,21,20,23,37,45,51,69,53,92,109,152,137,99,53,34,53,33,58,88,150,198,218,182,122,86,47,56,66,107,161,204,211,182,134,77,56,62,91,116,138,147,111,111,59,15,17,5,6,4,7,11,24,43
69,101,160,163,192,191,163,208,215,246,217,205,170,212,222,212,221,227,263,253,222,209,183,196,209,225,186,198,227,249,209,144,94,45,28,19,11,21,7,2,2,5,5,7,5,16,17,22,21,24,38,33,54,69,67,93,140,139,114,81,61,52,46,39,44,73,141,193,223,200,126,69,44,45,67,100,163,243,217,176,99,84,58,66,88,107,157,146,128,90,56,26,7,9,8,8,10,9,29,31
66,94,138,215,196,177,170,209,236,228,211,177,200,199,221,226,218,237,234,271,239,209,192,161,223,238,190,207,202,232,200,160,89,52,33,15,10,15,8,8,1,3,3,7,8,12,18,19,22,19,31,44,46,57,80,117,129,137,117,88,52,47,37,38,50,72,151,187,220,194,129,76,49,25,50,97,206,227,252,157,101,77,49,52,98,118,149,146,135,95,46,33,10,4,11,11,6,11,21,38
63,82,119,203,228,200,152,204,255,236,199,170,200,204,209,236,232,227,229,257,256,222,195,182,175,223,221,203,193,231,207,176,101,43,29,13,13,12,10,4,4,4,2,7,4,13,17,20,23,23,36,41,45,53,78,108,124,151,117,77,66,45,39,44,45,86,156,192,215,180,132,66,48,44,51,89,178,229,250,165,117,66,69,59,74,110,177,164,107,78,42,34,10,16,7,11,12,11,24,39
56,77,128,212,226,182,167,214,253,220,210,160,202,202,230,229,235,204,248,274,232,233,172,178,189,233,214,189,234,232,198,163,91,49,19,15,17,11,10,6,4,5,5,7,5,10,13,22,25,25,36,36,54,67,78,104,121,147,122,110,56,47,41,30,41,101,137,175,250,182,123,70,51,42,57,93,161,229,232,182,114,76,63,60,93,121,156,139,109,77,67,18,16,7,6,12,6,15,19,33
44,75,131,169,235,208,167,205,250,232,210,172,208,209,216,239,201,216,257,257,246,205,210,167,201,228,198,201,222,212,210,147,104,45,31,13,16,10,9,11,5,2,2,6,5,15,17,13,19,33,30,28,38,68,86,124,133,124,105,106,64,47,38,40,60,85,143,197,215,187,121,62,59,39,69,99,164,211,223,180,117,84,65,72,76,117,128,137,121,111,55,20,13,6,7,7,11,15,25,41
42,88,140,168,219,216,183,209,224,248,211,188,191,200,211,230,228,211,282,249,227,215,181,187,205,239,211,181,211,237,190,169,86,52,25,24,14,13,9,9,9,2,4,4,4,8,23,16,17,25,26,42,34,69,83,102,133,119,113,90,65,46,39,49,44,84,146,210,189,181,121,68,67,45,65,101,161,220,227,175,122,56,72,64,82,118,142,149,132,104,51,13,17,6,4,8,9,15,20,43
59,81,139,178,195,212,189,201,224,257,211,195,205,188,231,244,233,215,249,256,234,226,184,187,200,226,217,171,205,239,216,166,86,50,33,18,14,7,11,14,8,7,1,5,6,8,17,16,19,30,32,29,37,58,96,105,110,138,120,111,69,47,42,31,61,91,133,192,198,205,120,93,43,63,49,116,167,226,223,170,116,62,68,64,88,110,138,167,124,92,52,23,16,2,5,5,10,11,16,31
55,95,140,178,210,173,198,182,243,241,217,202,187,198,221,232,227,213,239,285,206,186,190,203,238,187,192,201,215,227,194,140,104,65,23,16,13,4,7,8,14,4,4,5,4,8,18,25,16,32,27,31,42,66,86,109,122,126,113,111,62,46,34,42,53,95,143,188,217,184,139,77,48,50,50,123,179,226,223,175,93,64,63,72,89,102,142,137,166,97,41,38,14,5,5,4,7,14,12,29
53,86,148,174,202,175,182,212,229,259,226,213,177,195,227,235,214,210,259,257,226,196,179,218,217,205,190,204,228,205,193,153,101,59,28,18,11,12,5,2,12,2,6,8,8,5,11,21,34,26,19,34,51,71,82,97,124,147,112,95,64,43,44,34,52,87,141,170,231,181,129,95,39,48,55,110,176,237,214,164,105,70,62,68,85,109,146,146,123,110,55,42,11,0,5,6,7,10,17,27
41,86,154,168,194,192,208,203,223,237,226,200,207,200,213,232,226,225,264,249,227,185,192,199,209,221,188,220,216,244,195,158,93,47,25,26,7,10,8,6,5,3,1,8,10,8,20,13,26,30,19,32,36,61,80,97,144,135,125,97,67,46,35,45,62,102,124,197,211,200,110,67,57,40,55,124,166,217,235,181,115,77,67,71,77,106,145,150,148,97,65,27,14,6,4,5,6,10,14,25
56,83,120,191,191,196,176,205,234,252,231,182,196,214,214,247,224,219,248,273,202,171,208,189,225,201,224,191,222,223,203,168,89,50,28,17,8,10,8,5,4,8,4,4,8,12,15,16,32,33,19,28,41,53,69,114,119,139,150,101,52,35,37,39,54,104,140,176,216,185,116,80,49,49,49,115,166,214,212,173,134,74,64,72,76,101,128,170,131,98,63,23,12,6,6,4,5,5,21,25
40,88,135,191,198,181,193,196,246,260,217,202,198,226,245,194,227,237,247,250,218,188,177,208,206,227,200,214,216,237,214,142,88,53,27,17,9,5,7,2,6,4,5,4,5,8,13,26,26,34,21,22,42,60,62,113,118,153,126,96,64,54,39,32,54,79,148,184,202,200,127,75,63,41,56,104,160,214,208,190,116,94,62,68,76,118,132,169,117,115,61,26,12,11,1,5,3,7,16,30
55,96,130,178,200,178,205,190,244,245,207,209,198,227,234,205,230,204,252,259,212,181,194,211,217,201,235,182,228,243,214,143,84,47,25,15,11,9,11,4,3,4,1,6,5,6,9,20,31,34,28,22,49,62,71,103,110,144,130,112,59,49,24,30,64,81,138,185,225,184,125,84,57,46,70,98,152,216,214,179,121,89,60,69,69,116,122,153,148,106,68,16,12,8,6,4,3,3,13,26
58,64,134,161,202,210,186,213,218,239,226,194,206,228,237,216,228,230,251,253,221,193,180,205,224,223,202,192,218,250,194,157,86,56,31,16,13,5,9,3,3,1,4,0,3,6,10,16,31,38,26,29,39,61,68,105,124,129,144,116,76,32,31,28,49,92,139,206,191,189,123,88,60,55,62,78,169,234,219,183,104,81,67,68,82,133,132,143,153,107,55,26,14,7,7,7,2,10,16,27
47,85,131,178,198,202,195,197,210,258,246,188,162,224,228,227,205,217,253,273,232,183,192,189,213,230,208,202,230,242,173,156,102,58,36,16,10,6,10,8,0,1,4,2,3,8,10,17,27,35,27,34,38,62,69,99,123,132,121,112,74,52,25,23,48,70,143,215,211,186,137,78,51,52,63,92,138,219,222,182,139,76,67,64,88,118,133,140,159,106,54,35,16,6,10,4,7,7,14,24
47,79,128,176,184,210,209,194,231,259,216,187,177,213,232,252,209,226,272,251,243,178,177,189,215,214,202,216,216,236,179,167,92,51,28,16,13,13,6,3,4,0,3,2,2,7,10,15,26,23,31,33,43,53,73,86,129,131,137,90,83,45,29,32,48,83,145,211,222,180,124,71,44,43,65,118,141,199,225,187,135,74,63,66,79,128,127,186,133,92,55,31,19,8,6,7,9,5,11,25
60,93,126,186,215,205,174,204,225,249,209,171,180,196,260,227,210,220,256,266,225,205,172,189,221,212,214,203,230,209,211,161,90,60,26,26,13,10,11,6,2,2,0,3,5,6,8,15,24,35,25,25,57,58,65,82,129,148,143,101,63,50,31,32,54,77,126,202,228,189,140,78,45,44,64,98,165,223,201,170,120,95,58,76,92,135,135,147,121,104,62,23,9,10,8,4,4,10,13,21
37,92,137,174,206,195,176,219,236,247,225,149,204,229,213,221,219,209,256,254,241,200,173,179,233,239,196,200,222,240,217,155,93,61,28,23,7,14,12,8,2,2,2,5,1,4,14,11,22,29,27,42,52,66,74,102,128,137,134,81,57,32,32,30,49,80,143,187,216,188,145,76,53,37,82,124,190,200,200,167,112,102,60,74,83,130,147,137,114,107,59,27,15,3,5,6,8,5,19,36
54,84,147,181,177,188,194,188,254,259,223,178,175,211,248,236,192,220,279,270,216,176,213,169,197,252,201,195,182,250,202,168,102,59,31,14,14,10,8,10,2,1,0,2,3,9,6,10,23,32,28,28,41,60,88,99,112,136,141,100,57,31,34,42,56,76,145,166,228,190,133,78,42,55,78,126,166,204,208,158,132,90,67,56,83,123,173,153,135,97,63,24,11,5,3,4,3,14,8,33
56,89,151,176,187,176,175,230,233,254,195,192,188,214,233,244,206,202,247,306,218,191,174,199,204,223,198,182,241,238,225,164,90,57,26,23,11,9,7,6,4,3,2,0,3,6,6,17,21,26,26,37,35,54,84,91,128,128,138,102,67,36,20,35,49,86,131,214,216,193,136,74,46,48,77,123,179,199,203,181,128,65,62,70,94,125,140,168,128,98,59,25,6,5,2,2,6,14,17,23
54,100,147,182,185,185,179,217,232,237,223,191,182,215,236,206,214,215,235,267,258,192,193,183,239,220,181,202,209,253,188,156,95,62,36,22,14,10,6,3,2,1,2,3,3,6,9,12,21,26,21,51,40,53,73,82,127,138,137,95,70,32,32,26,49,84,119,185,242,222,107,84,38,64,59,118,170,222,220,160,104,81,52,86,90,122,149,162,141,89,57,24,6,5,1,3,6,5,14,27
39,90,144,182,208,181,180,200,240,239,214,180,186,197,235,240,204,233,243,246,243,199,179,199,214,232,187,192,209,246,209,153,97,57,39,29,29,12,9,2,2,1,0,2,2,3,8,15,16,18,37,38,36,47,83,97,121,130,125,99,72,44,30,27,30,57,135,205,239,223,158,75,49,39,71,113,176,214,208,173,116,75,61,56,96,130,165,156,124,98,57,31,10,5,6,1,4,13,16,27
43,97,129,182,200,182,183,204,206,227,259,192,179,201,214,229,244,208,266,230,240,187,183,197,207,229,205,189,181,247,224,159,97,68,35,24,20,26,7,3,3,1,2,2,1,2,4,13,14,25,39,40,43,62,80,88,126,125,139,92,71,45,27,16,44,54,151,188,238,201,148,71,50,47,74,113,148,216,226,174,131,72,53,61,87,114,178,167,135,81,63,27,13,5,5,0,5,8,15,37
54,75,143,190,192,174,203,201,219,218,232,195,195,199,193,232,245,233,253,258,221,209,190,176,220,224,213,204,183,236,194,167,113,72,35,25,18,25,12,2,0,2,1,4,2,1,3,12,13,24,39,49,54,54,84,97,93,130,136,100,72,40,34,31,36,79,141,176,202,228,149,71,35,39,65,109,178,229,220,170,135,95,43,53,111,104,166,161,143,89,54,33,10,2,5,4,2,9,17,27
47,88,124,196,211,202,175,220,201,233,208,188,202,195,248,224,237,227,236,276,233,182,177,179,190,215,218,218,219,205,196,181,120,67,42,29,25,18,12,3,0,0,2,3,2,4,2,9,23,27,29,35,51,56,94,85,100,135,129,103,76,45,41,24,36,86,142,179,220,192,132,91,52,36,43,110,200,211,208,195,135,79,56,61,102,115,150,163,140,97,61,28,11,5,4,0,7,9,14,30
52,78,121,164,223,199,195,201,214,244,189,210,169,199,226,231,247,228,234,243,224,194,182,187,190,219,214,218,208,213,223,166,114,66,31,26,22,20,17,9,0,0,2,1,3,3,3,16,25,18,42,38,50,60,78,80,113,148,110,92,77,51,36,22,42,62,139,191,224,192,139,101,50,35,47,101,158,212,218,196,131,91,58,55,77,120,177,175,124,96,57,36,16,6,1,3,7,14,8,18
51,79,140,176,193,212,195,197,228,215,202,199,193,203,245,219,196,260,229,217,269,202,157,220,189,200,223,210,211,225,204,179,121,72,44,25,17,19,16,6,2,1,1,0,2,3,3,17,20,23,36,27,49,61,71,84,110,144,128,88,76,51,38,24,37,81,130,178,219,194,149,89,58,36,60,101,173,207,221,200,119,84,53,67,73,123,164,146,147,113,75,15,14,5,4,9,3,8,6,22
42,84,130,157,203,197,207,220,205,252,212,193,207,207,204,216,233,223,224,224,247,211,183,183,203,221,205,219,201,242,194,168,137,61,47,25,23,20,18,5,3,3,1,1,2,1,9,15,20,26,28,30,46,58,55,85,120,137,122,101,73,58,30,32,35,87,117,183,228,201,126,78,53,47,58,107,153,220,232,202,105,69,63,69,89,119,146,158,133,115,68,36,15,6,5,6,5,9,7,16
31,66,132,162,209,199,198,211,223,233,217,192,182,207,212,228,210,226,278,247,235,206,181,189,189,207,214,194,201,249,216,164,107,69,57,26,33,22,14,7,4,0,3,1,0,4,7,14,20,17,26,30,40,59,52,88,129,128,131,98,68,48,32,42,55,79,132,168,225,213,130,75,50,57,57,112,153,215,233,175,117,68,53,67,78,118,168,175,150,96,65,33,16,12,1,5,7,9,12,27
41,64,125,164,205,190,192,220,211,223,210,209,196,231,197,232,219,209,240,275,280,184,173,186,182,212,203,214,209,225,221,192,96,73,51,32,27,22,18,8,5,1,1,2,3,3,4,14,17,22,28,29,43,69,56,75,120,155,120,94,63,38,43,44,60,76,117,173,208,204,149,82,60,40,68,99,168,206,235,175,111,71,63,63,79,125,150,161,137,119,77,39,17,10,3,6,2,8,11,25
41,55,114,179,192,213,178,200,225,228,212,195,192,219,230,228,221,223,247,273,220,198,161,207,206,207,203,226,218,247,193,180,116,82,52,34,30,19,20,8,1,3,2,1,0,3,9,16,13,15,22,26,41,72,76,101,108,123,129,83,65,34,41,39,54,97,97,180,232,198,144,108,44,30,68,103,162,211,217,173,132,85,61,57,73,122,135,182,154,122,72,30,17,8,8,5,4,9,10,23
32,63,123,162,189,184,207,190,230,218,233,186,186,223,236,229,211,228,242,265,237,197,169,180,177,225,201,229,217,210,184,179,135,74,60,42,27,22,17,10,5,1,1,0,1,1,4,13,13,23,23,23,42,62,58,101,120,116,122,106,59,48,29,37,49,91,126,186,223,183,124,107,57,40,69,103,143,201,238,203,117,72,58,50,63,122,149,161,189,109,79,28,12,9,8,7,9,9,8,17
30,54,88,172,195,204,186,200,196,231,236,202,169,223,211,251,213,213,238,237,251,205,173,175,192,208,233,222,222,210,205,184,112,80,70,43,34,28,15,11,8,2,0,0,0,4,1,7,22,17,25,31,42,57,59,89,108,149,117,109,70,43,30,40,40,84,119,176,219,201,145,91,66,41,66,119,151,190,232,181,108,74,47,61,82,112,147,183,165,121,62,27,14,9,8,4,8,16,9,12
21,55,98,168,195,214,182,192,243,213,217,202,191,228,223,240,230,227,221,241,235,217,186,164,210,190,204,234,208,209,215,161,114,80,69,57,33,25,19,15,6,6,1,0,0,1,5,9,19,16,15,33,37,57,68,91,100,118,119,106,81,58,36,32,55,80,122,168,208,226,142,83,59,47,61,114,157,230,225,180,131,57,58,59,93,129,147,150,159,107,78,40,25,9,3,3,5,11,14,18
20,49,107,144,211,199,177,209,227,219,220,208,214,208,228,218,240,200,242,251,232,228,202,179,191,207,229,226,204,204,195,180,123,80,53,51,42,34,33,17,4,3,3,3,1,2,8,7,15,5,24,24,47,55,63,83,112,124,126,110,75,48,36,41,74,96,115,161,217,190,150,77,52,51,62,95,169,232,225,188,107,54,34,64,91,133,143,145,148,120,62,42,20,12,10,3,10,6,8,17
24,53,100,132,199,199,211,211,203,238,212,241,182,201,192,215,248,221,221,235,260,228,178,190,193,198,216,220,223,224,198,137,117,107,57,49,42,42,27,15,4,5,3,0,4,5,4,8,15,13,19,33,37,36,55,84,107,137,130,93,68,52,45,40,60,96,137,182,236,168,149,89,48,64,59,96,152,222,231,193,115,62,41,57,97,120,152,153,150,128,61,35,17,8,7,6,7,9,7,16
32,61,99,134,166,193,220,187,205,241,215,219,199,192,200,215,212,242,226,232,246,227,189,188,192,184,214,250,205,224,163,144,129,100,95,59,36,49,22,16,9,5,4,1,4,6,4,8,11,12,19,34,36,41,48,83,101,118,119,105,73,49,39,43,64,80,138,179,218,193,135,84,69,38,60,79,167,195,239,186,148,59,54,57,81,136,124,166,165,122,82,23,14,12,10,10,6,12,12,14
27,65,89,138,179,205,227,181,184,225,223,225,209,178,195,213,247,240,216,247,265,206,176,212,202,190,216,231,206,207,185,154,121,103,94,64,40,40,35,23,6,5,3,1,0,2,7,9,15,14,21,31,36,39,55,81,98,104,113,120,85,54,41,36,69,89,142,190,193,189,157,104,57,47,40,105,147,203,242,193,127,94,32,51,84,127,148,156,150,135,85,34,14,10,11,7,12,8,13,7
22,53,96,155,202,176,193,207,211,200,217,237,196,187,166,234,231,232,226,230,271,232,201,174,215,208,203,212,228,207,181,155,141,103,76,69,64,50,34,16,9,4,2,2,3,1,4,4,9,18,18,34,32,36,51,88,100,133,113,88,75,47,42,37,61,96,123,178,186,211,129,93,63,62,51,104,146,206,245,199,110,89,59,50,59,110,155,176,166,124,79,41,18,11,4,4,12,11,15,15
19,36,82,166,192,209,195,192,191,213,191,232,214,189,181,198,256,239,215,253,258,229,179,192,188,186,219,228,233,197,178,171,132,82,87,74,68,52,36,19,15,6,2,0,4,1,1,7,9,9,23,23,32,41,43,77,110,130,120,88,75,33,41,39,62,84,130,169,202,179,156,111,69,38,67,107,154,203,235,180,135,90,56,60,81,105,142,167,146,132,82,58,11,13,4,8,8,12,5,17
25,39,91,138,175,205,232,214,196,193,194,221,208,184,202,217,235,225,244,253,245,210,197,178,174,210,207,257,202,214,173,161,125,111,81,56,79,67,39,25,14,4,2,2,0,2,3,7,8,13,28,17,23,43,57,78,112,121,119,90,57,52,38,48,72,83,137,165,187,189,149,104,68,62,58,104,144,188,236,184,149,90,71,63,69,104,116,175,168,111,86,53,23,12,5,6,3,11,13,17
28,44,83,128,166,210,228,214,199,193,205,232,188,215,158,220,256,230,229,235,238,222,190,185,176,195,213,223,215,198,193,158,129,110,84,68,78,71,38,28,23,5,3,4,2,2,1,7,8,17,13,26,34,44,60,62,97,110,139,100,55,53,43,52,66,94,115,167,201,187,147,102,76,67,61,84,146,199,228,182,151,93,66,63,73,96,139,153,176,131,72,49,27,9,9,4,4,7,11,16
22,54,68,112,148,208,223,194,185,208,234,219,164,191,216,210,246,210,231,233,223,228,196,186,150,201,230,234,222,213,198,168,131,116,86,80,67,60,55,29,18,8,6,3,1,4,0,6,9,20,11,15,31,42,65,67,96,118,110,97,74,57,34,41,63,80,125,172,176,210,147,88,82,57,63,91,152,212,237,197,135,85,83,59,72,104,135,130,163,134,82,58,18,13,10,9,6,7,10,20
34,40,76,96,143,205,218,213,165,211,210,242,199,181,210,204,238,236,236,233,216,229,204,181,157,207,235,242,232,185,191,177,129,112,92,73,66,71,53,41,21,9,5,5,2,3,3,2,12,15,11,18,25,54,72,68,90,109,112,85,62,48,50,33,54,93,134,154,182,181,154,118,82,59,65,98,154,205,230,219,134,95,77,52,66,91,146,156,171,133,75,59,25,10,7,11,8,9,15,16
16,27,81,104,139,194,213,197,175,209,204,226,223,191,195,204,230,233,215,261,218,212,208,164,176,213,208,248,217,200,187,167,146,104,86,82,100,69,61,30,28,15,8,6,2,1,4,5,16,8,19,15,29,49,58,81,79,117,105,71,67,58,49,45,74,78,130,153,178,172,149,120,68,65,79,107,129,186,219,193,141,91,78,64,64,84,129,182,145,143,99,52,23,13,11,9,12,12,15,25
22,45,69,96,150,191,212,203,204,176,220,195,225,188,203,209,220,265,212,241,210,218,200,163,177,205,241,224,223,195,189,162,133,111,83,94,72,92,67,34,26,19,7,2,4,4,2,9,14,7,13,20,29,38,57,66,89,108,99,78,54,56,55,55,65,91,102,151,191,163,149,95,94,81,75,100,145,192,211,191,139,85,84,68,90,99,127,159,164,127,100,58,32,12,16,12,6,13,17,25
30,50,79,83,128,190,206,209,190,195,196,200,189,203,186,222,245,225,260,214,233,219,197,175,174,190,229,261,195,173,198,157,133,116,88,78,61,82,74,50,36,13,10,4,4,6,4,7,14,5,12,31,22,27,57,69,78,104,101,83,70,45,51,51,79,69,112,161,187,178,131,93,80,71,75,92,140,207,203,185,130,90,88,76,78,90,140,141,141,124,101,50,40,28,15,10,9,10,18,18
27,39,67,87,123,134,203,221,214,198,182,191,191,188,218,187,210,236,256,221,223,211,175,198,184,204,217,219,224,199,183,171,99,90,88,77,67,62,82,46,40,23,18,7,3,3,9,3,12,13,12,17,21,34,43,50,78,76,74,78,74,47,37,45,61,66,105,145,161,164,130,94,76,65,72,99,123,166,200,167,126,98,78,71,74,79,113,132,139,97,70,52,34,29,19,12,8,11,8,22
11,36,44,74,99,108,173,188,200,180,162,168,165,195,172,171,197,205,258,239,213,182,181,191,159,213,197,207,192,188,165,144,100,79,62,50,67,63,61,44,21,17,13,11,6,2,5,6,7,9,14,16,15,26,27,44,51,44,54,52,43,48,29,33,39,55,77,97,121,96,111,85,73,46,55,78,112,116,153,135,112,83,66,42,51,57,72,89,100,79,59,28,21,16,10,12,11,6,8,21
11,15,26,51,60,88,125,137,165,118,117,127,149,139,136,159,161,180,222,199,191,164,130,133,140,153,183,157,155,167,93,83,67,47,44,33,36,36,32,17,9,10,9,8,4,1,4,2,4,6,8,7,13,15,18,20,21,25,26,22,27,17,11,22,31,28,44,57,56,81,56,50,38,37,28,59,71,76,95,94,75,51,42,23,22,28,47,48,51,39,31,16,8,8,5,3,7,6,4,5
5,4,10,25,31,40,57,70,84,85,61,76,78,72,88,80,103,133,149,124,114,122,99,74,95,83,83,112,100,77,63,35,28,21,20,19,15,10,11,8,2,2,2,0,0,2,0,0,6,2,3,2,2,1,5,7,10,7,11,3,7,5,6,7,5,7,19,20,26,26,19,14,15,9,17,14,26,27,38,41,34,19,17,15,10,4,13,15,13,10,8,7,2,1,2,1,2,1,2,0
1,1,1,10,5,14,20,20,25,24,33,28,27,28,28,41,39,52,68,52,47,36,44,29,30,36,44,39,34,26,18,12,8,6,6,5,2,2,1,1,2,0,0,0,0,0,0,3,0,0,3,0,0,0,0,2,1,2,3,1,1,1,0,0,0,0,3,4,4,3,3,0,2,3,7,1,3,5,8,12,9,7,1,3,2,3,2,1,1,2,2,3,1,2,0,0,0,0,0,0
1,0,0,0,1,5,2,3,3,4,1,3,7,8,8,10,4,7,10,22,16,5,6,9,7,4,4,10,6,3,6,0,2,0,1,0,0,1,0,0,0,0,0,0,0,0,0,0,0,0,0,0,0,0,0,1,0,2,0,0,1,0,0,0,0,0,0,0,0,0,0,0,0,0,0,0,0,0,1,2,1,0,0,1,1,0,0,0,0,0,0,0,1,0,0,0,0,0,0,0
0,0,0,0,0,0,1,0,0,0,0,0,0,0,0,1,3,1,2,4,2,0,1,1,0,1,0,0,1,0,2,0,0,0,0,0,0,0,0,0,0,0,0,0,0,0,0,0,0,0,0,0,0,0,0,0,0,0,0,0,0,0,0,0,0,0,0,0,0,0,0,0,0,0,0,0,0,0,0,0,0,0,0,0,0,0,0,0,0,0,0,0,0,0,0,0,0,0,0,0
0,0,0,0,0,0,0,0,0,0,0,0,0,0,0,0,0,0,0,0,0,0,0,0,0,0,0,0,0,0,0,0,0,0,0,0,0,0,0,0,0,0,0,0,0,0,0,0,0,0,0,0,0,0,0,0,0,0,0,0,0,0,0,0,0,0,0,0,0,0,0,0,0,0,0,0,0,0,0,0,0,0,0,0,0,0,0,0,0,0,0,0,0,0,0,0,0,0,0,0
0,0,0,0,0,0,0,0,0,0,0,0,0,0,0,0,0,0,0,0,0,0,0,0,0,0,0,0,0,0,0,0,0,0,0,0,0,0,0,0,0,0,0,0,0,0,0,0,0,0,0,0,0,0,0,0,0,0,0,0,0,0,0,0,0,0,0,0,0,0,0,0,0,0,0,0,0,0,0,0,0,0,0,0,0,0,0,0,0,0,0,0,0,0,0,0,0,0,0,0
0,0,0,0,0,0,0,0,0,0,0,0,0,0,0,0,0,0,0,0,0,0,0,0,0,0,0,0,0,0,0,0,0,0,0,0,0,0,0,0,0,0,0,0,0,0,0,0,0,0,0,0,0,0,0,0,0,0,0,0,0,0,0,0,0,0,0,0,0,0,0,0,0,0,0,0,0,0,0,0,0,0,0,0,0,0,0,0,0,0,0,0,0,0,0,0,0,0,0,0
0,0,0,0,0,0,0,0,0,0,0,0,0,0,0,0,0,0,0,0,0,0,0,0,0,0,0,0,0,0,0,0,0,0,0,0,0,0,0,0,0,0,0,0,0,0,0,0,0,0,0,0,0,0,0,0,0,0,0,0,0,0,0,0,0,0,0,0,0,0,0,0,0,0,0,0,0,0,0,0,0,0,0,0,0,0,0,0,0,0,0,0,0,0,0,0,0,0,0,0
0,0,0,0,0,0,0,0,0,0,0,0,0,0,0,0,0,0,0,0,0,0,0,0,0,0,0,0,0,0,0,0,0,0,0,0,0,0,0,0,0,0,0,0,0,0,0,0,0,0,0,0,0,0,0,0,0,0,0,0,0,0,0,0,0,0,0,0,0,0,0,0,0,0,0,0,0,0,0,0,0,0,0,0,0,0,0,0,0,0,0,0,0,0,0,0,0,0,0,0
