0.620788,0.182333
0.595493,0.382327
0.552664,0.57781
0.703218,0.720932
0.72333,0.924828
0.731492,1.12817
0.83003,1.29603
0.865113,1.50056
0.884813,1.69169
0.819499,1.87606
0.998583,1.96908
0.953297,2.16607
1.03219,2.33643
1.09909,2.52771
1.16879,2.72577
1.24295,2.90616
1.09273,3.02939
1.04455,3.23541
0.923184,3.39414
0.884801,3.59262
1.09396,3.6604
1.08051,3.85937
0.891276,3.96834
0.852283,4.16143
0.944295,4.35719
1.0904,4.49836
1.2006,4.68414
1.03759,4.80488
1.05328,5.01529
1.25302,4.98699
1.25301,5.19316
1.05513,5.27107
1.08768,5.47661
1.20201,5.65661
1.2022,5.86564
1.05691,6.00739
0.989752,6.1876
0.979242,6.39287
1.08498,6.58611
1.16633,6.76855
1.0972,6.95647
1.02893,7.13424
0.955043,7.31697
0.908771,7.51484
1.03495,7.67028
0.950807,7.84124
1.07472,8.00156
1.1563,8.18721
1.26916,8.34113
1.22663,8.55384
1.32045,8.7299
1.26862,8.92487
1.40624,9.08356
1.4626,9.28004
1.60637,9.40016
1.44384,9.51831
1.439,9.70314
1.47889,9.89984
1.33979,10.0613
1.24493,10.2324
1.2605,10.4442
1.18773,10.6326
1.23133,10.8426
1.23366,11.0598
1.29475,11.2639
1.46049,11.3748
1.42402,11.5797
1.49845,11.7836
1.45387,11.9708
1.38053,12.1482
1.3849,12.3536
1.51437,12.522
1.46544,12.7298
1.52431,12.9129
1.60149,13.0925
1.54804,13.2869
1.70426,13.4185
1.70238,13.6032
1.84194,13.7558
1.78243,13.934
1.7995,14.1466
1.66474,14.2934
1.77121,14.4707
1.81935,14.6692
1.79479,14.8577
1.90988,15.0286
1.95577,15.228
1.94333,15.4286
1.85932,15.6117
1.99653,15.7558
1.90651,15.9295
1.89679,16.1368
1.76699,16.2795
1.74284,16.4911
1.88888,16.6242
1.92328,16.8156
1.99649,17.0096
2.10282,17.1854
2.11314,17.3952
2.12374,17.6104
2.0238,17.779
2.11994,17.9663
2.06756,18.1593
2.19524,18.3365
2.14159,18.5257
2.18235,18.7239
2.36481,18.8351
2.23579,19.0223
2.25052,19.219
2.14346,19.4147
2.01337,19.5613
2.07048,19.7471
2.13542,19.9364
2.10388,20.1312
2.27331,20.2304
2.31015,20.4341
2.31952,20.6407
2.27968,20.8362
2.26394,21.0433
2.32068,21.229
2.32539,21.4293
2.3589,21.6166
2.33202,21.8194
2.33142,22.0239
2.4291,22.213
2.55681,22.3672
2.67371,22.5243
2.52428,22.6506
2.5412,22.854
2.43344,23.0167
2.40373,23.2136
2.53404,23.3876
2.64344,23.5604
2.68002,23.7574
2.83593,23.8874
2.84291,24.0846
2.7423,24.2781
2.86258,24.4646
2.72238,24.6003
2.81679,24.7863
2.65195,24.9143
2.82232,25.0216
2.69744,25.169
2.52005,25.2814
2.49198,25.4917
2.6744,25.558
2.71814,25.7472
2.76756,25.9292
2.95698,25.9498
3.03713,26.1324
3.02028,26.3378
3.04986,26.5427
3.19623,26.6968
3.15999,26.9132
3.10652,27.1065
3.02558,27.2979
3.22348,27.2789
3.30388,27.4695
3.296,27.6626
3.33837,27.8607
3.40575,28.0469
3.36679,28.2455
3.30205,28.4305
3.29603,28.645
3.19394,28.8291
3.07593,29.0075
3.19568,29.176
3.18456,29.3784
3.25344,29.5609
3.2897,29.7579
3.18204,29.9212
3.08173,30.0953
3.17404,30.2713
3.2281,30.4699
3.32558,30.6635
3.38927,30.8503
3.50645,31.0365
3.52262,31.2388
3.60142,31.4211
3.64298,31.6144
3.60806,31.8111
3.76075,31.9579
3.91524,32.1067
3.80273,32.2582
3.79818,32.471
3.89491,32.6592
3.91514,32.8504
3.93096,33.0434
3.88798,33.2526
4.04903,33.3762
3.87659,33.4899
4.02612,33.6118
4.20698,33.7262
4.08198,33.8781
4.05907,34.0747
3.98721,34.2756
4.02582,34.4815
4.08082,34.6688
4.15365,34.8683
4.01377,35.0067
1.25968,0.413704
1.38306,0.580034
1.32168,0.773847
1.36947,0.965904
1.45692,1.16486
1.59803,1.30171
1.52818,1.51018
1.50498,1.71426
1.58974,1.89488
1.68391,2.06504
1.5643,2.21251
1.59051,2.43349
1.6064,2.62584
1.6755,2.80671
1.58771,2.97801
1.65342,3.18185
1.60719,3.38454
1.66296,3.58184
1.72608,3.76637
1.61963,3.93156
1.75079,4.08984
1.61368,4.23624
1.70033,4.43866
1.80172,4.61881
1.81728,4.82681
1.72645,5.01738
1.77824,5.21153
1.67845,5.38082
1.82481,5.52021
1.89009,5.70787
1.77513,5.88317
1.626,6.03837
1.70938,6.24295
1.8103,6.4156
2.00324,6.45248
1.947,6.66001
1.88197,6.85622
1.95575,7.04604
1.87452,7.24767
1.87223,7.4518
1.76296,7.61812
1.59408,7.73132
1.6905,7.91467
1.64258,8.12084
1.84542,8.19266
1.84471,8.37971
1.77017,8.56816
1.68253,8.73618
1.64346,8.93296
1.72658,9.10783
1.877,9.22612
1.81617,9.4101
1.95172,9.5652
1.95223,9.76707
1.92688,9.96048
1.80977,10.132
1.82184,10.3328
1.94694,10.4985
1.96042,10.7208
2.01297,10.9231
1.96926,11.1359
1.94853,11.3295
2.05178,11.5076
1.9938,11.7102
2.03738,11.9154
2.10975,12.1128
1.98819,12.2676
2.03234,12.478
2.12537,12.663
2.249,12.8156
2.34525,12.9786
2.41032,13.1822
2.29945,13.3538
2.29286,13.5582
2.28753,13.7913
2.20465,13.9664
2.3167,14.1506
2.1948,14.3136
2.21499,14.5217
2.36991,14.6623
2.53654,14.7792
2.59956,14.9634
2.68638,15.1514
2.63475,15.3457
2.67176,15.5238
2.68874,15.721
2.59002,15.8916
2.54346,16.0951
2.44341,16.2731
2.39714,16.4748
2.47887,16.6509
2.58345,16.8232
2.68285,17.0053
2.64206,17.2241
2.57881,17.4203
2.73425,17.5243
2.8619,17.6651
3.05372,17.7458
3.08739,17.9636
3.08779,18.1872
3.11549,18.3844
3.10143,18.5792
3.13526,18.7744
3.1002,18.988
3.0256,19.1649
2.92891,19.3468
2.91423,19.5444
3.08543,19.6943
3.21843,19.8532
3.33328,20.029
3.22525,20.2113
3.4313,20.2528
3.40398,20.4599
3.41297,20.6508
3.47718,20.8476
3.54145,21.0383
3.52888,21.239
3.67946,21.3652
3.63322,21.5733
3.77009,21.7418
3.7792,21.9439
3.70274,22.1569
3.57328,22.3007
3.57219,22.4968
3.5681,22.6906
3.68518,22.875
3.6516,23.0637
3.68312,23.2622
3.57214,23.4413
3.66559,23.6238
3.6246,23.8285
3.67259,24.0368
3.7952,24.1953
3.92645,24.3432
3.87288,24.5307
3.85694,24.733
3.772,24.9188
3.83406,25.1071
3.74875,25.2946
3.76829,25.4973
3.89332,25.6671
3.82446,25.8461
3.67164,25.9839
3.7317,26.1761
3.83632,26.3516
3.89477,26.5312
3.95571,26.7294
4.00737,26.9104
4.03513,27.0967
4.1339,27.2725
4.01352,27.439
3.93387,27.6137
3.823,27.8005
3.94164,27.9764
3.93005,28.196
3.94096,28.4038
3.87556,28.5897
4.08644,28.6221
4.12318,28.8143
4.13926,28.9958
4.06276,29.2002
3.96598,29.3817
3.94207,29.5972
4.11892,29.6851
4.03357,29.8587
3.96668,30.0592
4.01171,30.2525
4.10366,30.4302
4.22305,30.5892
4.18175,30.788
4.21847,30.9868
4.3712,31.1358
4.23924,31.2922
4.2792,31.4832
4.24736,31.6835
4.256,31.888
4.1547,32.0868
4.14437,32.3012
4.17653,32.5078
4.31341,32.6849
4.37168,32.8726
4.36282,33.0767
4.51013,33.2229
4.5991,33.4108
4.8109,33.4229
-4.98578,33.379
-4.96824,33.5936
4.94576,33.7773
4.9863,33.9887
4.92054,34.1854
4.98687,34.3974
4.89795,34.5759
4.88067,34.7761
4.91483,34.9988
-4.90338,35.085
4.95053,35.2241
4.94829,35.4431
4.94284,35.6537
4.93342,35.8651
4.92183,36.0862
1.84473,0.38878
1.8122,0.599076
1.73239,0.807163
1.8025,0.995785
1.86475,1.19548
1.96098,1.37712
1.94014,1.59506
1.90195,1.79188
1.85247,1.98545
1.94523,2.17833
2.03598,2.36592
2.13115,2.54937
2.08065,2.74503
2.27948,2.79657
2.33161,2.98297
2.33996,3.1927
2.47297,3.34805
2.51031,3.54533
2.50751,3.74798
2.60664,3.93511
2.5465,4.1308
2.66592,4.30005
2.8174,4.42881
2.77088,4.63748
2.9266,4.75906
2.95765,4.95754
3.00501,5.15035
2.95385,5.34804
2.79897,5.49335
2.91295,5.65853
2.95228,5.85113
2.91734,6.04896
2.99711,6.25645
3.00005,6.45234
2.94574,6.65977
2.89117,6.839
2.79107,7.01954
2.7621,7.22722
2.90058,7.36873
2.8865,7.57358
2.83918,7.76464
3.0414,7.72461
3.00806,7.93121
3.1599,8.05797
3.05012,8.22507
3.08898,8.41955
3.05481,8.62925
2.97897,8.83529
3.09285,8.99782
3.10643,9.21878
3.15209,9.39571
3.23477,9.58884
3.17521,9.77942
3.20117,9.97466
3.05247,10.1231
3.19666,10.2706
3.18021,10.4741
3.20849,10.6699
3.31636,10.8339
3.32797,11.0403
3.43526,11.1981
3.43706,11.4034
3.55839,11.562
3.68228,11.7144
3.75452,11.908
3.88417,12.0394
4.05246,12.1712
3.8859,12.2948
3.96393,12.4734
3.89407,12.6727
3.97615,12.8627
3.93221,13.0672
3.95461,13.2798
3.99562,13.4949
3.95194,13.7
4.07107,13.872
3.89114,13.9967
3.9847,14.1963
4.1138,14.375
4.0544,14.5664
4.14005,14.758
4.21894,14.9553
4.37049,15.0962
4.47034,15.2723
4.44643,15.486
4.28476,15.5822
4.20204,15.7788
4.20358,15.9747
4.16238,16.1761
4.14394,16.3768
3.97694,16.5157
4.09731,16.6659
4.05483,16.8677
4.04742,17.0695
4.19472,17.2061
4.27275,17.3969
4.3646,17.5619
4.39803,17.756
4.25845,17.8872
4.39087,18.0585
4.36836,18.2832
4.37619,18.4888
4.32336,18.6917
4.37409,18.8889
4.32879,19.0866
4.27955,19.2911
4.37075,19.4742
4.28727,19.6817
4.34991,19.878
4.41318,20.0856
4.47398,20.275
4.31837,20.3979
4.42733,20.581
4.53183,20.7769
4.71993,20.8682
4.59529,21.034
4.74098,21.1829
4.74879,21.3971
4.74886,21.602
4.74914,21.8028
4.75537,22.0208
4.75533,22.2205
4.75572,22.4129
4.72687,22.6147
4.79109,22.7998
4.8721,22.9915
4.86797,23.1843
4.6852,23.271
4.72913,23.4591
4.70665,23.6818
4.75551,23.8808
4.69629,24.0951
4.61779,24.2874
4.66508,24.494
4.69515,24.7089
4.70257,24.9163
4.88637,24.9945
4.91843,25.1809
4.81855,25.369
4.86752,25.5533
4.98317,25.7162
4.9235,25.9059
4.9506,26.1264
4.78018,26.2224
4.73207,26.4187
4.66014,26.6063
4.56807,26.789
4.68725,26.9584
4.72443,27.1606
4.76661,27.3457
4.83237,27.5491
4.94198,27.7388
-4.98729,27.9321
-4.93218,28.1327
-4.84922,28.3189
-4.67789,28.4283
-4.76894,28.6148
-4.68753,28.7991
-4.54584,28.9078
-4.47967,29.0984
-4.55506,29.2947
-4.40776,29.4399
-4.44011,29.6372
-4.3128,29.7905
-4.34262,29.9787
-4.30498,30.1803
-4.26272,30.3729
-4.18349,30.5654
-4.2305,30.7477
-4.04624,30.838
-4.02385,31.0394
-4.18247,31.1813
-4.20561,31.4004
-4.02533,31.3202
-3.83676,31.4019
-3.63971,31.4027
-3.62423,31.5964
-3.76817,31.7528
-3.5749,31.7848
-3.42456,31.9042
-3.53072,32.0727
-3.43373,32.2614
-3.34784,32.4496
-3.221,32.6209
-3.1016,32.7898
-3.12892,32.9982
-3.07655,33.1918
-3.09183,33.4025
-2.96625,33.5423
-2.95096,33.7455
-2.88136,33.9446
-2.96773,34.1389
-2.82919,34.3058
-2.76414,34.497
-2.81264,34.7065
-2.75023,34.8981
-2.6121,35.0645
-2.60535,35.28
-2.50174,35.4735
-2.42382,35.6654
3.56837,0.235362
3.49798,0.435751
3.37855,0.615991
3.25641,0.785203
3.30173,0.97973
3.1669,1.12353
3.21544,1.32714
3.13946,1.50191
3.16269,1.69717
3.0204,1.84827
3.04811,2.05011
3.0266,2.26057
3.01529,2.46099
3.14915,2.62835
3.12323,2.83569
3.15775,3.04826
3.13241,3.25055
3.23379,3.41849
3.35007,3.5871
3.32223,3.77712
3.35616,3.97248
3.49289,4.13661
3.54423,4.34056
3.51425,4.53853
3.51623,4.75191
3.4532,4.94991
3.40832,5.14579
3.45606,5.34021
3.57647,5.49673
3.58004,5.69247
3.5825,5.88404
3.67593,6.06399
3.56582,6.22572
3.62916,6.43845
3.60333,6.63852
3.49584,6.83158
3.56484,7.03369
3.63427,7.23208
3.61636,7.43693
3.77464,7.54847
3.8171,7.76594
3.80101,7.96557
3.86642,8.16855
3.85279,8.37551
3.84427,8.57527
3.91237,8.769
3.83824,8.98463
3.88222,9.19835
3.9893,9.38232
3.82256,9.51053
3.86816,9.70053
3.91388,9.88388
3.78348,10.0544
3.84488,10.2465
3.79564,10.4456
3.85729,10.646
3.98302,10.8125
4.02768,11.0168
4.03345,11.2208
4.02271,11.4203
4.19344,11.523
4.20001,11.7162
4.10055,11.8931
4.2146,12.0532
4.357,12.1929
4.4044,12.3918
4.5581,12.5071
4.41818,12.6606
4.55486,12.8064
4.54878,13.0111
4.74089,13.0979
4.71679,13.3082
4.69853,13.5002
4.71257,13.6877
4.7816,13.8799
4.9215,14.0342
4.82103,14.2184
4.66244,14.338
4.72131,14.5295
4.88489,14.6662
4.92852,14.8607
-4.90794,14.979
-4.87339,15.1776
-4.77865,15.353
-4.77656,15.5566
-4.72471,15.751
-4.8375,15.9205
-4.82422,16.1287
-4.92757,16.3081
-4.76194,16.4159
-4.70595,16.6018
-4.70355,16.7964
-4.60775,16.9566
-4.77051,17.0465
-4.75208,17.2489
-4.69305,17.4258
-4.57135,17.6017
-4.39626,17.6905
-4.44619,17.889
-4.39827,18.0902
-4.22144,18.1677
-4.15204,18.351
-4.23124,18.5646
-4.20736,18.7691
-4.33382,18.9483
-4.36385,19.1529
-4.38943,19.3504
-4.36257,19.5497
-4.34832,19.7609
-4.27405,19.9423
-4.31531,20.1259
-4.37967,20.333
-4.2591,20.5023
-4.33105,20.6977
-4.29119,20.8862
-4.23289,21.0886
-4.36361,21.2391
-4.3326,21.4534
-4.27033,21.6695
-4.10029,21.7934
-4.12115,21.9944
-4.11347,22.205
-4.03225,22.4012
-4.11125,22.5931
-4.05374,22.7901
-4.03628,22.9817
-4.15205,23.1638
-4.0522,23.334
-3.90464,23.4881
-3.94332,23.6893
-4.01018,23.8991
-4.15402,24.0304
-4.03857,24.1964
-4.20713,24.2917
-4.18847,24.4922
-4.12596,24.6879
-4.10044,24.8826
-4.10618,25.0866
-4.09081,25.2955
-3.96386,25.4754
-4.01149,25.6766
-4.0829,25.8655
-3.99464,26.0515
-4.11791,26.2121
-4.27107,26.3385
-4.19453,26.5334
-4.12826,26.7236
-3.99399,26.87
-3.91545,27.0436
-3.86469,27.2361
-3.952,27.4213
-3.86496,27.6047
-3.71759,27.7557
-3.66007,27.9615
-3.5017,28.0803
-3.55123,28.2847
-3.6673,28.4615
-3.66872,28.676
-3.63555,28.8738
-3.7018,29.0628
-3.69469,29.2815
-3.58359,29.4538
-3.65066,29.646
-3.63027,29.8419
-3.49744,29.9993
-3.44462,30.2029
-3.3579,30.3928
-3.28765,30.5795
-3.10143,30.6187
-3.10464,30.8219
-3.14092,31.0297
-2.93365,31.0873
-3.03971,31.254
-3.02172,31.4429
-2.8873,31.6084
-2.78453,31.7798
-2.86512,31.9585
-2.87937,32.1614
-2.79327,32.3415
-2.73697,32.5388
-2.69735,32.7443
-2.7168,32.9403
-2.73975,33.1566
-2.55422,33.2843
-2.45879,33.4619
-2.42455,33.666
-2.42253,33.8697
-2.44702,34.0634
-2.278,34.1773
-2.37729,34.3655
-2.20368,34.4591
-2.23146,34.6513
-2.19697,34.8479
-2.11339,35.0174
-1.91803,35.0566
-1.92005,35.2662
-1.92007,35.4735
-2.01082,35.6433
-2.15434,35.7886
-2.24998,35.9754
4.14627,0.196142
3.94763,0.274454
3.78288,0.377155
3.71228,0.564055
3.75502,0.765835
3.7823,0.960485
3.92681,1.11052
4.11223,1.0517
4.12227,1.26056
4.07854,1.46115
3.98669,1.63745
3.86968,1.80303
3.72453,1.93277
3.71544,2.14448
3.71789,2.34087
3.74411,2.55475
3.86109,2.72329
3.87017,2.91715
3.82425,3.12338
3.65637,3.22026
3.52138,3.35899
3.66284,3.5052
3.6857,3.72445
3.77726,3.9202
3.84889,4.10555
4.00773,4.22261
3.9402,4.41672
3.82843,4.59629
3.81105,4.79825
3.88246,4.97464
4.03705,5.08926
3.9367,5.25487
4.09043,5.38901
4.22687,5.54003
4.20516,5.75088
4.16012,5.94728
4.35496,5.9988
4.42177,6.19536
4.3997,6.39111
4.53475,6.54208
4.66435,6.68345
4.73395,6.86294
4.82511,7.03647
-4.98643,7.13726
4.91102,7.30617
4.99854,7.47714
4.85417,7.62078
4.80924,7.81532
4.80816,8.00466
4.84448,8.20193
4.90551,8.40328
4.88862,8.60324
-4.95723,8.747
4.99808,8.93969
-4.92205,9.11962
-4.88182,9.32809
-4.99067,9.48919
-4.89568,9.67269
-4.88776,9.879
-4.87201,10.0743
-4.85441,10.2759
-4.80318,10.5063
-4.78915,10.7179
-4.75285,10.9062
-4.75304,11.1298
-4.63202,11.2986
-4.68041,11.4892
-4.65029,11.7111
-4.56301,11.895
-4.41069,12.0526
-4.46808,12.2567
-4.33575,12.404
-4.27703,12.5969
-4.34186,12.7748
-4.30462,12.9837
-4.17876,13.1738
-4.1486,13.3927
-4.19881,13.588
-4.23486,13.7899
-4.08647,13.9263
-4.12705,14.1307
-3.98102,14.3032
-3.97929,14.5084
-3.91217,14.7028
-3.85367,14.887
-3.78509,15.0907
-3.73677,15.2797
-3.92615,15.312
-3.93391,15.5141
-3.89833,15.7148
-3.81972,15.9064
-3.71468,16.0876
-3.67633,16.283
-3.54524,16.3971
-3.41213,16.5495
-3.32752,16.7556
-3.28932,16.9613
-3.40024,17.1432
-3.38874,17.3465
-3.5317,17.4702
-3.41044,17.6392
-3.35848,17.8321
-3.28756,18.0304
-3.34636,18.2253
-3.2928,18.424
-3.24278,18.6171
-3.08807,18.7454
-3.06123,18.9411
-2.98589,19.1535
-3.00633,19.3495
-2.98242,19.5544
-3.12246,19.7053
-3.25655,19.8543
-3.35426,20.0435
-3.35897,20.2549
-3.25224,20.433
-3.21977,20.649
-3.2454,20.8571
-3.34976,21.0403
-3.18012,21.1554
-3.34508,21.2688
-3.25043,21.4405
-3.30053,21.6337
-3.20058,21.8147
-3.27419,22.0071
-3.09862,22.1197
-3.2162,22.2846
-3.24845,22.4879
-3.26829,22.6782
-3.31256,22.8783
-3.33718,23.0903
-3.2521,23.258
-3.39529,23.4266
-3.33364,23.6151
-3.364,23.8119
-3.37676,24.0254
-3.46283,24.1961
-3.31805,24.3438
-3.20012,24.5141
-3.1542,24.7076
-3.05492,24.8704
-2.99805,25.0675
-3.00379,25.2683
-2.8236,25.352
-2.79467,25.5626
-2.6675,25.7387
-2.77603,25.9297
-2.68326,26.1079
-2.75283,26.3011
-2.93687,26.3716
-3.08988,26.5102
-3.16034,26.6904
-3.11971,26.8974
-3.02141,27.0706
-2.83808,27.1901
-2.72079,27.3489
-2.78041,27.543
-2.8008,27.7477
-2.63478,27.8502
-2.65746,28.0496
-2.6334,28.257
-2.69057,28.4464
-2.58073,28.6092
-2.60686,28.8055
-2.51308,29.0035
-2.62313,29.1829
-2.60537,29.3927
-2.54806,29.5987
-2.51773,29.7959
-2.52157,30.0043
-2.3429,30.0996
-2.22439,30.2657
-2.21217,30.4649
-2.11773,30.655
-2.26768,30.7991
-2.22607,31.0003
-2.23372,31.2176
-2.18846,31.4131
-2.02692,31.532
-2.06818,31.7391
-2.07532,31.9418
-2.0457,32.1344
-1.94121,32.3194
-1.78241,32.4327
-1.8498,32.6173
-1.82484,32.8148
-1.72876,32.9867
-1.59915,33.1532
-1.72054,33.3388
-1.84783,33.524
-1.76888,33.7173
-1.76828,33.9118
-1.61238,34.034
-1.54629,34.223
-1.63523,34.4031
-1.43806,34.5014
-1.37124,34.686
-1.35549,34.884
-1.31164,35.0847
-1.24597,35.2794
4.56562,0.401278
4.45883,0.55367
4.50417,0.758145
4.58734,0.952738
4.51454,1.13294
4.46566,1.32182
4.56519,1.506
4.62284,1.69529
4.58387,1.88985
4.59907,2.09466
4.65739,2.30708
4.84561,2.37205
4.80822,2.56759
4.79944,2.75748
4.62917,2.86821
4.62808,3.05615
4.67432,3.27699
4.85657,3.37655
-4.98474,3.50918
4.89512,3.66731
-4.99696,3.83052
4.93977,4.00607
-4.94717,4.18604
4.88793,4.31122
-4.9548,4.4464
-4.93687,4.63951
-4.77722,4.75459
-4.61654,4.8904
-4.7344,5.06231
-4.69324,5.26961
-4.67268,5.47471
-4.79543,5.65315
-4.72256,5.84169
-4.67687,6.0462
-4.54853,6.21315
-4.46702,6.39533
-4.39763,6.59126
-4.32882,6.79247
-4.31251,6.99038
-4.21986,7.16746
-4.26186,7.36972
-4.14836,7.54223
-4.26165,7.71276
-4.24251,7.91908
-4.17906,8.11067
-4.21321,8.31027
-4.10207,8.48726
-3.99598,8.66967
-3.8131,8.76545
-3.67609,8.91858
-3.49669,8.9846
-3.36834,9.15118
-3.25468,9.33402
-3.35902,9.50288
-3.41892,9.68367
-3.60267,9.76661
-3.45553,9.91281
-3.44827,10.1188
-3.34083,10.2882
-3.37415,10.4963
-3.492,10.6661
-3.37517,10.8465
-3.2954,11.024
-3.2199,11.2094
-3.2919,11.4042
-3.29631,11.6295
-3.35728,11.8357
-3.32673,12.0479
-3.31794,12.2389
-3.19712,12.4184
-3.36014,12.5489
-3.30241,12.7444
-3.10981,12.8209
-3.00563,12.9924
-3.07109,13.1796
-3.09165,13.3891
-2.95289,13.5351
-2.94513,13.7339
-2.88478,13.9399
-2.93146,14.1332
-3.12441,14.1181
-3.13811,14.3232
-3.02345,14.474
-3.07128,14.6644
-3.0487,14.8636
-2.96176,15.0353
-3.01216,15.2411
-3.06961,15.4332
-2.97582,15.6103
-2.93882,15.8002
-2.92068,16.0028
-2.86572,16.2032
-2.96761,16.3767
-2.88551,16.5576
-2.7878,16.7436
-2.76362,16.9474
-2.77204,17.1462
-2.79844,17.3406
-2.7198,17.5331
-2.69049,17.7315
-2.55893,17.8804
-2.74212,17.993
-2.59802,18.1496
-2.66208,18.3238
-2.74312,18.4983
-2.83128,18.6812
-2.85848,18.8737
-2.71252,19.0179
-2.73379,19.2229
-2.83068,19.4217
-2.73495,19.6014
-2.6874,19.8
-2.57758,19.977
-2.51051,20.1915
-2.40893,20.3524
-2.37535,20.5495
-2.2983,20.7291
-2.36694,20.9095
-2.37094,21.1198
-2.38546,21.324
-2.51156,21.4639
-2.49613,21.6585
-2.3798,21.8155
-2.28089,21.998
-2.33355,22.1946
-2.44749,22.3477
-2.45888,22.5563
-2.2844,22.6704
-2.17993,22.852
-2.18232,23.0446
-2.33208,23.1829
-2.41338,23.3724
-2.30829,23.5381
-2.28133,23.7404
-2.09939,23.8193
-2.16832,24.005
-1.99421,24.1177
-2.10268,24.2825
-2.1441,24.4735
-2.0532,24.6616
-1.9753,24.8443
-1.91872,25.0344
-1.97413,25.2268
-2.05026,25.4136
-1.94542,25.5697
-1.91051,25.766
-1.82313,25.9551
-1.69896,26.1229
-1.53832,26.2365
-1.57333,26.4303
-1.5733,26.6355
-1.62607,26.8287
-1.5458,27.023
-1.63498,27.1916
-1.82254,27.3138
-1.66893,27.4458
-1.55491,27.6117
-1.52054,27.7936
-1.38741,27.923
-1.45059,28.128
-1.38213,28.3387
-1.22743,28.4441
-1.25182,28.6477
-1.35254,28.8096
-1.31429,28.9941
-1.30711,29.1834
-1.30538,29.3864
-1.27934,29.5831
-1.27719,29.7751
-1.26732,29.9758
-1.19046,30.155
-1.09344,30.3145
-1.22512,30.4787
-1.15599,30.6714
-1.24876,30.8577
-1.35957,31.0333
-1.48147,31.2113
-1.49826,31.4203
-1.31842,31.5136
-1.47956,31.6102
-1.53001,31.8026
-1.37646,31.9366
-1.2296,32.0806
-1.23834,32.2833
-1.23575,32.4905
-1.25131,32.6943
-1.20224,32.9027
-1.21693,33.1024
-1.31198,33.2677
-1.1858,33.4223
-1.01203,33.5316
-0.880902,33.6862
-1.01902,33.8194
-0.975076,34.0351
-0.983333,34.2273
-0.991962,34.4233
-1.06877,34.6238
-1.00206,34.8138
-0.973725,35.0223
-0.958391,35.2264
-3.52246,0.186753
-3.46668,0.386098
-3.44776,0.585589
-3.60674,0.75321
-3.57684,0.948288
-3.51357,1.13405
-3.3929,1.29914
-3.29438,1.47865
-3.26388,1.6707
-3.21587,1.85796
-3.28464,2.05305
-3.33864,2.25808
-3.37268,2.44038
-3.2348,2.59646
-3.09516,2.74545
-3.01888,2.93424
-3.15398,3.09031
-3.36178,3.13431
-3.35342,3.34434
-3.29835,3.55842
-3.29961,3.77421
-3.22674,3.95768
-3.25411,4.16873
-3.13679,4.31949
-3.26427,4.48703
-3.30861,4.69708
-3.26225,4.90548
-3.21305,5.09636
-3.18852,5.2986
-3.26466,5.50519
-3.4399,5.61951
-3.39701,5.82933
-3.41165,6.02356
-3.3816,6.2108
-3.31018,6.40157
-3.16375,6.54625
-3.12878,6.75256
-3.21778,6.94791
-3.16555,7.15974
-2.97479,7.24841
-2.90636,7.44219
-2.93671,7.65578
-2.85529,7.8656
-2.74454,8.03704
-2.76221,8.25579
-2.71048,8.44816
-2.6028,8.60734
-2.61501,8.80224
-2.63743,9.00425
-2.61464,9.22102
-2.58657,9.43051
-2.45189,9.57424
-2.40098,9.78262
-2.31673,9.98488
-2.23458,10.1822
-2.17946,10.364
-2.2305,10.5613
-2.26947,10.7601
-2.23724,10.9625
-2.26101,11.1681
-2.19391,11.3654
-2.32014,11.5206
-2.25512,11.7273
-2.31468,11.9437
-2.33882,12.1371
-2.34779,12.3487
-2.36357,12.565
-2.42289,12.7582
-2.37763,12.9539
-2.29075,13.1316
-2.11946,13.2632
-2.14091,13.4572
-2.21911,13.6473
-2.14073,13.8258
-2.05787,13.999
-2.13218,14.1855
-2.10301,14.3886
-2.10362,14.6025
-2.24207,14.7522
-2.25433,14.964
-2.43334,15.0434
-2.41247,15.2488
-2.21202,15.2731
-2.17698,15.4726
-2.17259,15.6804
-2.12362,15.8692
-2.00228,16.0412
-1.91256,16.2303
-1.88089,16.4314
-2.00332,16.6013
-1.97082,16.8117
-1.96625,17.0228
-1.90098,17.2035
-1.98701,17.3842
-1.87837,17.5617
-1.82668,17.7831
-1.87625,17.9703
-1.83524,18.176
-1.86869,18.3769
-1.87798,18.5815
-1.95029,18.78
-1.9548,19.0012
-1.98285,19.2026
-1.92121,19.3984
-2.0555,19.545
-2.09865,19.7401
-2.10268,19.9454
-1.93657,20.0569
-1.80646,20.2113
-1.92793,20.3612
-1.82062,20.5543
-1.76114,20.7359
-1.85467,20.9118
-1.9463,21.1022
-1.80923,21.2317
-1.85904,21.4295
-1.75299,21.6069
-1.66544,21.7952
-1.74627,21.9843
-1.72457,22.1681
-1.60137,22.3244
-1.4329,22.4648
-1.60891,22.549
-1.50334,22.7188
-1.57664,22.9039
-1.40542,22.9963
-1.36145,23.1985
-1.44496,23.3738
-1.28222,23.4918
-1.24893,23.6994
-1.2434,23.8878
-1.2771,24.0985
-1.12469,24.24
-1.02402,24.4273
-1.18526,24.5624
-1.07819,24.7433
-0.902736,24.83
-0.98248,25.021
-1.05365,25.2098
-1.04081,25.4024
-1.0204,25.6065
-1.09456,25.7939
-1.04317,25.9882
-1.15462,26.1555
-1.24058,26.3572
-1.29808,26.5614
-1.29511,26.7603
-1.14579,26.9187
-1.09712,27.1018
-0.949214,27.2459
-0.95655,27.4482
-0.783215,27.5515
-0.813597,27.7415
-0.804892,27.9337
-0.715446,28.1234
-0.679494,28.3253
-0.753338,28.5265
-0.810245,28.7214
-0.807392,28.936
-0.932832,29.1048
-0.803419,29.2497
-0.738348,29.4476
-0.800469,29.6267
-0.825993,29.831
-0.691059,29.9958
-0.502184,30.0644
-0.535979,30.278
-0.493865,30.4795
-0.514795,30.6837
-0.523359,30.8906
-0.422664,31.0744
-0.380084,31.2859
-0.304647,31.4703
-0.249219,31.6773
-0.221446,31.877
-0.23931,32.0719
-0.326949,32.2597
-0.193686,32.415
-0.218893,32.6271
-0.114552,32.8106
-0.0847456,33.0048
-0.0304352,33.1888
0.0258328,33.3983
-0.0202387,33.5924
-0.0489648,33.7839
-0.098107,33.9839
0.0872466,34.0425
0.0974399,34.2469
0.131422,34.4419
0.0640949,34.6283
0.106467,34.8329
0.0868204,35.0277
0.224075,35.1974
0.338001,35.3529
0.289142,35.5506
0.241084,35.7474
0.369192,35.8897
0.376608,36.0842
0.566665,36.1619
0.487767,36.3375
-2.85847,0.171877
-2.95679,0.358266
-2.86133,0.535389
-2.77843,0.727636
-2.71667,0.923536
-2.77142,1.11568
-2.89943,1.2721
-2.83712,1.47905
-2.64403,1.50058
-2.48554,1.62128
-2.66411,1.69664
-2.67196,1.8911
-2.52998,2.04569
-2.50064,2.24996
-2.42605,2.43344
-2.38332,2.64279
-2.19953,2.74397
-2.06599,2.9068
-1.98087,3.08267
-2.06065,3.2625
-2.22767,3.38025
-2.15107,3.56486
-2.06204,3.74119
-2.06589,3.95219
-2.03473,4.16528
-2.15705,4.3188
-2.07682,4.51035
-2.13322,4.70256
-2.11145,4.91206
-2.04499,5.11602
-2.0854,5.32668
-2.03714,5.51855
-1.96466,5.71296
-1.76959,5.79569
-1.84991,5.98939
-1.94768,6.16273
-1.96202,6.37744
-1.77704,6.47764
-1.66526,6.66028
-1.6769,6.87799
-1.74907,7.0752
-1.85784,7.2373
-1.93062,7.45016
-1.86808,7.65908
-1.91574,7.86996
-1.87832,8.06878
-1.7989,8.25081
-1.90039,8.42483
-1.83041,8.61279
-1.75097,8.78926
-1.65741,8.97984
-1.49583,9.09977
-1.43605,9.29512
-1.36954,9.48254
-1.41425,9.68414
-1.28512,9.84271
-1.13967,9.97365
-1.05213,10.1668
-1.22202,10.2804
-1.23838,10.4782
-1.35436,10.6476
-1.45274,10.804
-1.49244,11.0077
-1.42978,11.1995
-1.28821,11.3549
-1.29826,11.5565
-1.20292,11.7333
-1.36069,11.8738
-1.32928,12.0645
-1.386,12.2529
-1.41133,12.4595
-1.38886,12.6725
-1.37625,12.871
-1.29657,13.0531
-1.11142,13.1012
-1.19028,13.2915
-1.21298,13.484
-1.07274,13.6325
-1.247,13.7294
-1.27868,13.9181
-1.20837,14.1039
-1.1749,14.313
-1.31451,14.4531
-1.36411,14.655
-1.18064,14.7429
-1.34237,14.8758
-1.2441,15.0416
-1.12764,15.2125
-1.17412,15.418
-1.17434,15.6279
-1.18629,15.8417
-1.17327,16.0542
-1.26944,16.2477
-1.24672,16.465
-1.16353,16.6528
-0.995793,16.772
-1.00805,16.9855
-0.952573,17.1729
-0.860547,17.3528
-0.807217,17.5673
-0.712005,17.7495
-0.506841,17.8129
-0.57394,18.0021
-0.539559,18.1835
-0.465839,18.3759
-0.3127,18.5302
-0.257834,18.7323
-0.143716,18.9246
-0.304769,19.0377
-0.279389,19.2412
-0.2005,19.4417
-0.268283,19.6329
-0.222407,19.8348
-0.330275,20.0182
-0.323195,20.2268
-0.285765,20.429
-0.306175,20.651
-0.336853,20.8431
-0.396805,21.0279
-0.420048,21.2374
-0.513039,21.4186
-0.465169,21.6107
-0.576488,21.7858
-0.572708,21.9832
-0.570369,22.1679
-0.54897,22.3661
-0.674186,22.5384
-0.581163,22.7159
-0.492066,22.9088
-0.433625,23.0976
-0.248507,23.178
-0.0605783,23.2798
0.0813898,23.4218
0.0259687,23.6119
0.0803889,23.7935
0.12822,23.996
0.0528573,24.191
0.0131272,24.3792
-0.0417083,24.5836
0.0156892,24.7743
-0.0595804,24.9547
-0.0983885,25.1635
0.0368331,25.3094
-0.0282494,25.5069
0.0784773,25.6664
0.245953,25.7636
0.273617,25.9562
0.387637,26.114
0.405894,26.3198
0.424971,26.5101
0.394473,26.7294
0.32637,26.916
0.406891,27.1043
0.330917,27.2912
0.39451,27.4778
0.467912,27.6579
0.590669,27.8377
0.695315,28.0263
0.650266,28.232
0.642733,28.4366
0.665448,28.6562
0.831741,28.771
0.93003,28.9337
0.998436,29.1365
0.906144,29.3172
0.908789,29.5149
0.832884,29.6958
0.821067,29.8822
0.789542,30.0777
0.885463,30.258
0.974496,30.4449
0.994901,30.6479
0.829974,30.7871
0.722677,30.9539
0.923389,31.0258
0.894651,31.2216
0.950385,31.4275
0.839922,31.5987
0.76315,31.7802
0.656032,31.9583
0.681027,32.161
0.728315,32.3638
0.77852,32.5671
0.943563,32.6913
1.07277,32.8442
1.16498,33.0204
0.981986,33.1198
1.07244,33.2892
1.03163,33.4747
1.17191,33.6183
1.27909,33.7983
1.18161,33.9759
1.35324,34.0804
1.43996,34.2707
1.36148,34.4524
1.29559,34.6536
1.31206,34.8543
1.40603,35.0285
1.39831,35.2411
1.46417,35.4512
-2.16135,0.272615
-2.24025,0.451093
-2.26868,0.668891
-2.35784,0.850426
-2.2236,0.998571
-2.19671,1.19602
-2.16812,1.41591
-2.01083,1.54308
-1.98565,1.72862
-1.82652,1.85516
-1.71584,2.02276
-1.57715,2.18223
-1.6322,2.37102
-1.42607,2.39622
-1.30508,2.56084
-1.32078,2.76873
-1.38392,2.97652
-1.381,3.18783
-1.37163,3.40405
-1.3709,3.59314
-1.50766,3.74627
-1.37022,3.90818
-1.39705,4.11589
-1.32936,4.31039
-1.15136,4.39768
-1.21387,4.58
-1.25699,4.78496
-1.25273,4.9851
-1.09541,5.11362
-1.00983,5.2924
-0.820791,5.34219
-0.754533,5.53583
-0.796594,5.74421
-0.845503,5.9476
-0.899164,6.13883
-1.10495,6.2082
-1.18054,6.39122
-1.02663,6.51947
-0.946715,6.70219
-0.97813,6.90978
-1.06213,7.09511
-0.910298,7.21184
-0.745459,7.32518
-0.546957,7.38604
-0.433543,7.56214
-0.4658,7.75937
-0.501635,7.95413
-0.361491,8.11077
-0.185457,8.20473
-0.0376819,8.35774
-0.114343,8.54244
-0.10661,8.73954
-0.144539,8.94703
-0.0814578,9.14637
-0.0743947,9.33657
-0.0754177,9.54762
-0.111102,9.75578
-0.0115242,9.92275
-0.0529253,10.1245
0.100232,10.2224
0.0996574,10.4296
0.151564,10.6465
0.229901,10.8307
0.31512,11.0025
0.420866,11.18
0.410847,11.3826
0.410426,11.5731
0.399385,11.7769
0.349643,11.9653
0.295321,12.1659
0.266588,12.349
0.146927,12.5062
0.0909081,12.6981
0.13027,12.8874
0.0638542,13.0865
-0.0428661,13.2568
-0.0503445,13.4615
-0.154641,13.6332
-0.21191,13.8367
-0.213755,14.0291
-0.28011,14.2181
-0.345138,14.4048
-0.230374,14.5912
-0.381126,14.718
-0.390134,14.9145
-0.247957,15.0584
-0.136034,15.2393
-0.00513716,15.3809
0.00397364,15.5865
-0.196488,15.6768
-0.0564604,15.8097
0.0833418,15.9392
0.154277,16.1356
0.178428,16.3314
0.378837,16.4253
0.448182,16.6079
0.619969,16.6971
0.516252,16.8591
0.454443,17.0626
0.454557,17.2745
0.49047,17.4899
0.524581,17.6905
0.37341,17.8203
0.493605,17.9946
0.451929,18.1853
0.300607,18.3104
0.465328,18.4382
0.575178,18.6049
0.570558,18.8044
0.564724,19.0064
0.699476,19.1374
0.761544,19.3263
0.813031,19.5187
0.840066,19.7003
0.793411,19.8974
0.895049,20.0682
0.737969,20.1936
0.77294,20.3961
0.854025,20.5727
0.703759,20.6972
0.64754,20.892
0.624195,21.0973
0.69618,21.2832
0.590195,21.4473
0.677259,21.6301
0.774954,21.7953
0.974699,21.8353
0.847518,22.0005
0.982286,22.1588
0.928704,22.3363
0.985522,22.5233
0.873706,22.6835
0.927755,22.8781
0.910615,23.0748
1.11171,23.1562
1.07879,23.359
0.953597,23.5018
0.886686,23.6905
1.03599,23.8325
1.18756,23.9667
1.13188,24.1616
1.14343,24.364
1.04666,24.5329
1.06935,24.7258
0.946246,24.8855
1.05527,25.0499
1.17529,25.226
1.05606,25.3992
1.10688,25.5901
1.27563,25.6914
1.16293,25.8643
1.15723,26.0687
1.27885,26.2454
1.44521,26.3489
1.56186,26.5062
1.56328,26.6961
1.74771,26.809
1.70516,27.0154
1.71196,27.2153
1.76886,27.4052
1.78262,27.6089
1.73604,27.8117
1.69479,28.0154
1.58868,28.1834
1.60937,28.3882
1.7589,28.5253
1.64978,28.7108
1.46898,28.8019
1.56647,28.9799
1.53138,29.1669
1.53167,29.376
1.62487,29.5596
1.57204,29.7756
1.54958,29.9679
1.53613,30.1682
1.42979,30.3452
1.36774,30.5291
1.34042,30.7322
1.43971,30.9135
1.32077,31.0623
1.43483,31.225
1.48529,31.42
1.65759,31.5113
1.7548,31.7034
1.86278,31.8718
1.92439,32.0781
1.7745,32.2562
1.89402,32.4187
1.98426,32.5881
2.11327,32.7385
2.23298,32.8926
2.42006,33.0012
2.40333,33.187
2.3873,33.3995
2.3351,33.6027
2.29186,33.8142
2.27144,34.0042
2.29613,34.2127
2.37148,34.3981
2.36543,34.6211
-0.309772,0.342074
-0.441224,0.490946
-0.251366,0.574764
-0.238766,0.774192
-0.266821,0.974802
-0.183217,1.14126
-0.327554,1.27367
-0.371341,1.47461
-0.377583,1.70423
-0.516024,1.84925
-0.535045,2.05141
-0.444249,2.22761
-0.471283,2.42767
-0.552178,2.62001
-0.463334,2.79479
-0.409181,2.99085
-0.30708,3.15181
-0.273347,3.35963
-0.223627,3.55883
-0.266167,3.76431
-0.313273,3.95541
-0.273098,4.14643
-0.272243,4.34821
-0.204029,4.55528
-0.233902,4.74944
-0.17125,4.9334
-0.24741,5.12019
-0.261579,5.3189
-0.0786943,5.41177
-0.00518922,5.59286
0.0678767,5.77823
0.0371912,5.95172
0.137294,6.109
0.159852,6.32028
0.178297,6.50437
0.325548,6.65104
0.370431,6.84698
0.547386,6.95214
0.585932,7.1499
0.551476,7.34206
0.501312,7.55256
0.55139,7.73059
0.488326,7.93098
0.635169,8.07682
0.695383,8.26597
0.775712,8.43024
0.725261,8.63091
0.658404,8.81866
0.650226,9.01547
0.617744,9.23148
0.69521,9.43228
0.622101,9.62101
0.552536,9.81946
0.464937,9.99878
0.488919,10.1983
0.64332,10.3232
0.616304,10.5135
0.744441,10.6609
0.735897,10.8765
0.865906,11.045
0.953536,11.2073
0.754303,11.2456
0.659098,11.4174
0.714389,11.625
0.882858,11.7575
0.965961,11.9442
1.00736,12.1598
1.15226,12.3069
1.2451,12.4964
1.20644,12.6781
1.17995,12.8858
1.12304,13.0822
1.30827,13.1552
1.27493,13.3564
1.20279,13.5412
1.2911,13.7196
1.0807,13.712
1.09368,13.9238
1.21604,14.0844
1.35198,14.2526
1.29104,14.4462
1.30629,14.6492
1.36721,14.8347
1.33621,15.0158
1.48092,15.1488
1.4876,15.3576
1.35297,15.5239
1.4629,15.7118
1.38679,15.909
1.52588,16.0649
1.37621,16.2043
1.41442,16.4364
1.42857,16.6454
1.54623,16.8117
1.6384,16.9904
1.80697,17.0888
1.77549,17.2961
1.64673,17.4426
1.65333,17.6394
1.58607,17.8498
1.51484,18.0415
1.43619,18.2378
1.45266,18.4402
1.2786,18.5399
1.3313,18.7303
1.38196,18.9238
1.57952,18.9489
1.63406,19.1409
1.61286,19.3289
1.75627,19.4894
1.74472,19.7036
1.86446,19.8789
1.77436,20.0813
1.79464,20.2858
1.8612,20.4905
1.80056,20.6828
1.6824,20.8394
1.76653,21.0161
1.62119,21.1735
1.75511,21.3254
1.87054,21.4846
1.91283,21.6806
1.95396,21.8942
1.98185,22.0949
2.02341,22.2896
2.00124,22.4964
2.04175,22.7018
1.99276,22.9025
1.97701,23.1038
2.09633,23.28
2.0545,23.5044
2.0605,23.6909
1.98416,23.8786
1.90114,24.0763
1.98259,24.2568
2.04421,24.445
1.91057,24.5959
1.78756,24.7513
1.78176,24.9494
1.79222,25.1574
1.73677,25.3644
1.84713,25.526
1.92253,25.7149
2.11466,25.7917
2.17444,25.9878
2.27978,26.15
2.38749,26.3362
2.20075,26.4171
2.36098,26.5357
2.45786,26.7182
2.55335,26.9014
2.57876,27.1022
2.56177,27.3055
2.62948,27.4859
2.7493,27.6368
2.59105,27.7598
2.69348,27.9592
2.79081,28.1423
2.86802,28.3361
2.85187,28.5608
2.82176,28.747
2.71673,28.9231
2.89045,29.0478
2.80286,29.2307
2.93842,29.4012
2.86912,29.6026
2.87958,29.8096
2.91789,30.0087
2.89724,30.1946
2.92804,30.3945
3.01454,30.5805
3.00083,30.7974
3.0311,30.994
2.89068,31.1455
2.88464,31.3427
2.89448,31.5443
2.87444,31.7412
2.91754,31.9362
2.74434,32.0581
2.69431,32.2616
2.70758,32.4587
2.80128,32.6155
2.66992,32.7853
2.65859,32.988
2.82042,33.1064
3.01435,33.1909
3.1215,33.3605
3.22647,33.5413
3.28745,33.7306
3.37449,33.9106
3.30393,34.0925
3.27235,34.2946
3.42975,34.4099
3.46036,34.613
3.40259,34.8204
3.34534,35.0183
3.33364,35.2328
3.30105,35.4509
3.42189,35.6037
3.38785,35.8103
