parameters (x,y,w,h,rx,ry):-5,0,10.000000,40.000000,100,100
59,47,56,47,52,65,55,47,27,40,46,49,51,48,63,59,67,54,63,52,37,25,14,22,17,16,7,17,15,17,20,15,20,41,38,45,30,39,49,45,58,54,52,58,80,89,100,98,84,94,90,62,74,69,68,86,81,75,81,72,67,59,49,58,82,88,83,97,79,68,55,37,33,41,23,26,19,18,9,10,10,11,17,13,14,26,33,40,45,56,49,48,39,45,51,60,66,75,87,69
116,124,127,117,126,110,134,130,84,91,115,114,109,106,126,141,163,147,132,100,67,70,62,41,39,29,31,41,52,42,32,25,39,68,77,113,104,105,121,111,121,120,136,149,187,185,223,202,215,210,186,165,135,154,156,169,178,174,146,137,156,123,120,150,144,172,184,184,163,159,122,92,75,55,53,43,39,29,25,21,16,16,28,36,43,59,91,103,82,112,145,127,106,120,113,121,154,177,184,150
127,130,129,103,128,110,116,133,119,98,100,106,90,118,114,124,164,198,123,104,78,53,76,50,33,32,41,33,48,31,40,28,36,58,72,93,95,123,124,124,114,117,98,160,188,188,210,212,211,193,215,167,158,135,147,192,189,190,142,168,133,120,118,143,153,170,185,206,187,164,141,99,74,70,54,43,46,34,25,17,18,17,26,17,32,39,78,106,110,115,122,146,96,108,115,118,172,185,191,152
158,122,129,111,111,124,110,141,108,114,97,96,96,98,111,151,145,172,169,110,73,69,64,59,39,40,31,41,33,36,31,44,40,48,49,76,82,127,132,134,116,111,150,139,178,192,194,200,205,217,199,185,119,130,163,161,215,171,173,142,126,121,118,126,145,164,171,194,224,182,137,87,93,72,58,54,49,41,21,17,12,17,13,23,31,44,58,76,118,108,153,118,101,89,105,161,153,185,166,163
158,142,122,123,114,108,116,118,131,109,100,116,88,101,124,135,160,168,142,119,91,76,62,56,56,39,44,36,34,32,44,27,42,41,52,56,84,107,131,143,113,111,117,151,183,205,204,183,204,213,211,172,127,113,153,193,195,180,172,178,138,111,138,110,135,165,182,196,224,188,141,115,76,71,54,59,59,45,27,17,13,16,10,14,20,40,60,78,104,107,154,128,113,100,103,147,164,161,154,161
166,139,132,107,97,125,120,108,126,122,127,97,91,120,120,130,163,162,152,139,88,80,57,63,54,34,34,38,38,31,37,28,38,41,45,60,87,101,138,128,116,105,105,134,197,208,211,172,169,245,213,173,140,132,162,195,168,191,164,168,162,121,125,120,125,162,182,196,209,182,155,130,78,74,60,68,57,54,27,22,19,16,6,11,14,31,55,76,97,115,149,119,95,98,122,132,171,170,144,159
157,144,119,120,105,88,120,122,130,128,143,104,97,101,117,133,157,173,168,108,90,75,65,64,47,47,47,31,30,31,31,40,28,38,39,46,65,117,125,133,119,100,93,102,191,238,219,168,174,217,218,185,133,126,162,180,201,162,181,167,159,144,130,101,118,157,199,202,214,171,155,127,92,73,71,65,66,42,35,23,19,21,16,10,10,16,31,71,85,123,131,125,110,85,100,135,179,159,166,163
157,139,131,109,99,96,112,121,143,129,113,122,74,105,124,132,184,158,164,117,105,84,65,57,49,37,49,52,38,26,20,36,37,39,23,44,74,87,129,133,126,100,89,111,183,235,228,174,195,200,214,194,143,145,120,160,191,178,198,170,151,167,117,108,105,135,192,194,205,208,161,124,92,78,70,61,65,54,23,25,22,25,14,22,14,20,33,58,89,94,140,111,118,95,90,137,165,183,167,183
147,141,114,107,103,93,105,133,138,109,135,121,105,97,115,127,165,178,156,147,94,95,73,70,51,28,42,48,36,38,31,32,32,38,42,45,64,76,131,122,119,102,97,108,166,248,218,184,154,192,210,205,147,134,137,168,192,180,179,183,159,148,120,131,106,139,169,203,203,173,182,151,98,76,78,72,66,45,38,21,20,14,19,18,22,17,35,53,69,101,113,115,120,102,94,120,163,174,180,166
160,120,142,109,107,110,107,121,115,128,125,128,103,104,100,123,179,178,156,136,99,93,70,67,58,47,42,43,35,36,36,37,42,32,35,46,56,79,113,113,120,109,91,136,176,211,203,192,194,180,213,206,114,126,153,169,189,170,192,171,156,152,121,115,119,172,167,183,209,185,158,138,113,95,90,79,62,48,44,32,17,24,12,13,21,24,31,51,72,95,110,127,102,103,106,130,138,179,169,163
145,152,117,117,119,111,108,122,130,122,115,122,99,129,98,119,148,177,155,132,142,106,85,67,62,30,44,39,34,45,25,32,29,29,37,55,63,68,99,102,106,107,98,145,180,204,205,190,187,213,242,191,140,115,161,165,194,189,177,162,169,139,135,119,132,160,172,192,194,201,174,131,105,98,84,90,71,57,50,36,26,10,14,22,20,23,38,43,70,92,114,100,83,112,117,131,142,171,161,165
145,132,121,108,117,125,111,132,103,102,126,121,100,121,118,119,147,168,172,144,113,87,78,78,45,42,49,50,42,39,31,22,26,38,44,58,61,78,85,116,101,99,97,121,173,221,202,183,168,219,222,216,151,135,120,166,195,194,183,163,131,131,145,128,129,136,189,197,222,198,168,116,114,124,91,79,73,43,42,40,19,30,15,13,15,18,37,50,59,81,120,91,109,98,104,127,158,149,167,180
162,145,114,125,111,114,108,136,114,117,131,98,113,110,123,110,150,188,163,139,99,108,69,70,65,50,54,55,43,36,30,27,27,21,43,50,61,67,90,116,91,94,96,121,166,218,214,170,199,215,221,184,171,119,117,155,194,194,171,178,158,162,120,123,125,153,201,211,218,196,151,119,106,109,105,83,78,48,42,39,30,23,21,22,19,18,31,37,65,83,95,97,100,102,93,127,148,176,189,141
140,140,121,105,119,111,111,111,107,120,124,117,120,110,120,124,156,164,180,133,135,98,77,66,67,66,41,47,52,46,43,27,17,27,33,35,57,70,102,117,95,90,89,126,150,215,210,188,185,210,212,195,140,128,154,144,189,174,186,152,162,166,123,113,121,181,183,223,202,216,142,133,110,98,114,93,77,56,42,33,37,13,25,22,22,27,28,40,71,74,85,94,89,84,106,121,174,171,161,171
146,144,153,111,104,109,121,117,116,115,124,108,128,114,114,130,156,171,162,153,125,107,63,67,65,56,60,45,38,39,32,29,37,27,31,41,42,73,93,106,104,86,92,124,172,208,198,182,200,214,189,189,146,146,130,164,170,201,162,153,157,166,120,103,124,189,205,201,208,205,157,141,116,102,99,101,79,77,53,25,28,13,20,20,17,25,41,52,51,85,94,75,74,79,97,129,172,147,173,161
143,127,140,134,110,88,106,130,133,112,128,105,119,106,115,153,161,167,134,162,132,97,85,68,55,49,65,59,42,32,38,26,34,30,33,51,38,57,86,101,107,88,88,132,195,201,184,188,185,208,237,188,129,134,148,163,190,179,156,163,158,160,106,122,145,170,185,189,198,198,178,134,114,111,91,88,99,77,53,28,39,25,15,11,20,23,43,44,52,67,90,100,81,61,112,147,162,147,179,151
138,137,130,120,99,89,110,134,111,138,107,122,121,118,123,151,163,167,158,143,122,104,77,92,69,53,52,58,35,35,35,29,31,34,33,56,40,61,71,92,93,90,99,118,153,196,225,200,157,199,197,194,132,124,162,182,177,194,159,177,150,163,131,123,130,153,198,195,194,208,167,150,113,97,94,104,107,81,51,43,41,25,16,11,14,21,39,33,58,68,88,72,75,83,91,140,176,164,187,152
146,139,120,100,89,114,114,124,139,104,122,108,97,120,116,151,164,179,161,142,118,116,85,84,71,49,39,54,54,30,32,35,32,30,39,43,43,70,75,92,97,84,93,117,167,182,230,203,182,204,212,176,136,126,144,186,184,207,157,153,146,172,149,117,124,174,212,194,204,186,174,139,124,105,110,86,110,80,57,41,46,33,24,21,22,17,23,47,60,66,69,83,81,77,92,121,174,181,177,161
157,132,129,104,94,112,92,107,123,124,123,105,92,115,138,142,158,181,159,145,116,105,95,93,59,76,61,44,36,35,35,37,34,33,41,33,52,69,76,70,95,107,78,101,186,187,218,203,201,193,196,167,144,129,149,179,182,191,171,154,144,135,154,129,134,145,191,189,226,174,159,138,106,115,112,93,103,77,64,43,37,26,20,29,32,26,31,48,58,62,70,63,58,83,93,122,143,207,166,170
134,148,123,120,110,98,114,87,115,134,152,106,105,78,104,159,172,188,131,159,131,102,92,92,54,68,57,75,44,41,27,34,39,30,44,43,40,55,87,85,96,79,81,120,164,214,212,211,178,213,201,172,150,131,147,165,210,201,153,158,164,139,140,131,127,158,182,202,242,200,160,121,88,101,105,107,121,82,54,44,41,32,21,21,31,25,46,36,54,60,73,69,62,69,93,119,165,173,170,181
152,129,121,108,106,120,105,98,89,130,130,132,106,87,88,146,162,202,147,138,136,122,95,97,68,63,52,50,41,35,40,35,35,46,26,55,45,41,75,91,94,79,87,118,150,216,206,195,208,196,202,157,145,114,149,193,204,191,182,155,161,137,136,150,126,153,189,215,194,208,164,120,88,93,107,113,108,93,63,49,32,34,37,31,25,25,39,49,49,64,82,66,63,62,75,119,148,187,170,191
172,143,124,92,100,104,118,105,108,117,123,135,119,88,100,139,163,177,181,135,119,112,101,98,74,57,56,61,47,35,42,30,35,39,40,39,53,63,67,89,89,88,78,103,155,203,223,172,202,216,206,177,126,130,168,191,195,188,169,168,165,141,149,144,119,152,188,195,199,207,169,131,105,81,94,102,116,97,85,55,41,33,23,30,25,48,34,41,44,67,72,64,70,67,93,100,157,163,199,140
175,151,110,114,107,94,107,108,102,107,129,133,100,122,115,113,151,183,160,130,109,109,103,91,82,64,51,62,49,43,37,37,34,33,40,40,44,64,86,74,72,82,83,92,167,193,206,181,208,205,200,172,141,112,155,190,201,217,176,134,128,172,149,149,150,146,172,187,214,201,168,136,112,82,85,101,107,100,77,60,39,43,30,19,27,47,44,47,51,57,67,77,68,74,77,116,154,163,158,166
182,156,125,110,100,88,96,105,106,118,127,107,96,128,114,151,156,179,151,135,109,105,90,98,80,64,61,45,49,55,37,45,36,29,40,46,35,79,78,82,73,82,101,99,134,182,194,200,203,217,204,171,130,113,137,199,237,185,181,152,136,137,147,147,134,158,173,198,215,201,167,150,118,85,102,93,103,91,87,57,42,33,26,34,25,30,39,44,54,82,67,77,84,77,85,115,141,144,148,189
151,161,122,123,99,89,95,101,90,114,129,114,108,124,118,141,162,205,173,139,105,95,92,77,88,63,64,60,56,47,37,41,41,32,33,42,68,53,82,83,63,65,97,116,153,184,202,173,180,235,212,159,118,158,132,189,229,185,159,160,139,128,135,132,148,166,164,201,214,233,160,134,101,107,103,105,95,81,87,56,56,42,36,31,34,34,33,44,42,71,74,70,78,89,89,94,143,146,169,163
156,140,120,119,104,95,104,99,98,103,126,117,119,105,101,149,172,203,170,133,106,91,88,88,65,68,66,62,50,47,33,42,29,33,46,39,55,68,80,83,66,65,84,108,180,181,181,185,197,205,215,160,127,122,136,196,254,181,164,170,142,132,135,134,171,148,174,198,195,206,178,140,108,96,109,98,90,102,79,50,34,43,36,38,46,35,39,45,45,57,82,70,81,91,101,118,153,171,159,148
127,142,108,124,97,106,107,86,102,118,115,138,107,95,111,146,171,173,170,152,100,111,89,67,71,61,68,58,48,53,47,40,34,41,35,49,67,49,73,75,79,73,94,116,142,198,190,174,204,211,224,167,109,121,134,203,198,198,167,166,139,131,127,136,146,180,180,186,188,195,167,138,123,90,92,109,94,96,86,58,36,35,43,31,38,43,49,40,53,58,63,79,75,74,89,115,158,159,157,159
156,133,129,100,111,117,99,81,128,109,110,122,108,108,123,163,165,185,170,150,124,95,91,63,87,71,63,54,56,49,34,40,39,40,44,52,52,61,76,68,76,84,99,122,156,201,182,177,189,186,230,174,132,102,145,205,221,199,154,147,146,142,131,139,140,176,175,202,210,191,173,128,124,104,84,105,96,90,72,60,62,38,46,35,34,40,55,48,65,68,70,62,73,68,92,102,138,167,167,145
128,138,135,97,105,97,113,109,109,112,116,96,117,122,114,143,144,190,137,159,119,108,82,76,65,73,63,53,60,66,35,35,30,43,52,33,46,80,82,61,74,82,93,120,151,196,193,191,174,176,225,186,133,126,131,191,213,205,141,163,144,144,135,113,145,171,198,203,170,197,180,144,118,93,102,105,109,70,57,56,65,45,43,33,34,49,58,57,56,60,79,64,76,60,93,109,160,173,169,158
132,117,114,111,96,122,96,119,102,106,120,118,109,110,128,134,161,184,163,147,128,111,95,57,72,53,60,71,52,52,46,35,33,33,35,51,62,63,68,68,89,81,80,109,151,186,214,198,185,183,185,188,138,109,127,182,199,200,168,153,152,135,135,139,159,166,188,187,182,220,160,139,100,124,97,98,107,86,62,49,48,46,34,36,35,53,50,56,71,64,76,64,55,57,99,104,160,183,179,167
129,126,99,122,106,95,90,110,130,92,123,116,93,101,129,165,162,161,175,144,137,91,93,77,68,73,53,66,67,51,39,36,39,30,42,49,56,70,82,82,81,57,85,99,138,199,215,207,195,185,191,184,150,103,134,175,206,175,201,148,131,153,126,143,140,158,181,197,188,197,177,139,130,114,100,102,93,76,62,54,50,42,32,40,51,47,52,60,57,66,91,62,47,83,94,122,144,166,187,162
138,142,116,95,100,92,100,112,126,116,114,105,119,99,134,139,171,194,149,153,127,103,81,86,71,59,64,45,65,53,45,34,30,29,44,47,47,73,78,99,72,70,83,99,130,205,185,234,185,215,189,181,131,127,127,156,196,203,189,160,155,131,130,129,151,170,193,190,199,182,164,164,101,94,119,98,83,79,64,53,51,38,25,34,43,46,69,57,71,66,67,70,49,64,90,113,149,152,179,169
130,126,135,95,118,82,115,117,126,129,117,106,104,93,112,143,173,174,174,150,122,94,109,74,79,58,55,49,53,56,46,43,37,27,44,46,54,61,91,71,71,73,92,117,130,181,203,181,200,213,197,177,143,125,141,184,201,183,178,147,151,135,106,130,159,182,180,196,215,198,178,139,117,96,95,116,91,85,56,54,38,48,24,32,35,34,73,64,65,71,87,71,43,51,100,115,149,169,175,148
153,106,106,107,91,99,107,112,112,114,134,128,97,108,96,131,173,181,174,133,123,106,99,79,74,75,65,60,43,57,45,42,36,31,40,51,45,78,75,87,67,73,79,111,151,192,193,186,167,220,189,177,147,116,160,177,197,203,181,120,137,161,133,125,150,168,187,212,199,193,165,141,116,112,78,88,97,87,73,43,56,39,33,32,34,38,46,80,79,87,74,79,60,72,69,119,169,179,157,161
148,127,91,106,92,93,106,115,124,110,106,128,99,107,118,143,156,185,158,144,125,95,97,86,91,62,73,57,56,50,52,45,34,28,44,44,60,73,82,74,75,70,71,100,158,175,206,197,189,183,180,194,131,149,130,187,202,173,167,158,143,145,128,137,138,175,191,187,223,199,164,125,116,114,98,95,93,75,60,40,43,52,35,45,33,37,43,62,79,81,72,83,72,66,74,112,168,162,190,146
142,141,90,92,91,109,96,108,121,105,114,100,116,121,107,119,154,175,171,139,146,99,95,78,71,78,73,73,52,52,42,41,38,31,37,41,51,65,81,87,81,60,67,118,152,172,192,185,217,182,209,177,122,126,130,191,174,203,167,159,149,136,135,133,127,166,201,198,212,217,165,128,113,109,95,89,98,80,66,53,43,41,34,40,38,50,39,59,65,94,89,76,67,58,76,115,157,201,169,158
160,114,102,99,82,102,97,100,131,124,114,109,100,90,136,125,147,168,166,152,145,92,111,85,77,74,68,73,64,46,45,46,35,36,47,47,50,52,82,76,81,72,72,115,141,166,203,175,189,225,211,184,127,136,123,177,191,210,175,150,158,156,115,124,164,182,164,195,210,201,185,129,106,101,95,95,93,105,67,58,33,37,27,28,46,46,45,56,73,87,81,72,80,64,72,107,138,190,179,157
143,141,111,93,80,95,79,114,115,118,111,120,97,117,121,121,152,170,182,139,136,106,98,78,76,75,65,65,74,45,41,40,45,46,46,42,52,59,75,81,74,72,78,98,144,183,209,180,189,210,208,174,162,113,136,167,178,195,205,146,161,124,113,118,165,160,197,210,206,192,197,136,107,102,89,101,99,94,63,46,48,42,30,20,33,48,63,63,60,86,86,81,77,59,74,114,160,149,177,191
159,142,106,99,89,90,85,114,113,127,107,117,117,122,91,138,162,159,168,130,151,116,93,67,59,71,79,66,51,76,42,31,40,46,46,44,47,55,55,101,73,69,79,95,142,201,214,182,193,204,203,188,142,114,140,166,178,203,176,192,138,118,106,121,146,180,191,188,217,195,179,156,116,90,97,92,95,94,84,42,43,38,22,39,42,37,59,51,74,86,81,85,81,73,75,115,140,164,173,160
157,133,125,96,71,87,93,115,116,130,125,101,106,120,110,126,152,178,155,139,129,123,112,74,58,82,63,72,57,60,50,42,48,44,39,51,51,58,69,59,74,69,88,96,154,192,217,186,189,201,189,193,154,140,143,152,190,184,196,156,162,109,98,133,143,154,200,190,196,193,190,143,135,113,81,94,88,98,92,35,44,36,32,26,37,43,55,57,74,86,94,74,65,86,90,109,131,157,166,153
158,168,119,75,84,80,98,130,109,100,110,116,102,116,108,126,168,184,175,139,107,113,93,89,81,57,71,68,59,55,54,43,36,43,42,57,64,71,50,70,83,45,73,107,162,189,199,194,178,201,232,180,141,145,122,170,172,188,190,162,153,117,116,109,154,179,183,212,197,185,178,149,124,106,86,98,100,78,87,63,32,34,25,37,34,40,52,58,86,79,87,69,86,66,103,114,127,147,194,150
166,142,127,94,74,88,108,132,101,122,110,104,108,89,124,108,163,180,182,126,120,89,97,78,64,76,65,68,59,69,56,46,39,34,39,54,61,64,63,71,74,76,85,121,146,212,198,177,173,212,227,183,152,106,141,181,181,205,196,163,145,134,108,114,126,155,211,201,213,183,165,190,106,95,99,88,88,90,82,61,46,38,31,31,36,30,45,85,72,93,79,72,66,79,98,118,139,143,172,140
143,145,125,115,74,78,94,138,115,119,115,103,104,104,107,126,168,188,163,149,128,82,90,82,61,72,65,81,61,71,55,43,41,45,43,42,49,73,80,63,78,63,90,97,168,207,203,163,179,210,209,188,143,110,135,163,215,210,162,162,139,125,115,104,110,154,193,212,220,182,191,161,124,107,87,91,93,79,66,70,55,43,35,33,39,33,34,74,83,83,72,85,63,92,94,104,150,139,143,154
144,140,127,111,85,89,107,102,134,116,117,109,89,115,108,124,192,173,150,151,123,106,79,75,68,63,77,68,56,74,51,46,46,45,41,40,47,60,71,88,83,60,72,115,148,210,187,199,162,198,210,194,143,140,106,156,233,184,192,156,142,133,105,107,124,158,189,236,196,197,165,123,141,98,110,104,93,76,58,48,49,47,25,42,35,46,55,50,80,89,93,80,63,81,110,108,134,151,180,136
121,132,117,110,70,92,100,121,105,119,123,126,106,126,94,136,159,169,179,142,110,100,92,60,63,59,70,67,73,64,57,38,48,42,42,42,55,70,84,80,78,66,69,110,142,176,204,192,176,226,211,170,144,121,125,166,197,225,173,145,145,137,115,121,126,142,188,250,201,174,167,143,117,122,103,108,91,87,65,40,42,37,36,37,40,42,38,53,73,99,83,74,79,90,94,120,118,157,170,148
123,133,97,121,89,75,109,111,120,115,112,119,108,122,111,126,170,159,174,157,114,89,88,79,63,73,68,60,61,55,55,53,45,39,49,50,48,48,86,100,80,54,73,94,170,189,185,194,202,202,193,194,148,124,122,155,201,206,199,144,151,141,140,126,122,149,200,205,206,197,167,149,114,92,115,97,86,86,74,62,32,42,29,45,42,35,56,47,58,93,86,91,66,70,97,111,145,169,162,168
144,136,120,84,117,70,82,116,133,105,112,108,109,88,129,148,170,162,153,151,111,107,93,50,79,76,64,71,62,49,45,48,48,45,40,47,67,57,90,104,70,75,75,79,150,211,182,189,175,217,207,180,149,112,124,159,207,213,169,175,146,137,110,124,120,164,198,220,203,177,165,141,134,119,102,96,101,65,78,48,38,50,28,31,36,54,43,44,61,79,87,93,84,81,97,119,115,164,159,158
135,141,115,110,77,100,101,103,103,111,119,118,105,113,128,129,166,177,169,155,123,98,84,63,50,78,76,67,66,54,50,42,50,41,36,51,62,56,69,99,96,70,71,88,160,204,207,180,186,193,184,188,127,109,161,185,174,189,176,161,152,138,109,145,111,147,181,222,202,202,151,141,113,108,94,122,109,80,63,53,40,39,32,36,36,56,57,53,63,64,92,90,80,80,85,125,133,160,162,149
153,129,102,128,90,84,88,114,101,117,103,126,80,136,135,142,140,186,184,140,97,105,85,53,78,73,66,83,70,52,41,47,40,43,42,48,53,77,80,81,79,78,88,118,145,204,190,192,194,198,209,148,133,138,145,176,223,215,152,155,150,141,119,127,109,141,201,202,219,161,191,135,105,107,107,111,113,120,60,35,42,38,32,27,29,46,51,65,69,75,80,83,79,81,83,114,171,156,165,150
147,140,128,115,80,81,91,110,112,108,110,102,125,123,111,122,167,178,168,136,116,93,92,70,56,80,69,63,68,47,38,50,46,39,46,48,57,80,71,71,76,78,84,107,169,185,197,195,195,200,197,160,132,110,142,203,179,201,187,140,151,139,148,105,120,158,178,211,219,210,168,137,112,96,101,110,100,106,92,51,34,30,32,27,17,37,59,70,72,71,83,74,74,74,82,115,152,171,193,150
160,118,140,116,77,100,111,107,127,101,103,108,112,134,118,120,144,177,152,170,109,84,81,75,72,59,68,60,68,42,47,51,38,34,46,54,56,76,67,71,86,79,98,106,156,183,208,174,200,178,200,175,119,137,149,161,208,199,202,160,164,143,116,123,114,135,197,244,211,171,165,150,119,90,93,107,93,90,70,59,47,28,39,35,27,28,47,57,77,70,84,86,78,70,89,109,164,145,194,136
125,134,123,97,96,88,115,105,107,108,114,105,99,118,146,141,159,157,164,147,131,100,87,65,67,50,58,75,51,66,55,49,32,35,33,41,71,73,73,85,80,76,91,93,162,196,200,195,170,194,167,195,117,140,128,165,184,205,204,189,159,136,110,117,138,138,205,204,199,188,157,134,126,105,91,102,105,66,77,54,48,44,36,36,32,36,42,55,66,70,78,96,68,76,99,110,131,159,190,171
156,113,123,105,90,104,97,135,103,112,116,93,115,95,121,149,139,176,157,148,123,103,93,66,68,49,61,73,62,61,33,43,38,44,37,42,48,86,78,92,83,78,80,113,161,209,189,190,189,208,183,170,138,115,136,176,196,186,190,193,145,141,132,127,122,156,176,228,198,188,166,138,120,117,89,88,91,107,63,57,51,36,29,25,46,32,43,48,73,82,78,79,81,76,98,114,165,189,164,150
134,134,118,116,95,87,110,105,120,122,115,94,117,92,98,154,149,197,170,141,118,108,88,67,65,49,58,59,57,53,57,53,50,43,41,40,56,70,88,99,64,69,74,100,164,189,218,174,191,196,209,158,141,120,148,175,202,191,169,166,153,155,141,129,128,151,171,197,192,180,176,131,114,113,109,80,103,84,72,45,49,38,38,33,43,42,60,49,58,79,77,99,79,67,96,122,142,180,175,149
148,115,112,101,91,102,88,127,95,148,125,95,104,101,118,133,172,185,159,148,107,99,92,57,74,55,64,49,44,64,59,39,53,49,38,50,60,66,73,99,87,67,73,104,163,206,196,192,157,173,214,175,145,116,138,160,186,215,177,156,164,152,131,123,122,170,169,221,195,191,177,119,109,101,106,86,86,103,78,58,39,31,29,35,33,49,50,64,50,60,96,90,86,60,94,123,148,154,177,176
153,118,120,88,105,97,106,100,107,136,110,105,106,111,113,146,162,161,161,160,111,93,81,82,56,52,65,50,40,41,63,55,43,48,44,38,55,66,95,85,93,75,76,93,140,220,210,183,162,207,193,161,146,119,135,173,181,219,174,170,176,144,122,104,146,155,201,213,203,162,184,125,96,94,110,87,110,86,84,60,34,31,34,32,28,38,54,75,57,68,87,89,88,67,78,133,143,172,184,159
145,124,110,114,80,103,104,100,92,112,131,131,101,103,122,125,169,170,174,108,133,101,91,60,65,67,60,65,42,46,35,54,52,44,48,52,52,77,89,82,92,74,79,101,132,206,216,193,163,192,218,172,124,145,130,154,203,212,201,149,161,154,125,114,127,160,194,199,201,193,166,131,129,95,96,92,106,107,74,59,41,34,29,31,39,42,48,67,64,71,94,80,84,81,77,119,145,170,183,167
156,125,102,112,80,84,119,126,112,110,122,112,104,112,120,130,142,182,189,130,121,87,101,60,67,78,56,46,42,52,44,38,35,49,45,57,51,77,72,94,91,81,85,104,127,176,217,210,178,201,208,169,142,123,130,173,206,211,184,180,150,154,132,119,118,176,178,182,198,192,154,125,108,97,94,111,94,75,93,53,41,38,35,32,39,50,39,51,68,63,82,80,83,83,96,107,127,179,185,180
166,136,94,98,98,96,116,107,125,106,132,104,93,104,129,135,142,158,173,147,109,88,89,85,74,78,71,41,47,49,43,37,41,34,52,51,49,86,81,85,81,88,75,128,139,165,222,191,200,189,219,135,165,112,135,184,207,191,155,160,177,174,116,116,124,169,186,199,220,192,149,129,95,115,100,94,109,91,67,57,46,36,37,43,36,62,50,58,63,60,80,73,73,67,81,128,150,167,172,174
164,138,104,119,82,100,111,103,124,108,110,127,90,108,111,138,154,181,186,135,115,81,76,65,74,72,82,61,50,43,35,42,35,43,39,55,67,71,94,72,92,81,78,113,154,180,195,203,199,235,199,148,130,130,148,196,183,186,168,183,158,155,134,111,118,165,185,208,217,185,160,128,107,91,104,92,106,97,68,60,50,50,43,33,36,36,54,55,63,71,85,63,77,78,96,123,121,159,166,182
164,140,107,107,86,89,120,123,106,119,121,126,101,108,100,132,152,178,162,168,104,94,65,62,45,70,72,76,54,44,36,47,37,26,45,43,61,78,85,89,79,79,97,120,164,162,185,195,202,222,191,172,121,125,156,182,185,202,171,167,167,155,132,121,135,171,173,178,225,190,158,108,102,110,100,91,69,102,65,63,53,46,45,29,45,39,49,53,66,74,73,70,63,77,83,122,157,159,167,174
156,135,131,90,89,95,98,131,112,138,107,109,122,92,90,145,174,180,167,140,121,92,82,73,50,51,58,66,72,53,43,39,29,41,34,41,63,67,86,87,81,82,86,112,169,184,195,174,185,237,214,156,145,109,135,205,201,186,187,148,157,138,133,110,130,176,204,179,182,217,177,133,104,105,72,102,90,70,58,60,63,40,42,38,43,40,41,62,55,79,80,78,76,77,77,97,154,180,159,168
166,134,127,108,89,84,96,104,111,131,125,102,116,108,117,129,165,193,157,148,129,81,84,78,44,47,49,57,56,55,48,48,34,24,44,45,51,58,74,97,88,71,72,122,166,194,199,185,192,218,210,171,131,100,135,182,212,200,191,175,134,140,121,124,130,159,204,192,193,203,183,135,115,95,84,115,80,75,63,59,51,36,56,34,39,46,48,50,63,59,82,91,75,69,86,87,143,183,166,158
142,141,126,114,96,92,99,111,112,126,124,110,124,107,108,121,175,177,163,152,124,106,97,67,48,46,38,59,58,40,50,56,37,34,44,34,44,52,88,93,87,89,93,110,151,195,201,193,172,225,212,184,120,117,152,193,192,175,192,173,155,158,127,127,132,159,200,208,181,192,194,131,124,88,93,100,83,53,56,53,51,49,57,29,49,40,43,60,60,69,101,71,74,73,93,78,129,180,184,154
132,134,111,131,83,112,89,116,111,123,115,117,104,115,112,146,166,200,175,138,130,100,92,69,44,53,49,35,62,58,48,46,34,33,43,43,41,64,71,77,103,81,107,126,148,176,188,210,211,199,201,175,125,119,154,149,174,212,199,162,152,175,129,119,140,176,191,179,227,200,178,143,114,97,111,112,83,42,48,48,47,40,44,43,47,49,41,63,72,61,95,76,74,85,83,110,139,174,174,157
142,99,121,107,93,117,111,113,98,110,127,103,97,114,126,144,176,179,167,156,106,93,77,72,65,44,34,48,46,50,45,40,47,38,30,36,41,63,72,75,79,91,98,111,167,170,205,219,207,192,188,158,138,126,127,180,206,199,188,165,163,142,135,135,134,179,165,206,202,212,176,145,109,92,111,105,78,53,57,43,38,33,34,41,48,45,53,73,53,69,71,88,85,92,84,108,153,166,175,170
130,134,123,111,98,100,121,116,115,97,121,93,109,111,113,158,189,180,170,153,118,88,84,73,58,61,42,36,38,43,52,40,43,48,41,36,44,60,71,68,79,76,94,131,162,171,220,200,203,187,203,163,162,113,149,158,217,204,179,147,148,169,115,125,160,147,183,196,214,206,189,157,119,111,104,92,92,40,43,57,41,26,29,32,38,45,59,69,63,71,80,85,76,75,88,121,139,169,166,159
142,144,112,117,93,100,114,109,139,112,106,102,110,125,104,145,194,178,174,123,110,80,87,69,76,50,43,51,40,52,38,41,40,46,32,44,58,53,67,69,71,79,94,121,165,190,204,181,208,175,188,183,162,127,132,172,205,193,187,156,164,154,137,110,141,176,190,221,190,195,183,159,134,105,102,92,81,73,38,42,44,35,34,23,32,43,54,74,74,74,87,92,68,75,77,128,125,154,156,164
137,165,119,87,96,115,108,102,135,116,106,112,115,117,97,133,199,185,184,125,121,107,83,55,64,64,55,48,31,38,40,44,31,47,41,42,54,67,69,73,66,85,83,116,152,189,194,179,173,205,200,164,154,124,141,178,208,199,167,191,167,157,138,128,151,151,201,217,193,207,178,156,135,110,99,84,94,65,52,42,26,37,37,21,27,42,59,62,75,97,68,80,77,91,86,131,138,127,170,174
168,137,110,116,83,100,104,125,120,111,108,102,97,115,115,142,174,199,159,149,123,113,88,70,61,60,45,50,44,34,27,31,41,37,51,48,60,60,71,80,85,61,92,106,146,184,211,193,182,185,193,180,147,109,136,201,203,186,172,182,184,145,118,111,162,163,181,215,200,198,177,161,123,115,112,106,66,83,49,37,19,24,35,27,32,32,64,61,74,66,93,74,84,71,82,124,137,137,153,178
154,144,128,96,104,90,115,131,133,102,104,119,119,128,108,144,168,165,158,154,126,114,85,82,57,57,44,60,38,23,23,34,32,36,57,51,63,51,72,84,85,78,87,103,137,195,177,201,193,220,196,182,133,117,161,174,182,187,168,201,177,145,112,107,149,183,203,204,204,200,191,162,122,113,119,103,97,68,67,31,25,22,14,27,25,43,57,55,85,81,81,95,73,70,101,126,151,141,164,153
136,144,136,106,91,104,107,125,126,94,104,110,132,129,97,144,174,168,151,150,134,107,82,83,62,66,50,44,41,25,34,24,30,24,40,49,61,56,73,87,89,76,99,103,164,177,172,188,206,206,216,155,139,117,128,166,188,191,193,174,171,146,124,116,139,194,179,210,204,196,185,159,129,122,89,118,90,82,56,51,35,21,15,16,31,33,52,51,62,75,86,90,78,79,83,129,141,169,160,149
131,137,149,103,96,83,122,116,126,96,115,114,129,110,115,127,161,193,161,162,128,99,93,82,64,70,59,42,35,29,35,21,24,28,33,31,75,65,72,73,77,88,103,122,162,164,193,168,194,202,184,188,155,143,115,164,216,170,168,163,172,160,119,116,164,157,192,206,212,199,194,147,124,124,113,117,98,89,59,43,32,31,24,20,22,25,54,41,65,74,89,95,80,88,95,107,134,173,174,147
129,140,133,115,100,91,102,129,112,119,113,86,131,114,129,134,164,202,152,146,139,111,86,77,73,74,71,44,45,35,20,29,18,21,30,37,65,64,65,71,76,69,101,123,153,179,187,191,170,211,205,148,144,124,151,172,210,181,172,173,156,163,124,135,151,166,187,189,218,188,191,154,136,111,117,122,108,82,63,43,24,20,32,20,21,28,35,56,49,72,98,88,77,107,92,107,138,193,142,135
142,151,126,110,96,92,102,111,129,111,98,100,114,117,107,152,167,177,179,163,143,101,87,70,68,45,64,70,40,32,22,25,16,27,27,35,52,48,70,77,76,90,78,117,175,166,202,196,176,225,175,171,126,140,138,179,199,182,169,175,171,163,129,150,118,177,185,203,197,183,190,174,130,115,119,128,103,82,62,52,34,22,20,20,25,20,28,55,62,68,85,80,86,78,96,112,140,171,162,139
167,128,143,100,105,102,112,125,106,126,96,118,105,114,111,134,173,203,170,167,133,104,79,83,68,63,60,57,51,39,23,28,20,16,34,29,46,51,59,72,73,75,91,123,161,181,185,182,193,192,203,143,139,152,143,187,176,202,172,172,199,131,135,134,132,168,202,225,182,204,202,179,129,111,107,123,125,93,69,51,33,33,14,14,25,23,31,46,68,57,78,97,68,88,96,120,149,152,164,132
160,138,134,93,125,95,90,127,111,123,114,94,114,124,121,137,156,203,189,145,138,122,83,93,73,59,48,58,51,42,32,27,6,17,28,37,37,43,64,58,79,78,93,112,138,192,200,198,181,201,190,156,132,138,143,142,182,212,191,177,156,153,146,126,132,183,195,202,205,212,169,170,124,128,127,121,116,84,65,52,42,23,21,17,17,26,35,39,44,69,77,79,91,72,89,118,122,156,160,154
156,170,128,96,99,100,89,113,112,125,104,118,104,105,113,141,192,213,166,147,154,122,100,90,84,61,63,55,49,32,27,24,24,11,20,33,30,52,57,68,63,75,93,109,155,173,191,188,204,195,183,168,136,120,145,167,195,212,191,162,145,155,145,135,142,173,203,212,220,200,171,155,137,123,119,145,115,71,76,60,35,30,16,30,20,24,33,40,49,50,63,74,91,82,80,105,145,173,149,142
161,148,125,112,84,88,113,109,117,98,121,131,115,113,96,161,159,196,157,153,141,127,103,95,72,83,74,60,37,28,33,28,21,28,17,19,26,45,61,64,51,66,90,103,156,178,189,174,178,208,178,182,128,120,139,188,206,174,195,173,142,142,121,141,152,157,220,192,222,207,186,153,123,123,133,141,110,81,69,58,47,31,25,20,21,28,29,49,49,57,56,69,71,94,92,102,139,152,158,147
140,152,149,113,93,87,107,108,106,96,126,142,128,114,104,129,185,194,169,143,118,127,118,106,87,75,73,59,45,38,35,20,20,22,29,32,24,31,39,71,64,73,70,108,160,186,186,177,175,182,187,176,139,136,153,173,201,175,157,209,138,124,128,144,168,175,183,219,222,198,179,162,142,132,120,153,109,112,67,46,42,24,25,26,31,23,24,31,48,58,60,66,67,68,101,104,142,169,138,144
165,138,144,115,92,100,86,105,129,103,132,135,105,123,115,133,177,166,181,142,129,128,112,118,103,76,89,65,32,48,30,22,16,25,22,36,29,37,32,57,61,77,80,99,140,199,194,181,175,208,177,162,150,119,158,193,181,202,180,173,158,135,126,149,147,164,182,247,200,188,159,154,142,122,144,121,145,125,81,55,33,27,17,23,30,31,35,31,36,41,64,76,69,75,90,109,156,137,155,139
142,139,124,122,98,80,101,101,118,128,120,112,117,117,127,153,153,170,173,148,141,102,116,113,99,94,89,56,44,46,31,32,17,17,23,26,34,32,38,52,52,77,77,90,134,176,195,194,183,184,183,171,131,126,148,198,198,188,189,163,166,130,141,129,172,173,181,189,219,203,206,149,143,109,133,152,137,125,93,69,40,30,17,17,17,29,34,27,48,55,55,52,65,77,71,125,168,143,149,159
120,154,116,130,114,116,68,111,121,111,119,118,123,106,152,152,155,169,161,144,148,135,104,108,89,108,73,71,53,47,35,24,34,13,19,31,25,38,38,45,49,60,59,100,124,185,182,196,189,204,191,147,145,118,160,164,216,185,186,186,166,144,128,124,155,183,187,176,211,198,198,155,145,114,126,149,142,129,96,61,46,41,24,14,15,19,30,36,43,49,57,67,53,60,80,114,140,158,161,144
132,135,126,126,105,89,107,106,128,123,98,102,122,130,133,155,167,153,197,157,136,122,103,123,83,104,83,69,69,47,32,28,28,19,16,29,26,39,40,41,53,48,65,91,113,158,207,189,214,184,191,151,124,134,142,184,195,200,178,159,166,149,118,154,163,152,189,202,216,214,191,140,124,132,121,159,159,134,97,75,47,42,26,20,13,23,22,33,41,49,70,49,56,59,73,114,127,169,153,137
133,139,144,108,122,79,100,114,135,104,120,110,105,115,134,130,175,191,178,157,136,121,115,108,106,100,92,78,75,42,34,31,25,15,26,17,30,35,38,43,39,45,76,86,130,137,187,210,192,212,178,168,143,118,154,179,183,196,191,174,173,114,142,126,166,172,212,189,216,231,186,170,113,117,119,131,175,140,121,68,64,52,20,18,15,15,38,34,37,39,54,50,54,42,69,102,129,173,154,148
144,129,113,118,94,114,104,111,130,100,124,121,114,105,116,151,167,186,177,165,149,119,108,104,115,103,91,86,72,63,41,26,23,24,16,16,34,29,42,45,43,50,65,76,104,150,181,199,182,184,189,162,127,122,158,149,205,180,199,165,155,159,134,117,135,203,211,173,219,226,203,159,126,108,125,138,175,147,133,68,72,52,33,20,21,16,30,24,38,43,62,61,46,38,53,104,142,137,153,151
132,135,110,106,101,100,112,112,119,102,121,110,117,122,106,143,150,182,176,160,151,114,106,111,105,109,92,89,92,56,41,29,25,19,25,16,24,34,37,47,45,53,50,73,113,139,187,174,197,187,183,150,136,122,135,157,188,191,189,171,142,144,144,150,124,174,196,214,206,210,190,181,133,114,123,132,162,160,128,103,62,54,40,20,22,21,18,27,36,40,39,58,58,50,56,85,126,131,156,166
137,133,123,87,91,93,87,101,112,104,118,89,115,108,111,105,170,180,154,164,150,123,101,92,106,106,106,78,90,61,46,28,20,27,23,19,18,37,28,40,44,44,55,53,101,127,162,174,186,174,195,166,142,115,121,138,177,177,171,162,178,124,138,117,155,167,201,209,211,188,197,160,163,108,99,129,160,155,118,109,84,52,29,30,25,17,24,29,40,34,45,40,48,43,46,77,117,124,131,162
137,108,92,87,71,80,92,105,85,87,83,69,96,100,108,102,128,144,130,149,106,109,90,87,88,80,77,83,78,63,28,25,23,20,13,18,9,26,31,31,34,37,42,48,80,101,141,172,156,160,166,148,123,94,105,123,169,172,168,147,147,134,128,116,148,165,182,193,219,187,189,163,131,110,99,110,131,138,111,83,75,50,24,36,16,18,14,25,25,36,30,32,40,38,42,62,92,106,97,120
89,79,45,61,49,49,54,64,46,51,56,42,61,61,52,70,104,101,103,95,60,78,80,63,67,50,59,50,49,49,28,21,17,9,12,16,5,8,13,25,30,21,26,33,46,83,117,102,110,115,129,100,97,88,80,87,136,119,130,117,114,90,88,109,105,120,140,194,168,158,172,155,120,110,77,83,79,85,85,65,52,35,26,21,20,7,13,13,20,18,21,30,23,19,27,44,53,79,84,69
34,33,24,21,27,24,28,21,25,18,31,32,27,28,31,27,45,43,87,40,38,27,33,37,37,31,34,14,19,18,16,8,5,5,4,3,3,3,2,7,13,7,7,12,27,42,42,57,54,61,67,48,56,49,32,60,70,63,66,89,60,47,58,63,72,92,107,114,97,112,94,87,75,67,45,60,47,32,35,22,27,17,15,7,12,4,7,4,10,9,8,11,10,19,16,14,27,29,39,39
9,4,9,13,12,5,6,5,5,6,5,5,5,10,13,11,14,23,22,20,13,8,16,5,8,11,9,4,3,2,6,3,0,0,0,0,0,1,1,2,0,1,7,2,11,10,14,12,14,10,14,19,10,17,18,24,23,24,35,29,32,20,23,33,35,36,56,49,45,49,53,34,29,25,26,21,23,14,11,10,6,3,3,3,2,3,4,1,0,2,3,6,6,4,4,8,6,5,8,11
0,0,0,2,3,1,1,0,0,0,0,0,0,1,1,1,2,2,2,2,5,2,4,2,3,2,0,3,1,1,1,0,0,0,0,0,0,0,0,0,1,0,1,0,0,4,1,1,2,4,1,0,0,2,4,5,6,7,8,9,7,6,1,6,10,8,15,11,19,13,12,19,6,6,5,5,4,2,0,0,0,0,0,0,0,0,1,0,0,0,0,3,0,1,0,1,2,0,1,0
0,0,0,0,0,0,0,0,0,0,0,0,0,0,0,1,3,1,0,0,1,1,0,0,0,0,0,0,0,0,0,0,0,0,0,0,0,0,0,0,0,0,0,0,0,0,0,0,0,0,0,0,0,1,0,1,1,0,0,1,0,0,0,0,0,1,2,3,1,1,1,2,0,0,0,0,0,0,0,0,0,0,0,0,0,0,0,0,0,0,0,1,0,0,0,0,0,0,0,0
0,0,0,0,0,0,0,0,0,0,0,0,0,0,0,0,0,0,0,0,0,0,0,0,0,0,0,0,0,0,0,0,0,0,0,0,0,0,0,0,0,0,0,0,0,0,0,0,0,0,0,0,0,0,0,0,0,0,0,0,0,0,0,0,0,0,0,0,0,0,0,0,0,0,0,0,0,0,0,0,0,0,0,0,0,0,0,0,0,0,0,0,0,0,0,0,0,0,0,0
0,0,0,0,0,0,0,0,0,0,0,0,0,0,0,0,0,0,0,0,0,0,0,0,0,0,0,0,0,0,0,0,0,0,0,0,0,0,0,0,0,0,0,0,0,0,0,0,0,0,0,0,0,0,0,0,0,0,0,0,0,0,0,0,0,0,0,0,0,0,0,0,0,0,0,0,0,0,0,0,0,0,0,0,0,0,0,0,0,0,0,0,0,0,0,0,0,0,0,0
0,0,0,0,0,0,0,0,0,0,0,0,0,0,0,0,0,0,0,0,0,0,0,0,0,0,0,0,0,0,0,0,0,0,0,0,0,0,0,0,0,0,0,0,0,0,0,0,0,0,0,0,0,0,0,0,0,0,0,0,0,0,0,0,0,0,0,0,0,0,0,0,0,0,0,0,0,0,0,0,0,0,0,0,0,0,0,0,0,0,0,0,0,0,0,0,0,0,0,0
0,0,0,0,0,0,0,0,0,0,0,0,0,0,0,0,0,0,0,0,0,0,0,0,0,0,0,0,0,0,0,0,0,0,0,0,0,0,0,0,0,0,0,0,0,0,0,0,0,0,0,0,0,0,0,0,0,0,0,0,0,0,0,0,0,0,0,0,0,0,0,0,0,0,0,0,0,0,0,0,0,0,0,0,0,0,0,0,0,0,0,0,0,0,0,0,0,0,0,0
0,0,0,0,0,0,0,0,0,0,0,0,0,0,0,0,0,0,0,0,0,0,0,0,0,0,0,0,0,0,0,0,0,0,0,0,0,0,0,0,0,0,0,0,0,0,0,0,0,0,0,0,0,0,0,0,0,0,0,0,0,0,0,0,0,0,0,0,0,0,0,0,0,0,0,0,0,0,0,0,0,0,0,0,0,0,0,0,0,0,0,0,0,0,0,0,0,0,0,0
0,0,0,0,0,0,0,0,0,0,0,0,0,0,0,0,0,0,0,0,0,0,0,0,0,0,0,0,0,0,0,0,0,0,0,0,0,0,0,0,0,0,0,0,0,0,0,0,0,0,0,0,0,0,0,0,0,0,0,0,0,0,0,0,0,0,0,0,0,0,0,0,0,0,0,0,0,0,0,0,0,0,0,0,0,0,0,0,0,0,0,0,0,0,0,0,0,0,0,0
