4.03967,0.430489
3.9364,0.601281
3.86332,0.786112
3.82794,0.992871
3.78795,1.19334
3.91261,1.34412
3.90789,1.54992
3.8176,1.7264
3.69649,1.88602
3.60749,2.06772
3.61436,2.278
3.67283,2.47032
3.66528,2.66886
3.73782,2.84462
3.71131,3.06776
3.8527,3.20659
3.85595,3.39179
3.92942,3.60259
4.07527,3.75922
4.05912,3.96054
4.00127,4.14769
3.97739,4.3397
4.07246,4.50167
4.15806,4.67741
4.06504,4.85044
4.12759,5.04309
4.15173,5.25362
4.06275,5.44682
3.94688,5.60871
3.90036,5.81059
3.80953,5.98611
3.8565,6.17908
3.7838,6.38013
3.82329,6.58211
3.94678,6.76114
3.87684,6.95562
3.93232,7.15978
3.96224,7.34918
4.00201,7.54647
4.11877,7.72851
3.98056,7.89313
4.07305,8.0829
4.15771,8.27802
4.10751,8.46941
4.02595,8.67006
4.00002,8.87682
4.147,9.00916
3.97556,9.11776
4.01763,9.31952
4.05662,9.52497
4.15723,9.709
4.09375,9.89695
4.07438,10.1017
4.17033,10.2784
4.16149,10.4822
4.18214,10.6871
4.01072,10.8236
4.16259,10.9794
4.31106,11.0941
4.42955,11.2615
4.36005,11.4462
4.30356,11.6474
4.30446,11.8497
4.3337,12.0577
4.31611,12.2576
4.25372,12.4607
4.18258,12.6701
4.18817,12.8794
4.30904,13.0301
4.41301,13.1957
4.5453,13.3563
4.70732,13.4689
4.70919,13.6934
4.69179,13.9035
4.80589,14.0665
4.73332,14.2809
4.84554,14.4513
4.99444,14.5995
5.01751,14.8061
5.0189,14.9995
5.08023,15.1843
5.0775,15.3952
5.15725,15.584
5.21225,15.7857
5.17065,15.9836
5.3,16.1549
5.21498,16.341
5.13555,16.518
5.20163,16.709
5.31661,16.8706
5.33007,17.0845
5.46283,17.2489
5.383,17.4377
5.34052,17.6392
5.22305,17.8071
5.10567,17.9732
5.13796,18.1685
5.30581,18.2628
5.44617,18.4256
5.34345,18.599
5.24286,18.7713
5.33606,18.9276
5.40243,19.1031
5.40777,19.2975
5.22515,19.3908
5.22926,19.603
5.17463,19.7996
5.1585,20.0024
5.04557,20.1882
5.07866,20.3865
5.04239,20.6056
4.98149,20.8155
4.98769,21.0203
4.98092,21.2322
5.14388,21.3751
5.08365,21.5717
5.06614,21.7624
5.08014,21.9666
5.16302,22.1445
5.16744,22.3573
5.22627,22.5538
5.15991,22.7544
5.20864,22.952
5.13207,23.145
5.12395,23.3516
5.15539,23.5576
5.02792,23.7235
5.02491,23.9328
5.02651,24.1268
5.13244,24.3052
5.25452,24.4623
5.44363,24.5329
5.4163,24.7329
5.49228,24.9091
-5.49455,25.1215
5.42605,25.2969
5.3538,25.4881
5.34743,25.6842
5.37276,25.8789
5.48595,26.0431
5.48534,26.2563
5.41914,26.4441
5.24084,26.5342
5.32265,26.732
5.34193,26.9425
5.18358,27.0747
5.11097,27.2515
5.13756,27.4527
5.21689,27.6398
5.3158,27.8145
5.32961,28.0167
5.21675,28.1845
5.17011,28.3779
5.26605,28.5451
5.16349,28.7156
5.16246,28.9145
5.08311,29.1049
5.02058,29.2959
5.13847,29.4756
5.20624,29.6634
5.24269,29.8803
5.21988,30.089
5.23564,30.2921
5.04708,30.4012
5.08738,30.6115
5.22674,30.7592
5.38286,30.9081
5.41736,31.1223
5.3525,31.3157
5.46613,31.4926
5.49179,31.6973
-5.45104,31.8978
-5.36509,32.0867
-5.36806,32.2916
-5.36527,32.4981
-5.36088,32.6942
-5.38613,32.9059
-5.34761,33.1216
-5.34219,33.337
5.498,33.4705
-5.38691,33.648
-5.40174,33.8681
-5.36535,34.0608
-5.18848,34.1639
-5.138,34.3672
-5.06887,34.5694
-4.9245,34.7158
-5.00705,34.8931
-5.16752,35.0355
-5.28852,35.1968
-5.41018,35.3682
-5.39037,35.5732
-5.40317,35.7806
-5.24877,35.8944
-5.36257,36.0615
-5.41301,36.248
-5.28175,36.3977
-5.1135,36.5259
-5.1008,36.7232
-5.20149,36.9002
-5.22325,0.166501
-5.3855,0.290056
-5.31165,0.474499
-5.18001,0.636397
-5.16539,0.838172
-5.18013,1.05645
-5.28761,1.24011
-5.08813,1.28374
-5.12988,1.48294
-5.0979,1.67783
-5.08299,1.88495
-5.0711,2.08688
-5.18487,2.24772
-5.27351,2.41362
-5.24825,2.62497
-5.39296,2.79063
-5.43579,2.99275
5.40235,3.11922
5.39147,3.32662
5.30476,3.53912
5.1945,3.70682
5.20622,3.91718
5.31221,4.08751
5.27801,4.28134
5.2673,4.48831
5.23241,4.7009
5.19801,4.89231
5.1627,5.10708
5.13821,5.31538
5.071,5.50685
5.0397,5.70649
5.01072,5.90221
5.12113,6.07473
5.01628,6.27266
4.86491,6.3944
4.91985,6.5825
4.957,6.79794
5.03948,6.98883
5.09796,7.18886
5.09608,7.38824
5.1507,7.58308
5.15901,7.79066
5.32187,7.90852
5.42272,8.08821
5.31663,8.25128
5.33994,8.44927
-5.49012,8.54629
5.48721,8.73993
-5.49562,8.93739
5.40953,9.12323
5.49252,9.3094
-5.34863,9.4243
-5.42829,9.60436
-5.28557,9.74293
-5.27871,9.93936
-5.20766,10.1273
-5.10144,10.3172
-5.08598,10.5183
-5.12236,10.7178
-4.99914,10.8661
-5.11805,11.0279
-4.94357,11.1523
-4.97361,11.3594
-4.87083,11.5215
-4.8564,11.7315
-4.67094,11.7692
-4.68903,11.9697
-4.60592,12.1683
-4.5484,12.3514
-4.64519,12.538
-4.59192,12.7436
-4.54758,12.9565
-4.5033,13.1429
-4.3791,13.3013
-4.40153,13.5036
-4.44328,13.7122
-4.26029,13.7752
-4.22341,13.9702
-4.3283,14.1523
-4.28469,14.35
-4.43368,14.513
-4.47007,14.7117
-4.39304,14.9249
-4.493,15.1164
-4.53341,15.325
-4.58158,15.5201
-4.61521,15.7155
-4.6271,15.9167
-4.62229,16.129
-4.73611,16.2961
-4.71892,16.524
-4.61773,16.6881
-4.77601,16.8056
-4.57397,16.8814
-4.6514,17.0682
-4.62945,17.2708
-4.70622,17.4561
-4.76459,17.6611
-4.72657,17.8591
-4.92073,17.9588
-4.92886,18.175
-5.06178,18.3266
-4.85176,18.3993
-4.81793,18.5843
-4.66301,18.7288
-4.80316,18.8757
-4.91298,19.0459
-4.72433,19.0986
-4.74073,19.2971
-4.86144,19.4717
-4.86447,19.6785
-4.8718,19.9065
-4.75684,20.0694
-4.71294,20.2661
-4.65389,20.4659
-4.74436,20.6503
-4.64999,20.842
-4.60555,21.0477
-4.43842,21.2027
-4.33101,21.375
-4.20578,21.5386
-4.14842,21.7418
-4.15982,21.9431
-4.20932,22.1468
-4.13223,22.3436
-3.98614,22.4742
-4.01508,22.6734
-4.01746,22.8775
-3.89449,23.0347
-4.02052,23.2091
-4.05523,23.402
-4.04747,23.6075
-4.05487,23.81
-4.10422,24.0141
-4.04801,24.2045
-4.1586,24.3912
-4.05171,24.5538
-3.9966,24.7424
-4.21214,24.7777
-4.31865,24.9608
-4.43773,25.1332
-4.40746,25.3388
-4.54301,25.4843
-4.52025,25.6853
-4.52816,25.887
-4.42206,26.0571
-4.39724,26.2632
-4.41795,26.4693
-4.46726,26.6585
-4.47114,26.8658
-4.40591,27.056
-4.46774,27.2553
-4.39048,27.446
-4.2687,27.6094
-4.24372,27.8288
-4.41576,27.9373
-4.44393,28.146
-4.33289,28.3185
-4.47639,28.4483
-4.64764,28.5756
-4.71384,28.7668
-4.73444,28.9775
-4.7693,29.1863
-4.69464,29.3772
-4.69798,29.5767
-4.68972,29.7797
-4.5437,29.9166
-4.4261,30.0803
-4.42612,30.2822
-4.41969,30.4878
-4.48124,30.666
-4.37269,30.8443
-4.39252,31.0505
-4.53834,31.1688
-4.45107,31.3525
-4.46635,31.569
-4.38632,31.769
-4.50199,31.9215
-4.52537,32.1317
-4.39776,32.3071
-4.56058,32.4057
-4.59164,32.6065
-4.50223,32.7973
-4.6838,32.8841
-4.58777,33.0849
-4.61722,33.2759
-4.52054,33.4577
-4.52797,33.6665
-4.41411,33.8204
-4.52189,33.9823
-4.59662,34.1729
-4.55348,34.3711
-4.53847,34.5664
-4.55905,34.7712
-4.73439,34.8669
-4.7948,35.0636
-4.98387,35.1541
-5.01943,35.3729
-4.90107,35.5344
-4.93848,35.7404
-4.09844,0.259409
-4.16934,0.461845
-4.23784,0.643284
-4.23856,0.847095
-4.24392,1.04334
-4.06564,1.17374
-4.10378,1.37657
-4.18166,1.55805
-4.16296,1.76671
-4.10915,1.96436
-4.11103,2.17051
-4.18331,2.3683
-4.16175,2.56296
-3.95488,2.62029
-4.01402,2.82407
-3.91275,3.00226
-3.94492,3.19418
-3.96302,3.4002
-3.96623,3.60553
-3.98538,3.81695
-3.97298,4.01518
-3.92716,4.21024
-3.82832,4.39551
-3.67818,4.53696
-3.64274,4.73826
-3.75278,4.89708
-3.76658,5.09627
-3.71294,5.2973
-3.74085,5.49788
-3.62905,5.66035
-3.52595,5.84786
-3.44475,6.01533
-3.47454,6.21537
-3.57781,6.38982
-3.40188,6.44286
-3.41986,6.65083
-3.38952,6.86322
-3.43167,7.07005
-3.55624,7.2256
-3.46825,7.3994
-3.28623,7.51722
-3.43555,7.66204
-3.40833,7.88192
-3.23211,7.98333
-3.18642,8.18313
-3.31139,8.34245
-3.46445,8.48205
-3.52039,8.67008
-3.61313,8.84324
-3.63469,9.04107
-3.63346,9.25443
-3.49532,9.39148
-3.5319,9.5826
-3.52026,9.78268
-3.38011,9.91875
-3.27758,10.104
-3.25314,10.3124
-3.31481,10.5083
-3.36233,10.7169
-3.2752,10.9084
-3.32679,11.0958
-3.29108,11.2952
-3.39122,11.4767
-3.26073,11.6413
-3.39832,11.7879
-3.47739,11.9774
-3.31112,12.0915
-3.2432,12.2751
-3.28033,12.4738
-3.37637,12.6553
-3.52107,12.829
-3.62286,13.0028
-3.59234,13.2052
-3.57234,13.4084
-3.70669,13.5668
-3.59809,13.7327
-3.68362,13.9139
-3.62907,14.0975
-3.64493,14.3018
-3.6295,14.5095
-3.61486,14.6989
-3.62778,14.9001
-3.54663,15.0952
-3.61724,15.2838
-3.47851,15.4352
-3.33045,15.595
-3.37685,15.7889
-3.4013,15.9946
-3.26679,16.1481
-3.45254,16.2206
-3.43742,16.4202
-3.32584,16.5903
-3.47599,16.7271
-3.57281,16.9107
-3.46507,17.0884
-3.39953,17.2868
-3.37709,17.5119
-3.42405,17.7056
-3.41572,17.9093
-3.44558,18.117
-3.57966,18.3014
-3.47777,18.475
-3.51336,18.6749
-3.43197,18.8665
-3.41391,19.0691
-3.35484,19.265
-3.33728,19.4656
-3.37547,19.672
-3.29818,19.8542
-3.28376,20.0555
-3.28034,20.257
-3.36177,20.461
-3.28256,20.6565
-3.1183,20.7722
-3.0986,20.9911
-3.18962,21.1755
-3.19033,21.3816
-3.14064,21.5666
-3.33646,21.6695
-3.3335,21.8663
-3.39494,22.0635
-3.39816,22.2536
-3.43013,22.4549
-3.46927,22.6509
-3.32361,22.7957
-3.31049,22.9951
-3.35989,23.1966
-3.36349,23.3945
-3.23858,23.5793
-3.26643,23.7663
-3.36072,23.936
-3.38871,24.1216
-3.23291,24.2522
-3.31264,24.4286
-3.36417,24.6154
-3.4309,24.7914
-3.39888,24.9942
-3.56006,25.1277
-3.4865,25.3266
-3.39908,25.5034
-3.44505,25.6988
-3.47428,25.9025
-3.5069,26.1018
-3.44667,26.3148
-3.26448,26.4115
-3.37589,26.5845
-3.38566,26.7765
-3.50037,26.9536
-3.38541,27.1154
-3.34864,27.3208
-3.20626,27.4905
-3.08039,27.6389
-3.20859,27.8012
-3.32443,27.9755
-3.32654,28.1825
-3.28984,28.3776
-3.27315,28.5734
-3.19943,28.7648
-3.09768,28.9623
-3.07971,29.1641
-3.01525,29.3604
-3.1836,29.4898
-3.38804,29.4756
-3.38614,29.67
-3.38391,29.8794
-3.27371,30.0381
-3.29813,30.2341
-3.46042,30.3539
-3.58803,30.5317
-3.64642,30.7266
-3.67182,30.9272
-3.61816,31.1136
-3.72036,31.2796
-3.70971,31.4734
-3.58889,31.6404
-3.59357,31.845
-3.44613,31.9625
-3.45982,32.1651
-3.56689,32.3328
-3.71148,32.4816
-3.51213,32.5368
-3.38956,32.6965
-3.29077,32.8688
-3.2171,33.0702
-3.3056,33.257
-3.37365,33.4513
-3.37229,33.6449
-3.41349,33.8434
-3.27858,33.9923
-3.19867,34.1737
-3.2674,34.3707
-3.23283,34.5706
-3.43874,34.5554
-3.59755,34.6815
-3.65824,34.8759
-3.73249,35.0669
-3.8385,35.2314
-3.81928,35.4397
-3.76801,35.6543
-3.86606,35.8355
-2.71119,0.154518
-2.71051,0.342406
-2.55186,0.459187
-2.47599,0.662148
-2.47484,0.862585
-2.57229,1.06782
-2.38483,1.16919
-2.48903,1.34711
-2.46078,1.55932
-2.34291,1.7228
-2.34833,1.92848
-2.35685,2.13478
-2.41871,2.34352
-2.35561,2.53309
-2.36873,2.73631
-2.55855,2.83873
-2.48197,3.02323
-2.52593,3.23772
-2.46869,3.4304
-2.47302,3.642
-2.53442,3.83424
-2.61922,4.00739
-2.72119,4.18694
-2.75828,4.40001
-2.89402,4.53781
-2.86215,4.7368
-2.83932,4.94366
-2.85933,5.17516
-2.71581,5.32389
-2.75674,5.51654
-2.76011,5.73062
-2.90686,5.8726
-2.93557,6.0634
-2.87361,6.26436
-2.89916,6.47104
-2.83935,6.66527
-2.74728,6.85901
-2.7331,7.05911
-2.83858,7.2258
-2.7181,7.39476
-2.66015,7.57265
-2.70434,7.78124
-2.62876,7.96552
-2.46398,8.09365
-2.56432,8.27495
-2.49802,8.46324
-2.4348,8.66932
-2.37626,8.84971
-2.5106,8.98899
-2.51622,9.20098
-2.48945,9.40135
-2.65574,9.4851
-2.63391,9.7038
-2.66896,9.89926
-2.63302,10.0974
-2.56927,10.308
-2.50205,10.497
-2.5569,10.6931
-2.407,10.847
-2.34837,11.028
-2.45036,11.2074
-2.42289,11.4182
-2.50822,11.6115
-2.46236,11.8268
-2.37143,12.0256
-2.38014,12.2289
-2.42076,12.445
-2.30241,12.6183
-2.42522,12.7721
-2.44103,12.9812
-2.44691,13.1772
-2.33008,13.3468
-2.46921,13.5033
-2.38231,13.6751
-2.5243,13.8173
-2.56255,14.017
-2.63365,14.2057
-2.68766,14.415
-2.65607,14.6272
-2.67429,14.8336
-2.56341,15.0067
-2.70309,15.1401
-2.64954,15.3406
-2.63083,15.5635
-2.80788,15.6653
-2.67193,15.8348
-2.51907,15.9562
-2.52362,16.1467
-2.48493,16.3498
-2.50634,16.5603
-2.49271,16.7766
-2.66604,16.9091
-2.60054,17.1109
-2.55084,17.293
-2.65495,17.48
-2.76238,17.6584
-2.6002,17.7905
-2.51285,17.9871
-2.44009,18.1798
-2.43148,18.39
-2.35641,18.5754
-2.36142,18.7841
-2.45878,18.9558
-2.44957,19.1618
-2.38659,19.3482
-2.42617,19.5269
-2.28794,19.6704
-2.1391,19.796
-2.17618,20.0116
-2.11524,20.214
-2.23816,20.3882
-2.36825,20.5308
-2.27846,20.7203
-2.33836,20.9154
-2.33431,21.1234
-2.34132,21.3279
-2.35316,21.5407
-2.30993,21.7461
-2.24157,21.9368
-2.20983,22.1453
-2.04056,22.2704
-1.96261,22.4548
-2.00925,22.6663
-2.01387,22.8695
-2.09572,23.0431
-2.08715,23.2389
-1.99082,23.4033
-1.98358,23.6038
-1.93191,23.8
-1.93548,24.0127
-1.99437,24.2107
-2.05137,24.4216
-2.10372,24.6092
-2.04743,24.8011
-2.13139,25.0026
-2.20305,25.1954
-2.07782,25.3526
-2.11253,25.5499
-2.12818,25.7662
-2.2315,25.9457
-2.3678,26.0992
-2.41844,26.3017
-2.25941,26.4081
-2.19044,26.5984
-2.27678,26.7846
-2.2822,26.9844
-2.24568,27.1847
-2.11108,27.3172
-2.15996,27.5045
-2.099,27.6932
-2.14239,27.8859
-2.07752,28.0771
-2.22707,28.2338
-2.25076,28.4382
-2.13219,28.5986
-2.26879,28.7588
-2.20945,28.9551
-2.14903,29.1505
-2.31543,29.2506
-2.46674,29.3716
-2.37057,29.5735
-2.5277,29.7101
-2.40991,29.8778
-2.30366,30.036
-2.30351,30.2441
-2.40573,30.4427
-2.34313,30.6374
-2.47202,30.8139
-2.35158,30.9836
-2.30662,31.1974
-2.29935,31.406
-2.24338,31.5874
-2.06781,31.7013
-2.07169,31.9111
-2.12751,32.0955
-1.92733,32.1204
-1.8965,32.3229
-2.03389,32.4849
-2.08772,32.6793
-1.97699,32.8381
-1.93567,33.036
-1.97472,33.2413
-2.17657,33.2227
-2.1432,33.4385
-2.17885,33.6287
-2.19665,33.8268
-2.09509,33.9939
-1.98435,34.1724
-2.04435,34.3485
-2.02254,34.5725
-2.0541,34.7853
-2.03157,34.9929
-1.99983,35.1973
-2.10787,35.3784
-2.21435,35.5544
-2.02051,35.6156
-1.85468,35.7454
-1.86372,35.9376
-2.00722,36.0808
-1.9536,36.2916
-2.19443,0.308578
-2.14297,0.498407
-2.22927,0.677791
-2.13509,0.865319
-2.07119,1.06498
-2.06567,1.26361
-2.08742,1.48183
-1.92898,1.61398
-1.7706,1.4937
-1.598,1.61728
-1.49195,1.79617
-1.50829,1.98782
-1.47859,2.19714
-1.48147,2.39123
-1.43181,2.59189
-1.45227,2.80402
-1.26235,2.90206
-1.23753,3.09523
-1.11561,3.26734
-1.20658,3.44323
-1.20459,3.66111
-1.11156,3.83647
-1.22558,4.01222
-1.20176,4.21074
-1.30675,4.39332
-1.38383,4.58054
-1.31951,4.77258
-1.17932,4.93062
-1.3419,5.0613
-1.30025,5.25264
-1.25651,5.45065
-1.1447,5.61752
-1.29211,5.7454
-1.38085,5.93229
-1.39885,6.12882
-1.2854,6.29458
-1.41823,6.44446
-1.44642,6.63494
-1.47241,6.8504
-1.5496,7.04066
-1.52327,7.24404
-1.52213,7.45576
-1.55034,7.65398
-1.50898,7.85386
-1.36389,7.99076
-1.39336,8.18413
-1.39195,8.37475
-1.43591,8.56684
-1.44841,8.76271
-1.39455,8.9606
-1.23174,9.08953
-1.05093,9.20505
-1.17447,9.3762
-1.14582,9.56368
-1.09563,9.76264
-1.15184,9.9803
-1.14039,10.1801
-1.12434,10.3721
-1.19288,10.5756
-1.27587,10.7541
-1.25084,10.9812
-1.10323,11.116
-1.17534,11.2865
-0.984616,11.2966
-0.893144,11.4708
-0.958984,11.6617
-1.00773,11.8607
-0.876716,12.0128
-0.753065,12.175
-0.636163,12.3112
-0.743383,12.5003
-0.807754,12.6976
-0.660298,12.8306
-0.664904,13.0281
-0.698166,13.2217
-0.560635,13.3651
-0.645974,13.5375
-0.670143,13.7374
-0.592701,13.9198
-0.54312,14.1179
-0.543445,14.3268
-0.667241,14.4782
-0.690089,14.6763
-0.860437,14.7923
-0.768448,14.9645
-0.852556,15.1403
-0.816235,15.3458
-0.867737,15.5367
-0.846217,15.7335
-0.792107,15.9239
-0.776818,16.1227
-0.763058,16.3175
-0.882296,16.4881
-0.904701,16.6956
-1.02313,16.8504
-0.974275,17.0453
-1.00183,17.2556
-1.01165,17.47
-0.886413,17.6245
-0.892957,17.8333
-0.804409,18.015
-0.716797,18.2078
-0.812544,18.3876
-0.699483,18.5547
-0.616754,18.7368
-0.706175,18.9195
-0.718353,19.1116
-0.861564,19.2518
-0.664906,19.3013
-0.714193,19.5111
-0.707503,19.7221
-0.856125,19.8629
-0.778222,20.04
-0.908494,20.1952
-0.797191,20.3752
-0.705324,20.5625
-0.868608,20.6808
-0.820408,20.8929
-0.793717,21.0956
-0.725336,21.2849
-0.75376,21.478
-0.650456,21.6614
-0.637956,21.8587
-0.641748,22.0742
-0.816514,22.1682
-0.869012,22.3573
-1.02697,22.4776
-1.05682,22.6736
-1.13477,22.8699
-1.17644,23.0774
-1.11634,23.2678
-0.91391,23.3207
-0.933191,23.5212
-1.06476,23.6691
-0.951745,23.8299
-1.13177,23.9056
-1.15566,24.1139
-1.28388,24.2722
-1.48393,24.3722
-1.44597,24.5447
-1.49101,24.7469
-1.44033,24.9362
-1.46177,25.141
-1.49839,25.3525
-1.38181,25.4988
-1.27712,25.6622
-1.25632,25.8644
-1.39991,26.0114
-1.23036,26.1275
-1.39825,26.2527
-1.39211,26.457
-1.46665,26.6447
-1.42666,26.8439
-1.45077,27.0583
-1.61813,27.187
-1.75063,27.3531
-1.71657,27.5513
-1.74396,27.7541
-1.66503,27.9388
-1.60136,28.1324
-1.59871,28.3394
-1.66583,28.5349
-1.73304,28.7143
-1.81135,28.9099
-1.75417,29.1174
-1.80851,29.3028
-1.86263,29.5227
-1.69256,29.6174
-1.59552,29.7886
-1.68363,29.9646
-1.81399,30.1299
-1.72053,30.3047
-1.54895,30.4295
-1.44868,30.6242
-1.32043,30.7836
-1.46376,30.9215
-1.38303,31.1156
-1.42835,31.3216
-1.53004,31.497
-1.63698,31.6787
-1.52523,31.8546
-1.59587,32.0397
-1.64071,32.2388
-1.56471,32.4265
-1.54894,32.6254
-1.55265,32.8322
-1.47867,33.011
-1.4162,33.222
-1.44288,33.4105
-1.3621,33.5867
-1.29625,33.7775
-1.34819,33.9849
-1.23748,34.1626
-1.18275,34.3489
-1.00586,34.4388
-1.0715,34.6256
-0.945151,34.7839
-1.05108,34.9689
-1.03815,35.167
-0.882766,35.3164
-0.682379,-0.0030463
-0.875168,0.00187614
-0.808736,0.187718
-0.687166,0.378477
-0.585124,0.534286
-0.54937,0.734166
-0.451342,0.907296
-0.54021,1.09099
-0.602586,1.27775
-0.597507,1.47489
-0.646094,1.68362
-0.490544,1.82439
-0.562804,2.04209
-0.388897,2.13403
-0.438806,2.33897
-0.463383,2.53946
-0.30425,2.66844
-0.267636,2.86235
-0.148439,3.03227
-0.282976,3.18963
-0.30031,3.40328
-0.18283,3.58163
-0.280208,3.75447
-0.159672,3.91632
-0.291079,4.08471
-0.266412,4.27172
-0.174721,4.46265
-0.234624,4.65141
-0.111936,4.80784
-0.134314,4.9882
-0.143265,5.19916
-0.137587,5.41808
-0.0754117,5.59346
0.000532521,5.78625
-0.0155451,5.98997
-0.111831,6.17092
-0.168304,6.3632
-0.213489,6.57865
-0.357826,6.74792
-0.165692,6.78795
-0.215244,6.99573
-0.397295,7.08512
-0.41264,7.28338
-0.290812,7.44928
-0.344489,7.65333
-0.397235,7.86201
-0.481569,8.03999
-0.463632,8.25735
-0.481131,8.47214
-0.347922,8.61835
-0.312753,8.81973
-0.177307,8.98654
-0.237113,9.19485
-0.237012,9.3937
-0.384438,9.53603
-0.332206,9.74054
-0.253745,9.91842
-0.35458,10.0972
-0.377365,10.3039
-0.249707,10.4583
-0.260386,10.6613
-0.243294,10.8863
-0.281821,11.0838
-0.320897,11.2962
-0.271408,11.4944
-0.170551,11.6777
-0.0891696,11.8463
-0.0221593,12.0139
-0.0279343,12.2051
-0.0434197,12.4026
-0.111323,12.5984
-0.0365461,12.783
-0.0394046,12.9932
-0.027858,13.2039
-0.0360953,13.4006
0.0107349,13.6046
0.0168024,13.7938
-0.10588,13.9496
-0.0296568,14.1431
0.078341,14.3471
0.0255416,14.5394
-0.0925811,14.6963
-0.132981,14.8998
-0.0349937,15.0692
0.0202416,15.2796
-0.0530666,15.4698
-0.19327,15.6205
-0.175735,15.8302
-0.173884,16.0367
-0.144739,16.2292
-0.188252,16.4287
-0.237511,16.6329
-0.0850245,16.7747
0.000971614,16.9589
0.0170341,17.1586
0.112057,17.3492
0.109574,17.5532
0.189062,17.7579
0.30343,17.9258
0.300166,18.1236
0.235759,18.31
0.114878,18.4905
0.0706872,18.6925
-0.0894933,18.829
-0.104771,19.048
-0.0555586,19.2473
-0.172425,19.4179
-0.190481,19.617
-0.32314,19.7821
-0.486765,19.8974
-0.565727,20.0927
-0.51808,20.3052
-0.515619,20.503
-0.400871,20.6706
-0.38203,20.8779
-0.484684,21.0607
-0.304426,21.1764
-0.301544,21.382
-0.32614,21.5774
-0.262136,21.7687
-0.210237,21.9745
-0.235322,22.1787
-0.104886,22.3484
-0.115234,22.5522
-0.0273223,22.7441
-0.119652,22.9265
-0.12392,23.1207
-0.208749,23.2994
-0.338652,23.4517
-0.326256,23.6605
-0.280161,23.8529
-0.217012,24.029
-0.392171,24.1243
-0.465208,24.3107
-0.43512,24.498
-0.369817,24.6968
-0.324432,24.9152
-0.196805,25.068
-0.187376,25.2784
-0.1462,25.4833
-0.306743,25.6061
-0.309407,25.8165
-0.271876,26.0129
-0.259943,26.226
-0.0664132,26.2366
-0.136747,26.4279
-0.186199,26.6245
-0.137317,26.8148
-0.101391,27.0242
-0.118326,27.2207
-0.197698,27.4088
-0.288074,27.6092
-0.295323,27.8087
-0.168494,27.9591
-0.287383,28.0984
-0.178943,28.2652
-0.0580735,28.4299
-0.0745508,28.6206
-0.139159,28.8086
-0.107637,29.0303
-0.233293,29.1952
-0.33969,29.3586
-0.488511,29.5187
-0.460276,29.7275
-0.366361,29.9077
-0.316076,30.1064
-0.249009,30.2959
-0.0874899,30.4094
-0.292308,30.5119
-0.328076,30.716
-0.241654,30.9035
-0.214582,31.1143
-0.325718,31.288
-0.310729,31.4918
-0.25571,31.6892
-0.240501,31.8837
-0.132282,32.0485
-0.0435151,32.2433
-0.176075,32.4018
-0.142973,32.6115
-0.225102,32.8027
-0.16089,32.9979
-0.150245,33.2103
-0.00797433,33.3637
0.0534272,33.5564
-0.0891207,33.7097
-0.147284,33.9008
-0.0871337,34.0965
-0.209879,34.254
-0.0943502,34.4095
-0.0295628,34.602
0.079822,34.7613
0.0674776,34.9669
0.0784279,35.1894
0.124579,35.4019
0.107292,35.599
0.0209416,35.7793
0.166818,35.9115
0.283352,36.0773
0.218423,36.2719
0.248788,0.232351
0.0995777,0.370925
0.168434,0.577136
0.0550799,0.746915
0.181657,0.903096
0.200288,1.1023
0.0808959,1.25828
0.0142801,1.45604
-0.043255,1.65079
-0.0552939,1.86007
0.0842377,2.00872
0.0809914,2.20326
0.0314291,2.39043
0.119564,2.57116
0.224554,2.73907
0.221675,2.93749
0.143704,3.12151
0.149226,3.32504
0.331683,3.37693
0.278087,3.5741
0.343244,3.77012
0.37453,3.96257
0.253122,4.14022
0.353008,4.32027
0.502193,4.44834
0.624675,4.60758
0.620195,4.80876
0.795265,4.9063
0.807191,5.12484
0.713705,5.3158
0.622524,5.50083
0.523574,5.67335
0.356048,5.79941
0.418829,5.98385
0.55421,6.12516
0.588631,6.32566
0.651392,6.52009
0.787513,6.67055
0.652989,6.82832
0.628609,7.02605
0.811241,7.07759
0.935132,7.23922
0.843009,7.4184
0.828232,7.63031
0.717847,7.80286
0.670923,7.98572
0.752482,8.17608
0.715917,8.37904
0.842831,8.52795
0.771343,8.73222
0.741045,8.93625
0.797266,9.1228
0.83289,9.32324
0.841448,9.5143
0.770179,9.70271
0.859478,9.9047
0.900019,10.1273
0.897676,10.3478
0.911361,10.5483
0.834647,10.7326
0.806661,10.925
0.934792,11.0786
0.748785,11.1642
0.754664,11.3555
0.671538,11.5488
0.75359,11.7461
0.708757,11.9387
0.706482,12.1507
0.731131,12.3462
0.608595,12.5155
0.623038,12.7145
0.73836,12.896
0.680332,13.0847
0.785213,13.2631
0.746411,13.4703
0.758698,13.6731
0.58064,13.7705
0.624674,13.9762
0.639234,14.1794
0.725192,14.3776
0.68125,14.6005
0.797816,14.7611
0.898809,14.9526
1.06202,15.0898
1.00839,15.3007
0.859922,15.4329
0.915436,15.6194
0.793897,15.7716
0.760695,15.9776
0.811397,16.177
0.801423,16.3876
0.748752,16.5962
0.795731,16.7902
0.96138,16.8991
0.956319,17.0905
1.0298,17.2811
1.16797,17.4509
1.27404,17.6399
1.13048,17.7803
1.05817,17.9766
0.957225,18.1445
1.05446,18.3148
1.1518,18.4887
1.22825,18.6783
1.23422,18.878
1.21408,19.0724
1.23998,19.2757
1.073,19.4143
1.03112,19.6278
0.894884,19.7649
0.828452,19.9657
0.821514,20.1741
0.678811,20.3297
0.529542,20.4672
0.379768,20.6116
0.455072,20.8064
0.421377,20.9997
0.494521,21.2009
0.526355,21.396
0.574799,21.5914
0.599796,21.7915
0.750813,21.9387
0.672903,22.119
0.744299,22.3126
0.676674,22.5181
0.613801,22.7042
0.537907,22.8932
0.416788,23.053
0.495537,23.2521
0.399546,23.4336
0.477869,23.6411
0.587573,23.8092
0.632291,24.0044
0.547976,24.1821
0.688809,24.3283
0.819419,24.4811
0.745848,24.6631
0.686155,24.8594
0.734811,25.0513
0.69067,25.2521
0.713425,25.4408
0.809921,25.6057
0.855908,25.7963
0.718486,25.9569
0.822525,26.1479
0.830436,26.3498
0.843547,26.544
0.835013,26.7433
0.829263,26.929
0.838002,27.1265
0.91891,27.3065
0.948639,27.5205
1.0326,27.7317
0.939604,27.9064
0.851242,28.0842
0.810407,28.2907
0.922841,28.4522
0.940855,28.6675
0.985864,28.87
0.810049,28.9802
0.727286,29.1728
0.892777,29.2752
0.884813,29.4778
0.962309,29.6656
0.943995,29.8773
0.973619,30.0767
1.10962,30.2293
1.01383,30.4076
1.10809,30.5905
1.04541,30.7817
1.05818,30.9768
0.953047,31.1538
1.01243,31.3355
0.865495,31.4602
0.869897,31.6744
0.860753,31.8797
0.960759,32.0659
1.08234,32.2112
1.07842,32.4247
1.01954,32.6249
0.840798,32.7089
0.997905,32.8273
1.06518,33.027
1.12947,33.221
0.971175,33.369
1.03125,33.5627
1.06345,33.7651
1.06959,33.9667
0.915464,34.0926
0.924069,34.2856
0.816878,34.4599
0.816914,34.6635
0.985885,34.7955
0.884837,34.9957
0.804694,35.1658
0.913937,35.3378
0.892236,35.5459
0.972007,35.7393
0.958383,35.9417
0.963353,36.1325
1.37515,0.228926
1.20685,0.334163
1.07987,0.488062
1.03044,0.676491
0.937653,0.871493
0.770668,1.00361
0.916986,1.15157
1.01185,1.33545
0.937088,1.52781
0.758101,1.64821
0.799977,1.84735
0.894033,2.05359
0.946193,2.25696
0.977784,2.4814
1.08273,2.65604
1.04874,2.85008
1.04447,3.04498
1.06701,3.27454
1.09496,3.47522
1.19772,3.66118
1.33633,3.80808
1.52141,3.86617
1.52553,4.07386
1.47176,4.28621
1.58451,4.45701
1.58173,4.64422
1.58554,4.85092
1.48327,5.01885
1.45993,5.21696
1.3439,5.36004
1.45465,5.53637
1.45215,5.74438
1.35454,5.92289
1.44234,6.10567
1.34273,6.27655
1.22546,6.44705
1.16546,6.64192
1.14869,6.84439
1.181,7.047
1.24885,7.24965
1.19869,7.47753
1.29561,7.65165
1.3636,7.8443
1.24176,7.9896
1.33475,8.16164
1.48332,8.3037
1.47764,8.51257
1.49192,8.71191
1.48064,8.91519
1.43304,9.09375
1.26394,9.21166
1.17019,9.38125
1.27359,9.55637
1.27663,9.75156
1.30841,9.95138
1.39992,10.1244
1.54177,10.3034
1.54324,10.4979
1.70641,10.6288
1.81329,10.8123
1.92105,10.9818
1.99223,11.1661
2.12607,11.3363
2.08038,11.5323
2.0688,11.7353
2.1588,11.9197
2.14965,12.109
2.3097,12.2298
2.42254,12.393
2.24906,12.5254
2.09231,12.6645
2.0415,12.8553
1.85855,12.9306
1.82692,13.1401
1.88887,13.3281
1.8599,13.5259
1.96418,13.7069
1.91216,13.9039
2.05784,14.0434
2.24399,14.1373
2.33388,14.3062
2.37636,14.5034
2.38643,14.7053
2.22917,14.84
2.41554,14.9216
2.4652,15.126
2.43996,15.3368
2.28202,15.4818
2.31937,15.6711
2.25658,15.8796
2.30305,16.0738
2.3525,16.2671
2.30242,16.4604
2.24198,16.6726
2.1251,16.8544
2.09889,17.0681
2.05465,17.2684
2.10218,17.453
2.09928,17.6452
2.22907,17.7958
2.10288,17.9697
2.11963,18.1673
2.1738,18.3726
2.21593,18.5759
2.19292,18.7713
2.27207,18.9544
2.25426,19.1709
2.2788,19.3902
2.15302,19.5502
2.06245,19.7562
2.04429,19.9726
1.85469,20.0346
1.71917,20.1786
1.82741,20.3508
1.75193,20.5378
1.6746,20.7297
1.6144,20.9401
1.68747,21.1143
1.56584,21.2846
1.60444,21.4729
1.67419,21.6558
1.71588,21.8572
1.61856,22.0298
1.61943,22.2179
1.75672,22.3714
1.78276,22.5776
1.80618,22.7788
1.88233,22.9648
2.02024,23.0986
2.0502,23.3056
2.01775,23.5067
1.94306,23.6838
2.08726,23.8135
2.1378,24.0085
2.23077,24.1995
2.30324,24.3875
2.19792,24.576
2.31369,24.7306
2.37129,24.9234
2.44508,25.1086
2.47195,25.3214
2.56762,25.5124
2.60598,25.7175
2.73602,25.8757
2.82265,26.0636
2.6977,26.2172
2.80812,26.3717
2.9389,26.5469
2.85031,26.7374
2.7182,26.8821
2.59252,27.038
2.43499,27.17
2.36194,27.3587
2.44607,27.553
2.47391,27.7576
2.51358,27.9525
2.6029,28.1232
2.65622,28.3204
2.66358,28.5263
2.61685,28.7206
2.55507,28.9225
2.65772,29.114
2.60958,29.3169
2.62596,29.5134
2.51856,29.6839
2.38218,29.8442
2.25745,29.9979
2.27795,30.183
2.12118,30.2966
2.22859,30.4751
2.22472,30.6711
2.0905,30.8222
2.1793,31.0019
2.25885,31.1762
2.18602,31.3758
2.15086,31.5874
2.02233,31.7489
1.94954,31.9463
1.83063,32.1149
1.92007,32.2949
1.99651,32.4798
2.0511,32.6768
1.9292,32.8482
1.82519,33.0241
1.78902,33.2244
1.75214,33.4227
1.90993,33.5234
1.88981,33.726
1.78069,33.9057
1.75122,34.1025
1.65716,34.296
1.57681,34.4794
1.57185,34.6819
1.42766,34.8198
1.41333,35.018
1.51218,35.191
1.50485,35.3834
1.53405,35.5876
1.47617,35.7833
1.52742,35.9758
2.3103,0.243875
2.22808,0.44102
2.13711,0.627194
2.19192,0.817837
2.1633,1.00447
2.30677,1.16477
2.14054,1.27121
2.10083,1.45842
2.09393,1.66389
1.93941,1.79583
1.9424,1.99542
1.85629,2.18131
1.85171,2.38525
1.96699,2.55623
2.04656,2.75214
2.04411,2.96024
1.90576,3.1073
1.91867,3.30356
1.91308,3.49749
2.02203,3.68131
2.00083,3.87646
2.01816,4.08026
1.96621,4.26803
1.99811,4.47987
2.01519,4.67062
2.02288,4.87642
1.9292,5.05662
1.79729,5.21981
1.7544,5.41595
1.68073,5.61485
1.73098,5.81098
1.86063,5.96381
1.94502,6.17208
2.0948,6.29482
2.28295,6.4011
2.22956,6.59244
2.35853,6.74212
2.38749,6.9461
2.38649,7.1442
2.48417,7.3359
2.35509,7.51081
2.36514,7.71231
2.3355,7.91114
2.32983,8.10735
2.16403,8.24694
2.24691,8.43906
2.33983,8.59982
2.16737,8.71504
2.33385,8.83976
2.36796,9.03909
2.54289,9.15359
2.47444,9.3404
2.4717,9.53506
2.49458,9.74197
2.4854,9.93688
2.54225,10.1438
2.5184,10.3351
2.66511,10.4785
2.70065,10.6796
2.60562,10.8748
2.56001,11.0662
2.72396,11.2043
2.77067,11.4198
2.64499,11.5706
2.64153,11.7644
2.68946,11.9755
2.82972,12.1071
2.74017,12.2854
2.61117,12.4459
2.58779,12.6415
2.61047,12.8294
2.7228,12.9821
2.65042,13.1757
2.60055,13.3923
2.57931,13.5891
2.72525,13.7339
2.7985,13.9215
2.74812,14.0981
2.73408,14.2806
2.84551,14.4615
2.67726,14.5735
2.74642,14.7555
2.78718,14.9588
2.81326,15.1554
2.80651,15.3657
2.71509,15.5679
2.81306,15.7475
2.75434,15.9341
2.9207,16.0584
2.87252,16.2747
2.98808,16.4383
2.91307,16.6196
2.92161,16.8134
2.77254,16.9676
2.62699,17.1193
2.68035,17.3141
2.5802,17.4843
2.64198,17.6736
2.65894,17.8673
2.63889,18.0519
2.57969,18.2629
2.75663,18.3579
2.61969,18.4982
2.49835,18.6623
2.72516,18.6691
2.71728,18.8589
2.82318,19.0371
2.8578,19.2372
2.82694,19.4322
2.80407,19.6536
2.73975,19.8491
2.64206,20.0191
2.69516,20.219
2.69595,20.4309
2.74791,20.6451
2.67916,20.846
2.75768,21.0175
2.90313,21.1538
2.90335,21.3561
2.92161,21.5605
2.81476,21.7142
2.98419,21.8283
2.87174,21.9884
2.82884,22.1886
2.86336,22.3924
2.79575,22.5744
2.83887,22.7717
2.86103,22.9744
2.98281,23.1294
2.97355,23.3378
2.9544,23.5351
2.99865,23.7257
2.87766,23.8933
3.0741,23.9577
3.20958,24.0892
3.27635,24.2787
3.2254,24.4726
3.17477,24.6642
3.23223,24.8681
3.31027,25.0594
3.42827,25.2293
3.35066,25.4061
3.37538,25.6271
3.38756,25.8295
3.34517,26.043
3.31648,26.2452
3.32699,26.4349
3.3965,26.6333
3.31508,26.8247
3.41331,26.998
3.52676,27.1709
3.37954,27.3048
3.37108,27.5092
3.39057,27.7021
3.35584,27.9109
3.30473,28.1106
3.34301,28.3092
3.36876,28.5171
3.26086,28.6882
3.20159,28.8874
3.27999,29.0777
3.37897,29.2345
3.33103,29.4279
3.32915,29.6236
3.316,29.8283
3.35742,30.0402
3.21229,30.1745
3.26989,30.3719
3.28932,30.5753
3.3179,30.7685
3.36439,30.9768
3.50419,31.1224
3.49424,31.3321
3.6414,31.472
3.72041,31.6534
3.61032,31.8213
3.47954,31.9732
3.48319,32.1645
3.45319,32.3593
3.33874,32.5358
3.33687,32.7424
3.37896,32.9542
3.51545,33.0942
3.46467,33.2856
3.52536,33.4817
3.59944,33.6682
3.38518,33.7327
3.22937,33.8715
3.31953,34.0551
3.18288,34.2128
3.17951,34.4136
3.16046,34.6126
3.06334,34.7963
2.91817,34.9446
2.91547,35.1468
2.90505,35.3364
2.9349,35.5398
3.0319,35.7134
3.23578,35.7385
3.25256,35.9381
2.9905,0.493211
3.11927,0.643555
3.1252,0.850822
3.12568,1.04948
2.91416,1.03771
2.9354,1.23453
2.92544,1.44523
3.09463,1.53705
3.25957,1.6562
3.21812,1.83739
3.26282,2.04403
3.30535,2.23177
3.2143,2.40458
3.27593,2.60838
3.4274,2.75299
3.37704,2.95087
3.39785,3.14896
3.25121,3.2948
3.41358,3.41927
3.43108,3.63726
3.55203,3.79492
3.63003,3.97519
3.64221,4.18889
3.66233,4.38514
3.58724,4.57516
3.58003,4.78656
3.56486,4.99817
3.54566,5.19329
3.40971,5.33944
3.34852,5.53096
3.27689,5.72317
3.16985,5.89303
3.06921,6.07805
3.22336,6.19636
3.19658,6.40399
3.09688,6.56741
3.04322,6.75915
2.98879,6.95808
3.12209,7.10307
3.10491,7.30537
3.21968,7.45172
3.31853,7.62072
3.28846,7.82085
3.27691,8.01108
3.36352,8.19211
3.32578,8.38084
3.30354,8.58139
3.32981,8.78262
3.35524,8.98692
3.312,9.19369
3.48511,9.29214
3.41903,9.48194
3.63394,9.5302
3.66846,9.72723
3.65767,9.92404
3.46971,9.95551
3.43313,10.1603
3.40598,10.3678
3.48859,10.5519
3.46746,10.7491
3.45754,10.9602
3.55954,11.1393
3.60917,11.3235
3.64609,11.5398
3.73593,11.7182
3.62167,11.917
3.43123,12.0059
3.48016,12.2056
3.48825,12.4016
3.55375,12.5881
3.6006,12.7912
3.685,12.9782
3.76024,13.1742
3.72398,13.3652
3.70271,13.56
3.83279,13.7082
3.7405,13.9012
3.83418,14.0898
3.78048,14.2823
3.97143,14.3757
3.86754,14.5387
4.04187,14.6756
4.00809,14.8865
4.01092,15.0932
3.94571,15.2869
3.97885,15.4813
3.88582,15.6466
3.88101,15.8417
4.01919,16.0061
4.01938,16.2095
3.9536,16.3996
3.91478,16.5964
4.02956,16.7783
4.1315,16.9602
4.1643,17.1492
4.15972,17.3598
4.06678,17.5517
4.00975,17.761
4.05522,17.9721
4.17577,18.1185
4.14594,18.3256
4.22478,18.5163
4.17571,18.7222
4.26054,18.9131
4.37306,19.0974
4.42104,19.2982
4.37306,19.4923
4.31189,19.6942
4.19967,19.8617
4.20218,20.0627
4.19083,20.2503
4.35311,20.3674
4.21116,20.5183
4.17111,20.7158
4.11945,20.9204
4.10059,21.1269
4.15958,21.3215
4.16027,21.5076
4.2572,21.6841
4.07997,21.8055
3.99929,21.9907
3.99353,22.192
4.02106,22.3967
4.05788,22.6081
4.07829,22.8107
4.0197,22.9956
4.01323,23.2023
4.01587,23.3983
3.93369,23.5908
3.88641,23.7816
4.0168,23.9334
3.9863,24.1302
3.91583,24.3023
3.83645,24.5028
3.87983,24.7046
3.89415,24.9079
3.8923,25.1182
3.88719,25.3179
3.99513,25.4843
3.86685,25.6437
3.86652,25.8471
3.84229,26.0432
3.90454,26.2159
4.02364,26.3802
4.06965,26.5649
4.19047,26.7228
4.17003,26.9211
4.21573,27.1161
4.04501,27.2373
4.12946,27.4222
4.13308,27.6206
4.18275,27.8017
4.14466,27.9864
4.12478,28.1887
4.10961,28.3728
4.06797,28.566
4.2537,28.6584
4.08636,28.7747
3.95655,28.9356
3.97177,29.1413
3.85904,29.3236
3.926,29.5363
4.02495,29.7046
4.11349,29.8824
4.09925,30.0769
4.09259,30.2911
4.22775,30.4361
4.33755,30.6153
4.15214,30.694
4.15925,30.8906
4.26383,31.0757
4.27808,31.2818
4.1482,31.4564
4.14306,31.6517
4.16839,31.8571
4.24831,32.0301
4.11657,32.1914
4.19047,32.383
4.16087,32.5708
4.16943,32.7876
4.11335,32.9904
4.00701,33.1705
4.01471,33.3598
4.0459,33.5585
3.9572,33.7482
4.11078,33.8657
3.93378,33.9651
3.84897,34.1581
3.97933,34.3303
4.10855,34.5042
4.20839,34.6911
4.36713,34.829
4.254,34.9914
4.4277,35.1068
4.50554,35.2863
4.32277,35.375
4.22773,35.5671
4.22882,35.7703
4.29988,35.9634
4.1629,36.1171
