3.62447,0.311198
3.68564,0.491777
3.71484,0.68594
3.68693,0.898492
3.67344,1.10641
3.53826,1.25184
3.61964,1.44358
3.66334,1.6335
3.58288,1.82135
3.42029,1.9482
3.31647,2.12084
3.30099,2.3163
3.4115,2.48152
3.34861,2.68263
3.27402,2.87074
3.28975,3.06763
3.37742,3.25239
3.36638,3.45158
3.50338,3.60123
3.55861,3.81711
3.67511,3.98245
3.66053,4.17427
3.58674,4.35214
3.48866,4.53222
3.54952,4.71849
3.53697,4.92493
3.62761,5.09737
3.55777,5.30475
3.6628,5.46775
3.58728,5.66844
3.65348,5.85707
3.76775,6.01976
3.7626,6.22373
3.82611,6.42443
3.83243,6.64111
3.71539,6.80658
3.66008,7.01008
3.72787,7.19471
3.88292,7.32919
4.00576,7.48151
4.09516,7.65163
4.07826,7.8622
4.00471,8.05466
4.04058,8.25298
4.08884,8.4493
3.96696,8.61159
3.98314,8.79871
4.16768,8.88673
4.10587,9.07264
4.01126,9.24391
3.85896,9.40409
3.77038,9.57883
3.81213,9.78603
3.78383,9.99131
3.68491,10.1724
3.6062,10.3616
3.80104,10.4298
3.89582,10.5992
4.02437,10.7733
4.12034,10.9491
4.0106,11.1313
3.94275,11.3063
3.8863,11.4958
3.93735,11.7013
3.92274,11.8917
3.92678,12.0988
3.96482,12.2852
3.92361,12.4943
3.84218,12.6654
3.85858,12.8653
3.72536,13.0231
3.70379,13.2253
3.91274,13.2069
3.92303,13.4165
3.93013,13.6137
3.9522,13.8167
4.07246,13.9805
4.0424,14.1681
4.0687,14.361
3.90657,14.4532
3.90521,14.6506
4.03669,14.8132
4.0214,15.004
4.10048,15.1922
3.98942,15.3494
4.08204,15.5279
4.09256,15.7481
4.13139,15.952
4.15776,16.1524
4.10826,16.349
4.1835,16.5427
4.28206,16.7129
4.3399,16.899
4.30081,17.0913
4.39174,17.2905
4.31945,17.4951
4.35344,17.6966
4.39181,17.9013
4.43858,18.0989
4.25507,18.1768
4.28655,18.3842
4.25693,18.5832
4.24421,18.7804
4.13481,18.9402
4.07691,19.1384
4.13452,19.3362
4.20216,19.5277
4.3071,19.6936
4.31211,19.901
4.28523,20.1083
4.23831,20.3206
4.34177,20.5043
4.38836,20.7023
4.4519,20.9055
4.38504,21.1109
4.2501,21.257
4.32668,21.4502
4.38057,21.6673
4.49443,21.8284
4.59536,22.0076
4.77171,22.1499
4.83455,22.3385
4.80105,22.536
4.7693,22.7394
4.79596,22.9362
4.88066,23.1157
4.77944,23.2766
4.75056,23.4863
4.84153,23.6617
4.92409,23.842
4.87477,24.0271
4.87302,24.2147
4.84472,24.4123
-4.96947,24.4942
4.86478,24.6002
4.92174,24.8101
4.84894,24.9893
4.95789,25.1666
-4.98173,25.3616
-4.9758,25.5651
4.87095,25.6881
4.90501,25.8836
4.89706,26.0907
4.98714,26.2712
-4.98395,26.4765
-4.98225,26.6706
-4.8344,26.8245
-4.69089,26.9423
-4.79804,27.1156
-4.72765,27.3071
-4.7702,27.5086
-4.64254,27.663
-4.54773,27.8465
-4.61475,28.0472
-4.5854,28.2561
-4.66645,28.4489
-4.74557,28.6424
-4.93015,28.7384
-4.80772,28.9034
-4.77095,29.1213
-4.62988,29.2643
-4.5362,29.4453
-4.41369,29.5901
-4.47414,29.7733
-4.41129,29.961
-4.38685,30.1674
-4.36174,30.3652
-4.50547,30.5127
-4.4662,30.7062
-4.57799,30.8712
-4.57675,31.0767
-4.6036,31.2874
-4.62906,31.4916
-4.55824,31.6863
-4.49778,31.8819
-4.65305,32.0114
-4.69454,32.2039
-4.6107,32.4004
-4.48998,32.5627
-4.58806,32.7396
-4.40218,32.8225
-4.29213,33.0045
-4.28066,33.2014
-4.29645,33.4226
-4.32688,33.64
-4.26949,33.8407
-4.15922,34.0027
-4.16883,34.2097
-4.17674,34.438
-4.15766,34.6427
-4.04153,34.8047
-4.12217,34.9886
-4.16527,35.1975
-4.2545,35.3728
-4.09119,35.5004
-4.26174,35.6017
-4.18438,35.7916
-4.15363,36.0016
-3.99098,36.1149
-3.93824,36.3033
4.98123,0.293346
4.85884,0.44719
-4.96656,0.588299
-4.90471,0.782996
-4.75191,0.929073
-4.6696,1.10777
-4.74038,1.30271
-4.6097,1.45406
-4.7342,1.6129
-4.84317,1.76893
-4.86024,1.98338
-4.95794,2.16811
4.98075,2.36241
4.95158,2.56895
-4.903,2.7264
-4.899,2.9301
-4.97152,3.1089
4.94654,3.31151
4.98648,3.51934
-4.98804,3.72046
-4.94058,3.92085
-4.96317,4.12357
4.98581,4.31528
-4.96093,4.49587
4.99936,4.68951
4.95532,4.87513
4.95755,5.08008
4.96379,5.30404
-4.89967,5.46367
-4.98392,5.64093
4.95512,5.83669
4.90118,6.04042
4.9336,6.25104
4.93188,6.45405
4.94257,6.6463
4.9259,6.84568
4.97586,7.035
4.91283,7.23217
4.85706,7.44102
4.83389,7.64307
4.86348,7.83622
4.86472,8.03949
-4.98202,8.172
-4.97066,8.38021
4.95792,8.57884
4.89848,8.77729
4.96166,8.97052
4.92491,9.18464
4.87866,9.38009
-4.9617,9.52999
4.9558,9.72108
-4.96389,9.90485
4.97797,10.1136
-4.99402,10.3192
-4.92062,10.5195
-4.99249,10.7003
-4.92891,10.9144
-4.96504,11.0991
4.94194,11.2649
-4.9072,11.4043
-4.97102,11.6009
4.9162,11.8045
-4.95231,11.9862
-4.82283,12.1271
-4.72558,12.3239
-4.73696,12.5293
-4.74769,12.7459
-4.86445,12.9085
-4.8978,13.1119
-4.85636,13.3146
-4.92459,13.4995
-4.94624,13.6988
-4.86933,13.8823
-4.82437,14.0751
-4.79696,14.2687
-4.71932,14.4458
-4.72948,14.6531
-4.70429,14.8434
-4.73946,15.0271
-4.77523,15.2207
-4.70293,15.3976
-4.66716,15.5891
-4.66207,15.7901
-4.75385,15.9873
-4.79894,16.1979
-4.73959,16.3838
-4.95329,16.4049
-4.94244,16.6127
4.99345,16.805
4.93262,17.0085
4.94789,17.2071
-4.98197,17.3966
4.92892,17.6015
-4.94609,17.7689
-4.85539,17.9514
-4.70468,18.0924
-4.71564,18.2976
-4.62021,18.4918
-4.45322,18.6063
-4.29912,18.7604
-4.15768,18.8963
-4.07663,19.0679
-4.05672,19.2637
-3.97936,19.4494
-3.92591,19.6413
-3.72262,19.67
-3.8362,19.8432
-3.96835,19.978
-3.81952,20.1267
-3.99964,20.235
-4.09922,20.4089
-4.05694,20.606
-4.0755,20.8244
-4.06097,21.0405
-4.00064,21.2286
-3.96501,21.4373
-4.03647,21.6238
-3.88313,21.7644
-3.92341,21.975
-3.94412,22.1733
-4.09993,22.2785
-4.1236,22.4916
-4.10257,22.6919
-4.06614,22.9057
-3.99389,23.0936
-4.10493,23.2717
-4.06769,23.485
-4.20275,23.6304
-4.09101,23.8065
-4.04939,24.0059
-4.21924,24.1101
-4.13773,24.2996
-4.01129,24.4574
-3.96056,24.652
-3.93771,24.8568
-4.04183,25.0169
-4.11315,25.2342
-4.01209,25.4065
-3.90383,25.5948
-3.77575,25.735
-3.71871,25.9279
-3.85858,26.076
-3.89325,26.2869
-3.85443,26.4893
-3.94593,26.6559
-4.01237,26.8515
-4.07444,27.0576
-4.03099,27.2524
-3.88054,27.3941
-3.74234,27.5438
-3.7522,27.7422
-3.86005,27.9193
-3.97217,28.09
-3.95212,28.2883
-3.9275,28.4935
-3.98797,28.6966
-3.95411,28.9003
-3.86197,29.0859
-3.99021,29.2433
-3.88221,29.4149
-3.69889,29.5269
-3.72563,29.7266
-3.6234,29.9068
-3.75063,30.0612
-3.57639,30.1598
-3.49424,30.3403
-3.51524,30.5317
-3.52358,30.7404
-3.70686,30.8402
-3.63974,31.0397
-3.58586,31.2409
-3.64699,31.4301
-3.5059,31.5859
-3.38506,31.7449
-3.36575,31.95
-3.2307,32.1157
-3.24214,32.3245
-3.29709,32.5118
-3.11339,32.6152
-3.11586,32.8094
-3.079,33.026
-2.90933,33.1304
-2.99271,33.3221
-2.81472,33.4178
-2.85701,33.5956
-2.79979,33.8002
-2.74933,33.9963
-2.76457,34.2007
-2.71063,34.3853
-2.77047,34.5613
-2.66283,34.7135
-2.75715,34.8995
-2.67631,35.0771
-2.66477,35.2917
-2.73262,35.4746
-2.67328,35.6706
-2.62576,35.8785
-2.46679,36.0102
-2.3436,36.1721
-2.44287,36.3688
-4.10717,0.269194
-3.92875,0.373543
-3.80987,0.529203
-3.77818,0.730484
-3.92415,0.865131
-3.94638,1.05949
-4.04244,1.23563
-3.95624,1.43424
-4.07439,1.57982
-4.12131,1.79675
-4.29617,1.88744
-4.24169,2.08803
-4.09191,2.2386
-4.01866,2.41519
-3.95277,2.60269
-3.95859,2.81062
-3.94197,3.02096
-3.92929,3.23612
-3.96627,3.45052
-4.08022,3.63322
-4.08729,3.83918
-4.01372,4.03694
-3.89608,4.21059
-3.9538,4.41448
-3.90858,4.60052
-3.88146,4.80929
-3.85193,4.9973
-3.88992,5.18936
-3.92364,5.39255
-4.0277,5.55816
-3.93912,5.72632
-3.86954,5.91482
-3.96767,6.08218
-3.9541,6.29438
-3.74319,6.35982
-3.83066,6.56294
-3.66517,6.68589
-3.7108,6.88482
-3.54448,7.00949
-3.55735,7.20168
-3.55117,7.40616
-3.55454,7.61656
-3.71955,7.77111
-3.81327,7.97043
-3.81385,8.16776
-3.7581,8.36418
-3.76026,8.57837
-3.68051,8.75235
-3.71062,8.95754
-3.71573,9.15905
-3.53456,9.27352
-3.52389,9.49178
-3.55868,9.69064
-3.64681,9.87708
-3.63126,10.0859
-3.66707,10.2886
-3.69349,10.4992
-3.58935,10.6808
-3.64294,10.8812
-3.54555,11.0603
-3.46965,11.2388
-3.4671,11.4284
-3.53987,11.6298
-3.64158,11.8005
-3.69579,11.9898
-3.57788,12.1528
-3.63299,12.3498
-3.57744,12.5553
-3.62903,12.7467
-3.67503,12.9361
-3.64212,13.1372
-3.63075,13.3555
-3.68304,13.5408
-3.60692,13.7527
-3.48463,13.9113
-3.59717,14.0751
-3.69681,14.2544
-3.74625,14.4514
-3.75635,14.6478
-3.79235,14.8498
-3.73121,15.0392
-3.88631,15.1547
-4.0662,15.2541
-4.00897,15.4485
-3.90106,15.6174
-4.00077,15.7928
-3.97829,16.0076
-3.8521,16.1906
-3.88503,16.3855
-3.81626,16.5748
-3.97513,16.7253
-4.11037,16.8892
-4.20031,17.0485
-4.27584,17.2435
-4.0832,17.2895
-4.02328,17.4771
-4.04163,17.6884
-3.87935,17.8372
-3.74268,17.985
-3.63639,18.1766
-3.50425,18.3438
-3.41776,18.5418
-3.47398,18.7404
-3.59396,18.9087
-3.63196,19.0988
-3.53394,19.2923
-3.61339,19.4791
-3.51322,19.6524
-3.49505,19.8555
-3.5564,20.0495
-3.61786,20.2256
-3.49223,20.3926
-3.34387,20.5326
-3.48075,20.6915
-3.53021,20.9002
-3.66709,21.032
-3.75855,21.2222
-3.55444,21.2148
-3.50157,21.4178
-3.62987,21.5747
-3.62988,21.7783
-3.49029,21.9265
-3.45941,22.1162
-3.4995,22.3104
-3.50046,22.52
-3.36828,22.6864
-3.39874,22.8831
-3.22363,23.0033
-3.29692,23.1958
-3.25604,23.3872
-3.13001,23.5453
-2.99489,23.6825
-2.91852,23.8741
-2.98115,24.0731
-2.98165,24.2861
-2.99048,24.5017
-2.91164,24.6913
-2.92403,24.8983
-2.9941,25.0836
-2.86623,25.2413
-2.9424,25.4241
-3.08635,25.5828
-3.10064,25.7818
-3.08753,25.9782
-2.90984,26.0998
-2.77604,26.249
-2.71642,26.4349
-2.72564,26.6227
-2.6569,26.8214
-2.52992,26.9599
-2.47098,27.1565
-2.59279,27.3182
-2.5702,27.5238
-2.59826,27.7197
-2.66063,27.9283
-2.52487,28.0771
-2.46699,28.266
-2.34694,28.4139
-2.55267,28.4873
-2.53977,28.6818
-2.52309,28.8952
-2.52055,29.099
-2.55291,29.2963
-2.60704,29.4869
-2.73442,29.6467
-2.58991,29.7974
-2.49167,29.9764
-2.29046,29.948
-2.19176,30.1287
-2.03848,30.2515
-1.9184,30.422
-1.77484,30.5774
-1.74369,30.7794
-1.75407,30.9907
-1.67091,31.1736
-1.53199,31.3152
-1.33819,31.4002
-1.36606,31.5903
-1.28886,31.78
-1.41081,31.9554
-1.41933,32.1762
-1.34467,32.3597
-1.33093,32.5732
-1.1409,32.6773
-0.968539,32.812
-1.05753,32.9771
-0.979739,33.172
-0.891435,33.3546
-0.931056,33.5561
-0.996908,33.7535
-0.934927,33.9458
-0.881023,34.1468
-0.917451,34.3396
-1.08068,34.4337
-0.942809,34.5898
-1.0406,34.7503
-0.93756,34.9219
-0.852207,35.0968
-0.926684,35.2883
-0.968454,35.4927
-2.94905,0.349262
-2.96268,0.559814
-3.04674,0.737896
-3.04269,0.950655
-2.98689,1.1413
-2.86386,1.28591
-2.83645,1.48264
-2.96921,1.6329
-2.9573,1.84144
-2.95963,2.05957
-2.96261,2.26417
-2.9516,2.47578
-2.97278,2.67799
-2.92927,2.86254
-2.81237,3.02138
-2.78668,3.21544
-2.70266,3.38957
-2.67514,3.59171
-2.71767,3.81309
-2.66277,4.00172
-2.7589,4.17748
-2.76572,4.39468
-2.71352,4.59174
-2.64528,4.77874
-2.73193,4.9788
-2.6001,5.11119
-2.60242,5.30598
-2.70398,5.47069
-2.72071,5.6603
-2.73849,5.84843
-2.78365,6.05707
-2.87482,6.23513
-2.84167,6.44888
-2.83558,6.64475
-2.87351,6.84092
-3.05402,6.95531
-3.01683,7.15725
-3.20118,7.25202
-3.31102,7.41107
-3.20442,7.60444
-3.16853,7.81453
-3.13118,8.02242
-3.13191,8.23151
-3.01229,8.39238
-3.1019,8.5705
-2.89776,8.61256
-2.86154,8.8144
-2.839,9.02145
-2.86215,9.22548
-2.96996,9.40004
-2.93134,9.60222
-2.89881,9.80047
-2.97169,10.0101
-2.88003,10.1923
-2.80352,10.3975
-2.8315,10.5984
-2.64419,10.701
-2.66755,10.9053
-2.59423,11.0987
-2.47754,11.2641
-2.48552,11.484
-2.43557,11.6834
-2.36123,11.8687
-2.29427,12.0584
-2.24164,12.2642
-2.25998,12.4542
-2.27375,12.6704
-2.19532,12.8483
-2.26429,13.0545
-2.22421,13.2462
-2.11506,13.4275
-2.0001,13.6078
-1.96853,13.8146
-1.83682,13.9777
-1.76555,14.1515
-1.75872,14.3535
-1.74744,14.5649
-1.62961,14.7336
-1.55803,14.921
-1.53655,15.1186
-1.66556,15.2663
-1.63069,15.4744
-1.58822,15.6896
-1.4434,15.8226
-1.31838,15.988
-1.36251,16.188
-1.41295,16.3852
-1.50072,16.5831
-1.63255,16.7372
-1.64241,16.9449
-1.74426,17.141
-1.74081,17.334
-1.69309,17.5277
-1.78456,17.6965
-1.74708,17.9061
-1.59754,18.0409
-1.71354,18.2196
-1.64189,18.3969
-1.45985,18.4683
-1.44,18.6729
-1.4825,18.8633
-1.50515,19.0688
-1.46823,19.2603
-1.36309,19.443
-1.37187,19.6428
-1.32942,19.8488
-1.43398,20.0105
-1.51752,20.1891
-1.52544,20.388
-1.41443,20.5482
-1.38287,20.7425
-1.44384,20.9386
-1.50057,21.1546
-1.46476,21.3643
-1.3827,21.5578
-1.27027,21.74
-1.26018,21.9279
-1.27555,22.1156
-1.21018,22.3031
-1.30129,22.4803
-1.31342,22.6871
-1.16194,22.8249
-1.2253,23.0163
-1.10191,23.2007
-1.14746,23.3988
-1.20338,23.5948
-1.3568,23.7406
-1.37466,23.9611
-1.44147,24.1424
-1.50409,24.3479
-1.36596,24.5089
-1.303,24.7048
-1.18151,24.8715
-1.12545,25.0643
-1.20151,25.2596
-1.22963,25.47
-1.16745,25.657
-1.24273,25.8342
-1.24874,26.0473
-1.18166,26.2475
-1.27517,26.4117
-1.31929,26.6038
-1.28845,26.7963
-1.39644,26.9806
-1.32011,27.1693
-1.19723,27.3572
-1.25915,27.5523
-1.26004,27.7577
-1.41838,27.8925
-1.3648,28.0983
-1.43544,28.2995
-1.23256,28.3569
-1.20359,28.5592
-1.09045,28.7202
-1.16619,28.9078
-1.29413,29.0709
-1.3518,29.2714
-1.25918,29.473
-1.288,29.6823
-1.24585,29.8681
-1.33829,30.0429
-1.19425,30.2298
-1.14112,30.4223
-0.995455,30.5691
-0.936665,30.7643
-0.971805,30.9801
-0.974949,31.1623
-0.905285,31.3502
-0.931422,31.5482
-0.915655,31.7387
-0.830209,31.9337
-0.772139,32.1295
-0.828249,32.3246
-0.640038,32.3914
-0.615412,32.5876
-0.729629,32.7516
-0.690555,32.9546
-0.477374,32.9992
-0.547109,33.1905
-0.408765,33.378
-0.437045,33.5795
-0.258308,33.69
-0.301262,33.8988
-0.231355,34.0926
-0.298922,34.2786
-0.29215,34.4738
-0.291313,34.6837
-0.173705,34.8459
-0.0689857,35.0288
-0.174684,35.182
-0.262812,35.3538
-0.40075,35.5098
-0.472348,35.7042
-0.345336,35.8556
-0.279546,36.0496
-0.263326,36.2618
-0.112818,36.3681
-0.280458,36.4783
-0.214866,36.6659
-0.303794,36.8479
-2.10284,0.201215
-2.10893,0.420622
-2.00319,0.607295
-1.87609,0.748511
-1.80795,0.939836
-1.80756,1.15523
-1.94658,1.31233
-2.05613,1.48049
-2.12141,1.67175
-2.09782,1.85595
-2.07252,2.07793
-2.04755,2.28282
-2.03909,2.50186
-2.12238,2.68285
-1.93431,2.74495
-2.0197,2.92921
-1.90014,3.08889
-1.81323,3.26793
-1.60763,3.32369
-1.5334,3.50452
-1.58052,3.69212
-1.61111,3.88589
-1.63918,4.08873
-1.5223,4.26293
-1.46366,4.4505
-1.36808,4.62079
-1.36253,4.82316
-1.26099,4.98897
-1.27292,5.19848
-1.26159,5.41306
-1.13165,5.57354
-1.11613,5.77745
-1.182,5.97239
-1.25549,6.16952
-1.12638,6.3197
-1.15943,6.528
-1.02904,6.66381
-1.09043,6.85401
-1.23586,7.03853
-1.14927,7.22205
-1.0936,7.42097
-1.12213,7.63394
-1.05723,7.83825
-1.14197,8.01058
-0.959788,8.10207
-1.01988,8.29175
-1.07175,8.50395
-1.14321,8.67994
-1.23731,8.85318
-1.26347,9.06443
-1.22519,9.26445
-1.34351,9.4434
-1.17141,9.55207
-1.21314,9.74437
-1.14397,9.93437
-1.04642,10.1107
-0.937945,10.29
-0.991118,10.481
-1.13578,10.6328
-1.11171,10.8431
-1.16594,11.0498
-1.2312,11.2545
-1.16848,11.4312
-1.19148,11.6489
-1.19499,11.8574
-1.2001,12.0705
-1.00413,12.1382
-1.05082,12.3263
-1.21016,12.4508
-1.20474,12.6458
-1.0496,12.7688
-1.11854,12.9612
-1.24455,13.1154
-1.25488,13.3173
-1.33575,13.4992
-1.1944,13.635
-1.22695,13.836
-1.16386,14.0276
-1.28155,14.1826
-1.34339,14.3858
-1.28153,14.5837
-1.10975,14.6905
-1.21994,14.859
-1.19929,15.0691
-1.20339,15.2707
-1.27436,15.4707
-1.12144,15.6002
-1.06712,15.7915
-0.962999,15.9538
-1.01536,16.1404
-0.918117,16.3289
-0.958582,16.5402
-1.10822,16.6812
-1.24216,16.849
-1.29193,17.044
-1.2948,17.2486
-1.15701,17.3901
-1.14255,17.6024
-1.18646,17.8035
-1.24962,17.9879
-1.28584,18.1955
-1.11896,18.3262
-1.18749,18.5221
-1.1533,18.7215
-1.14978,18.9123
-1.06788,19.1031
-1.1009,19.3045
-1.14144,19.5159
-1.02353,19.6691
-1.01678,19.8767
-1.06618,20.0607
-1.04879,20.2628
-1.0443,20.4609
-0.982318,20.6642
-1.02907,20.8641
-1.11569,21.0583
-1.01147,21.2335
-0.975104,21.4464
-0.998183,21.6709
-0.8996,21.8565
-0.840048,22.065
-0.974945,22.2293
-0.944094,22.4296
-0.974308,22.6306
-0.88289,22.824
-0.817438,23.0075
-0.822933,23.2082
-0.853444,23.4093
-0.882575,23.5986
-0.73765,23.7623
-0.82362,23.9375
-0.813527,24.1398
-0.899475,24.3228
-0.853766,24.5375
-0.940686,24.7137
-0.964009,24.9123
-0.881151,25.0833
-0.883449,25.2875
-0.701309,25.3768
-0.637906,25.5509
-0.668589,25.7451
-0.563957,25.9188
-0.518633,26.1224
-0.724408,26.1649
-0.797059,26.3558
-0.715312,26.551
-0.807948,26.7245
-0.801512,26.9323
-0.727934,27.128
-0.687491,27.3326
-0.672145,27.5351
-0.59242,27.7139
-0.539804,27.9071
-0.363159,28.0058
-0.253206,28.1888
-0.11476,28.3544
-0.104434,28.552
-0.128363,28.7827
-0.218791,28.9461
-0.184695,29.1423
-0.272973,29.323
-0.316339,29.5159
-0.261703,29.707
-0.134204,29.8565
-0.184928,30.0598
-0.155723,30.2503
-0.327898,30.3446
-0.178607,30.485
-0.208803,30.7004
-0.157589,30.8872
-0.119929,31.0807
-0.0765495,31.276
0.0191705,31.4579
-0.00519072,31.6496
0.060379,31.8493
0.0956267,32.044
0.0932419,32.2429
0.0813846,32.4482
0.16116,32.654
0.0804091,32.8351
0.140063,33.0319
0.241533,33.2197
0.273071,33.417
0.163589,33.5912
0.0856605,33.8009
-0.0456181,33.9439
0.114502,34.0657
0.0544265,34.2616
0.128594,34.4617
0.160052,34.6701
0.283457,34.84
0.356398,35.044
0.189698,35.1662
0.283462,35.3439
0.32544,35.5508
0.386086,35.7482
0.573437,35.803
0.562628,36.0218
0.562928,36.2271
0.630202,36.4073
-1.15708,0.590995
-1.13334,0.809606
-1.10824,1.00638
-1.03241,1.19807
-1.1222,1.37073
-1.13136,1.58006
-1.07846,1.76944
-1.11579,1.97422
-1.20887,2.15685
-1.16909,2.34699
-1.15781,2.53875
-1.26197,2.69567
-1.20651,2.89726
-1.21611,3.08214
-1.08634,3.22934
-1.15733,3.40971
-1.10313,3.59302
-1.23455,3.74984
-1.13424,3.92318
-1.07441,4.11825
-0.890961,4.18557
-0.805906,4.37587
-0.961097,4.51332
-0.834501,4.66715
-0.862207,4.87622
-0.816162,5.07347
-0.808528,5.27369
-0.836227,5.48436
-0.631705,5.56569
-0.586209,5.77743
-0.575638,5.98298
-0.666831,6.14502
-0.68439,6.34692
-0.615736,6.54786
-0.614466,6.75726
-0.60659,6.95803
-0.540835,7.14903
-0.656287,7.32727
-0.569889,7.5098
-0.496805,7.70725
-0.533286,7.90842
-0.584784,8.09559
-0.731086,8.23225
-0.579899,8.3604
-0.618067,8.56647
-0.570707,8.76306
-0.463041,8.93516
-0.411238,9.13899
-0.507969,9.33208
-0.442217,9.51499
-0.452503,9.71864
-0.411796,9.91688
-0.433915,10.1257
-0.482593,10.315
-0.490565,10.5201
-0.372117,10.6793
-0.217126,10.8148
-0.103709,10.9769
-0.161092,11.1796
-0.162149,11.3769
-0.0114006,11.5347
-0.0162737,11.7311
-0.068075,11.9186
-0.067754,12.116
-0.0404906,12.3052
0.115646,12.4201
0.304943,12.5385
0.232034,12.7163
0.21311,12.922
0.130782,13.1238
0.193633,13.326
0.122797,13.5047
0.0708978,13.7006
0.0338967,13.8972
-0.116844,14.0481
-0.183415,14.2475
-0.162467,14.4572
0.0151487,14.5274
-0.0180786,14.7278
-0.0746602,14.9352
-0.118331,15.1362
-0.116096,15.3529
-0.263541,15.4969
-0.333064,15.6891
-0.223631,15.8478
-0.04215,15.9344
-0.0194082,16.139
-0.193788,16.2484
-0.346898,16.3617
-0.242138,16.5654
-0.177525,16.7594
-0.118798,16.9549
-0.16352,17.1683
-0.00406931,17.2603
-0.162887,17.3827
-0.216352,17.5817
-0.158194,17.7711
-0.102868,17.9733
-0.131263,18.1861
-0.17287,18.3911
-0.151717,18.5977
0.000407154,18.7215
-0.154536,18.8266
-0.348634,18.8728
-0.409421,19.0725
-0.410544,19.2867
-0.539158,19.4463
-0.452999,19.6397
-0.565888,19.824
-0.606429,20.0175
-0.522511,20.1962
-0.689826,20.2976
-0.51978,20.3988
-0.511141,20.5927
-0.455534,20.791
-0.53159,20.977
-0.475436,21.1615
-0.3511,21.3218
-0.37265,21.5248
-0.505052,21.6748
-0.370039,21.8185
-0.350973,22.0084
-0.256089,22.1806
-0.131625,22.3303
-0.174811,22.5531
-0.14015,22.751
-0.113756,22.9914
0.0668683,22.9674
0.0400037,23.1599
0.0138543,23.3541
-0.133755,23.5005
-0.0583555,23.6808
-0.00812449,23.869
-0.0286674,24.0744
-0.0455382,24.2763
-0.0652919,24.4808
0.0223776,24.6522
0.0967304,24.839
-0.113812,24.8932
-0.00484736,25.0522
0.106065,25.2314
0.120593,25.4406
0.0246854,25.6096
-0.0381167,25.8021
0.133266,25.9384
0.22005,26.1259
0.127587,26.3225
0.0865998,26.504
0.172978,26.6711
0.194261,26.8654
0.354061,26.9729
0.3638,27.1701
0.504849,27.304
0.361483,27.4341
0.403284,27.6422
0.319326,27.8357
0.295997,28.0301
0.209423,28.2332
0.19457,28.4366
0.253889,28.6263
0.0961195,28.7292
0.273901,28.8575
0.427918,28.9987
0.529268,29.1726
0.386686,29.3246
0.366607,29.5226
0.455968,29.6997
0.450765,29.9062
0.412107,30.1077
0.435973,30.3292
0.319216,30.503
0.441216,30.6802
0.530715,30.8698
0.448639,31.0581
0.394123,31.24
0.462554,31.4434
0.49471,31.6534
0.604554,31.8186
0.692724,32.004
0.576064,32.1577
0.685034,32.3297
0.678316,32.525
0.768899,32.7116
0.668129,32.8743
0.683574,33.0716
0.635245,33.2772
0.706766,33.4783
0.722247,33.686
0.627715,33.8696
0.692497,34.0509
0.887461,34.1137
1.02603,34.2447
0.979096,34.4353
1.06341,34.6352
0.85864,34.6911
0.81447,34.896
0.866579,35.0922
0.882493,35.2973
0.980824,35.4739
0.920324,35.6562
-0.344666,0.408634
-0.440719,0.583602
-0.489304,0.783365
-0.448146,0.967796
-0.508369,1.15797
-0.589477,1.32413
-0.555503,1.53807
-0.488638,1.71818
-0.554314,1.9056
-0.605806,2.0999
-0.582393,2.28004
-0.610085,2.49862
-0.479607,2.66624
-0.369533,2.82503
-0.435002,3.01657
-0.32134,3.17555
-0.462803,3.32598
-0.370462,3.50669
-0.336772,3.71612
-0.384581,3.92753
-0.240899,4.06235
-0.15188,4.24613
-0.227635,4.44641
-0.14285,4.63386
-0.0070673,4.7756
0.0196933,4.97904
-0.121307,5.11953
-0.02092,5.29423
-0.0521073,5.52736
-0.101663,5.73405
0.0634893,5.83398
-0.0356879,6.01255
-0.0860874,6.203
-0.205976,6.36395
-0.227666,6.56438
-0.226599,6.77708
-0.0430898,6.88803
0.0813089,7.05277
-0.0182337,7.23346
-0.052176,7.42681
-0.107652,7.62281
-0.129444,7.83328
-0.132999,8.04361
-0.0613931,8.22459
-0.0861654,8.43806
-0.0389695,8.65597
0.0516978,8.85149
0.0311409,9.03508
-0.0256806,9.21936
-0.150798,9.38075
-0.0555111,9.55927
0.0817745,9.72639
0.197449,9.8848
0.1633,10.0734
0.307231,10.2093
0.412666,10.3802
0.402067,10.574
0.380788,10.7635
0.46971,10.9457
0.440846,11.1418
0.237212,11.1565
0.292983,11.3668
0.318454,11.568
0.18761,11.7316
0.162671,11.9453
0.154175,12.1441
0.297667,12.2798
0.466984,12.3704
0.59669,12.5187
0.535728,12.7194
0.506861,12.9171
0.466906,13.0992
0.559426,13.2747
0.660857,13.4597
0.661358,13.663
0.673323,13.8798
0.588446,14.0677
0.479145,14.2444
0.326764,14.3615
0.470318,14.4989
0.405678,14.6834
0.298576,14.847
0.165056,15.0085
0.214894,15.2007
0.221451,15.3963
0.0400942,15.4734
0.0614518,15.6757
0.235913,15.7755
0.24748,15.967
0.407046,16.1028
0.310217,16.2851
0.24726,16.4655
0.409426,16.6277
0.499706,16.8245
0.582784,17.0069
0.697083,17.1644
0.685937,17.3623
0.658682,17.563
0.691726,17.7612
0.750787,17.9496
0.635067,18.1294
0.564567,18.3308
0.525233,18.5226
0.423619,18.688
0.333145,18.8621
0.251231,19.0555
0.282933,19.2575
0.12529,19.3825
0.0480485,19.5858
0.155678,19.7746
0.140135,19.9786
0.19794,20.1772
0.241653,20.3947
0.238444,20.5936
0.27346,20.7793
0.329197,20.9641
0.345925,21.1606
0.448902,21.3319
0.421216,21.5287
0.527959,21.6852
0.620846,21.8654
0.65757,22.0671
0.69473,22.2637
0.765171,22.4485
0.764423,22.6528
0.757463,22.8476
0.798773,23.0409
0.964502,23.1701
1.13265,23.2743
1.16289,23.4716
1.22278,23.6611
1.12343,23.8471
1.05808,24.0282
0.995445,24.2115
1.03012,24.4088
0.993942,24.6088
0.865594,24.773
0.886321,24.9705
0.827755,25.1615
0.889424,25.3609
0.880206,25.5703
0.923392,25.7642
1.0048,25.9445
0.964216,26.155
0.968879,26.3579
0.787901,26.4226
0.769337,26.6285
0.788064,26.8273
0.696575,27.0136
0.818768,27.1788
0.874139,27.3724
1.01072,27.544
1.04976,27.7338
0.949731,27.9005
0.979653,28.1167
1.04889,28.2982
1.07709,28.5007
0.966325,28.6591
1.10611,28.8462
0.993975,29.0225
0.976034,29.2236
0.852939,29.3849
0.744664,29.569
0.814022,29.7489
0.912626,29.9474
0.799821,30.1216
0.798444,30.3281
0.723273,30.5119
0.930257,30.5498
0.823024,30.7146
0.989314,30.8292
0.883729,30.9844
1.0358,31.119
1.19187,31.2402
1.16194,31.4297
1.08641,31.6168
0.889229,31.616
0.998415,31.7828
0.979857,31.9701
1.17344,32.0618
1.17683,32.2754
1.09021,32.4725
1.1863,32.6404
1.26933,32.8335
1.40736,32.9957
1.36246,33.2026
1.3829,33.3997
1.42326,33.6018
1.51666,33.7871
1.63011,33.954
1.59763,34.1736
1.58717,34.3733
1.66065,34.5518
1.72318,34.7539
1.74019,34.9767
1.76955,35.1755
1.76012,35.3927
1.93956,35.4912
1.92315,35.7029
1.91083,35.9021
-0.0132065,0.314816
-0.0334983,0.510979
0.0290288,0.704666
-0.0836971,0.872915
0.070846,0.979791
-0.05707,1.13638
0.0713521,1.2928
0.0888186,1.49902
0.2127,1.66767
0.288347,1.86388
0.353869,2.05643
0.354059,2.2698
0.480982,2.45587
0.490337,2.66502
0.665572,2.74785
0.771291,2.91691
0.845515,3.09258
0.836769,3.30134
0.919718,3.48322
0.851409,3.66023
0.858685,3.86044
0.766369,4.05359
0.769405,4.27158
0.669766,4.45629
0.649298,4.66201
0.733358,4.83975
0.616479,4.9921
0.695374,5.16788
0.723675,5.37393
0.631005,5.5615
0.532416,5.73711
0.522716,5.9298
0.583658,6.12501
0.469856,6.305
0.578327,6.50703
0.687227,6.67683
0.570535,6.83772
0.493799,7.03042
0.669945,7.11516
0.613315,7.31692
0.61882,7.53824
0.589084,7.73311
0.60971,7.92635
0.599399,8.12923
0.547881,8.31799
0.723746,8.39986
0.755226,8.61431
0.723404,8.82363
0.902404,8.94466
0.865601,9.13976
1.01662,9.29584
1.10729,9.49234
0.968625,9.64303
1.1429,9.7189
1.13821,9.9295
1.26021,10.1
1.21078,10.2953
1.12622,10.4736
1.1665,10.6796
1.04703,10.8381
1.04581,11.0373
1.20361,11.1678
1.3095,11.3328
1.2652,11.5325
1.42025,11.6704
1.46083,11.8822
1.32168,12.0302
1.17654,12.1864
0.973072,12.1222
1.01127,12.3209
1.03375,12.5214
1.00948,12.7106
1.07009,12.9105
1.04652,13.1226
1.11231,13.3129
1.22369,13.4648
1.20191,13.6663
1.12728,13.8627
0.978757,14.0034
0.866652,14.1948
0.713554,14.3436
0.899015,14.396
0.977511,14.5932
1.11232,14.755
1.03486,14.9443
1.20848,15.0564
1.09171,15.2144
1.10825,15.4231
0.965563,15.587
1.04693,15.7703
0.879224,15.8774
0.858777,16.0758
1.03031,16.2085
0.97498,16.4155
0.905199,16.6007
0.978687,16.7863
0.907835,16.9735
0.947977,17.1854
0.99251,17.3718
1.17753,17.4451
1.16098,17.6384
1.36449,17.6341
1.38683,17.8438
1.36882,18.051
1.45274,18.2313
1.39647,18.4384
1.33311,18.621
1.46003,18.7917
1.44434,18.9945
1.34587,19.1578
1.45856,19.3153
1.42754,19.5208
1.47861,19.7169
1.52537,19.928
1.35887,20.0524
1.26582,20.2367
1.32415,20.4273
1.39802,20.651
1.53136,20.8084
1.52396,21.016
1.55967,21.2083
1.62306,21.4025
1.51659,21.5734
1.63325,21.748
1.75422,21.9152
1.81772,22.1037
1.79246,22.3003
1.77983,22.4944
1.8342,22.6994
1.81767,22.909
1.74988,23.0852
1.82323,23.2833
2.00901,23.3781
2.05795,23.5757
2.03162,23.7863
2.00767,23.9936
1.88903,24.163
1.9755,24.3368
2.09789,24.4956
2.12369,24.7003
2.17915,24.9024
2.11195,25.1061
2.19831,25.2926
2.23707,25.4825
2.30734,25.6573
2.32038,25.8467
2.47697,25.9748
2.39612,26.1505
2.38488,26.3461
2.35896,26.552
2.40517,26.7355
2.34139,26.9272
2.43644,27.1234
2.44635,27.3268
2.36236,27.5214
2.39202,27.7125
2.3799,27.9088
2.39405,28.1109
2.38427,28.3192
2.46365,28.5088
2.36471,28.6796
2.35742,28.8929
2.35303,29.0896
2.18065,29.181
2.33697,29.3156
2.20631,29.477
2.14028,29.6598
2.10581,29.8688
2.00911,30.0538
2.10619,30.2313
2.28262,30.3207
2.14746,30.4886
2.09874,30.6978
2.21926,30.8635
2.188,31.0557
2.22721,31.2335
2.24819,31.4294
2.31594,31.6125
2.16864,31.7451
2.23603,31.9494
2.31196,32.1442
2.31133,32.3493
2.46251,32.4661
2.57683,32.6508
2.44526,32.7943
2.48235,33.0008
2.60564,33.1337
2.58153,33.3231
2.48053,33.5021
2.61827,33.6576
2.5246,33.8403
2.38433,33.9645
2.37072,34.1653
2.40993,34.3631
2.40854,34.5661
2.25225,34.6817
2.1441,34.8647
2.18978,35.0644
2.08857,35.2348
2.12727,35.4304
0.814054,0.145205
0.748118,0.343625
0.770327,0.526859
0.865461,0.712272
0.850539,0.912638
0.850988,1.12315
0.770616,1.30388
0.801587,1.4934
1.00467,1.53008
1.04218,1.71921
0.988151,1.9082
1.18409,1.96237
1.14743,2.15587
1.13914,2.37193
1.17119,2.57973
1.24011,2.77306
1.27515,2.97787
1.31232,3.17188
1.4818,3.26922
1.44502,3.4757
1.39205,3.68426
1.46964,3.87879
1.34283,4.04378
1.39448,4.22978
1.45384,4.42606
1.39722,4.61703
1.48589,4.78878
1.61385,4.94082
1.57179,5.1334
1.66256,5.32004
1.69658,5.52476
1.68656,5.71839
1.89219,5.75356
1.93868,5.95434
1.7277,5.9689
1.75245,6.16631
1.78499,6.36191
1.69954,6.56161
1.7559,6.78119
1.6399,6.95012
1.51291,7.10427
1.58323,7.28881
1.58336,7.49313
1.55254,7.69463
1.70159,7.82176
1.64679,8.00519
1.80499,8.11191
1.71662,8.30135
1.70486,8.50755
1.77044,8.69334
1.79156,8.88642
1.83359,9.0767
1.75587,9.24767
1.62077,9.38682
1.57038,9.58343
1.55406,9.7963
1.54377,10.0197
1.5176,10.2095
1.66344,10.3293
1.7575,10.5282
1.76138,10.7336
1.91957,10.8525
2.08949,10.9772
2.18565,11.1598
2.07557,11.3444
2.04936,11.5451
1.92478,11.7141
1.86881,11.9179
1.95541,12.1248
1.95283,12.3438
1.85183,12.5201
1.93265,12.7024
1.99037,12.8992
2.017,13.1045
1.92187,13.2712
1.88744,13.481
1.99943,13.6432
1.8574,13.7851
1.68581,13.8692
1.77075,14.0631
1.78118,14.2629
1.63696,14.4178
1.60652,14.6098
1.58262,14.8085
1.55937,15.0235
1.55233,15.2324
1.58987,15.4215
1.70609,15.5709
1.89958,15.6547
1.92033,15.8406
1.91113,16.0307
1.92229,16.2344
1.8581,16.422
1.69545,16.555
1.819,16.7252
1.83547,16.9505
1.84327,17.1546
1.94763,17.3286
1.77608,17.4066
1.8338,17.5947
1.90536,17.7777
1.87207,17.9708
1.88258,18.174
1.89607,18.3892
1.86803,18.5813
1.90167,18.7852
1.92993,18.9958
2.03341,19.1584
2.10171,19.3501
2.15411,19.5407
2.00644,19.6949
2.05999,19.9001
1.99629,20.0878
2.02354,20.3049
2.03696,20.5014
2.08264,20.703
2.04804,20.9105
2.24729,21.0071
2.19239,21.1984
2.24753,21.3903
2.21882,21.5879
2.28292,21.7942
2.4267,21.9543
2.27323,22.1037
2.27689,22.3
2.28395,22.4932
2.26942,22.704
2.42555,22.8535
2.43539,23.0466
2.25073,23.1257
2.34124,23.3066
2.46302,23.4639
2.44614,23.6605
2.39836,23.8668
2.4969,24.0397
2.55045,24.2372
2.54521,24.4467
2.59632,24.6329
2.51144,24.817
2.5244,25.0175
2.5863,25.2009
2.73804,25.3511
2.71073,25.5575
2.7284,25.7512
2.84658,25.925
2.93189,26.0955
2.91944,26.301
2.95439,26.4912
3.06035,26.67
3.05502,26.8871
3.09617,27.0856
2.99299,27.2399
3.03005,27.4334
3.00483,27.6323
2.87966,27.7928
2.81538,27.9759
2.8252,28.176
2.73421,28.3688
2.87267,28.5147
2.95866,28.7067
3.00411,28.8968
2.9466,29.0886
2.89099,29.2784
2.95558,29.4633
3.02733,29.6586
3.03726,29.8458
2.99812,30.0607
3.03648,30.2565
3.0363,30.4677
3.08805,30.6527
3.17332,30.8265
3.25462,31.0232
3.11097,31.1765
3.01224,31.3511
3.06175,31.5491
3.06783,31.7549
3.01644,31.9363
3.13556,32.107
3.2266,32.2977
3.2415,32.5113
3.1082,32.6601
3.02839,32.8443
3.02416,33.0475
2.96755,33.2418
3.05009,33.426
2.98734,33.6208
2.99016,33.8199
3.05484,34.0177
3.05148,34.2213
3.06518,34.4171
2.94434,34.5749
2.96614,34.7744
2.88532,34.9755
2.9854,35.16
3.15036,35.2637
2.97976,35.3856
3.04698,35.5747
3.01641,35.7799
3.09873,35.9558
3.22204,36.1165
1.29031,0.178344
1.5039,0.172236
1.59007,0.366262
1.67691,0.543815
1.6982,0.742386
1.73111,0.956894
1.60607,1.12233
1.54001,1.33176
1.58475,1.51052
1.55104,1.70156
1.6671,1.87738
1.64237,2.1038
1.7532,2.27414
1.74805,2.47018
1.85784,2.65695
2.04407,2.76014
2.20347,2.89183
2.07186,3.04845
1.95524,3.22947
2.15964,3.24629
2.24404,3.44129
2.40978,3.55063
2.45186,3.77104
2.62421,3.90473
2.79067,4.008
2.87788,4.18619
2.88061,4.4021
2.89545,4.62142
2.84308,4.80739
2.87044,5.01725
2.9004,5.21461
2.86202,5.41084
2.89522,5.6028
2.78167,5.7812
2.92226,5.94387
3.01745,6.12041
3.03669,6.31092
3.0494,6.52603
3.0649,6.71984
3.09073,6.93028
3.19492,7.0953
3.30715,7.25501
3.19762,7.42827
3.19648,7.62795
3.24611,7.82206
3.3634,7.97856
3.30032,8.17149
3.199,8.34821
3.25347,8.5318
3.33579,8.72168
3.34207,8.92484
3.49892,9.06824
3.57546,9.25202
3.3901,9.35652
3.33252,9.55381
3.28329,9.76233
3.19254,9.97993
3.17901,10.1859
3.15262,10.3803
3.15546,10.588
2.95522,10.685
3.12252,10.8266
2.99573,10.9867
2.92968,11.1701
2.99959,11.369
3.02758,11.5566
3.07487,11.7482
3.06088,11.9455
3.02275,12.1371
3.12292,12.3115
3.11361,12.5136
3.01032,12.6869
2.90248,12.8678
2.73834,12.9759
2.74025,13.1988
2.73968,13.4032
2.78087,13.609
2.77226,13.8019
2.84792,13.9797
2.96909,14.1327
3.13617,14.2566
3.14087,14.4542
3.25713,14.6115
3.2604,14.8199
3.23977,15.0402
3.3486,15.2273
3.34842,15.4345
3.40288,15.6333
3.55465,15.752
3.49311,15.9483
3.46708,16.1594
3.49314,16.3707
3.54565,16.5428
3.69857,16.6866
3.58591,16.855
3.77002,16.9638
3.7604,17.1721
3.74008,17.3755
3.63662,17.5401
3.78304,17.69
3.88705,17.8563
3.86011,18.0556
3.78852,18.2461
3.99679,18.2441
3.98666,18.4485
3.9142,18.6395
3.79455,18.8158
3.86655,19.0068
3.85233,19.2027
3.65538,19.2954
3.72807,19.4853
3.71277,19.6841
3.57118,19.8118
3.51024,20.0091
3.60439,20.1865
3.56451,20.3737
3.43635,20.5466
3.46506,20.7656
3.30741,20.8964
3.4874,20.9815
3.52686,21.1844
3.58595,21.3886
3.58343,21.5869
3.5899,21.7846
3.6631,21.9766
3.66417,22.1827
3.83643,22.2869
3.92067,22.4876
4.00699,22.664
3.89025,22.8346
3.73114,22.9564
3.60017,23.1217
3.54973,23.3261
3.72972,23.3701
3.78883,23.5741
3.79211,23.77
3.91375,23.941
3.93235,24.1456
3.95422,24.3412
4.09117,24.483
4.09694,24.6802
3.97422,24.8511
4.01821,25.0448
4.0845,25.2309
4.1856,25.4037
4.33668,25.5581
4.4604,25.714
4.5791,25.874
4.51269,26.0748
4.3719,26.2249
4.33595,26.4361
4.18519,26.5967
4.32018,26.7343
4.31458,26.9279
4.33738,27.1233
4.40028,27.3274
4.49982,27.5047
4.54229,27.7056
4.47555,27.8892
4.45903,28.0918
4.54035,28.2884
4.51366,28.5013
4.55199,28.7015
4.71255,28.8316
4.81224,29.0106
4.96423,29.1409
4.96911,29.3466
-4.95549,29.5354
-4.82113,29.6829
-4.79648,29.8699
-4.83508,30.0662
-4.90142,30.2597
-4.99768,30.4422
4.90807,30.6378
4.97372,30.8286
-4.99898,31.0153
4.89654,31.211
4.73305,31.3316
4.8829,31.4726
4.92665,31.6779
4.9874,31.8658
4.93811,32.0713
4.9128,32.2745
4.95939,32.4799
4.87572,32.6701
4.93182,32.8602
4.90428,33.0608
4.82451,33.2359
4.95416,33.4057
4.85741,33.5884
4.8055,33.7935
4.83316,33.9898
4.77054,34.1773
4.95878,34.2328
4.91255,34.4489
4.9306,34.6543
4.8369,34.8286
-4.97698,34.8823
-4.9897,35.0798
4.97395,35.2775
