3.10052,0.188464
3.09171,0.408107
2.94552,0.558944
3.05068,0.755884
2.89396,0.893487
2.97872,1.06906
2.93128,1.26573
3.0539,1.42935
3.06055,1.64138
3.06147,1.8503
3.17895,2.03893
3.23813,2.24079
3.24348,2.44473
3.25277,2.64079
3.0899,2.78631
2.92947,2.8957
2.82387,3.05668
2.92993,3.24062
2.94017,3.4386
2.85099,3.61362
2.80898,3.7964
2.97562,3.92628
2.87568,4.11361
2.83597,4.32786
2.97191,4.46044
2.98363,4.67074
3.09337,4.83703
3.04338,5.03085
3.10755,5.22062
2.90394,5.23754
2.80819,5.41796
2.81799,5.61006
2.82715,5.80511
2.84249,6.00847
2.91341,6.19894
2.94237,6.38732
2.88017,6.57916
2.84565,6.78015
2.87386,6.97712
2.73936,7.13894
2.85936,7.30353
2.75847,7.47829
2.88257,7.63237
2.91297,7.84206
2.92747,8.03805
2.89144,8.23933
2.82571,8.4287
2.85037,8.63398
2.77135,8.81299
2.9232,8.9543
2.79792,9.13353
2.91466,9.30626
3.02962,9.47715
2.9202,9.63995
3.02462,9.82425
3.01554,10.031
2.80942,10.1052
2.65389,10.2261
2.62107,10.4244
2.74638,10.5706
2.8169,10.7468
2.83736,10.9576
2.89395,11.1668
2.77181,11.3413
2.92949,11.4718
2.83116,11.6503
2.67615,11.8009
2.56813,11.9782
2.70036,12.1168
2.70092,12.3122
2.5768,12.4899
2.52114,12.6847
2.62891,12.8689
2.59423,13.074
2.72852,13.2094
2.72405,13.4101
2.68091,13.6192
2.76828,13.7975
2.89359,13.9438
3.05041,14.083
3.11564,14.2765
2.97794,14.4261
2.95488,14.6392
2.77992,14.7704
2.80319,14.9613
2.73577,15.1561
2.66172,15.36
2.52198,15.5099
2.62525,15.6941
2.56717,15.8767
2.64197,16.0725
2.65758,16.2772
2.73161,16.4725
2.79884,16.6577
2.86288,16.8351
2.9235,17.0197
2.84962,17.2023
2.74547,17.3856
2.58044,17.5103
2.55731,17.7084
2.58559,17.9215
2.7264,18.0783
2.83478,18.2473
2.91169,18.4348
2.78748,18.5959
2.87062,18.7862
2.82275,18.9743
2.91205,19.1553
2.84714,19.3623
2.91711,19.5529
3.09579,19.6341
3.239,19.7771
3.2051,19.9962
3.09609,20.1653
3.29307,20.2418
3.46083,20.3387
3.52114,20.5484
3.69756,20.6473
3.68016,20.8554
3.7281,21.0721
3.67159,21.2548
3.76286,21.4261
3.66101,21.6151
3.6445,21.8146
3.75709,21.9819
3.64914,22.1348
3.61986,22.3403
3.69742,22.5193
3.56794,22.6846
3.52284,22.8726
3.47566,23.0811
3.38834,23.2541
3.42325,23.464
3.52594,23.6372
3.52782,23.8309
3.72096,23.878
3.84951,24.0241
3.88678,24.222
3.81059,24.4004
3.79914,24.5985
3.95986,24.7082
3.85027,24.8837
3.93269,25.0669
4.02312,25.2573
4.0062,25.4588
3.98946,25.6589
3.91313,25.8602
3.85812,26.041
3.89681,26.2445
3.97829,26.4228
3.78794,26.4996
3.91011,26.6757
3.84473,26.8763
3.78139,27.0724
3.75041,27.2707
3.66432,27.4471
3.54262,27.6025
3.74082,27.6274
3.77951,27.8276
3.85983,28.002
3.88363,28.1965
3.89753,28.41
3.96346,28.5832
3.91438,28.7861
3.88401,28.9921
3.73379,29.1609
3.90786,29.2686
3.92439,29.488
3.81759,29.6509
3.83608,29.8486
3.80115,30.062
3.67072,30.2216
3.73606,30.4078
3.74514,30.6003
3.57846,30.698
3.69709,30.8622
3.65547,31.0738
3.62147,31.262
3.62783,31.4753
3.58905,31.6678
3.50119,31.8561
3.50332,32.0586
3.6581,32.213
3.73545,32.3996
3.6073,32.5579
3.71863,32.7288
3.82623,32.9036
3.89923,33.0914
3.9648,33.2651
3.98044,33.4641
3.95877,33.6625
4.075,33.826
4.08695,34.0252
4.15161,34.211
4.22323,34.3925
4.29839,34.5724
4.16186,34.7277
4.21481,34.9132
4.30734,35.0906
4.28032,35.2903
3.75394,0.485634
3.83087,0.678142
3.73854,0.857166
3.7411,1.08169
3.64812,1.27946
3.53606,1.4566
3.55106,1.65775
3.65612,1.83948
3.71982,2.02712
3.63893,2.18905
3.80687,2.29435
4.00012,2.3111
3.87848,2.4885
3.86801,2.68547
3.99841,2.83322
3.9112,3.02294
3.9638,3.22969
3.76944,3.33957
3.83982,3.5375
3.82845,3.75127
3.81787,3.96533
3.76704,4.15533
3.8467,4.3457
3.88892,4.54979
4.00326,4.70711
3.87957,4.86759
3.88969,5.07019
3.89815,5.28413
3.75665,5.43796
3.72826,5.64323
3.69375,5.85407
3.73478,6.05931
3.78871,6.25521
3.75333,6.46459
3.77098,6.66737
3.58311,6.77365
3.72782,6.90388
3.68792,7.11185
3.5852,7.30972
3.62395,7.50297
3.77477,7.64061
3.87028,7.81863
3.83708,8.014
3.90991,8.21487
3.97641,8.40623
3.98983,8.61147
3.98876,8.81228
3.96472,9.01371
3.87215,9.20214
3.78672,9.38632
3.71676,9.57665
3.63193,9.76262
3.56482,9.95588
3.61,10.1546
3.64536,10.3573
3.68547,10.5568
3.73104,10.7589
3.66668,10.95
3.63421,11.1508
3.57681,11.3479
3.53989,11.546
3.68189,11.6924
3.78629,11.8784
3.93333,12.0029
3.98765,12.2042
3.9414,12.4005
4.00915,12.5843
4.0667,12.7807
4.07843,12.9886
3.96609,13.1645
3.93809,13.3575
3.9095,13.575
3.94083,13.7724
3.78527,13.8965
3.74725,14.0849
3.77021,14.2711
3.78628,14.4609
3.71297,14.6442
3.88083,14.7684
3.87176,14.9664
3.95311,15.1669
3.9439,15.3622
3.99319,15.5508
3.8263,15.6793
3.88005,15.872
3.86353,16.0828
3.71729,16.2241
3.73372,16.4243
3.72187,16.6127
3.76372,16.806
3.74172,17.0223
3.78686,17.221
3.70167,17.4016
3.62908,17.5996
3.6699,17.8152
3.70232,18.0174
3.66246,18.2091
3.52934,18.3529
3.62596,18.5244
3.52057,18.6995
3.51852,18.8908
3.44919,19.0836
3.65005,19.1191
3.72806,19.2962
3.72219,19.519
3.77542,19.7162
3.9594,19.7915
3.90344,19.9961
3.99758,20.1724
4.02157,20.3662
4.04027,20.5556
4.08428,20.7526
4.29063,20.7884
4.38,20.9618
4.46429,21.1526
4.56473,21.3396
4.51762,21.5463
4.44646,21.7343
4.46179,21.9442
4.64284,22.0533
4.51909,22.2174
4.66178,22.3567
4.62408,22.5689
4.75886,22.6985
4.72523,22.8992
4.6033,23.0662
4.55161,23.2589
4.59853,23.465
4.77392,23.549
4.66852,23.7245
4.54324,23.8855
4.49525,24.0971
4.51994,24.2969
4.37515,24.4589
4.41757,24.6638
4.62941,24.6772
4.62043,24.8673
4.5332,25.0573
4.48421,25.2852
4.37436,25.455
4.54199,25.5607
4.66572,25.7179
4.80407,25.8709
4.87317,26.0669
4.92742,26.2607
4.72498,26.2612
4.83389,26.4363
4.8851,26.6199
4.71077,26.7574
4.70647,26.9536
4.76123,27.1568
4.70871,27.3377
4.68195,27.5361
4.70768,27.7314
4.78907,27.9134
4.84424,28.1073
4.91815,28.2939
-4.93128,28.4513
-4.8894,28.6467
-4.78283,28.815
-4.78057,29.0101
-4.74969,29.2208
-4.71718,29.4352
-4.73831,29.6351
-4.83612,29.7973
-4.93372,29.9749
-4.90213,30.1808
-4.98929,30.3523
4.98718,30.547
4.88061,30.7228
4.7845,30.8986
4.80862,31.1105
4.76485,31.3223
4.71447,31.521
4.62319,31.6974
4.51386,31.8667
4.49795,32.0532
4.66345,32.1833
4.77096,32.3494
4.87056,32.5238
4.83003,32.7214
4.81075,32.927
4.90144,33.1265
-4.98658,33.3103
-4.86592,33.4599
-4.95583,33.6512
-4.88356,33.8315
-4.94033,34.0319
4.9307,34.1974
4.76931,34.3336
4.75647,34.5467
4.73497,34.752
4.62733,34.9192
4.61469,35.1198
4.78454,35.2218
4.82242,35.4225
4.80617,35.6219
4.79472,35.8072
4.75014,35.9887
4.77213,36.1956
4.75654,-0.00668744
4.7948,0.187415
4.8666,0.381747
4.92636,0.572113
4.91308,0.783901
-4.94481,0.958621
-4.87143,1.14208
-4.8139,1.34065
-4.92633,1.51912
4.98824,1.69764
4.93276,1.89527
4.80618,2.06029
4.89851,2.2528
-4.9126,2.36589
-4.97703,2.56094
-4.83553,2.70789
4.98596,2.79036
-4.99137,2.98991
4.87729,3.14944
4.88143,3.36917
4.78487,3.55713
4.7614,3.76483
4.72311,3.97704
4.78694,4.17066
4.72859,4.37438
4.67515,4.56883
4.61379,4.74654
4.61427,4.95048
4.58324,5.15183
4.6477,5.3534
4.57545,5.5578
4.4846,5.74451
4.50955,5.95351
4.4813,6.15603
4.58385,6.35218
4.50449,6.53274
4.52907,6.73892
4.58548,6.92508
4.54961,7.11975
4.55395,7.31503
4.61311,7.50076
4.70152,7.69585
4.78081,7.88235
4.80326,8.08202
4.92183,8.26972
4.78935,8.42126
4.89783,8.5711
4.87851,8.78709
4.98695,8.94905
4.98676,9.13213
4.90444,9.31144
4.98482,9.50357
4.93996,9.70665
4.96684,9.91205
4.91878,10.1072
4.91946,10.3068
-4.95127,10.4845
-4.82413,10.6488
-4.73428,10.82
-4.64891,10.9979
-4.53702,11.173
-4.50122,11.3661
-4.62984,11.5222
-4.59382,11.7219
-4.47706,11.8839
-4.56827,12.0618
-4.56016,12.2608
-4.62962,12.4334
-4.59388,12.6572
-4.65592,12.8723
-4.59231,13.067
-4.65074,13.2669
-4.70231,13.4697
-4.52881,13.5719
-4.55709,13.7849
-4.42559,13.944
-4.50793,14.1331
-4.48002,14.3342
-4.62869,14.4841
-4.59924,14.6791
-4.7056,14.8573
-4.8892,14.9254
-4.95218,15.1089
-4.91032,15.3138
-4.90838,15.5134
-4.90383,15.7178
4.99766,15.8926
-4.94254,16.1003
-4.89961,16.3151
-4.88638,16.53
-4.73947,16.6714
-4.59335,16.7957
-4.41747,16.9117
-4.32139,17.0808
-4.27236,17.2809
-4.16034,17.4535
-4.20926,17.6669
-4.17041,17.8599
-4.21046,18.0535
-4.20864,18.2926
-4.23612,18.4876
-4.24441,18.6861
-4.2601,18.8834
-4.12116,19.0446
-4.02131,19.2196
-4.0329,19.4334
-4.03887,19.6326
-3.85558,19.6964
-3.9992,19.8485
-4.04355,20.0364
-4.04553,20.2316
-4.23949,20.2931
-4.2093,20.5119
-4.14732,20.6993
-4.23474,20.8781
-4.32916,21.0706
-4.44635,21.2328
-4.56184,21.3997
-4.58757,21.5913
-4.56893,21.7862
-4.45487,21.9429
-4.39648,22.1538
-4.2942,22.3305
-4.14088,22.4924
-4.29674,22.6157
-4.26082,22.8254
-4.21945,23.0184
-4.1205,23.1852
-4.12818,23.381
-4.0893,23.5759
-4.12282,23.7755
-3.96037,23.9046
-3.9154,24.1075
-4.03685,24.2785
-4.15121,24.4611
-4.30513,24.5923
-4.15508,24.728
-4.27142,24.8964
-4.2489,25.1132
-4.3677,25.2661
-4.3535,25.4598
-4.4247,25.654
-4.46914,25.8591
-4.48951,26.0566
-4.29919,26.1681
-4.40456,26.3408
-4.44476,26.5332
-4.28055,26.6333
-4.32968,26.832
-4.3686,27.0372
-4.24608,27.1803
-4.12004,27.3423
-4.07198,27.5427
-4.13339,27.7404
-4.11922,27.9342
-4.18509,28.1188
-4.06485,28.2889
-4.00234,28.5021
-3.9886,28.7107
-4.11442,28.8649
-4.16928,29.0637
-4.17384,29.2884
-4.06971,29.4476
-4.08074,29.655
-4.02546,29.8465
-4.04703,30.0543
-3.89073,30.1801
-3.83821,30.3855
-3.79679,30.5972
-3.75184,30.8025
-3.63782,30.9603
-3.80871,31.063
-3.83746,31.2614
-3.76661,31.4556
-3.73621,31.6741
-3.85022,31.8236
-3.70059,31.9578
-3.65957,32.1586
-3.64776,32.366
-3.77017,32.5197
-3.58401,32.5989
-3.476,32.7976
-3.47029,33.0017
-3.64238,33.0922
-3.55755,33.2888
-3.49082,33.481
-3.495,33.686
-3.59673,33.8663
-3.50141,34.0392
-3.5019,34.2374
-3.54116,34.4341
-3.63557,34.618
-3.43684,34.6769
-3.32742,34.8552
-3.41783,35.0317
-3.42107,35.2443
-3.52422,35.4262
-3.49303,35.6343
-3.37065,35.804
-3.35289,36.0186
-4.15236,0.399087
-4.06927,0.593842
-4.10655,0.785265
-4.24723,0.942025
-4.2433,1.12015
-4.2808,1.31993
-4.29582,1.5252
-4.28798,1.731
-4.20148,1.9069
-4.07848,2.05444
-4.04071,2.2688
-4.00214,2.46802
-3.96123,2.66734
-4.00317,2.87421
-4.1136,3.0564
-4.06548,3.24833
-4.14952,3.42128
-4.20244,3.61897
-4.08731,3.78741
-4.16876,3.97495
-4.25686,4.15311
-4.10551,4.2567
-4.0165,4.43731
-4.11802,4.62178
-4.12515,4.81952
-4.08348,5.01643
-4.07415,5.21387
-4.13792,5.3984
-4.10547,5.5983
-4.2189,5.75477
-4.13082,5.93859
-4.03679,6.11854
-3.92244,6.29763
-4.00946,6.4844
-4.0453,6.6956
-3.97855,6.88331
-3.87599,7.04923
-3.75567,7.20895
-3.75445,7.3963
-3.78344,7.59129
-3.65435,7.74379
-3.65121,7.94151
-3.70487,8.1241
-3.71546,8.33381
-3.65,8.53395
-3.76462,8.70061
-3.7733,8.89723
-3.80944,9.07261
-3.64015,9.19976
-3.54699,9.38933
-3.4692,9.58074
-3.35253,9.76027
-3.3721,9.95595
-3.28512,10.1526
-3.1866,10.3212
-3.13236,10.5172
-3.10672,10.7269
-3.11674,10.9448
-3.16881,11.147
-3.06975,11.3185
-3.05419,11.5201
-3.00138,11.7157
-2.93071,11.9126
-2.93846,12.1126
-3.03145,12.2883
-3.00782,12.4938
-2.99093,12.6928
-3.09806,12.8472
-2.91169,12.94
-2.94273,13.1418
-3.07381,13.3185
-3.04454,13.5253
-3.02884,13.7402
-2.99322,13.9534
-2.81139,14.0471
-2.9267,14.2026
-2.84118,14.3805
-2.85353,14.5885
-2.97145,14.7717
-3.00143,14.9768
-2.98173,15.1851
-2.97153,15.3895
-2.81512,15.5165
-2.96967,15.6584
-3.01138,15.8804
-2.85699,15.9969
-2.87553,16.2083
-2.69131,16.1484
-2.51171,16.2525
-2.6736,16.4026
-2.84844,16.4837
-2.77509,16.6678
-2.74073,16.8744
-2.84743,17.0471
-2.71311,17.1907
-2.69475,17.3845
-2.71963,17.5981
-2.78931,17.8108
-2.90334,17.9879
-2.86487,18.1769
-2.80912,18.3751
-2.73618,18.566
-2.6225,18.7412
-2.80003,18.8702
-2.84098,19.0619
-2.89473,19.2595
-2.94894,19.4551
-3.00931,19.6439
-3.13361,19.8011
-3.2565,19.9606
-3.09949,20.0851
-3.19289,20.2725
-3.1264,20.4634
-2.98054,20.5789
-3.02662,20.7784
-2.9505,20.9627
-2.94345,21.1593
-2.92054,21.3634
-3.02913,21.5281
-3.17068,21.6822
-3.305,21.8375
-3.47434,21.9574
-3.33489,22.0932
-3.28676,22.2807
-3.3111,22.4892
-3.42313,22.6597
-3.45973,22.8676
-3.34922,23.0316
-3.2733,23.2254
-3.21589,23.4253
-3.21757,23.6404
-3.07181,23.7864
-3.00076,23.9722
-2.98839,24.1781
-3.03923,24.3747
-3.17767,24.5278
-3.19979,24.743
-3.20182,24.9518
-3.12561,25.1288
-3.19459,25.3183
-3.08653,25.4983
-3.15265,25.676
-3.15208,25.8807
-3.24798,26.0525
-3.19674,26.2572
-3.2123,26.4706
-3.13267,26.663
-3.13719,26.8574
-3.22299,27.0676
-3.20409,27.2689
-3.12612,27.4506
-3.14299,27.6538
-3.11597,27.854
-3.04498,28.0374
-3.00991,28.2306
-3.01884,28.4395
-3.18772,28.5628
-3.2055,28.7706
-3.20751,28.9722
-3.18943,29.1639
-3.1112,29.3443
-2.98641,29.4914
-2.99479,29.6839
-2.96572,29.8978
-3.13662,30.0218
-3.11468,30.2252
-3.20169,30.4014
-3.12171,30.5687
-3.19898,30.7714
-3.31394,30.9272
-3.16259,31.0407
-3.30812,31.1825
-3.1846,31.3342
-3.2166,31.5357
-3.16941,31.7211
-3.30026,31.8809
-3.14938,32.0143
-3.18891,32.2184
-3.22121,32.4224
-3.13313,32.5986
-3.1285,32.8093
-3.0975,33.0066
-2.98282,33.1641
-2.92464,33.3558
-2.89182,33.5513
-2.82619,33.75
-2.82876,33.9598
-2.75504,34.1542
-2.74265,34.3525
-2.85153,34.5347
-3.04044,34.5731
-3.04599,34.7849
-3.0303,34.9838
-3.06278,35.1773
-3.11255,35.3826
-3.08966,35.5763
-2.99886,35.7426
-2.9086,35.9073
-2.82104,36.0963
-2.79156,36.2954
-2.54545,-0.051535
-2.57726,0.152657
-2.49813,0.329426
-2.48881,0.534381
-2.39342,0.706036
-2.38727,0.922628
-2.32144,1.10658
-2.45308,1.2744
-2.43016,1.49603
-2.40629,1.69278
-2.46423,1.90024
-2.43403,2.10804
-2.29415,2.23897
-2.29994,2.44346
-2.18918,2.61898
-2.1442,2.82485
-2.18421,3.03441
-2.20792,3.22927
-2.13044,3.42376
-2.19789,3.60125
-2.09577,3.78425
-2.22261,3.94851
-2.32708,4.11752
-2.46648,4.28055
-2.54008,4.45677
-2.54929,4.67005
-2.51924,4.87227
-2.41599,5.05136
-2.31223,5.22014
-2.17098,5.36325
-2.03846,5.52963
-2.04642,5.75239
-2.1198,5.92657
-2.06297,6.13504
-2.01394,6.33923
-2.01811,6.53391
-2.23336,6.53767
-2.24589,6.72581
-2.25863,6.91388
-2.10197,7.06657
-2.18865,7.24859
-2.07153,7.42984
-2.05853,7.61838
-2.11517,7.81218
-2.03008,7.98952
-2.1009,8.17561
-2.05488,8.37234
-2.21498,8.4912
-2.31463,8.6754
-2.32397,8.87361
-2.27255,9.08377
-2.25612,9.29242
-2.07658,9.40506
-1.90647,9.53623
-1.94511,9.72632
-1.8359,9.89425
-1.87488,10.092
-1.75968,10.2499
-1.8312,10.4518
-1.70721,10.6053
-1.8295,10.7667
-1.74319,10.9529
-1.75468,11.1521
-1.7471,11.3561
-1.90974,11.4878
-1.85316,11.6791
-1.88456,11.866
-1.89929,12.0884
-1.97033,12.2847
-1.99599,12.4704
-1.9113,12.6414
-1.95016,12.8448
-2.02936,13.0094
-1.99619,13.2255
-2.12929,13.3943
-2.28173,13.5185
-2.08559,13.6148
-2.25308,13.7351
-2.27231,13.9326
-2.28654,14.1523
-2.2109,14.3382
-2.20022,14.5657
-2.18124,14.7625
-2.16411,14.9472
-2.16632,15.1572
-2.28014,15.3484
-2.24034,15.5423
-2.21601,15.7519
-2.20275,15.9518
-2.17167,16.1511
-2.28042,16.3202
-2.29163,16.5271
-2.26075,16.7295
-2.23992,16.9426
-2.24329,17.1541
-2.33803,17.3351
-2.17952,17.4704
-2.07053,17.6239
-2.06173,17.8214
-1.92034,17.9605
-1.9565,18.1656
-1.92651,18.373
-2.0247,18.5436
-2.04416,18.7312
-2.21797,18.8247
-2.37423,18.9447
-2.30717,19.1331
-2.31593,19.3535
-2.17007,19.5007
-2.2032,19.72
-2.16033,19.8994
-2.2048,20.0974
-2.11312,20.2835
-2.13507,20.4923
-2.17899,20.7016
-2.11309,20.9053
-2.00128,21.0768
-1.93599,21.2913
-1.9707,21.4961
-2.14898,21.6064
-2.21474,21.8186
-2.37301,21.9508
-2.21201,22.0848
-2.09878,22.2406
-2.21733,22.4123
-2.10975,22.587
-2.04351,22.7573
-2.12619,22.9464
-2.03775,23.1288
-1.93463,23.3043
-1.90877,23.5141
-1.83839,23.6871
-1.88481,23.8769
-1.97017,24.0569
-1.95057,24.254
-2.05027,24.4574
-2.17104,24.6331
-2.1441,24.8377
-2.21652,25.0174
-2.12171,25.1936
-2.11897,25.3932
-2.31604,25.4331
-2.45805,25.5798
-2.3992,25.7979
-2.328,25.9914
-2.23282,26.1818
-2.14679,26.3625
-2.25697,26.5474
-2.20909,26.7438
-2.15252,26.9424
-2.14937,27.147
-2.10671,27.3624
-2.18114,27.5515
-2.21142,27.7506
-2.18248,27.9576
-2.17296,28.1703
-2.26253,28.3734
-2.26258,28.5818
-2.40194,28.7214
-2.43111,28.9331
-2.30782,29.0942
-2.28264,29.2969
-2.33021,29.4881
-2.47259,29.6309
-2.56541,29.7966
-2.62137,29.9815
-2.61102,30.1852
-2.55467,30.3744
-2.64625,30.5384
-2.66231,30.7388
-2.68046,30.9354
-2.75792,31.1181
-2.64623,31.2752
-2.6257,31.4822
-2.68515,31.6693
-2.59375,31.8565
-2.64595,32.0556
-2.45017,32.1062
-2.29517,32.2314
-2.12523,32.333
-2.14276,32.5363
-2.15827,32.7289
-2.06337,32.8952
-2.02005,33.1121
-2.09957,33.3084
-2.21958,33.4656
-2.0182,33.5108
-1.92651,33.6835
-1.90753,33.8743
-1.92629,34.0913
-1.81058,34.2549
-1.86776,34.4516
-1.85179,34.6459
-1.84526,34.8474
-2.01923,34.9753
-2.09676,35.1638
-2.13376,35.365
-2.00968,35.5138
-1.90027,35.679
-1.82977,35.858
-1.14418,0.322727
-1.19069,0.516577
-1.28438,0.700763
-1.15326,0.856616
-1.20672,1.05713
-1.21085,1.25272
-1.19474,1.45988
-1.10796,1.62159
-1.18635,1.80669
-1.14249,2.01077
-1.11902,2.21593
-1.12054,2.41998
-1.10493,2.61762
-1.16145,2.83026
-1.33473,2.91969
-1.34569,3.11667
-1.34167,3.32017
-1.18525,3.45855
-1.17826,3.65761
-1.29399,3.83986
-1.19659,4.04175
-1.19682,4.24255
-1.19811,4.44418
-1.03886,4.56777
-1.12121,4.76986
-1.1354,4.96414
-0.992317,5.12157
-1.12753,5.27217
-1.17105,5.47717
-1.03227,5.62527
-1.10154,5.82382
-1.21004,6.00167
-1.15123,6.19323
-1.09524,6.38425
-1.25671,6.50707
-1.26367,6.70478
-1.28616,6.91246
-1.12237,7.02279
-1.16698,7.21119
-0.999944,7.34553
-1.06511,7.52386
-1.12946,7.72164
-1.07583,7.92638
-0.919482,8.05253
-0.902969,8.24613
-0.929435,8.43631
-0.9504,8.64899
-0.841398,8.81838
-0.913128,9.03161
-0.973893,9.23767
-1.05372,9.42584
-0.949438,9.59023
-1.06693,9.76387
-1.10795,9.97385
-1.18157,10.1664
-1.10288,10.3528
-1.2065,10.5144
-1.06882,10.6539
-1.01974,10.8575
-1.11888,11.0331
-1.16888,11.2104
-1.25879,11.3872
-1.36857,11.5533
-1.4809,11.7249
-1.36199,11.8903
-1.24951,12.0676
-1.28394,12.259
-1.36178,12.4436
-1.40497,12.6408
-1.36769,12.8553
-1.41342,13.0579
-1.31349,13.2372
-1.2581,13.4175
-1.36951,13.5922
-1.23218,13.7369
-1.30501,13.9231
-1.17228,14.063
-1.11147,14.2644
-1.04082,14.4757
-1.0239,14.6742
-1.1984,14.7664
-1.26885,14.9699
-1.27692,15.1808
-1.14103,15.3298
-1.06638,15.5213
-1.027,15.7199
-0.944922,15.9235
-0.924718,16.1244
-0.98176,16.3118
-1.0666,16.4989
-1.00431,16.695
-1.10261,16.874
-1.05238,17.0862
-0.964726,17.2637
-1.03513,17.4452
-0.91642,17.6097
-0.870945,17.807
-0.850119,18.019
-0.889332,18.22
-0.925152,18.4153
-0.776588,18.5491
-0.749523,18.748
-0.700917,18.9464
-0.720169,19.1544
-0.648883,19.3479
-0.618962,19.5521
-0.641804,19.7547
-0.450277,19.8406
-0.62007,19.9599
-0.749868,20.132
-0.816044,20.3216
-0.934081,20.4609
-0.795545,20.6005
-0.845468,20.7845
-1.00222,20.9273
-1.19164,20.976
-1.18806,21.1825
-1.26875,21.3722
-1.30375,21.5821
-1.22807,21.7673
-1.15062,21.9691
-1.35013,22.0013
-1.27838,22.1839
-1.22139,22.3672
-1.03932,22.4527
-1.11551,22.6319
-1.15783,22.8492
-1.2646,23.0231
-1.22817,23.2076
-1.13069,23.391
-1.10617,23.6045
-1.03367,23.7941
-1.08231,23.9907
-1.28362,24.0491
-1.31033,24.2544
-1.17758,24.3987
-1.28531,24.5641
-1.34887,24.7515
-1.39016,24.9574
-1.28664,25.1336
-1.34978,25.3275
-1.20686,25.4711
-1.0804,25.6388
-0.948025,25.7957
-0.81859,25.9536
-0.873488,26.1418
-0.953148,26.3215
-0.802868,26.4659
-0.820822,26.6733
-0.913667,26.853
-1.03013,27.0151
-1.1567,27.2003
-1.16549,27.3813
-1.20049,27.5829
-1.0855,27.7624
-1.13381,27.9611
-1.2187,28.1465
-1.14329,28.3366
-1.11573,28.5339
-1.15769,28.7294
-1.21138,28.9265
-1.22341,29.1228
-1.13791,29.3053
-1.15935,29.5055
-1.20066,29.7104
-1.07919,29.8813
-1.11322,30.0884
-1.08004,30.2817
-1.20782,30.4381
-1.30199,30.6054
-1.19828,30.7612
-1.21412,30.9767
-1.02254,31.0503
-1.12296,31.2531
-1.13897,31.4423
-0.99119,31.58
-0.940949,31.771
-0.804886,31.9577
-0.900612,32.1339
-1.03857,32.2962
-0.894639,32.4369
-0.884922,32.6356
-0.838817,32.8332
-0.882036,33.0352
-1.02263,33.1664
-1.12234,33.361
-1.19668,33.5396
-1.03792,33.6777
-1.07344,33.8815
-1.15125,34.0621
-0.948331,34.0693
-0.920785,34.2729
-0.892762,34.4688
-0.804363,34.6484
-0.859524,34.8359
-0.677384,34.9378
-0.556553,35.0858
-0.540563,35.2881
-0.546441,35.4955
-0.617543,35.6805
-0.379867,0.403994
-0.246607,0.546738
-0.431246,0.626863
-0.42021,0.840792
-0.505349,1.01879
-0.348383,1.14631
-0.440609,1.35542
-0.377509,1.54036
-0.230091,1.67684
-0.105115,1.84032
-0.0563914,2.03191
-0.0656992,2.23636
-0.0863629,2.44434
-0.0154244,2.63345
-0.0917204,2.8266
-0.210013,2.98982
-0.289522,3.18317
-0.368533,3.36107
-0.177894,3.4026
-0.0839547,3.56627
-0.086589,3.76952
0.0958283,3.86788
0.247457,3.99328
0.275193,4.19411
0.374978,4.37381
0.199392,4.43617
0.245303,4.62131
0.117904,4.78633
0.191056,4.97832
0.09513,5.17349
0.0188283,5.37318
0.185909,5.48367
0.172841,5.68273
0.189063,5.8844
0.272123,6.07336
0.129473,6.23293
0.130359,6.44535
0.236994,6.63025
0.18026,6.82451
0.0409363,6.96553
0.121992,7.15405
-0.00249018,7.32251
-0.131431,7.47835
-0.174218,7.67209
-0.199747,7.86678
-0.182795,8.06111
-0.261263,8.22758
-0.126861,8.37531
-0.225616,8.53482
-0.113371,8.70558
-0.132743,8.90876
-0.197057,9.103
-0.192581,9.31584
-0.15837,9.51676
-0.251943,9.70428
-0.175729,9.89113
-0.13418,10.09
-0.0594022,10.27
-0.0500003,10.4587
0.00800037,10.663
0.0924532,10.8538
0.0295359,11.0321
0.0313461,11.2289
-0.092952,11.384
0.0160375,11.5541
0.0494503,11.7459
0.121211,11.9315
0.124959,12.1258
0.176723,12.3205
0.270037,12.5173
0.234688,12.7225
0.228571,12.925
0.248267,13.1385
0.120658,13.2932
0.0478405,13.4918
0.0454325,13.6917
-0.00202494,13.884
-0.0208507,14.0916
-0.141475,14.265
-0.0260528,14.4226
0.0812358,14.6026
0.208929,14.7725
0.152727,14.9672
0.181485,15.1597
0.0385111,15.3034
-0.129334,15.4445
-0.22983,15.6436
-0.340199,15.8303
-0.282954,16.0233
-0.130892,16.1544
-0.286678,16.2879
-0.225642,16.4743
-0.244993,16.6689
-0.22944,16.873
-0.222986,17.0888
-0.272891,17.2837
-0.1464,17.45
-0.130336,17.6488
-0.184736,17.8522
-0.107524,18.04
-0.172908,18.2246
-0.122794,18.4331
-0.141881,18.6337
-0.179072,18.8338
-0.1746,19.0286
-0.322288,19.1832
-0.333454,19.3916
-0.226933,19.5783
-0.12779,19.7676
-0.124933,19.9839
-0.0589043,20.1811
-0.040026,20.3824
0.0250077,20.5724
0.0170186,20.7505
-0.170797,20.8392
-0.36626,20.9172
-0.37919,21.1033
-0.34356,21.3017
-0.409965,21.5017
-0.531769,21.6525
-0.411637,21.8142
-0.497862,21.9867
-0.483378,22.2052
-0.523827,22.4065
-0.544426,22.6119
-0.363916,22.6767
-0.378265,22.8812
-0.329233,23.075
-0.274918,23.2808
-0.167657,23.4526
-0.25979,23.6307
-0.208221,23.8104
-0.360982,23.9399
-0.332292,24.1446
-0.348857,24.3429
-0.286334,24.5415
-0.257736,24.735
-0.343824,24.9338
-0.196769,25.0939
-0.0496479,25.2325
0.00994978,25.4293
-0.00125348,25.6219
0.0260848,25.8264
-0.0325151,26.0314
0.0912834,26.183
0.0338497,26.3732
-0.0325193,26.5684
-0.14549,26.7326
-0.110029,26.9416
-0.136795,27.1385
-0.060319,27.3213
-0.0490999,27.5276
-0.131918,27.7033
-0.0809498,27.9202
-0.217386,28.0446
-0.0362705,28.147
-0.207466,28.236
-0.141081,28.4378
-0.0100936,28.5832
-0.0165679,28.7785
0.0744872,28.9613
0.0452815,29.1525
-0.0660498,29.3154
-0.106506,29.5239
-0.113246,29.7257
-0.13241,29.9148
-0.167603,30.1147
-0.0897207,30.308
-0.0485045,30.4965
-0.0953649,30.6924
-0.0296899,30.8998
-0.10515,31.1003
-0.140846,31.3023
-0.263907,31.4646
-0.198552,31.671
-0.160832,31.8785
-0.180469,32.0718
-0.102101,32.2813
-0.185343,32.4896
-0.0744726,32.6638
-0.143969,32.8576
-0.203353,33.0558
-0.212268,33.2654
-0.158308,33.4511
-0.263172,33.6297
-0.280529,33.833
-0.225824,34.0367
-0.204173,34.2387
-0.330673,34.4052
-0.282808,34.6166
-0.256345,34.8248
-0.325959,35.0006
-0.370922,35.1911
-0.312583,35.3827
-0.311505,35.5827
-0.273005,35.791
-0.284817,36.0017
-0.472042,36.0726
-0.40113,36.2782
-0.432855,36.4932
0.458926,0.166651
0.582748,0.335888
0.722333,0.481275
0.921871,0.50972
0.943674,0.730683
0.915357,0.9294
0.803007,1.10106
0.88335,1.29789
0.961439,1.48821
1.01284,1.67985
0.842707,1.79061
0.660244,1.90113
0.743413,2.07322
0.637313,2.25962
0.64575,2.4627
0.597209,2.67385
0.463543,2.83091
0.418683,3.04755
0.574172,3.1655
0.547639,3.37248
0.504652,3.57047
0.424501,3.75912
0.583956,3.86034
0.785026,3.884
0.709753,4.06166
0.685967,4.25543
0.643119,4.46546
0.62531,4.65829
0.568985,4.83917
0.582823,5.0298
0.633112,5.21793
0.72205,5.38112
0.770646,5.57999
0.725179,5.78477
0.657459,5.95861
0.53209,6.12948
0.481474,6.32723
0.616657,6.49866
0.536465,6.68824
0.480813,6.87973
0.514083,7.06904
0.509952,7.26255
0.531935,7.45707
0.482814,7.65958
0.358725,7.80735
0.530127,7.90375
0.634369,8.08431
0.510216,8.24524
0.463706,8.43557
0.452359,8.619
0.382804,8.80935
0.336812,9.01778
0.517099,9.14184
0.441584,9.32602
0.314489,9.48833
0.190794,9.65404
0.148725,9.85176
0.258682,10.0438
0.347973,10.2323
0.237588,10.4069
0.29658,10.5988
0.453247,10.7339
0.587015,10.8701
0.610514,11.0714
0.631221,11.2693
0.732101,11.4381
0.849948,11.6155
0.939497,11.8066
1.0046,12.0109
0.866456,12.1525
0.806332,12.3553
0.619974,12.4554
0.751199,12.6174
0.729876,12.8257
0.586935,12.9806
0.500316,13.1847
0.629008,13.3346
0.807548,13.4288
0.799519,13.6377
0.681973,13.8057
0.67837,13.9961
0.654898,14.1979
0.589982,14.3965
0.658602,14.5785
0.834189,14.6842
0.79612,14.8773
0.609563,14.8323
0.575365,15.0402
0.681356,15.2186
0.76453,15.3956
0.774435,15.6154
0.872678,15.8025
0.867186,16.0015
0.757434,16.1719
0.667863,16.3556
0.806687,16.5
0.667976,16.6592
0.806289,16.8112
0.711665,16.9886
0.669476,17.1981
0.652211,17.4075
0.536167,17.5682
0.711697,17.6862
0.707809,17.8939
0.768083,18.0996
0.848684,18.2836
0.803827,18.4909
0.714476,18.6813
0.790719,18.8519
0.740536,19.0364
0.674402,19.2314
0.576696,19.4168
0.688959,19.6054
0.773877,19.7965
0.746258,20
0.858406,20.1737
0.809731,20.3871
0.852548,20.5795
0.812085,20.787
0.822737,20.9905
0.807512,21.2079
0.771542,21.4162
0.903575,21.5933
0.990619,21.7758
0.915307,21.9678
0.976995,22.1497
0.910097,22.3413
0.904028,22.5583
0.876655,22.7468
0.898309,22.9477
1.00776,23.1252
0.897455,23.3167
1.03555,23.462
1.14596,23.6405
1.30004,23.7983
1.25968,23.9995
1.10247,24.1309
1.13581,24.3292
1.1514,24.5431
0.975631,24.6344
0.90935,24.8496
1.01073,25.0148
0.924051,25.2006
0.952824,25.3984
1.01764,25.5913
0.926121,25.78
0.95715,25.9845
1.07172,26.1502
1.27995,26.1425
1.34541,26.347
1.366,26.5334
1.42962,26.7308
1.38636,26.935
1.25945,27.0937
1.30185,27.2896
1.23601,27.4756
1.23234,27.666
1.39272,27.7951
1.22205,27.8872
1.34119,28.0484
1.20749,28.219
1.16672,28.4107
1.22517,28.6261
1.27567,28.808
1.24815,29.0042
1.16909,29.1804
1.19888,29.372
1.16127,29.5639
1.33888,29.685
1.41311,29.8647
1.46604,30.0715
1.25279,30.0904
1.25747,30.2787
1.22081,30.48
1.35368,30.6453
1.44158,30.8162
1.27285,30.9234
1.36901,31.0844
1.24333,31.2445
1.29564,31.4606
1.28969,31.6578
1.14556,31.7906
1.27782,31.9382
1.1805,32.1162
1.16466,32.3218
1.25254,32.5035
1.16107,32.7099
1.19992,32.9177
1.13388,33.1054
1.19475,33.3061
1.29658,33.4764
1.26892,33.6609
1.22864,33.8566
1.27396,34.0382
1.3668,34.2092
1.30781,34.4048
1.48867,34.4945
1.64886,34.6177
1.6584,34.8289
1.72152,35.0301
1.4559,0.208425
1.52731,0.390614
1.5692,0.584063
1.4288,0.729281
1.41072,0.925284
1.35801,1.12284
1.44768,1.29449
1.32484,1.47218
1.48635,1.59914
1.67983,1.71087
1.60045,1.89694
1.50706,2.07018
1.53622,2.2667
1.58625,2.46492
1.59693,2.6643
1.5385,2.86052
1.51114,3.05437
1.50046,3.2459
1.49806,3.44201
1.59307,3.62234
1.51404,3.81225
1.42222,4.01188
1.49725,4.20474
1.31417,4.30473
1.19083,4.45761
1.00028,4.47184
0.887261,4.64115
0.955757,4.83574
1.01022,5.03142
1.13465,5.18981
1.1975,5.38119
1.00282,5.46876
1.0434,5.66379
0.93394,5.82507
0.89525,6.02301
0.964236,6.21168
0.918376,6.41386
0.792736,6.56704
0.907508,6.73556
0.937238,6.93517
1.03683,7.12724
1.11367,7.31741
1.14003,7.52235
1.13826,7.72799
1.18913,7.93442
1.24873,8.1165
1.2636,8.33514
1.16764,8.52008
0.983483,8.6228
0.917457,8.80036
1.04308,8.95706
0.984052,9.15985
1.0487,9.34062
0.947061,9.49953
1.1016,9.65735
1.02108,9.85379
1.06912,10.063
1.12177,10.2534
1.24276,10.4094
1.16427,10.6054
1.32425,10.7422
1.40706,10.9225
1.34747,11.1265
1.41487,11.3144
1.48789,11.5005
1.38089,11.6623
1.33842,11.8646
1.41458,12.0468
1.48161,12.2332
1.45514,12.4329
1.37767,12.6222
1.41097,12.8109
1.43718,13.0046
1.2825,13.1385
1.38535,13.3133
1.52872,13.446
1.47805,13.6348
1.49347,13.8471
1.51754,14.0411
1.37384,14.1933
1.39645,14.406
1.32175,14.5933
1.4308,14.775
1.357,14.9827
1.32802,15.1867
1.28575,15.3874
1.26034,15.5851
1.24858,15.7857
1.35122,15.9552
1.2334,16.112
1.23374,16.3244
1.10017,16.4754
1.07277,16.6784
1.13531,16.8748
1.20741,17.0876
1.30334,17.2561
1.37159,17.4385
1.37474,17.6388
1.27281,17.817
1.2826,18.0124
1.41681,18.1672
1.44609,18.3683
1.58803,18.519
1.74995,18.6608
1.75935,18.8587
1.7588,19.0629
1.83812,19.2674
1.88031,19.4735
1.85861,19.6792
1.75861,19.8467
1.81918,20.0425
1.74234,20.2349
1.70965,20.4343
1.72186,20.6326
1.66557,20.8279
1.7075,21.0371
1.83343,21.202
1.83479,21.4042
1.81175,21.6142
1.83899,21.8179
1.95045,21.9857
1.79726,22.1064
1.92894,22.2741
1.89523,22.4639
1.95392,22.665
2.06411,22.8287
1.95407,23.0011
1.99474,23.203
1.90134,23.3854
1.85303,23.5875
2.0367,23.6792
1.90931,23.8379
2.09779,23.939
2.22967,24.1053
2.22345,24.3194
2.04292,24.4253
1.87084,24.5138
1.88544,24.7206
1.90951,24.9322
1.89603,25.1311
1.85842,25.3374
1.86414,25.5426
1.9442,25.7439
1.8971,25.9397
1.79569,26.1324
1.75608,26.35
1.77373,26.5603
1.85767,26.7565
1.85374,26.9554
1.81654,27.1657
1.81411,27.3799
1.7841,27.5956
1.74385,27.7964
1.76735,27.9917
1.88835,28.1407
1.95492,28.3282
1.96533,28.5266
2.1329,28.6417
2.02043,28.8214
2.12879,28.9937
2.02334,29.1807
2.00664,29.3691
2.15823,29.5026
2.2206,29.6909
2.15352,29.8795
2.0667,30.0514
2.00876,30.2454
1.99621,30.4476
2.0612,30.6386
2.06233,30.857
1.99861,31.0625
1.91877,31.2367
1.79939,31.3928
1.8778,31.5794
1.74186,31.7479
1.6509,31.93
1.76849,32.0956
1.86597,32.2709
1.84834,32.4675
1.88254,32.6619
1.95663,32.8611
1.85674,33.0531
1.96273,33.2283
1.89077,33.422
1.99169,33.6114
2.03532,33.8099
2.16585,33.9598
2.29237,34.1048
2.10816,34.2043
2.0384,34.3837
2.1389,34.5634
2.18861,34.7596
2.25918,34.9489
2.3032,35.1566
2.41754,35.3157
2.53406,35.4847
2.58104,35.6698
2.69095,35.8232
2.7142,36.0155
2.82943,36.177
1.67228,0.228802
1.74129,0.419075
1.91644,0.526141
1.93879,0.72302
1.96417,0.93295
1.87172,1.10383
1.97224,1.27672
2.09383,1.42839
2.13344,1.6215
2.10328,1.81871
1.93388,1.9137
1.88488,2.10924
1.73975,2.26188
1.78489,2.4536
1.8771,2.62007
1.95197,2.8146
1.99582,2.9947
1.91413,3.1908
1.85094,3.37353
1.79298,3.57934
1.91703,3.72929
1.8278,3.9129
1.89459,4.11555
1.80563,4.30811
1.84669,4.50675
1.97357,4.67718
2.07228,4.83985
2.06657,5.0386
1.92492,5.18737
2.00932,5.38012
2.09488,5.58355
2.00715,5.75616
2.00703,5.97102
2.06828,6.17026
2.09381,6.38999
2.15109,6.5892
2.35018,6.62561
2.2613,6.80781
2.20913,7.00375
2.2227,7.20473
2.07425,7.33334
2.11549,7.53223
2.11393,7.73615
2.12807,7.94543
2.03051,8.12031
1.91637,8.28264
2.00305,8.47555
1.89867,8.64109
1.94164,8.84806
1.88343,9.02913
2.00246,9.17806
2.11147,9.33275
2.11455,9.52207
2.12374,9.71061
2.26917,9.86064
2.34391,10.0486
2.29647,10.2364
2.37578,10.4237
2.47082,10.6102
2.42695,10.7951
2.44381,10.9962
2.50309,11.1753
2.44062,11.3607
2.27613,11.4401
2.28917,11.6382
2.18875,11.8083
2.31701,11.9622
2.20383,12.1226
2.29461,12.2957
2.16625,12.4461
2.06059,12.6242
1.85387,12.662
1.7293,12.8152
1.73324,13.0115
1.81374,13.1903
1.89967,13.37
1.88921,13.5846
2.02152,13.7158
1.98377,13.9219
2.01788,14.1137
2.04049,14.3116
2.07091,14.5021
2.00471,14.6963
2.14746,14.8287
2.25251,14.9949
2.09096,15.1048
2.18071,15.2869
2.15627,15.4788
2.16466,15.6998
2.10248,15.8797
2.06212,16.07
2.0929,16.2913
1.99976,16.4888
2.00119,16.6918
1.84108,16.8209
1.95593,16.9809
2.11917,17.1056
2.22827,17.2803
2.10839,17.4413
2.09326,17.657
2.00502,17.8435
2.11805,18.0158
2.18754,18.1974
2.04059,18.338
2.19792,18.4645
2.32415,18.6243
2.33102,18.8315
2.43099,19.0133
2.48574,19.2085
2.54368,19.419
2.39045,19.5531
2.44054,19.743
2.43149,19.9453
2.28566,20.0736
2.36862,20.277
2.48142,20.4437
2.51432,20.6325
2.34692,20.7499
2.21364,20.8892
2.32404,21.0658
2.22709,21.2425
2.33129,21.4083
2.38146,21.5921
2.51572,21.7347
2.61328,21.9081
2.61701,22.1163
2.66621,22.3162
2.76482,22.5002
2.58209,22.5583
2.71078,22.7011
2.7447,22.9084
2.84784,23.08
2.85546,23.2846
3.01354,23.4049
2.93028,23.5877
2.9064,23.7795
2.94021,23.9868
2.88167,24.175
2.78718,24.3467
2.91994,24.505
2.9159,24.7089
2.83918,24.9161
2.87896,25.1155
2.86139,25.3173
2.84013,25.529
2.81037,25.7264
2.65625,25.8542
2.61827,26.0477
2.48871,26.1931
2.4823,26.4088
2.48947,26.6099
2.54125,26.805
2.57706,26.9999
2.5817,27.196
2.76798,27.3119
2.80705,27.5095
2.61858,27.5818
2.61301,27.7965
2.52196,27.9887
2.68045,28.1192
2.75953,28.3121
2.79494,28.5088
2.85657,28.689
2.91267,28.8883
3.03807,29.0435
2.91412,29.2189
2.80831,29.3994
2.80048,29.6021
2.76043,29.8051
2.6035,29.9221
2.46752,30.0683
2.42384,30.2649
2.4446,30.4767
2.38075,30.6621
2.41023,30.8566
2.48255,31.0586
2.57051,31.2429
2.7597,31.2866
2.85805,31.4708
3.04868,31.5412
2.87422,31.6632
2.9485,31.8476
2.937,32.0366
2.9655,32.2285
2.91288,32.4167
2.78812,32.5836
2.79668,32.7903
2.68753,32.9456
2.7615,33.1332
2.77537,33.3306
2.78034,33.5164
2.82326,33.7141
2.94084,33.8771
2.81925,34.0292
2.70245,34.1793
2.64649,34.376
2.7106,34.5636
2.87532,34.6926
2.74188,34.8511
2.72824,35.046
