4.92412,0.501568
4.941,0.717644
4.87151,0.905419
-4.99144,1.04407
-4.9311,1.23903
-4.97759,1.44748
-4.99202,1.63903
4.85092,1.77206
4.94238,1.95529
4.916,2.17152
-4.98888,2.35272
4.92421,2.54154
4.92934,2.74729
4.92698,2.96492
4.99569,3.153
4.96695,3.3479
4.99052,3.55132
4.94177,3.75504
4.87252,3.93785
4.99274,4.1147
-4.98716,4.30373
-4.97999,4.51681
4.8978,4.68142
4.99012,4.85373
4.94921,5.05674
4.92414,5.26556
4.88959,5.45963
4.90126,5.66199
-4.98272,5.83009
-4.93942,6.0241
4.99744,6.21617
-4.84353,6.34228
-4.83562,6.54844
-4.96668,6.7074
4.90039,6.85566
4.79359,7.0366
4.99375,7.03451
-4.8403,7.15716
-4.64552,7.1892
-4.66561,7.39955
-4.54413,7.57161
-4.66937,7.73592
-4.67631,7.9331
-4.6016,8.11745
-4.49994,8.28696
-4.47421,8.48741
-4.50415,8.68624
-4.56153,8.88389
-4.38654,9.00469
-4.45929,9.18483
-4.41212,9.37137
-4.21398,9.44141
-4.334,9.61363
-4.22087,9.79267
-4.12077,9.95748
-4.1535,10.1411
-4.15058,10.3331
-4.04888,10.5037
-4.02171,10.7092
-4.06983,10.8923
-3.89419,11.0358
-4.00349,11.2057
-4.0819,11.3751
-4.01882,11.5676
-4.00291,11.7673
-3.90104,11.9391
-3.8104,12.1159
-3.90014,12.308
-3.98042,12.4993
-4.13922,12.6558
-4.04187,12.8399
-4.23535,12.8319
-4.32858,13.0032
-4.40762,13.1922
-4.35411,13.4039
-4.16806,13.4829
-4.11499,13.6913
-4.04267,13.8944
-4.07097,14.0865
-4.01839,14.2748
-4.02141,14.4674
-3.96448,14.6713
-3.97021,14.8868
-4.07737,15.047
-4.01523,15.2614
-4.04083,15.4526
-4.00514,15.6682
-4.04639,15.8745
-4.01926,16.0764
-3.97689,16.2785
-4.07725,16.4736
-4.16069,16.6589
-4.17737,16.8691
-4.08135,17.0387
-4.1661,17.2334
-4.1377,17.4396
-3.99353,17.5917
-4.09722,17.7794
-4.01411,17.9571
-4.08645,18.165
-3.96696,18.3114
-3.9676,18.519
-3.81369,18.6352
-3.95044,18.7805
-3.86883,18.9532
-3.9971,19.0896
-3.94113,19.2938
-3.96568,19.5021
-3.94926,19.7012
-3.96146,19.9073
-3.85776,20.1069
-3.90084,20.3039
-4.04514,20.4638
-4.09783,20.6663
-4.02916,20.8532
-3.97455,21.0532
-3.94789,21.2557
-3.90971,21.4581
-3.78669,21.6174
-3.75565,21.8184
-3.73866,22.0174
-3.89626,22.1357
-3.80229,22.3176
-3.88915,22.4936
-3.98052,22.6801
-4.04704,22.8736
-3.93521,23.0462
-4.09112,23.1997
-4.04394,23.4119
-4.00837,23.6113
-3.90304,23.786
-3.91723,24.0049
-3.91592,24.2141
-3.9608,24.4133
-3.94773,24.6088
-3.91689,24.7993
-3.93437,24.9966
-4.02712,25.1737
-4.00202,25.3833
-4.11861,25.5412
-4.07583,25.7595
-3.93385,25.8935
-3.85756,26.0885
-3.98337,26.2719
-4.01135,26.4601
-4.02766,26.6503
-3.96445,26.8324
-4.01157,27.0239
-4.06446,27.2172
-4.05317,27.4177
-4.03362,27.6219
-4.11773,27.8167
-3.9898,27.9662
-3.93021,28.1603
-3.94403,28.3832
-3.99233,28.5747
-4.0899,28.7715
-4.20489,28.9434
-4.32062,29.1191
-4.22308,29.302
-4.14392,29.4853
-4.19605,29.6866
-4.09182,29.8541
-3.95982,30.0203
-3.93382,30.2295
-3.93762,30.4392
-3.89814,30.6408
-3.87293,30.8629
-3.88032,31.0723
-3.95825,31.2748
-4.01072,31.4623
-3.99238,31.6615
-3.91333,31.87
-3.98552,32.0642
-4.09675,32.2251
-4.05558,32.439
-4.10158,32.6636
-3.97653,32.8211
-4.11669,32.9826
-3.96951,33.1099
-3.85722,33.2803
-4.04599,33.3688
-4.12134,33.5765
-4.05278,33.7646
-4.02651,33.9666
-4.10161,34.1645
-3.97814,34.3291
-4.00634,34.5305
-4.01638,34.737
-3.96296,34.9483
-4.03631,35.1551
-4.1844,35.3132
-4.08213,35.478
-3.9995,35.6601
-3.93136,35.8623
-4.04472,36.0396
-4.10845,36.2337
-4.25613,36.3613
-4.17898,36.543
-3.98795,36.6292
-4.17386,0.31191
-4.13416,0.514565
-4.13689,0.731882
-4.26631,0.885475
-4.15757,1.05918
-4.00833,1.21484
-3.82917,1.32118
-3.94323,1.4877
-3.89807,1.68246
-3.91511,1.89685
-3.93445,2.09064
-4.03653,2.27062
-3.95427,2.4498
-3.96758,2.65206
-3.90925,2.84379
-3.91229,3.05192
-3.95618,3.25949
-4.08964,3.42308
-4.16955,3.61813
-4.16723,3.81641
-4.06762,3.9957
-3.95424,4.17823
-4.00555,4.37087
-4.08591,4.56714
-4.07606,4.76096
-3.95852,4.94162
-3.98749,5.13509
-3.96338,5.32921
-4.07475,5.51023
-4.10312,5.7161
-3.96688,5.8735
-3.87132,6.06011
-3.74868,6.20669
-3.77258,6.42274
-3.75089,6.60958
-3.64643,6.76593
-3.55246,6.94786
-3.47337,7.12468
-3.43746,7.3389
-3.51888,7.54361
-3.4068,7.7192
-3.36076,7.91185
-3.41564,8.13012
-3.47653,8.32556
-3.55659,8.49881
-3.53346,8.70495
-3.41541,8.87128
-3.36117,9.05105
-3.44541,9.24063
-3.35103,9.41763
-3.43703,9.60717
-3.53479,9.77506
-3.49072,9.97865
-3.44876,10.1915
-3.41029,10.3929
-3.28105,10.5424
-3.46991,10.608
-3.64429,10.706
-3.54542,10.8777
-3.61229,11.0717
-3.45215,11.2124
-3.29748,11.3391
-3.42471,11.4855
-3.38481,11.6758
-3.34643,11.8872
-3.46083,12.0557
-3.42628,12.2593
-3.54828,12.4133
-3.58526,12.6088
-3.57727,12.8159
-3.39305,12.8712
-3.37377,13.0641
-3.43301,13.2544
-3.28491,13.3825
-3.36664,13.5735
-3.34816,13.7878
-3.37227,13.989
-3.31473,14.1933
-3.43844,14.3541
-3.53173,14.522
-3.50801,14.7258
-3.51156,14.9237
-3.67398,15.0215
-3.60192,15.2192
-3.62032,15.4252
-3.60177,15.6243
-3.57181,15.8256
-3.49043,16.0113
-3.3629,16.1642
-3.39518,16.3649
-3.30706,16.5622
-3.4662,16.6915
-3.47822,16.8857
-3.62553,17.0281
-3.64613,17.2306
-3.55017,17.4147
-3.54177,17.6136
-3.40385,17.7712
-3.40983,17.9812
-3.49678,18.1655
-3.46511,18.3673
-3.5164,18.5659
-3.41744,18.7411
-3.45977,18.9329
-3.33324,19.0825
-3.23745,19.2501
-3.21567,19.4531
-3.05937,19.6182
-3.07694,19.8213
-2.98789,19.9929
-2.91937,20.1903
-2.94996,20.3954
-3.0022,20.5841
-2.88823,20.7665
-2.91087,20.9823
-2.9943,21.1597
-3.05277,21.3548
-2.93239,21.5392
-2.94082,21.7297
-2.9976,21.9163
-3.14589,22.0773
-3.23873,22.2623
-3.14636,22.4387
-3.0441,22.6226
-3.15512,22.7923
-3.21818,22.9933
-3.30403,23.1783
-3.35824,23.3717
-3.28225,23.5675
-3.21334,23.7389
-3.15839,23.9319
-3.13047,24.14
-3.01809,24.3226
-3.03687,24.5142
-2.96404,24.7089
-3.03194,24.9031
-3.0694,25.1081
-3.0703,25.3293
-3.06903,25.5243
-3.0154,25.7334
-3.08203,25.9236
-2.89458,26.0463
-2.96428,26.2441
-3.00584,26.4584
-2.99446,26.6635
-2.99043,26.8511
-2.89222,27.0233
-3.00987,27.1997
-3.01212,27.4046
-2.97795,27.6014
-3.01502,27.8044
-2.93957,27.9922
-3.00696,28.1942
-2.91729,28.3811
-2.92687,28.5853
-3.06613,28.7414
-3.22312,28.898
-3.30389,29.0927
-3.29388,29.2912
-3.32935,29.5118
-3.3135,29.6943
-3.37702,29.8717
-3.5233,30.0081
-3.39582,30.1744
-3.46821,30.3687
-3.33821,30.5369
-3.34421,30.7487
-3.18279,30.8804
-3.22044,31.0816
-3.24715,31.2764
-3.36245,31.44
-3.48424,31.6286
-3.46721,31.8315
-3.50539,32.0426
-3.55051,32.2498
-3.519,32.4546
-3.44688,32.6501
-3.41532,32.8447
-3.41731,33.0477
-3.50039,33.2462
-3.61225,33.4175
-3.45579,33.5418
-3.37782,33.7333
-3.18969,33.8107
-3.14347,34.0023
-3.26653,34.1861
-3.24314,34.4053
-3.23435,34.5912
-3.33213,34.7705
-3.34018,34.9804
-3.37529,35.1866
-3.40056,35.3968
-3.52431,35.5405
-3.43052,35.7167
-3.50252,35.8994
-3.49895,36.0952
-3.4673,36.2908
-3.51819,36.4859
-3.51728,36.6969
-3.39282,36.8382
-3.54776,0.45146
-3.54883,0.667745
-3.4193,0.827796
-3.37734,1.02623
-3.38604,1.23923
-3.42015,1.42625
-3.4984,1.62199
-3.50444,1.8316
-3.33091,1.95555
-3.15318,2.03263
-3.04582,2.20894
-3.05134,2.42782
-3.20987,2.56836
-3.36686,2.72078
-3.40311,2.91716
-3.25522,3.07577
-3.1729,3.25249
-3.01446,3.38618
-2.96889,3.58367
-2.89141,3.77598
-2.84893,3.97076
-2.86296,4.166
-2.73391,4.3276
-2.87883,4.48878
-2.79424,4.67019
-2.98002,4.76871
-2.92351,4.96134
-3.0472,5.14135
-2.9,5.28715
-2.95782,5.49174
-2.97993,5.70342
-2.94134,5.90865
-2.88397,6.12027
-2.70271,6.18311
-2.59324,6.36857
-2.62362,6.56807
-2.71262,6.74462
-2.84883,6.91332
-2.75236,7.09561
-2.56955,7.22262
-2.5204,7.41429
-2.57993,7.59288
-2.57264,7.79964
-2.49164,7.98169
-2.55432,8.17413
-2.4289,8.32942
-2.29927,8.4893
-2.18436,8.67165
-2.17485,8.89552
-2.19364,9.09237
-2.21443,9.30431
-2.26726,9.51743
-2.31904,9.73243
-2.33659,9.93052
-2.37483,10.1226
-2.46501,10.3026
-2.58218,10.4482
-2.6749,10.6329
-2.49321,10.7331
-2.45764,10.9453
-2.31648,11.1049
-2.31587,11.3015
-2.33657,11.5098
-2.14871,11.5946
-2.12918,11.8109
-1.98504,11.9444
-1.97299,12.1517
-2.09018,12.3189
-2.19861,12.4838
-2.19671,12.6881
-2.28558,12.8694
-2.25424,13.0664
-2.31063,13.2652
-2.42765,13.4211
-2.24005,13.504
-2.25827,13.702
-2.36016,13.8729
-2.34107,14.0929
-2.15979,14.1874
-2.26969,14.3507
-2.21136,14.54
-2.12034,14.7141
-2.02994,14.877
-2.04966,15.0735
-2.03199,15.2855
-2.16005,15.4304
-2.10462,15.632
-2.05401,15.8186
-1.98117,16.0291
-1.964,16.2239
-2.05262,16.4117
-1.9396,16.5955
-1.87966,16.772
-1.90013,16.9829
-1.91717,17.1786
-1.93415,17.3841
-1.97827,17.5661
-2.14774,17.6935
-2.08076,17.8758
-2.22063,18.0083
-2.32569,18.2167
-2.39362,18.4093
-2.41651,18.6027
-2.20529,18.6038
-2.26282,18.7969
-2.30107,18.9961
-2.39361,19.1721
-2.25405,19.2987
-2.19714,19.4888
-2.14338,19.6962
-2.18553,19.8996
-2.007,20.0441
-2.02236,20.2487
-1.96233,20.4546
-2.08761,20.6182
-1.9188,20.7253
-1.9651,20.9182
-2.02878,21.1198
-2.04599,21.322
-2.06819,21.5297
-2.06463,21.7365
-1.93679,21.8889
-2.05127,22.0492
-1.93806,22.2032
-1.90896,22.4227
-1.94383,22.6254
-2.10042,22.7716
-2.02769,22.9603
-1.98852,23.1457
-2.0205,23.3488
-1.92072,23.5331
-1.75312,23.6261
-1.86352,23.8027
-1.83351,24.0037
-1.87495,24.189
-1.98637,24.3741
-1.90329,24.5499
-1.84814,24.747
-1.8468,24.9476
-1.84325,25.1513
-1.77793,25.3366
-1.82516,25.5559
-1.90569,25.7477
-1.94321,25.9345
-1.96666,26.1289
-1.92803,26.3317
-2.07391,26.47
-2.11679,26.6753
-2.08461,26.8672
-2.0058,27.0801
-2.1627,27.2119
-2.08415,27.394
-2.00575,27.5743
-1.95037,27.7672
-1.84307,27.9491
-1.89808,28.1527
-1.96689,28.3453
-1.91662,28.5436
-1.91463,28.7438
-1.98631,28.932
-2.02384,29.1392
-1.95638,29.3267
-1.88291,29.5158
-1.82425,29.7172
-1.76933,29.8962
-1.90028,30.0389
-1.9874,30.2331
-1.98003,30.4419
-2.04439,30.6463
-2.04669,30.8422
-2.051,31.04
-2.07474,31.2349
-1.98993,31.4282
-1.99301,31.6244
-1.96224,31.8289
-2.05755,32.0265
-2.06753,32.226
-2.13948,32.412
-2.07033,32.6096
-2.06766,32.7998
-2.04377,33.0036
-1.98294,33.1944
-2.00023,33.3925
-2.06264,33.573
-2.12824,33.7731
-2.16739,33.9761
-2.0523,34.1516
-1.94253,34.3246
-1.87663,34.5192
-1.75294,34.689
-1.77966,34.8872
-1.79889,35.1071
-1.64451,35.2273
-1.72022,35.4114
-1.61192,35.5909
-1.51495,35.7763
-1.46822,35.9832
-1.37944,36.1851
-1.35224,36.3836
-1.19407,36.5167
-3.13822,0.558744
-2.96926,0.700363
-2.95151,0.91267
-2.92649,1.11773
-2.98202,1.32271
-2.83495,1.47549
-2.63513,1.54484
-2.70892,1.7235
-2.69709,1.9285
-2.59835,2.12141
-2.53293,2.31325
-2.58292,2.50941
-2.56379,2.71541
-2.48985,2.91907
-2.39416,3.08632
-2.39285,3.28698
-2.43117,3.49171
-2.38406,3.70064
-2.19288,3.80547
-2.24946,3.99228
-2.36383,4.15852
-2.17035,4.2451
-2.11432,4.45241
-2.24379,4.59965
-2.07262,4.67666
-2.19454,4.83153
-2.13862,5.01752
-2.11045,5.21074
-2.27742,5.32466
-2.23954,5.52282
-2.0832,5.66634
-1.9214,5.79622
-2.03006,5.96477
-1.89132,6.11018
-1.99245,6.28918
-1.98888,6.50203
-2.07261,6.69198
-2.1004,6.88302
-2.11826,7.08578
-2.09263,7.28923
-2.18032,7.47614
-2.16857,7.67904
-2.15955,7.8692
-2.0915,8.05977
-2.0168,8.24727
-1.96284,8.45101
-1.91989,8.64582
-1.85852,8.8513
-1.76242,9.0273
-1.81242,9.22268
-1.79436,9.43322
-1.71204,9.6283
-1.62567,9.8113
-1.46117,9.88243
-1.56541,10.0529
-1.40443,10.1808
-1.31137,10.3523
-1.27462,10.5526
-1.26098,10.7477
-1.25544,10.9544
-1.08333,11.0396
-0.985153,11.2104
-0.979367,11.4184
-1.02929,11.6154
-1.01553,11.8323
-0.945072,12.0169
-0.944466,12.2113
-1.03788,12.3934
-0.933974,12.5551
-0.930322,12.7603
-0.917844,12.9458
-0.771609,13.1105
-0.905531,13.2518
-0.788011,13.4278
-0.871743,13.607
-0.824135,13.8115
-0.970268,13.9308
-0.97011,14.1411
-1.16281,14.2015
-1.18007,14.3993
-1.06631,14.5757
-1.15323,14.7622
-1.17524,14.972
-1.10699,15.1713
-1.05522,15.3824
-1.09607,15.5807
-1.06184,15.7832
-0.93372,15.9323
-1.01236,16.1081
-0.957217,16.2954
-0.793058,16.3885
-0.788295,16.5911
-0.818471,16.792
-0.70689,16.9506
-0.6384,17.1476
-0.631542,17.3554
-0.766344,17.5173
-0.773455,17.7024
-0.68881,17.9071
-0.569366,18.0887
-0.499809,18.2841
-0.546475,18.4787
-0.536568,18.6755
-0.653598,18.8292
-0.638905,19.0328
-0.641488,19.2463
-0.65462,19.4468
-0.729243,19.6354
-0.849429,19.7934
-0.897508,19.999
-0.829366,20.1851
-0.811654,20.3881
-0.941397,20.5669
-1.0661,20.7215
-1.07725,20.9206
-1.02997,21.1222
-0.979334,21.3217
-1.05706,21.5325
-1.08103,21.7212
-0.915835,21.8205
-0.937681,22.0163
-0.808692,22.1779
-0.853846,22.369
-1.04647,22.4252
-1.14853,22.6113
-0.980889,22.7243
-0.81179,22.8577
-0.7854,23.0663
-0.741835,23.2713
-0.869812,23.4256
-0.773522,23.6003
-0.839814,23.7854
-1.01101,23.8979
-0.931281,24.0899
-1.04565,24.2533
-1.11016,24.4467
-1.14289,24.6496
-0.952206,24.7329
-1.09992,24.8673
-1.0473,25.0646
-1.15481,25.2478
-1.19932,25.4527
-1.14184,25.6444
-1.22193,25.8312
-1.11071,25.9768
-1.12337,26.1801
-1.21138,26.3664
-1.35789,26.5043
-1.37672,26.7086
-1.4462,26.9032
-1.35248,27.0901
-1.2373,27.2618
-1.41032,27.377
-1.4697,27.5783
-1.37996,27.7622
-1.5665,27.8113
-1.56442,28.0303
-1.55513,28.2315
-1.43085,28.3966
-1.34799,28.5957
-1.23145,28.7424
-1.19421,28.9476
-1.09481,29.1091
-1.09658,29.3228
-1.05821,29.5425
-1.02201,29.7574
-1.19706,29.8207
-1.07784,29.9743
-1.03996,30.1655
-1.03555,30.3709
-0.90436,30.5206
-0.824856,30.7157
-0.913318,30.8958
-1.01571,31.0951
-0.934481,31.267
-1.07193,31.408
-1.1654,31.5886
-1.0491,31.7565
-1.0444,31.9623
-1.11185,32.1659
-1.09753,32.3735
-1.13333,32.574
-1.29967,32.6639
-1.13919,32.7749
-1.13917,32.9713
-1.12482,33.1801
-1.02837,33.361
-0.977434,33.548
-0.977824,33.7539
-0.807798,33.8768
-0.813093,34.0826
-0.890351,34.272
-0.887336,34.4674
-0.885918,34.6821
-0.758536,34.8328
-0.905078,34.9928
-0.877703,35.2251
-0.724947,35.3683
-0.684951,35.5646
-0.550821,35.7241
-2.03954,0.196179
-2.09269,0.395244
-2.07236,0.592108
-2.15235,0.778721
-2.0616,0.952221
-2.04845,1.16987
-2.17838,1.33094
-2.09957,1.50748
-2.10359,1.71581
-2.06498,1.9175
-2.05227,2.12428
-1.90973,2.2606
-2.02146,2.42038
-1.97882,2.62123
-2.11341,2.78002
-2.16373,2.9886
-2.06977,3.18932
-1.87967,3.27587
-2.03503,3.41026
-1.94911,3.60694
-1.94341,3.79872
-1.86539,4.00631
-1.84971,4.20514
-1.90058,4.40866
-1.77271,4.56962
-1.80682,4.76933
-1.78109,4.98394
-1.61844,5.10385
-1.60574,5.30275
-1.43979,5.42721
-1.4986,5.62091
-1.49388,5.825
-1.62472,5.98
-1.5112,6.14894
-1.47093,6.34405
-1.41478,6.53527
-1.24132,6.61475
-1.20868,6.81413
-1.09724,6.9834
-1.00498,7.16823
-0.992235,7.36446
-1.03952,7.56583
-1.20393,7.66801
-1.23234,7.86829
-1.27807,8.057
-1.47416,8.13602
-1.34713,8.30615
-1.36465,8.50288
-1.2831,8.68781
-1.15453,8.83509
-1.00747,8.97762
-0.973223,9.19429
-0.793277,9.27997
-0.779963,9.49235
-0.840711,9.68769
-0.866196,9.89275
-0.813645,10.0966
-0.691155,10.2414
-0.705478,10.4476
-0.757179,10.6582
-0.680975,10.8521
-0.6667,11.0563
-0.592732,11.2616
-0.465871,11.4223
-0.532171,11.6105
-0.448536,11.7988
-0.502607,11.9808
-0.405792,12.1735
-0.250554,12.2884
-0.270964,12.4946
-0.403214,12.6692
-0.36598,12.8708
-0.46507,13.0752
-0.549647,13.2547
-0.456713,13.4267
-0.351693,13.5787
-0.358872,13.7757
-0.348473,13.9784
-0.287022,14.1737
-0.172768,14.3511
-0.127158,14.56
-0.166082,14.7569
-0.167418,14.9679
-0.107398,15.1732
-0.0730996,15.3825
-0.0101791,15.5916
0.0789167,15.7657
0.0635557,15.9724
0.20224,16.1248
0.0665745,16.2644
0.0574709,16.4607
0.0970186,16.6714
0.0659723,16.8622
0.195957,17.021
0.110192,17.2065
-0.0204749,17.3555
-0.0973358,17.583
-0.143321,17.7762
-0.189458,17.9725
-0.28365,18.1611
-0.280033,18.3528
-0.128872,18.4821
-0.05495,18.6729
-0.102034,18.8778
-0.109128,19.0841
-0.0560054,19.2775
-0.115044,19.4636
-0.108381,19.6752
-0.0762321,19.89
0.00442471,20.0798
0.11027,20.264
-0.0400712,20.4155
0.0342616,20.6293
0.0146512,20.8268
-0.0353353,21.0212
-0.00999761,21.2235
-0.109114,21.4025
0.045716,21.5273
-0.0739031,21.67
-0.106332,21.8693
-0.130124,22.0745
-0.171426,22.2852
-0.074949,22.4588
0.0888388,22.5828
0.131449,22.791
0.10405,23.0056
0.212979,23.1818
0.0947266,23.3499
0.124926,23.5607
0.262635,23.7022
0.357947,23.8856
0.156747,23.9169
0.148133,24.1135
-0.0181136,24.2106
0.0437416,24.395
0.0836635,24.5801
0.130792,24.7724
0.103873,24.9697
-0.0300559,25.1171
-0.0434683,25.3291
0.109858,25.44
0.0463488,25.6419
-0.025305,25.8361
-0.0469727,26.0391
0.0454667,26.2465
0.0465387,26.4357
0.104731,26.6291
0.249031,26.7714
0.183435,26.9556
0.340496,27.0804
0.515536,27.19
0.620924,27.3578
0.576282,27.5622
0.479867,27.7363
0.533679,27.9285
0.521986,28.13
0.37775,28.2885
0.225743,28.4354
0.157552,28.6214
0.0761004,28.7953
0.0794252,29.0016
-0.0146062,29.1865
-0.15123,29.3285
-0.202272,29.5241
-0.0386123,29.6453
-0.132663,29.8304
-0.127023,30.0314
-0.121645,30.2373
0.0249913,30.3767
-0.0409404,30.5641
-0.0271846,30.7754
0.0897726,30.9234
0.0541728,31.1319
-0.0143757,31.33
0.0380242,31.5195
0.0361365,31.732
0.0426538,31.9372
-0.0888527,32.1015
-0.152698,32.3015
-0.178005,32.502
-0.223127,32.692
-0.153439,32.8902
-0.114598,33.1088
-0.0703982,33.308
0.116843,33.3668
0.117251,33.5692
0.00271337,33.7378
-0.00881128,33.94
-0.0410246,34.1435
-0.163562,34.3031
-0.0562743,34.4729
-0.137957,34.6717
-0.0880665,34.87
-0.148678,35.0683
-0.031359,35.2513
0.0368022,35.4476
0.0327984,35.6411
0.0646421,35.84
0.0147583,36.0229
0.0874511,36.2008
-0.775844,0.516172
-0.687407,0.694213
-0.848779,0.84173
-0.912935,1.02731
-0.959691,1.23561
-1.01236,1.44232
-0.956461,1.64119
-0.886631,1.83256
-0.908619,2.04602
-0.881633,2.24702
-0.854848,2.45452
-0.88765,2.65558
-0.853731,2.85724
-0.944393,3.02802
-0.876428,3.20878
-1.0737,3.31031
-1.10234,3.51443
-1.14052,3.71856
-1.11678,3.91401
-1.16694,4.11485
-1.02776,4.27376
-1.19644,4.37621
-1.04611,4.49235
-0.971682,4.69457
-0.952981,4.88358
-0.95472,5.08867
-1.08046,5.24483
-1.11423,5.43117
-1.05487,5.6181
-1.08756,5.82042
-0.946688,5.96958
-0.845837,6.13382
-0.758531,6.31441
-0.623168,6.45815
-0.576973,6.6726
-0.593014,6.87472
-0.590254,7.05808
-0.623606,7.2729
-0.4777,7.43552
-0.493035,7.65715
-0.534074,7.85396
-0.456205,8.04239
-0.421174,8.24258
-0.514749,8.4174
-0.503548,8.61988
-0.602733,8.79425
-0.560961,8.99512
-0.448099,9.16606
-0.419763,9.37381
-0.45738,9.56479
-0.343988,9.74084
-0.26023,9.93187
-0.105253,10.0635
-0.127154,10.258
-0.0797309,10.4497
0.121079,10.5114
0.0417035,10.712
0.0118683,10.904
0.0608453,11.1033
0.122755,11.2873
-0.016791,11.4381
-0.150346,11.5927
-0.225623,11.7678
-0.144499,11.9664
-0.039577,12.1352
0.0560151,12.3087
0.106626,12.5028
0.0584741,12.6973
-0.109679,12.8214
-0.0472169,13.0129
0.065238,13.1806
0.248781,13.279
0.252452,13.5032
0.297733,13.7141
0.226379,13.9035
0.290662,14.0986
0.313095,14.2951
0.39416,14.4629
0.462773,14.6526
0.550777,14.8543
0.448546,15.0296
0.382168,15.2342
0.44279,15.4261
0.502894,15.633
0.45406,15.8343
0.584278,15.9747
0.703671,16.1447
0.545155,16.259
0.537048,16.4515
0.458333,16.6461
0.489589,16.8406
0.463393,17.0379
0.403844,17.2349
0.367975,17.4313
0.425429,17.6265
0.450654,17.8134
0.567765,17.9957
0.638235,18.1831
0.773817,18.3357
0.710605,18.5203
0.581614,18.6704
0.493774,18.8543
0.445496,19.0388
0.423384,19.2438
0.471401,19.43
0.665514,19.4455
0.69145,19.6457
0.799954,19.8223
0.902856,19.9963
0.957491,20.2039
0.98814,20.3967
1.10035,20.5661
1.00955,20.7433
1.05574,20.945
1.12353,21.1271
1.03475,21.3278
1.09266,21.5127
1.05293,21.7202
1.23628,21.8393
1.10775,21.9743
1.14123,22.1753
1.10359,22.3748
0.967747,22.5224
0.920522,22.7254
0.851133,22.9303
0.782199,23.126
0.939609,23.2424
0.971212,23.4384
1.06323,23.629
1.16843,23.8102
1.05881,23.9844
1.11664,24.1757
1.13243,24.376
1.08109,24.5638
1.07979,24.7661
0.957845,24.9549
0.920916,25.1595
1.0146,25.3445
0.905887,25.5327
1.05473,25.6624
1.05065,25.8776
1.07133,26.0851
1.16906,26.2598
1.27703,26.4261
1.39354,26.5975
1.46009,26.7934
1.53102,26.99
1.33436,27.041
1.25936,27.2291
1.16646,27.4029
1.1542,27.5949
1.18851,27.8028
1.2356,27.9902
1.17078,28.1984
1.26224,28.3881
1.17092,28.5784
1.33489,28.7126
1.32816,28.9177
1.3427,29.1209
1.19224,29.2771
1.12629,29.4684
1.14612,29.6667
1.27847,29.7969
1.26016,30.0029
1.18548,30.1956
1.06428,30.3607
1.12798,30.5647
1.05926,30.7686
0.922041,30.9322
0.905926,31.1306
0.892106,31.3324
0.832601,31.5441
0.664649,31.6542
0.596676,31.847
0.477976,32.0281
0.560034,32.2317
0.626322,32.4294
0.762563,32.5772
0.844785,32.7471
0.937962,32.917
0.989631,33.1044
1.07477,33.2845
0.901476,33.3811
0.834181,33.5662
0.817703,33.7606
0.874063,33.9668
0.749821,34.1299
0.782461,34.3423
0.934209,34.4669
0.886357,34.646
1.06126,34.7742
0.967819,34.9806
1.04791,35.1797
0.979952,35.3785
0.91254,35.563
1.04528,35.7266
0.934708,35.9061
0.798566,36.0676
0.903461,36.2362
0.723921,36.3306
0.118205,0.316076
0.166832,0.521533
-0.0364467,0.539456
0.0119785,0.744259
0.0270761,0.948365
-0.111333,1.11622
-0.16435,1.31734
-0.0213924,1.49263
0.0170395,1.70037
-0.0240501,1.90353
-0.0664158,2.10734
-0.00150061,2.29409
-0.0114913,2.48827
0.0106691,2.68785
-0.0482326,2.87088
-0.0714764,3.05165
0.0334178,3.21017
-0.00527459,3.39154
-0.0452963,3.57391
-0.17478,3.71124
-0.156827,3.91395
-0.168792,4.10713
-0.0585393,4.27033
0.0267407,4.46309
-0.0491255,4.64898
0.0832271,4.79587
0.0617835,4.99414
0.104101,5.1978
0.161762,5.39123
0.125486,5.58527
-0.0120146,5.74354
-0.0178169,5.94509
-0.000142745,6.13721
-0.127357,6.30694
-0.0940723,6.52435
0.0643155,6.66417
-0.0900661,6.81231
0.000426611,6.97988
-0.0228697,7.18747
0.0111034,7.37433
0.0135953,7.5791
0.156309,7.71133
0.216292,7.91085
0.19108,8.10532
0.0459984,8.24352
0.148477,8.41628
0.119345,8.60097
0.153871,8.80132
0.327256,8.72921
0.393027,8.92051
0.406445,9.11911
0.420583,9.33892
0.532303,9.49633
0.5925,9.69295
0.613893,9.89671
0.445863,10.0012
0.498013,10.1963
0.571484,10.3665
0.517303,10.5568
0.399873,10.7341
0.47769,10.911
0.378757,11.0815
0.349105,11.273
0.429822,11.4722
0.594159,11.5923
0.535351,11.7932
0.601551,12.0067
0.626709,12.2149
0.458872,12.3483
0.439977,12.548
0.622172,12.6301
0.597066,12.8331
0.551051,13.0468
0.711377,13.1581
0.770764,13.3446
0.796346,13.5524
0.874511,13.7527
0.868358,13.9511
0.859677,14.1593
0.850249,14.3688
1.01711,14.4819
1.06344,14.6702
0.956008,14.8278
0.865296,15.0054
0.824756,15.2115
0.922106,15.3932
1.07062,15.5254
1.25295,15.5926
1.3608,15.7688
1.2997,15.9832
1.35101,16.1599
1.25962,16.3428
1.34771,16.5242
1.37324,16.7181
1.34035,16.9278
1.43462,17.1178
1.59304,17.2551
1.68322,17.4475
1.67001,17.6703
1.60947,17.887
1.66728,18.0963
1.63191,18.2871
1.68141,18.4872
1.80567,18.646
1.87189,18.8201
1.69918,18.9656
1.58956,19.1501
1.72731,19.3094
1.85666,19.4728
1.89671,19.686
2.03271,19.8513
2.04248,20.0402
1.88753,20.1595
1.83219,20.3582
1.89108,20.5506
1.72494,20.6653
1.62998,20.8403
1.60452,21.0317
1.59173,21.23
1.67238,21.4044
1.52323,21.515
1.5749,21.7145
1.54105,21.9209
1.51344,22.1077
1.68977,22.1642
1.69804,22.3833
1.79627,22.5585
1.87921,22.7546
1.93327,22.9522
2.01794,23.1613
2.02176,23.35
2.13251,23.4999
2.13275,23.6989
2.06477,23.9116
2.04,24.1254
1.90375,24.2796
1.90422,24.4736
1.90043,24.6833
1.92529,24.8808
2.09107,25.0122
1.9995,25.1821
2.0679,25.3815
2.12959,25.5648
2.13266,25.7665
2.23146,25.942
2.20857,26.1392
2.11218,26.3029
2.2151,26.4818
2.08203,26.6256
2.12323,26.8171
2.14616,27.024
2.14638,27.2285
2.02396,27.4017
2.00419,27.5962
2.03693,27.807
1.94138,27.9775
1.88106,28.1833
2.01014,28.3372
2.05114,28.5418
2.20113,28.6979
2.05148,28.8289
2.18082,28.9949
2.31437,29.14
2.17179,29.2986
2.36604,29.3584
2.26485,29.5279
2.21658,29.7308
2.29497,29.908
2.14686,30.0443
2.07987,30.2329
1.98893,30.4305
1.91094,30.6286
2.0322,30.7922
2.17362,30.9309
2.05634,31.0816
2.0126,31.2719
1.92534,31.4669
1.82332,31.6388
1.69252,31.8122
1.82864,31.9707
1.81871,32.1578
1.77852,32.3541
1.83683,32.5584
1.9068,32.7586
2.04306,32.9417
1.94884,33.1377
1.9097,33.3381
1.88358,33.5459
1.70407,33.6484
1.7483,33.8313
1.80782,34.0273
1.87523,34.2102
1.70539,34.3175
1.70824,34.5193
1.82584,34.696
1.83052,34.8997
1.90652,35.0872
1.89318,35.2917
1.99899,35.4607
2.0881,35.6534
1.06128,0.298579
1.07202,0.518557
1.23223,0.640457
1.09878,0.783716
1.05804,0.980701
0.94152,1.163
1.04715,1.32507
0.965755,1.50423
0.816655,1.6319
0.965221,1.78856
0.945248,1.99464
0.985027,2.19821
1.06143,2.38833
0.959474,2.56913
1.10446,2.70163
1.12789,2.90932
1.11503,3.10965
1.22014,3.28043
1.3373,3.45379
1.48543,3.6043
1.48232,3.81531
1.52487,4.02478
1.45639,4.21664
1.34784,4.38684
1.40982,4.58939
1.50716,4.7602
1.52777,4.97037
1.42607,5.16267
1.53008,5.34133
1.46739,5.53789
1.53986,5.72458
1.49336,5.92122
1.41604,6.10678
1.5067,6.27166
1.63142,6.43377
1.63643,6.64389
1.83379,6.6813
1.73488,6.84905
1.86135,7.01855
1.89956,7.21169
1.90879,7.4073
1.95533,7.60779
1.91554,7.79428
1.92604,8.00862
1.92109,8.2081
1.96149,8.40912
1.96606,8.62999
2.02015,8.81519
1.9211,8.98403
1.78909,9.14501
1.88719,9.31308
1.91955,9.53258
1.81253,9.71373
1.72647,9.90322
1.69405,10.1128
1.68284,10.3236
1.82507,10.4652
1.94767,10.645
1.9687,10.8334
2.03432,11.0177
1.8721,11.133
1.94624,11.323
1.94776,11.5168
1.98613,11.716
1.94742,11.9083
1.97453,12.1234
2.15981,12.2172
2.16149,12.4322
2.19237,12.6314
2.17619,12.8283
2.10742,13.0425
2.03486,13.2461
1.93589,13.422
1.97838,13.6128
1.83278,13.7585
1.85703,13.9581
1.86727,14.162
1.80152,14.3457
1.87769,14.5376
2.0282,14.6931
1.8824,14.8425
1.90876,15.0382
2.06753,15.1685
2.03588,15.376
2.19147,15.5166
2.16303,15.7166
2.05411,15.868
2.048,16.0762
2.00246,16.2667
2.08284,16.4501
2.09982,16.6566
2.13577,16.8517
2.1416,17.0563
2.28071,17.2138
2.32952,17.4058
2.20717,17.5883
2.11896,17.7765
2.16305,17.9866
2.14753,18.1724
2.20469,18.3868
2.35776,18.5345
2.28362,18.7367
2.31033,18.9443
2.43454,19.0987
2.60241,19.2396
2.64519,19.4584
2.6814,19.6549
2.53036,19.7937
2.40462,19.9594
2.41937,20.1574
2.58187,20.2935
2.6518,20.4694
2.77776,20.6286
2.80196,20.8188
2.88237,21.0252
2.75024,21.1736
2.6839,21.3543
2.54686,21.4946
2.41871,21.6405
2.61419,21.7392
2.64912,21.9359
2.58636,22.1428
2.52903,22.3498
2.50527,22.5528
2.3624,22.695
2.43828,22.886
2.51604,23.1032
2.5706,23.2903
2.43656,23.447
2.45019,23.6505
2.59764,23.7995
2.62214,23.9935
2.74126,24.1574
2.76168,24.3523
2.74399,24.5613
2.90277,24.6769
2.78762,24.8508
2.90541,25.0069
2.89945,25.2073
2.93838,25.4131
2.9897,25.6189
3.01394,25.8316
3.1601,25.9742
3.10682,26.176
3.02412,26.3605
2.88339,26.4986
2.95858,26.6845
2.89738,26.8859
2.92403,27.1053
3.04899,27.248
3.06897,27.4513
2.94438,27.6087
3.03868,27.7952
2.94275,27.9763
3.00078,28.1615
3.0244,28.3634
3.12767,28.5392
3.21887,28.727
3.26642,28.9213
3.15057,29.0842
3.21731,29.2724
3.32056,29.4456
3.20084,29.6004
3.24795,29.8004
3.44441,29.8624
3.38876,30.069
3.31987,30.263
3.18192,30.4032
3.19923,30.6112
3.10851,30.7972
3.17561,31.0086
3.0991,31.1963
3.04506,31.3968
3.20924,31.5267
3.41031,31.6083
3.29451,31.7605
3.13765,31.9114
3.19523,32.1177
3.10998,32.2942
3.20525,32.4674
3.06885,32.6443
3.05953,32.8442
3.11325,33.0429
3.12407,33.2406
2.96606,33.3884
2.94054,33.5851
2.89545,33.7685
2.92108,33.9675
2.87912,34.164
2.91131,34.3625
2.80948,34.5494
2.80888,34.7432
2.88732,34.9346
2.88201,35.1293
2.78354,35.2881
2.71379,35.4923
2.63555,35.672
2.56304,35.8647
2.43235,36.0191
2.24191,36.0449
2.3542,0.164178
2.38725,0.369078
2.46373,0.55421
2.5017,0.743371
2.52456,0.947954
2.66076,1.11038
2.62529,1.31867
2.71596,1.49305
2.82277,1.65805
2.98831,1.77278
2.95544,1.98451
2.9741,2.21548
3.00114,2.41688
2.99752,2.61019
2.88816,2.76781
2.99284,2.93788
3.00894,3.13928
2.92342,3.33006
2.94344,3.53246
2.95854,3.72528
2.96045,3.92957
3.02165,4.11842
2.99293,4.31079
3.03665,4.51674
3.09865,4.71762
2.97151,4.88391
3.02026,5.07776
2.84835,5.18306
2.88411,5.38125
3.00117,5.53909
3.05691,5.74683
2.86462,5.77849
2.95578,5.96839
2.98821,6.18299
3.01561,6.38775
3.02727,6.58343
3.13061,6.76147
3.22993,6.9542
3.27488,7.14568
3.4556,7.28232
3.62291,7.43071
3.54133,7.60461
3.66272,7.77091
3.72218,7.97689
3.67667,8.15863
3.75861,8.34784
3.58282,8.45618
3.64471,8.67453
3.67185,8.86889
3.7572,9.05085
3.72386,9.25034
3.80059,9.4309
3.72412,9.59935
3.75134,9.80953
3.71962,10.0246
3.80606,10.1935
3.69108,10.3721
3.78433,10.5441
3.65781,10.7222
3.81601,10.8534
3.8626,11.0398
3.87027,11.2534
3.8139,11.4424
3.97355,11.5817
4.0538,11.7749
4.12776,11.971
4.14537,12.1744
3.93904,12.1732
3.99175,12.373
3.97044,12.5828
3.84009,12.7402
3.74857,12.9139
3.77722,13.1003
3.73893,13.2992
3.754,13.5088
3.73403,13.7035
3.9082,13.7701
3.94775,13.9688
3.94087,14.1602
4.01164,14.3669
3.99113,14.5729
3.88996,14.7425
3.90621,14.9458
3.90606,15.1456
3.9127,15.3478
3.92861,15.5573
4.08067,15.679
4.16838,15.872
4.17525,16.0584
4.22587,16.2584
4.07159,16.3899
3.97699,16.5739
3.913,16.7565
3.83489,16.9388
3.89692,17.1385
3.82696,17.3164
3.96754,17.4524
3.99033,17.6577
3.97262,17.8732
4.04238,18.0614
4.0712,18.2638
4.05135,18.4714
3.98407,18.6633
4.00984,18.8734
3.99998,19.0745
3.89099,19.2475
3.72876,19.3756
3.7379,19.579
3.75456,19.7815
3.57737,19.8921
3.60617,20.0911
3.61533,20.2982
3.61838,20.498
3.55384,20.6838
3.61503,20.8767
3.72026,21.0534
3.74164,21.2532
3.72361,21.4588
3.83851,21.6441
3.95255,21.8241
4.10801,21.9736
4.11514,22.1807
4.11718,22.3869
4.10921,22.5873
4.03042,22.7734
3.94238,22.9545
3.96885,23.1563
4.08405,23.3246
4.07839,23.524
4.11744,23.7271
4.14313,23.935
3.96191,24.0212
4.05472,24.1948
4.05931,24.3889
4.10417,24.5808
4.10196,24.7875
4.27367,24.897
4.34685,25.0737
4.30726,25.2608
4.36154,25.4566
4.2548,25.6154
4.1837,25.7886
4.22835,25.9923
4.13099,26.1797
4.0931,26.3801
4.10434,26.5765
4.18206,26.7696
4.15095,26.9806
3.99595,27.1323
3.9763,27.3327
3.93415,27.5381
4.12152,27.6526
3.9904,27.8189
4.08049,27.9923
4.12908,28.1835
4.20983,28.3752
4.2841,28.5636
4.15212,28.7141
4.21356,28.9117
4.22017,29.1059
4.07458,29.2793
4.02168,29.4707
4.07149,29.6504
4.00556,29.8483
3.97239,30.05
3.98611,30.2562
3.86935,30.4239
3.90625,30.6226
3.91314,30.835
4.04474,30.9865
4.15191,31.1709
4.13468,31.3754
3.94162,31.4768
3.94254,31.6689
4.10778,31.7883
4.1433,31.9748
4.2264,32.1621
4.10853,32.3397
4.11806,32.5389
4.11041,32.7396
4.15985,32.9357
4.05335,33.1234
3.99551,33.3336
3.90113,33.5127
3.90681,33.7188
3.86386,33.913
3.82655,34.1179
3.90922,34.2955
3.75065,34.4441
3.88009,34.5827
4.05503,34.6847
4.15537,34.8574
4.12336,35.0624
4.1145,35.2632
4.07587,35.4576
4.02568,35.6638
3.97746,35.8726
3.97454,36.0733
3.97579,36.2628
4.08277,36.43
4.34047,0.269765
4.3678,0.47191
4.38419,0.6768
4.44725,0.871758
4.43394,1.07389
4.36307,1.2522
4.33943,1.45154
4.45631,1.62826
4.55909,1.79161
4.53571,1.98873
4.3663,2.09751
4.35196,2.29205
4.49736,2.45079
4.4975,2.65082
4.35842,2.77755
4.24199,2.95029
4.19324,3.1311
4.34982,3.24392
4.31965,3.4386
4.30309,3.65221
4.29884,3.84262
4.21123,4.01488
4.13996,4.21645
3.9954,4.36062
4.01325,4.56312
4.01681,4.77415
4.14593,4.92846
4.02683,5.08791
3.89269,5.24311
3.89925,5.44298
3.82705,5.63423
3.91877,5.8184
3.91237,6.03572
3.81714,6.22744
3.95309,6.36629
3.99842,6.57227
4.09118,6.74761
4.03772,6.94995
4.01197,7.1553
4.05751,7.3612
3.87099,7.41168
3.85617,7.62109
3.92152,7.84313
4.01897,8.02101
4.21115,8.12592
4.23491,8.31851
4.2357,8.52005
4.32322,8.70151
4.2696,8.89099
4.28816,9.09827
4.30487,9.29813
4.32037,9.49636
4.24831,9.68849
4.34186,9.87539
4.47343,10.04
4.40333,10.2268
4.39665,10.4254
4.53927,10.5792
4.67396,10.7263
4.57092,10.9199
4.70369,11.0613
4.68852,11.2794
4.72878,11.4796
4.68005,11.6765
4.67194,11.8716
4.67675,12.0847
4.84126,12.2455
4.93938,12.426
4.98836,12.6178
4.86533,12.7647
4.9957,12.909
-4.88022,13.058
4.98592,13.206
4.97123,13.4054
-4.87447,13.5373
-4.93718,13.7308
-4.9725,13.9369
-4.92157,14.1378
-4.99284,14.322
-4.98054,14.546
-4.81254,14.6547
-4.75383,14.8436
-4.86967,15.0187
-4.83669,15.2079
-4.9312,15.3806
-4.90334,15.5835
-4.99415,15.7684
-4.96154,15.9628
4.98639,16.1584
4.87285,16.3114
4.86925,16.5307
4.90067,16.7481
4.87587,16.9535
4.9363,17.1442
4.92397,17.3547
4.82378,17.5356
4.87929,17.7186
4.89997,17.9241
-4.91334,17.996
4.93892,18.1547
4.93882,18.3457
-4.8871,18.4427
4.97755,18.6012
4.84868,18.7578
4.76708,18.9474
4.65664,19.1266
4.66355,19.3169
4.77252,19.4914
4.803,19.6845
4.9776,19.7873
-4.90836,19.9486
-4.86051,20.1426
-4.89393,20.3555
4.99712,20.5521
4.96043,20.7503
4.80923,20.9091
4.92043,21.0797
4.76189,21.2158
4.69067,21.3997
4.87222,21.519
4.84749,21.7335
4.93228,21.9181
-4.98603,22.0999
4.98488,22.2996
4.98452,22.5131
4.97912,22.7236
4.87913,22.9143
4.90842,23.1206
-4.94817,23.253
-4.86068,23.4383
-4.99751,23.5712
-4.96263,23.7674
4.97309,23.9708
4.95649,24.1683
4.9352,24.3897
-4.99337,24.5703
4.93641,24.7589
4.9938,24.9432
-4.95669,25.1379
-4.84236,25.3143
-4.7221,25.4554
-4.71418,25.6717
-4.71179,25.8763
-4.57902,26.0429
-4.5044,26.2373
-4.40592,26.4139
-4.37948,26.6179
-4.57545,26.6842
-4.66797,26.8546
-4.63932,27.0551
-4.72181,27.2376
-4.67867,27.4422
-4.8161,27.5882
-4.8763,27.7938
-4.78802,27.9744
-4.98664,28.0624
4.94351,28.2468
-4.94266,28.4229
-4.8942,28.6187
-4.76933,28.7834
-4.87782,28.9665
-4.91907,29.1682
-4.91832,29.3665
-4.90981,29.5838
4.9862,29.7702
4.98964,29.9697
-4.89235,30.1558
4.98313,30.3173
4.83763,30.4528
4.99178,30.5893
-4.87304,30.7298
-4.86551,30.9384
-4.96104,31.1251
-4.98473,31.3578
4.97416,31.566
-4.91452,31.7403
-4.77948,31.9031
-4.78942,32.1
-4.88793,32.2722
4.95999,32.3749
-4.93536,32.5497
-4.97743,32.7545
-4.86246,32.9182
-4.94891,33.0976
4.95925,33.289
4.91011,33.4887
4.92478,33.6918
4.96809,33.8927
-4.98193,34.0995
-4.97568,34.2873
-4.93897,34.485
4.98953,34.6674
4.93872,34.8633
-4.95289,35.0276
-4.97413,35.2275
-4.8894,35.4069
-4.78036,35.5635
-4.89337,35.7439
-4.84951,35.9334
-4.94817,36.1056
