-4.74335,0.240633
-4.61087,0.403764
-4.646,0.618814
-4.54822,0.804256
-4.55629,1.00177
-4.44562,1.16658
-4.55823,1.32867
-4.5323,1.53033
-4.48801,1.71683
-4.38436,1.89509
-4.50648,2.05159
-4.39168,2.22723
-4.44053,2.42899
-4.35662,2.59469
-4.54417,2.66219
-4.46298,2.84666
-4.372,3.04023
-4.28715,3.21878
-4.16668,3.38992
-4.23088,3.57118
-4.20747,3.77622
-4.17137,3.98201
-3.98648,4.05405
-3.96928,4.27078
-3.93552,4.48261
-3.96115,4.67624
-4.05763,4.86852
-4.22933,4.97028
-4.42265,5.07152
-4.37498,5.2709
-4.43505,5.4656
-4.33087,5.63509
-4.27697,5.83196
-4.23783,6.02405
-4.22798,6.22175
-4.25251,6.41749
-4.1535,6.60166
-4.26433,6.78068
-4.23926,6.98001
-4.27002,7.17523
-4.35547,7.3505
-4.26543,7.53205
-4.33172,7.73632
-4.3183,7.93282
-4.28138,8.11808
-4.34414,8.32238
-4.27129,8.51484
-4.44374,8.60138
-4.34936,8.76046
-4.20859,8.89937
-4.32445,9.10025
-4.23317,9.3035
-4.26109,9.51158
-4.24222,9.70291
-4.1621,9.87553
-4.12721,10.0724
-4.12914,10.2897
-4.06333,10.4831
-4.14665,10.6788
-4.05779,10.8384
-4.04918,11.0363
-3.92223,11.1998
-3.98897,11.4192
-3.92754,11.614
-3.83702,11.7958
-3.83891,12.0085
-3.98164,12.1726
-4.0592,12.3486
-4.01629,12.5319
-4.11264,12.7073
-4.18623,12.9111
-4.09976,13.1289
-4.14754,13.3143
-4.08056,13.5111
-4.06577,13.7023
-4.16712,13.8896
-4.12915,14.0901
-4.00234,14.2327
-3.96541,14.4512
-4.00586,14.6475
-4.13477,14.8066
-4.21124,14.9909
-4.1823,15.1814
-4.13132,15.3845
-4.1647,15.5966
-4.12597,15.7833
-4.07435,15.9776
-3.99509,16.1581
-3.93362,16.364
-3.93663,16.5704
-3.8535,16.7768
-3.74971,16.9511
-3.88787,17.0851
-3.75925,17.229
-3.74456,17.4272
-3.80703,17.6255
-3.89026,17.8225
-3.86343,18.0265
-3.78778,18.2237
-3.6148,18.3317
-3.64998,18.5406
-3.63408,18.7383
-3.69298,18.9483
-3.70083,19.1479
-3.56836,19.2989
-3.48225,19.483
-3.58303,19.6567
-3.49465,19.8382
-3.56936,20.0373
-3.67139,20.2008
-3.64988,20.4002
-3.75869,20.5714
-3.67446,20.7549
-3.69989,20.9474
-3.72413,21.1504
-3.54631,21.243
-3.56811,21.4418
-3.58802,21.6671
-3.53746,21.8695
-3.49577,22.0856
-3.41317,22.2765
-3.55327,22.4209
-3.62475,22.5959
-3.44587,22.6908
-3.38629,22.8875
-3.4048,23.0806
-3.37188,23.273
-3.33765,23.4738
-3.35366,23.6762
-3.28988,23.8666
-3.39243,24.0532
-3.34452,24.2554
-3.33407,24.4519
-3.29511,24.6364
-3.25381,24.8279
-3.24168,25.0258
-3.15642,25.214
-3.07269,25.405
-3.11452,25.6015
-2.98027,25.7503
-3.06021,25.938
-2.95079,26.1025
-2.79196,26.2296
-2.64615,26.3593
-2.75205,26.5345
-2.66296,26.7305
-2.54473,26.9047
-2.41064,27.0465
-2.46691,27.2348
-2.43073,27.4248
-2.34452,27.6081
-2.34468,27.8148
-2.34414,28.0379
-2.27141,28.2251
-2.35205,28.4003
-2.26256,28.5841
-2.24913,28.7857
-2.16753,28.9759
-2.12437,29.2003
-2.14625,29.4106
-2.21492,29.6125
-2.21902,29.8118
-2.28923,30.0081
-2.30042,30.2027
-2.3639,30.4016
-2.2082,30.5181
-2.35312,30.665
-2.35305,30.887
-2.21448,31.0561
-2.35586,31.1692
-2.29836,31.3694
-2.30399,31.5643
-2.20415,31.7399
-2.08747,31.9128
-2.07204,32.137
-1.93982,32.2892
-2.00718,32.4816
-2.03191,32.6895
-2.22961,32.7951
-2.14245,32.9656
-2.10678,33.171
-2.0323,33.3543
-2.17032,33.5161
-2.18477,33.7188
-2.15479,33.9242
-2.26505,34.0945
-2.17448,34.2889
-2.13452,34.5019
-2.13243,34.6999
-2.11371,34.9075
-2.09575,35.104
-1.98351,35.2828
-1.87071,35.4413
-1.69804,35.5429
-1.6748,35.7392
-1.85644,35.8678
-1.76355,36.0524
-1.77932,36.245
-1.82825,36.4414
-1.85936,36.6454
-4.00402,0.412073
-3.93024,0.607499
-3.98286,0.823498
-3.95617,1.02265
-3.84309,1.1979
-3.85258,1.40389
-3.75565,1.60188
-3.79206,1.80937
-3.63696,1.92981
-3.68702,2.12558
-3.59779,2.29349
-3.63586,2.48792
-3.59996,2.68328
-3.6651,2.86897
-3.59494,3.06902
-3.59123,3.27799
-3.73291,3.42775
-3.66555,3.62414
-3.61623,3.81388
-3.51064,3.98403
-3.57294,4.1777
-3.66153,4.36419
-3.62113,4.57748
-3.48309,4.73482
-3.32477,4.85626
-3.42368,5.0317
-3.49411,5.21863
-3.6768,5.32899
-3.77593,5.50907
-3.7317,5.71112
-3.74881,5.92746
-3.63893,6.10003
-3.61357,6.29144
-3.56987,6.48993
-3.70694,6.65775
-3.78479,6.83132
-3.58204,6.9208
-3.54883,7.14286
-3.67043,7.29406
-3.56979,7.48567
-3.56756,7.68394
-3.69816,7.83858
-3.78812,8.02866
-3.71441,8.20611
-3.61245,8.38919
-3.58602,8.59741
-3.41087,8.70073
-3.24731,8.86322
-3.06997,8.97178
-3.22579,9.0822
-3.29301,9.27559
-3.38179,9.46783
-3.49,9.64316
-3.39499,9.81668
-3.50026,9.99262
-3.36744,10.1503
-3.2328,10.3007
-3.20542,10.5111
-3.24426,10.7121
-3.12854,10.8895
-3.10188,11.0989
-3.12307,11.3063
-3.25146,11.4592
-3.36421,11.6278
-3.33089,11.851
-3.26129,12.0579
-3.1913,12.2544
-3.14953,12.4571
-3.24906,12.6295
-3.29463,12.8254
-3.30082,13.0238
-3.13719,13.1507
-3.12964,13.3673
-3.22256,13.5518
-3.09636,13.7088
-3.05908,13.9048
-2.93841,14.0694
-2.96835,14.2812
-2.91082,14.478
-3.1131,14.4126
-3.21375,14.5932
-3.28916,14.7767
-3.35694,14.97
-3.24025,15.1519
-3.17202,15.3615
-3.27887,15.5399
-3.34462,15.7191
-3.43931,15.9044
-3.39568,16.0967
-3.33284,16.2972
-3.3094,16.5099
-3.32847,16.714
-3.16739,16.8203
-3.21871,17.0106
-3.16559,17.2169
-2.99406,17.3008
-3.0262,17.5138
-3.11311,17.6986
-3.21202,17.8553
-3.29436,18.0469
-3.26189,18.2376
-3.21853,18.4464
-3.27385,18.6371
-3.10342,18.7313
-3.14689,18.9245
-3.21216,19.1241
-3.0915,19.2734
-3.01132,19.466
-2.9992,19.6696
-2.97466,19.8681
-3.05082,20.0513
-3.19036,20.1779
-3.25198,20.3792
-3.36799,20.528
-3.26312,20.7143
-3.06031,20.7472
-3.05921,20.9497
-3.08113,21.1406
-3.14765,21.3422
-3.23051,21.5411
-3.10439,21.7171
-3.07368,21.9298
-2.98776,22.1361
-3.06847,22.3279
-2.99012,22.5135
-2.93212,22.7158
-2.77422,22.8637
-2.7022,23.0574
-2.71071,23.2528
-2.52845,23.3632
-2.45153,23.5546
-2.42845,23.7434
-2.42217,23.95
-2.46083,24.1399
-2.47425,24.348
-2.47176,24.5478
-2.37026,24.7229
-2.24074,24.867
-2.25033,25.0564
-2.25131,25.2526
-2.04892,25.2944
-2.08235,25.4915
-2.08778,25.6862
-2.05652,25.8854
-1.94079,26.0383
-1.87586,26.2247
-1.78418,26.3953
-1.67652,26.5594
-1.69447,26.7603
-1.85604,26.8893
-1.81566,27.1026
-1.74031,27.296
-1.62186,27.4599
-1.76263,27.6126
-1.69301,27.8076
-1.5809,27.9541
-1.63954,28.1409
-1.68819,28.34
-1.66492,28.5475
-1.66106,28.7479
-1.74995,28.9219
-1.64735,29.0904
-1.70191,29.2838
-1.83526,29.451
-1.62342,29.456
-1.67622,29.6765
-1.5932,29.8687
-1.54311,30.0683
-1.63333,30.2412
-1.55853,30.4077
-1.7036,30.5418
-1.78381,30.7407
-1.68871,30.9137
-1.69265,31.1384
-1.61029,31.3211
-1.61514,31.5239
-1.52199,31.6979
-1.44815,31.8639
-1.54432,32.0563
-1.38901,32.1705
-1.33293,32.3726
-1.26756,32.5493
-1.07703,32.6033
-1.19444,32.7705
-1.32708,32.9183
-1.33533,33.1236
-1.31402,33.3341
-1.28866,33.5345
-1.27096,33.7367
-1.30209,33.9543
-1.29136,34.1465
-1.37552,34.3278
-1.41809,34.5212
-1.47221,34.7269
-1.41406,34.9167
-1.25833,35.0445
-1.33853,35.2361
-1.32437,35.4384
-1.33522,35.6443
-1.22132,35.8218
-3.30016,0.248322
-3.36768,0.432088
-3.29804,0.623951
-3.08974,0.628772
-3.09926,0.827253
-3.27302,0.929436
-3.1439,1.0855
-3.09907,1.28215
-2.89922,1.27834
-2.9932,1.45097
-2.98108,1.65873
-2.86879,1.84585
-2.95008,2.0224
-3.00162,2.21348
-3.02478,2.41455
-3.11529,2.59962
-2.94679,2.71688
-2.90879,2.92488
-2.77433,3.0767
-2.76428,3.28676
-2.78233,3.47422
-2.95979,3.58036
-2.8902,3.79201
-2.99173,3.98383
-2.89286,4.15682
-2.79224,4.34359
-2.89143,4.52021
-3.01563,4.67248
-2.98349,4.87476
-3.01682,5.06954
-3.03645,5.27313
-3.08442,5.46566
-3.14588,5.66483
-3.06636,5.83749
-2.94573,5.99821
-2.81996,6.17638
-2.88411,6.37206
-2.84872,6.59272
-3.05694,6.59424
-3.11557,6.78594
-3.24725,6.95683
-3.12075,7.12316
-2.95944,7.2434
-2.98082,7.44133
-2.86572,7.61467
-2.6832,7.69752
-2.60792,7.89586
-2.54181,8.09264
-2.52111,8.30217
-2.56685,8.50086
-2.53796,8.70655
-2.42808,8.86489
-2.44006,9.07336
-2.25673,9.20026
-2.08045,9.2615
-2.03908,9.45604
-2.09871,9.65264
-2.0632,9.85703
-2.16519,10.0376
-2.28054,10.1957
-2.20744,10.378
-2.34996,10.5216
-2.3776,10.7266
-2.19142,10.8174
-2.02249,10.9559
-1.97119,11.1675
-2.04526,11.3528
-2.11219,11.5451
-2.06616,11.7451
-2.11675,11.9344
-2.21033,12.1078
-2.28475,12.2895
-2.34729,12.4834
-2.25738,12.6704
-2.33856,12.8782
-2.37791,13.0755
-2.37704,13.2838
-2.25235,13.4504
-2.06801,13.5609
-2.22224,13.6829
-2.4025,13.7581
-2.42615,13.9615
-2.34055,14.1316
-2.27115,14.3268
-2.35991,14.5159
-2.23734,14.6805
-2.19004,14.8756
-2.09448,15.0552
-2.06413,15.2389
-1.95281,15.395
-2.0933,15.5212
-2.15084,15.7263
-2.02486,15.9045
-2.03701,16.1042
-2.12616,16.2817
-2.02255,16.4645
-1.98294,16.6607
-1.99643,16.863
-2.07138,17.0455
-2.17893,17.215
-2.14874,17.4227
-2.17454,17.6253
-2.10792,17.8195
-2.17466,18.0172
-2.09256,18.2317
-2.00713,18.4197
-1.98079,18.632
-1.94304,18.8292
-1.82969,19.0106
-1.82331,19.2184
-1.79513,19.4082
-1.93854,19.543
-2.06872,19.697
-2.13805,19.8942
-2.156,20.0914
-2.18291,20.2877
-2.07628,20.4566
-2.07506,20.6605
-2.02784,20.8688
-1.97292,21.0705
-1.97206,21.2772
-2.07423,21.4606
-1.99711,21.6556
-2.02785,21.8405
-1.98908,22.0436
-2.04794,22.2289
-2.02964,22.4314
-1.95366,22.6346
-1.8793,22.8092
-1.9492,23.0055
-1.8988,23.2046
-1.99398,23.3882
-1.9891,23.5881
-1.90669,23.7649
-1.96414,23.9564
-2.05368,24.1336
-2.12267,24.3415
-2.0765,24.5541
-1.9801,24.7494
-1.86109,24.9062
-1.86828,25.1057
-1.75277,25.2665
-1.64335,25.426
-1.59562,25.6302
-1.44756,25.7785
-1.3813,25.9805
-1.22324,26.116
-1.07157,26.2296
-1.06587,26.4363
-0.980078,26.6191
-0.894299,26.8039
-0.939071,27.0255
-1.08147,27.175
-0.999294,27.3451
-0.869364,27.506
-1.01082,27.6364
-0.999916,27.8322
-1.12187,28.0066
-1.19814,28.2175
-1.09049,28.4023
-1.04879,28.6098
-1.01922,28.8049
-1.01684,29.0114
-1.05105,29.2129
-0.934026,29.3877
-1.01549,29.5708
-1.03418,29.7698
-1.11994,29.9736
-0.932492,29.9775
-1.04139,30.1591
-1.04929,30.3542
-1.04067,30.5452
-0.918321,30.6918
-0.859452,30.8765
-0.842731,31.0851
-0.919572,31.2792
-0.819446,31.4425
-0.878175,31.6261
-0.940826,31.8121
-0.970058,32.0133
-0.979401,32.2098
-0.98006,32.4153
-0.877133,32.6052
-0.827945,32.7995
-0.822864,32.9998
-0.7076,33.1668
-0.807896,33.3358
-0.895749,33.5129
-0.920949,33.7027
-0.912831,33.9012
-0.898846,34.089
-0.940193,34.2924
-0.760796,34.353
-0.67352,34.5449
-0.518477,34.6903
-0.367616,34.8508
-0.312114,35.0537
-0.377033,35.2624
-0.378404,35.4785
-0.34596,35.6804
-2.74871,0.131985
-2.6447,0.342623
-2.55586,0.533024
-2.71218,0.649869
-2.64088,0.825452
-2.57691,1.01113
-2.65054,1.20839
-2.58714,1.3983
-2.49486,1.57717
-2.37949,1.75765
-2.33633,1.95894
-2.29605,2.13993
-2.30892,2.33871
-2.48068,2.44624
-2.47067,2.64044
-2.36665,2.81402
-2.33453,3.01653
-2.33296,3.21064
-2.28212,3.40759
-2.24183,3.60931
-2.07702,3.70142
-2.05157,3.89898
-2.17271,4.09001
-2.11881,4.27598
-1.97065,4.39804
-1.84563,4.55376
-1.81716,4.75645
-1.83218,4.94672
-1.90954,5.13358
-1.92614,5.35375
-1.95549,5.55789
-1.86316,5.73034
-1.84651,5.93055
-1.79319,6.11419
-1.69152,6.29721
-1.66707,6.48218
-1.79828,6.62285
-1.70733,6.80538
-1.66245,7.00681
-1.68117,7.20395
-1.81025,7.37734
-1.84717,7.56966
-1.67596,7.71085
-1.55641,7.86847
-1.72454,7.99239
-1.7533,8.19047
-1.74607,8.39615
-1.73664,8.60537
-1.63526,8.79516
-1.64822,9.01616
-1.69364,9.21285
-1.63452,9.40805
-1.53459,9.60107
-1.57101,9.8009
-1.46615,9.98925
-1.41775,10.1867
-1.3833,10.3834
-1.52047,10.5389
-1.38917,10.6902
-1.28928,10.8582
-1.29077,11.0591
-1.35129,11.2601
-1.33217,11.4595
-1.27259,11.6601
-1.08506,11.7639
-1.22532,11.9085
-1.17333,12.1099
-1.31421,12.278
-1.36311,12.4785
-1.4116,12.6647
-1.21537,12.6889
-1.20609,12.9032
-1.15848,13.1058
-1.23211,13.3104
-1.31836,13.5127
-1.12478,13.5804
-1.21141,13.7417
-1.20856,13.9421
-1.30985,14.111
-1.30606,14.3153
-1.29961,14.5092
-1.25525,14.7212
-1.26831,14.9224
-1.15175,15.0958
-1.26746,15.2515
-1.36312,15.4333
-1.39432,15.6376
-1.36117,15.8444
-1.27552,16.026
-1.26421,16.2439
-1.13214,16.4038
-1.00796,16.5753
-1.09321,16.7625
-1.0317,16.9663
-0.991796,17.1714
-0.923413,17.3615
-1.00156,17.5473
-1.02068,17.743
-1.05255,17.9566
-1.05405,18.1602
-1.16737,18.3342
-1.26749,18.5059
-1.22792,18.6958
-1.17619,18.8846
-1.23503,19.0696
-1.2615,19.269
-1.30915,19.4574
-1.36183,19.6601
-1.35628,19.8535
-1.17609,19.9362
-1.28605,20.1146
-1.22593,20.3078
-1.12808,20.4877
-1.12871,20.6863
-1.15115,20.8857
-1.10373,21.0853
-1.02117,21.2575
-1.10577,21.4558
-0.925383,21.5502
-0.947246,21.7474
-0.786942,21.8758
-0.679075,22.0295
-0.818977,22.1862
-0.724808,22.3571
-0.823083,22.5462
-1.01797,22.5776
-1.07874,22.7807
-1.0527,22.9791
-1.12722,23.1774
-1.02079,23.362
-1.04076,23.556
-1.05515,23.7547
-1.05292,23.9583
-1.05506,24.156
-1.12862,24.3481
-1.03421,24.5258
-0.962316,24.7244
-1.02184,24.9255
-1.07016,25.1217
-1.08018,25.3329
-1.06218,25.5325
-0.916494,25.676
-0.759624,25.8028
-0.695067,25.992
-0.636139,26.1865
-0.578701,26.3914
-0.37146,26.3815
-0.30189,26.5782
-0.364144,26.7841
-0.29884,26.9839
-0.442655,27.1542
-0.538371,27.3386
-0.478425,27.5248
-0.484437,27.7311
-0.47236,27.9236
-0.456284,28.128
-0.461927,28.3373
-0.58641,28.4964
-0.732473,28.6191
-0.77599,28.8159
-0.770467,29.0281
-0.660783,29.2025
-0.680716,29.4146
-0.719799,29.6259
-0.716942,29.839
-0.662679,30.0323
-0.535226,30.1742
-0.51193,30.3755
-0.477828,30.5753
-0.464861,30.7924
-0.28724,30.8688
-0.27611,31.0802
-0.188084,31.2649
-0.225134,31.4533
-0.3946,31.5761
-0.309486,31.7544
-0.169365,31.9248
-0.0146913,32.0612
0.132798,32.1924
0.101321,32.3909
0.086032,32.6012
-0.0953313,32.6986
-0.186379,32.8765
-0.0161941,32.9878
0.000245285,33.1914
0.0888082,33.3736
0.0294424,33.5747
0.189058,33.7063
0.181773,33.9299
0.143273,34.1265
-0.0139244,34.267
-0.0136401,34.4657
-0.133511,34.646
-0.154365,34.8472
-0.111855,35.034
-0.0412378,35.2264
-0.0203594,35.4227
-0.0157273,35.614
0.0814236,35.8032
0.277005,35.8629
-2.05249,0.382899
-1.98073,0.572068
-1.89685,0.741255
-1.88198,0.930225
-1.78626,1.10883
-1.70133,1.2914
-1.88343,1.40782
-1.72158,1.53996
-1.68208,1.74141
-1.59745,1.91449
-1.64647,2.10441
-1.56185,2.30657
-1.51342,2.5003
-1.40587,2.66381
-1.48851,2.83572
-1.48187,3.04011
-1.53862,3.22579
-1.50419,3.42698
-1.36032,3.59102
-1.39072,3.79096
-1.30836,3.99437
-1.34421,4.18862
-1.31546,4.38823
-1.33227,4.58596
-1.50094,4.72231
-1.57915,4.92283
-1.52677,5.14557
-1.4983,5.3325
-1.33531,5.45405
-1.42063,5.63631
-1.45127,5.83517
-1.26264,5.9076
-1.21525,6.10039
-1.18659,6.3039
-1.14899,6.49106
-1.09687,6.69345
-1.09948,6.88793
-0.912027,6.96997
-1.0046,7.14424
-0.96053,7.3401
-1.00513,7.53442
-1.06863,7.72645
-1.02972,7.93188
-0.988657,8.13769
-1.04596,8.33736
-1.1998,8.4492
-1.13031,8.6485
-1.26345,8.81005
-1.1558,8.97984
-1.26139,9.17085
-1.36414,9.34692
-1.23068,9.49411
-1.14075,9.66891
-1.11497,9.87737
-1.13029,10.081
-1.10995,10.2869
-1.04866,10.4717
-1.06651,10.6698
-0.981298,10.8605
-0.923797,11.0471
-0.843166,11.2328
-0.789867,11.4304
-0.801003,11.6221
-0.76557,11.8288
-0.599257,11.9204
-0.743733,12.0632
-0.856807,12.2403
-0.891317,12.4427
-0.857108,12.632
-0.879334,12.8405
-0.939792,13.0269
-0.896606,13.2193
-0.744648,13.3699
-0.552709,13.4664
-0.469291,13.6662
-0.472739,13.8629
-0.573276,14.056
-0.493622,14.2513
-0.457948,14.4356
-0.431159,14.661
-0.505515,14.8307
-0.344842,14.9656
-0.247122,15.1374
-0.395937,15.2745
-0.507763,15.4499
-0.578937,15.6314
-0.449631,15.7821
-0.374856,15.9659
-0.274618,16.135
-0.237027,16.342
-0.182052,16.5333
-0.251157,16.7175
-0.181158,16.9046
-0.115037,17.0937
-0.0954252,17.2993
-0.0793831,17.5068
-0.179225,17.6963
-0.212494,17.8939
-0.0672427,18.044
-0.0799528,18.2485
-0.0962559,18.4531
-0.0425559,18.6702
-0.022619,18.8597
0.0546307,19.0502
0.0583207,19.2651
-0.109664,19.3872
-0.121058,19.598
-0.189559,19.779
-0.16074,19.9825
-0.156326,20.2001
-0.0665427,20.3834
-0.150042,20.5602
-0.27215,20.7308
-0.167383,20.9063
-0.18802,21.1114
-0.0536906,21.2502
0.0061598,21.4256
-0.0531128,21.6204
-0.0380185,21.8155
-0.0335867,22.0138
-0.0805713,22.2108
0.00350513,22.3903
-0.0367124,22.5697
0.142467,22.6715
0.251885,22.8508
0.32315,23.0364
0.262865,23.2133
0.324077,23.4033
0.313448,23.6127
0.144126,23.7175
0.226874,23.8975
0.0960449,24.0347
0.124897,24.2478
0.0551636,24.435
0.132806,24.612
0.139316,24.8024
0.160467,25.006
0.120998,25.2067
0.207255,25.3946
0.197854,25.6087
0.0651484,25.7746
-0.0142257,25.9596
0.080858,26.1323
0.227,26.2899
0.195354,26.5111
0.134847,26.7205
0.309449,26.8217
0.250192,27.014
0.0946171,27.1493
-0.0292932,27.2988
-0.0027918,27.4989
0.00916617,27.6972
-0.0825272,27.8768
-0.125055,28.0852
-0.165031,28.2896
-0.152712,28.4891
-0.0365929,28.6604
-0.164301,28.8237
-0.141311,29.0288
-0.244861,29.1994
-0.255894,29.4019
-0.113717,29.5345
-0.111069,29.7427
-0.00264303,29.9289
0.0759702,30.1155
0.152653,30.3074
0.26433,30.489
0.37012,30.6443
0.504153,30.7745
0.427071,30.9792
0.580716,31.109
0.557832,31.3024
0.568856,31.5048
0.584055,31.709
0.53085,31.9009
0.543767,32.1239
0.600196,32.3143
0.718919,32.4783
0.863642,32.6236
0.915548,32.8288
1.07131,32.9669
1.02997,33.1649
0.929193,33.3417
1.11084,33.466
1.083,33.6642
1.03528,33.8556
1.20611,33.9649
1.1835,34.1675
1.1391,34.3652
1.22909,34.5502
1.16323,34.751
1.15379,34.9443
1.111,35.1632
1.08919,35.3693
1.22196,35.5266
1.10314,35.6824
1.15974,35.8841
1.11193,36.0849
0.921987,36.0754
0.925198,36.2814
-0.727509,0.520825
-0.728024,0.735391
-0.789851,0.936518
-0.706383,1.12316
-0.708263,1.33439
-0.697247,1.53102
-0.642691,1.72762
-0.758318,1.90092
-0.714255,2.10188
-0.59894,2.25634
-0.469727,2.41121
-0.400939,2.59944
-0.376903,2.7932
-0.53602,2.91954
-0.392006,3.0775
-0.410227,3.28324
-0.394261,3.49066
-0.4999,3.66805
-0.397939,3.83318
-0.376085,4.05459
-0.378574,4.26074
-0.370428,4.47956
-0.255123,4.63311
-0.0929429,4.76335
-0.0761024,4.97628
-0.104285,5.16793
-0.00449938,5.33872
0.027747,5.54597
0.106514,5.71654
0.21983,5.88378
0.214657,6.09244
0.251485,6.28629
0.440012,6.34782
0.434867,6.5458
0.418243,6.75238
0.34234,6.93019
0.376873,7.12429
0.32866,7.32716
0.400044,7.51254
0.259148,7.66809
0.32535,7.8513
0.25557,8.05453
0.107102,8.17263
0.0423389,8.37022
0.0515514,8.58074
-0.0279013,8.75325
0.0812624,8.91465
0.240326,9.05197
0.22179,9.25163
0.13172,9.43055
0.103958,9.63763
0.131151,9.83873
0.326388,9.76759
0.468403,9.90574
0.527165,10.1064
0.477842,10.2963
0.477826,10.5014
0.504185,10.7043
0.409341,10.8805
0.558748,11.017
0.570382,11.227
0.627536,11.4197
0.618514,11.6187
0.605651,11.8229
0.55747,12.0315
0.569849,12.2353
0.695273,12.4033
0.764355,12.5872
0.771915,12.7882
0.652823,12.981
0.840255,13.0426
0.706123,13.1781
0.70931,13.3809
0.563547,13.5274
0.528272,13.7372
0.710064,13.8262
0.778284,14.0171
0.767361,14.2174
0.923302,14.3279
0.869934,14.5169
0.83984,14.7244
0.763116,14.9166
0.74975,15.1219
0.752748,15.3296
0.743349,15.5497
0.629618,15.7245
0.757111,15.8844
0.709374,16.0946
0.688724,16.2867
0.766755,16.4681
0.772603,16.6779
0.80301,16.8904
0.718719,17.076
0.785358,17.2679
0.745735,17.4764
0.85856,17.6447
0.953629,17.8337
1.01847,18.0245
1.12302,18.1914
1.20735,18.3809
1.19999,18.5805
1.22224,18.7735
1.11924,18.9559
1.25576,19.1121
1.11925,19.2591
1.10057,19.4642
1.05928,19.6639
1.04308,19.8704
1.19703,20.0052
1.03816,20.1259
0.88459,20.272
0.817067,20.4666
0.762486,20.6522
0.953357,20.7712
1.02962,20.9816
0.874927,21.1248
0.856129,21.3214
0.838699,21.5226
0.703173,21.6569
0.745804,21.8502
0.716472,22.0658
0.638937,22.2469
0.71667,22.4416
0.895873,22.5014
0.838546,22.7033
0.936213,22.9048
0.861201,23.1191
0.992536,23.2588
0.861592,23.4335
0.72127,23.5873
0.91116,23.7019
0.768799,23.8624
0.84395,24.0614
0.952753,24.2218
0.988808,24.4171
1.05337,24.6116
1.06636,24.8081
1.14273,24.9993
1.18677,25.1871
1.27135,25.3777
1.07937,25.4805
1.15942,25.678
1.36015,25.7703
1.32314,25.9933
1.30359,26.1913
1.26441,26.3888
1.30379,26.6013
1.10236,26.6401
1.2193,26.7975
1.11627,26.9809
1.23354,27.1462
1.12569,27.3302
1.28993,27.43
1.37262,27.6102
1.30993,27.7908
1.18905,27.9407
1.12203,28.1408
1.05127,28.3275
1.10502,28.5283
0.935467,28.6162
0.953275,28.8251
1.15709,28.878
1.27722,29.0281
1.28897,29.2261
1.44627,29.3593
1.32376,29.5262
1.33982,29.7285
1.45049,29.909
1.53395,30.0894
1.57667,30.2873
1.58354,30.4851
1.38758,30.523
1.54656,30.6837
1.68917,30.8359
1.71884,31.031
1.59052,31.1703
1.62015,31.3694
1.65534,31.5654
1.76167,31.7468
1.66505,31.9287
1.66472,32.1314
1.78017,32.303
1.68827,32.4877
1.77007,32.6736
1.85514,32.8716
1.79663,33.0556
1.71629,33.2481
1.76258,33.4517
1.78457,33.6517
1.66225,33.8226
1.71643,34.0172
1.7654,34.2056
1.78907,34.4074
1.80757,34.6054
1.73645,34.8062
1.75845,35.0015
1.59953,35.1306
1.41501,35.2016
1.43383,35.3956
1.49585,35.6016
0.627457,0.357036
0.518091,0.521787
0.684404,0.651139
0.585367,0.847672
0.611041,1.06041
0.673689,1.2742
0.729673,1.47514
0.673728,1.66107
0.722501,1.84686
0.822928,2.03018
0.794172,2.23487
0.776929,2.44653
0.882952,2.59077
0.931693,2.77436
0.803497,2.93789
0.825748,3.13243
0.934246,3.31303
0.751732,3.39296
0.833971,3.57935
0.750574,3.77664
0.873655,3.92597
1.04657,4.03573
0.939998,4.20982
1.05155,4.36431
1.00992,4.56424
0.984345,4.78124
1.01623,4.98753
0.951379,5.1813
0.987179,5.38173
1.04072,5.58789
0.979347,5.76959
0.849156,5.92148
0.738016,6.08728
0.713226,6.28345
0.809119,6.4674
0.719924,6.6661
0.794177,6.85582
0.84788,7.066
0.692735,7.1972
0.672571,7.39686
0.643811,7.61494
0.724456,7.80916
0.807731,7.98476
0.887047,8.16905
0.763837,8.31273
0.761496,8.51185
0.849965,8.69969
0.920697,8.89648
0.881399,9.08697
0.856214,9.2835
0.883327,9.48806
1.0585,9.57404
1.05638,9.77804
1.06322,9.98617
1.09238,10.1815
1.01999,10.3694
1.00344,10.5654
1.09772,10.7716
1.28661,10.8441
1.47269,10.8525
1.52389,11.0568
1.63553,11.236
1.58556,11.4544
1.60576,11.661
1.67872,11.8549
1.71517,12.0474
1.84465,12.1878
1.78736,12.3739
1.81417,12.5888
1.86536,12.772
1.81621,12.9787
1.93269,13.1487
1.95613,13.3614
1.95028,13.5591
1.98997,13.7545
2.03177,13.9643
2.09292,14.1569
2.00675,14.333
2.03859,14.5394
2.04906,14.7339
1.97554,14.9202
2.049,15.1029
2.01366,15.2944
2.17019,15.4456
2.0539,15.6147
2.04677,15.8166
1.98367,15.9987
2.08763,16.1693
2.16654,16.3481
2.12874,16.5546
2.32716,16.6017
2.41671,16.7915
2.52151,16.9528
2.40881,17.113
2.31745,17.2995
2.20923,17.4936
2.24593,17.6904
2.30148,17.8935
2.34613,18.1104
2.22943,18.2574
2.24248,18.4548
2.26502,18.6564
2.43248,18.7385
2.53286,18.9316
2.55217,19.1304
2.53544,19.349
2.60531,19.5306
2.75039,19.6974
2.64517,19.875
2.68378,20.081
2.78453,20.2562
2.96186,20.3328
2.93305,20.5337
2.90258,20.7352
2.98478,20.9141
3.0413,21.1142
3.00171,21.3246
3.18733,21.4043
3.11864,21.5828
2.9658,21.7221
2.86712,21.9016
2.95031,22.1007
3.00489,22.2855
3.11166,22.4713
3.14403,22.6627
3.03549,22.8223
3.16415,22.9735
3.30327,23.1323
3.25015,23.3446
3.25264,23.543
3.17009,23.7298
3.19105,23.9515
3.3779,24.0559
3.30446,24.2392
3.31933,24.4507
3.32474,24.6426
3.20353,24.8143
3.18102,25.0181
3.09212,25.2025
3.18977,25.3591
3.17055,25.5697
2.98093,25.6245
2.88607,25.8053
2.95295,25.9921
3.00346,26.18
3.03528,26.3764
2.99572,26.5623
2.9785,26.7649
2.9811,26.9622
2.93766,27.1652
2.76007,27.2584
2.65566,27.428
2.79552,27.5862
2.71463,27.7791
2.82807,27.9314
2.88185,28.1169
3.01848,28.2574
3.15668,28.3943
3.25749,28.5768
3.18044,28.7759
3.20383,28.9749
3.11764,29.1538
3.09729,29.36
3.09043,29.5644
3.06058,29.7635
3.02238,29.9624
3.09927,30.1412
3.06999,30.3403
3.1533,30.5305
3.02049,30.674
2.9168,30.849
2.90892,31.055
2.95084,31.2538
2.95392,31.4543
3.03424,31.6439
3.14297,31.8017
3.15564,32.0143
3.18921,32.23
3.11214,32.4291
3.16584,32.627
3.04799,32.7967
3.12008,32.9819
3.08519,33.1925
2.96544,33.3635
3.08414,33.5254
2.99673,33.7083
3.07813,33.8928
3.21043,34.0357
3.2598,34.2335
3.20681,34.4428
3.20894,34.6486
3.29238,34.839
3.45606,34.9671
3.43198,35.1604
3.31863,35.3302
3.18561,35.5109
3.27458,35.6858
3.2495,35.8797
3.26526,36.0847
3.19112,36.2727
2.56863,0.423361
2.45229,0.57901
2.40816,0.775537
2.32816,0.949153
2.38788,1.14181
2.43072,1.35276
2.37581,1.5417
2.37189,1.74993
2.33185,1.94527
2.36028,2.16022
2.47059,2.35547
2.42435,2.54013
2.54262,2.71556
2.56615,2.91112
2.46116,3.07073
2.61249,3.21923
2.72464,3.39201
2.92859,3.38517
2.96746,3.59497
2.91645,3.79534
2.8831,3.99255
2.82955,4.17248
2.90258,4.36849
2.8969,4.56567
2.9562,4.76555
2.87673,4.94568
2.85069,5.13832
2.86256,5.34687
2.85107,5.54003
2.87208,5.73275
3.02511,5.88233
3.01386,6.09155
2.87542,6.24644
2.83867,6.43999
2.8437,6.64738
2.77424,6.83671
2.68423,7.03189
2.78348,7.20039
2.86737,7.37045
2.95732,7.55659
2.86623,7.75271
3.03817,7.8511
3.03041,8.05178
3.05081,8.24796
3.14338,8.43817
3.20355,8.63706
3.06929,8.79924
2.94549,8.98329
3.04205,9.17097
2.95387,9.3414
2.88279,9.52037
2.82464,9.7084
2.71252,9.88894
2.52086,9.95094
2.58344,10.147
2.75792,10.2449
2.73017,10.4398
2.8448,10.6289
2.76584,10.8121
2.69933,11.012
2.81369,11.1765
2.89378,11.3661
2.92276,11.5826
2.91972,11.7865
2.71811,11.8346
2.77973,12.0297
2.8758,12.2086
2.90651,12.3946
2.98959,12.6012
3.10595,12.7946
3.21681,12.9664
3.2921,13.1786
3.39799,13.3466
3.19925,13.4309
3.16256,13.6217
3.24923,13.8104
3.33674,13.9925
3.33645,14.1974
3.25409,14.3892
3.26767,14.5924
3.34475,14.7869
3.41097,14.9742
3.46097,15.1721
3.44676,15.3734
3.64859,15.4192
3.63677,15.6089
3.70185,15.7826
3.84302,15.9292
3.92098,16.1064
3.89182,16.3161
3.83347,16.493
3.8104,16.6909
3.85881,16.9063
3.94205,17.0917
3.92561,17.2944
4.07123,17.4199
3.94199,17.5729
3.90019,17.7871
3.98773,17.9964
4.01743,18.2028
4.0179,18.4191
3.87631,18.5602
3.91018,18.7537
3.78443,18.894
3.77383,19.1087
3.81599,19.3099
3.85601,19.5023
3.89541,19.7115
3.819,19.9079
4.0092,19.9663
4.09513,20.1469
4.21006,20.3371
4.34063,20.4838
4.46496,20.6846
4.47672,20.8939
4.35446,21.0711
4.46586,21.2381
4.39591,21.427
4.36437,21.6259
4.39877,21.8217
4.56268,21.9266
4.47743,22.1296
4.47378,22.3241
4.44653,22.5231
4.27094,22.6341
4.13705,22.7857
4.19625,22.9763
4.33818,23.1114
4.52225,23.1875
4.51467,23.3996
4.50659,23.5918
4.5351,23.7945
4.50628,23.9971
4.42739,24.1872
4.42077,24.3855
4.43162,24.587
4.46757,24.7803
4.4956,24.976
4.63125,25.1126
4.74746,25.2834
4.94871,25.3435
4.98585,25.5405
4.8207,25.6714
4.69559,25.8337
4.71551,26.0372
4.78104,26.2344
4.71012,26.4357
4.7026,26.6319
4.71552,26.8339
4.83992,26.9829
4.80745,27.1787
4.82716,27.374
4.83737,27.5811
4.96015,27.7334
-4.98339,27.9345
-4.90124,28.1351
-4.83546,28.3253
-4.78732,28.5191
-4.95684,28.6155
-4.91255,28.8078
-4.87036,28.9966
-4.91815,29.1829
-4.96888,29.3687
-4.80338,29.4724
-4.80309,29.6776
-4.7243,29.8889
-4.77081,30.0705
-4.81096,30.2626
-4.81843,30.4707
-4.72314,30.63
-4.72736,30.8345
-4.76774,31.055
-4.85019,31.2149
-4.95673,31.3973
4.99771,31.6041
-4.93576,31.7974
-4.91862,31.9976
4.98464,32.1689
4.95198,32.357
4.98728,32.5448
4.85405,32.7022
4.68335,32.8103
4.7925,32.9976
4.79234,33.1984
4.85998,33.3963
4.91866,33.5953
4.72411,33.6617
4.74766,33.8592
4.9434,33.9299
-4.87531,34.0334
-4.7114,34.1207
-4.60268,34.2883
-4.68151,34.4844
-4.63656,34.6837
-4.61187,34.8849
-4.4722,35.0338
-4.6297,35.1887
-4.57736,35.3986
-4.61395,35.5981
-4.57449,35.7967
3.21706,0.240641
3.22724,0.430936
3.23031,0.626974
3.37354,0.762986
3.46931,0.941659
3.34641,1.11085
3.19693,1.27733
3.15653,1.48223
3.1221,1.68642
3.03976,1.86872
3.04915,2.07936
3.07755,2.27184
3.09512,2.475
3.21047,2.64908
3.28838,2.84233
3.3003,3.04603
3.45035,3.18883
3.55689,3.36866
3.64418,3.55304
3.6179,3.75279
3.67412,3.94842
3.71069,4.15325
3.56896,4.27748
3.67095,4.4326
3.62198,4.62208
3.60039,4.83395
3.67471,5.02521
3.83853,5.14656
3.7062,5.30376
3.60581,5.47542
3.64294,5.67484
3.46374,5.78378
3.54352,5.98487
3.60405,6.19619
3.6697,6.38528
3.78506,6.54862
3.76985,6.75561
3.80317,6.95314
3.77245,7.15892
3.75978,7.36609
3.7971,7.58266
3.80517,7.77543
3.96816,7.88779
4.07819,8.05062
4.07122,8.26821
4.09219,8.46189
4.1168,8.65023
4.05857,8.83569
4.10445,9.02866
4.29377,9.01113
4.20749,9.19073
4.22487,9.38785
4.39639,9.51388
4.28714,9.677
4.33543,9.87448
4.42627,10.0593
4.44054,10.2737
4.51759,10.4598
4.71794,10.514
4.70191,10.7116
4.69779,10.9139
4.72345,11.1091
4.67952,11.3086
4.61815,11.4995
4.66141,11.6966
4.75252,11.872
4.56427,11.9544
4.59219,12.1547
4.71869,12.3196
4.90894,12.2738
4.93623,12.4847
4.98516,12.6835
4.94201,12.8688
4.80297,13.0188
4.85903,13.2189
4.97193,13.3912
-4.99573,13.6024
-4.94894,13.805
4.95077,13.9922
4.97722,14.204
-4.88839,14.3563
-4.92355,14.5438
-4.86953,14.7531
-4.93943,14.9526
-4.86397,15.1607
-4.88486,15.3693
-4.96974,15.5555
4.96106,15.7408
4.97799,15.9507
4.96044,16.1517
-4.91681,16.3256
-4.97923,16.5204
-4.97785,16.7194
-4.94949,16.9129
-4.96646,17.1191
-4.81746,17.2731
-4.71761,17.4484
-4.60319,17.6368
-4.77033,17.7472
-4.81068,17.9377
-4.82295,18.1416
4.98076,18.2025
4.9364,18.4045
4.74336,18.3956
4.76836,18.5959
4.77653,18.7841
4.70972,18.983
4.88002,19.0911
4.9031,19.2819
4.94892,19.4782
4.90589,19.6767
4.95957,19.8658
4.95613,20.0675
4.93556,20.2632
4.9574,20.4624
4.97521,20.6643
4.85147,20.8063
4.90148,21.0117
4.99271,21.1804
4.99697,21.389
-4.94158,21.5961
-4.91514,21.7789
-4.77903,21.9293
-4.66623,22.0916
-4.65458,22.2998
-4.57081,22.4888
-4.48772,22.6723
-4.58333,22.8546
-4.62654,23.0567
-4.50823,23.23
-4.60017,23.4005
-4.69665,23.5604
-4.73698,23.7733
-4.66897,23.9883
-4.57305,24.1743
-4.51534,24.3703
-4.58522,24.555
-4.54634,24.7622
-4.45238,24.9202
-4.40546,25.1171
-4.25452,25.2443
-4.31826,25.4363
-4.18431,25.5874
-3.99925,25.614
-4.06408,25.8196
-4.19605,25.9853
-4.25487,26.1707
-4.22603,26.3558
-4.05682,26.4675
-4.02667,26.6634
-3.91671,26.8154
-4.06973,26.954
-3.92414,27.0978
-3.96652,27.2938
-4.01178,27.4854
-4.08027,27.6719
-4.09065,27.8662
-3.9811,28.0413
-3.99431,28.2565
-4.05856,28.4737
-4.0294,28.6754
-4.02143,28.879
-4.10978,29.0637
-4.15543,29.2669
-3.96487,29.1953
-3.88077,29.3778
-3.8276,29.5783
-3.89341,29.7711
-3.93546,29.9696
-4.00083,30.1743
-3.8435,30.3021
-3.8754,30.5091
-3.75376,30.6804
-3.69815,30.8918
-3.67104,31.0873
-3.76158,31.2673
-3.89524,31.4295
-3.93546,31.6287
-4.01617,31.8078
-3.93289,31.9863
-4.08925,32.1252
-4.18302,32.3116
-4.10178,32.4973
-3.95406,32.6171
-4.10412,32.7548
-4.0935,32.9641
-4.07157,33.1474
-4.15436,33.335
-4.10259,33.5323
-4.12674,33.7227
-4.21204,33.8907
-4.11081,34.0726
-4.00312,34.2332
-3.96195,34.4344
-3.79726,34.5383
-3.90998,34.7021
-3.96081,34.8996
-3.97462,35.1044
-3.89396,35.2953
-3.82251,35.4768
4.66946,0.252899
4.56376,0.438427
4.51956,0.64373
4.52177,0.840549
4.49284,1.0393
4.44014,1.24363
4.45654,1.45813
4.45679,1.65701
4.54043,1.84797
4.70977,1.98145
4.80534,2.15235
4.85276,2.34479
4.98139,2.49273
-4.9248,2.67618
4.93028,2.81517
-4.98775,2.99916
4.94919,3.20103
-4.99592,3.38575
-4.93074,3.56789
-4.94794,3.75866
4.83745,3.80154
4.82091,3.98725
4.81881,4.20164
4.82601,4.40046
4.8324,4.60457
4.84138,4.81053
4.69899,4.95156
4.79137,5.11995
4.73211,5.32054
4.90833,5.43323
4.76608,5.59274
4.80772,5.80486
4.96269,5.95517
4.93374,6.16422
4.83579,6.33549
4.79566,6.54783
4.86144,6.74084
4.82077,6.9448
4.84785,7.16894
4.7957,7.36667
4.914,7.52528
4.90786,7.72796
4.89326,7.9157
4.99951,8.07688
4.97092,8.27478
4.93424,8.48738
4.97925,8.6691
-4.92703,8.85173
-4.82273,9.03254
-4.85886,9.23357
-4.88442,9.42689
4.96202,9.55902
4.85905,9.72467
4.92535,9.93784
4.93421,10.1524
-4.9384,10.3099
-4.94,10.505
-4.88603,10.7001
-4.81045,10.8784
-4.6364,10.9658
-4.71955,11.1464
-4.72184,11.3484
-4.65359,11.5398
-4.6993,11.7357
-4.74027,11.9616
-4.6934,12.159
-4.86983,12.2793
-4.78449,12.4608
-4.57091,12.4751
-4.68382,12.6707
-4.64545,12.8751
-4.73793,13.0544
-4.64721,13.244
-4.60019,13.4252
-4.54779,13.6322
-4.37653,13.761
-4.39915,13.9647
-4.45797,14.1726
-4.54104,14.3541
-4.59806,14.5701
-4.46437,14.7279
-4.53954,14.9118
-4.49472,15.1149
-4.5324,15.3074
-4.43687,15.4705
-4.48532,15.6635
-4.62001,15.8146
-4.56942,16.0077
-4.54825,16.218
-4.45287,16.4049
-4.37634,16.5861
-4.4746,16.754
-4.48359,16.9561
-4.5253,17.1467
-4.5169,17.3418
-4.36074,17.4561
-4.2878,17.637
-4.1309,17.7811
-4.15262,17.9896
-4.11199,18.1853
-4.1385,18.3907
-4.00863,18.5623
-4.14861,18.7103
-4.20391,18.9167
-4.21447,19.1179
-4.23363,19.3164
-4.23152,19.5214
-4.24729,19.7269
-4.19776,19.9246
-4.28893,20.1261
-4.30953,20.3277
-4.16923,20.4728
-4.20798,20.6668
-4.12769,20.8461
-4.21731,21.0425
-4.27418,21.2485
-4.25957,21.4477
-4.21199,21.6422
-4.12588,21.8311
-4.14228,22.0401
-4.10298,22.2595
-4.11549,22.4642
-4.04739,22.6549
-3.8509,22.7094
-3.84602,22.9213
-3.84569,23.1158
-3.78996,23.3057
-3.72046,23.4938
-3.80525,23.6716
-3.93836,23.8253
-3.878,24.0127
-3.6849,24.0876
-3.59271,24.2729
-3.57293,24.4775
-3.62674,24.6693
-3.74964,24.8239
-3.66414,25.0114
-3.62655,25.2157
-3.74485,25.3888
-3.71673,25.5969
-3.60142,25.7719
-3.41954,25.8431
-3.36864,26.051
-3.52868,26.18
-3.57183,26.3792
-3.41208,26.499
-3.29205,26.6819
-3.31371,26.8861
-3.13629,26.9662
-3.15545,27.1608
-3.2094,27.361
-3.31756,27.5241
-3.2069,27.6985
-3.19461,27.8889
-3.34994,28.0083
-3.25869,28.1779
-3.06538,28.2607
-2.95858,28.4401
-2.92304,28.6314
-3.00018,28.8283
-3.16209,28.9399
-3.20404,29.143
-3.0428,29.2778
-3.10839,29.4525
-3.15166,29.6548
-3.30794,29.7947
-3.49246,29.8543
-3.41454,30.0482
-3.38116,30.2517
-3.22883,30.3853
-3.06151,30.4989
-3.08434,30.707
-3.10158,30.9142
-3.04524,31.1076
-2.92325,31.2821
-2.79281,31.428
-2.84223,31.6404
-2.82864,31.8416
-2.76122,32.0499
-2.60247,32.1829
-2.56355,32.3814
-2.53361,32.5765
-2.43069,32.7473
-2.46845,32.9403
-2.46899,33.134
-2.61132,33.2706
-2.52429,33.4688
-2.5368,33.6682
-2.53849,33.8722
-2.70583,33.9824
-2.75837,34.1767
-2.7697,34.3748
-2.84124,34.568
-2.9595,34.7352
-2.86771,34.9183
-2.81358,35.1224
-2.70314,35.2817
-2.76361,35.47
-2.77911,35.666
-2.69483,35.852
