parameters (x,y,w,h,rx,ry):-5,0,10.000000,40.000000,100,100
22,16,28,35,45,81,67,78,76,66,52,40,42,31,25,51,61,55,71,84,82,86,73,63,30,22,19,14,18,33,45,46,47,61,68,77,71,57,63,43,38,24,28,24,25,37,56,83,102,109,99,77,50,35,20,25,24,24,45,62,56,50,54,61,55,58,47,32,28,22,20,18,20,31,41,59,80,101,88,79,65,47,29,27,23,32,30,42,63,61,84,82,65,41,38,26,16,16,11,16
41,58,72,67,103,149,179,164,174,154,124,88,71,85,67,85,120,140,158,180,204,201,162,141,71,56,38,41,52,64,102,118,138,152,166,142,158,165,147,121,92,58,65,58,73,65,111,165,210,247,205,172,135,83,61,53,67,84,93,142,159,158,137,141,133,136,113,88,78,51,35,42,32,47,76,139,159,175,201,184,145,109,89,63,62,59,62,85,123,161,169,169,132,119,67,57,40,36,31,34
34,42,65,95,86,111,174,189,183,170,130,87,78,66,73,73,95,153,156,209,183,209,184,138,89,52,45,44,45,43,86,129,146,149,155,154,141,179,177,126,87,59,63,45,65,68,100,165,206,255,247,185,121,85,54,46,57,79,110,122,162,149,159,149,143,130,125,96,73,48,41,34,38,33,63,111,174,192,204,193,163,121,88,60,59,52,60,74,116,171,180,171,171,110,73,49,37,29,32,38
46,36,48,86,85,114,170,188,166,193,147,99,64,58,57,73,110,124,167,186,234,232,176,137,88,52,44,42,37,52,87,115,149,154,165,122,141,173,179,153,102,56,56,53,45,52,109,149,193,259,266,210,135,80,57,37,47,74,85,132,145,181,141,135,148,139,126,88,85,60,33,23,39,34,62,106,173,176,204,212,183,113,80,71,43,58,52,70,98,155,208,212,144,102,73,69,38,28,32,38
47,32,45,56,104,121,151,193,225,181,143,96,63,60,56,57,103,130,159,191,229,213,205,126,101,64,42,31,48,47,83,111,166,158,140,122,139,184,182,152,103,83,43,44,54,51,95,132,205,265,268,206,145,72,57,42,37,72,94,125,160,188,162,127,148,169,120,115,77,42,45,23,19,33,69,93,160,187,231,209,180,141,77,53,40,56,50,65,105,137,224,210,163,107,85,53,36,31,29,42
37,35,42,70,85,126,149,182,204,185,135,93,61,64,59,59,78,130,174,198,220,185,210,128,116,52,41,38,42,56,81,128,136,168,133,130,154,175,165,160,111,67,47,49,53,66,86,140,206,243,234,251,136,84,54,49,53,63,75,125,139,195,159,158,138,154,134,107,86,53,38,17,19,33,60,92,132,205,248,216,161,133,70,54,38,56,54,74,91,154,212,193,168,121,88,52,38,32,34,38
30,34,46,75,85,115,127,193,215,195,135,94,68,64,51,65,76,119,162,205,221,209,211,134,106,55,52,49,39,58,71,106,154,171,132,109,162,169,165,156,127,70,43,39,62,53,94,151,202,247,253,199,165,87,63,42,43,72,69,128,130,185,173,152,134,148,141,109,78,47,35,29,22,35,50,76,138,203,260,238,172,117,77,53,43,45,48,65,86,158,211,199,158,118,102,62,38,36,35,33
28,33,42,60,99,106,134,194,205,210,136,96,74,62,48,61,92,131,166,208,216,197,206,148,95,62,41,47,44,57,73,103,151,143,150,113,176,165,176,157,116,76,40,47,45,72,89,110,197,275,240,215,143,105,62,43,40,53,78,105,162,159,152,161,165,158,147,108,80,63,35,28,21,42,42,65,128,206,256,234,184,134,78,45,55,47,54,59,100,141,212,215,165,120,91,58,50,29,28,35
34,45,38,52,72,113,145,182,206,193,152,106,64,67,46,46,80,133,177,188,213,255,174,137,116,66,44,34,40,45,70,107,156,157,142,156,125,183,180,167,118,64,47,38,45,69,81,134,180,273,258,222,153,95,62,34,34,45,74,119,147,157,136,133,174,153,164,127,84,66,33,22,24,33,45,88,120,203,241,227,178,128,83,59,47,39,55,73,100,144,197,206,161,144,81,69,41,23,37,29
38,41,41,43,58,110,159,179,208,210,134,101,68,55,48,62,70,124,184,200,214,216,189,159,119,59,42,35,33,48,81,137,138,147,154,137,115,166,197,171,121,67,43,36,55,56,90,127,220,266,247,199,164,84,67,42,35,60,77,97,134,186,170,131,163,152,169,127,86,55,33,28,16,32,64,71,141,176,213,249,213,118,83,67,40,43,37,62,108,156,200,201,157,124,89,66,48,35,34,29
44,38,56,53,74,97,150,202,219,195,138,94,64,57,51,51,67,116,182,199,199,229,187,168,102,61,46,30,42,43,73,104,158,176,142,126,136,160,207,178,107,75,61,37,44,52,89,140,200,251,266,224,131,89,69,50,44,46,70,96,140,211,153,131,145,155,164,133,83,52,38,21,28,16,50,94,132,185,218,227,198,146,83,55,42,26,36,64,87,166,223,189,178,130,87,58,46,42,27,30
34,42,46,58,82,102,145,169,206,212,148,89,68,45,47,57,59,143,151,197,230,208,199,171,113,60,53,40,39,54,63,105,149,166,148,133,137,176,170,162,105,69,68,52,42,60,95,157,189,247,264,214,151,83,64,48,50,50,73,90,163,163,168,156,145,136,165,136,102,57,29,28,18,31,41,80,149,189,204,221,191,145,114,50,40,30,39,64,92,149,220,215,158,137,85,61,36,41,28,34
29,35,50,57,67,106,148,190,206,199,154,86,74,51,45,72,82,106,166,190,222,217,185,191,82,62,51,41,52,45,81,89,133,155,162,132,168,162,175,138,107,87,55,51,51,53,88,130,189,264,264,224,131,87,71,57,43,47,63,110,151,167,167,160,135,154,166,127,108,55,43,22,32,30,45,71,135,174,239,205,187,151,91,67,46,33,35,59,96,131,233,206,174,120,92,49,40,35,36,23
30,41,36,53,73,112,141,190,218,204,154,87,69,53,46,61,87,123,155,215,207,186,195,169,97,74,48,47,47,62,68,101,126,138,151,146,167,179,161,138,99,82,62,49,51,70,96,136,223,249,234,208,149,95,67,49,33,43,77,103,153,191,177,152,140,123,157,135,94,70,44,35,24,31,60,76,121,194,244,214,187,142,91,63,35,40,47,48,88,151,220,226,153,136,92,53,33,18,31,33
34,33,30,59,72,101,152,204,214,200,143,91,54,52,36,66,75,113,173,202,237,206,188,151,124,71,44,45,44,52,68,102,117,145,125,166,156,190,155,131,97,77,63,51,47,63,98,147,221,245,262,200,154,104,59,41,38,37,82,100,148,164,178,163,143,130,141,139,88,63,54,39,37,28,49,87,130,196,224,240,188,117,96,51,32,31,46,56,86,150,213,210,194,123,93,64,30,25,22,32
31,31,40,65,68,113,157,194,210,200,166,90,65,47,44,57,83,115,173,182,222,235,178,147,118,89,51,44,33,51,79,89,135,160,136,144,164,186,170,127,111,76,47,53,46,65,102,146,182,255,262,213,166,90,50,52,49,51,62,95,132,178,204,160,123,139,156,147,77,72,48,36,32,37,51,91,117,165,265,222,193,132,100,39,30,28,32,49,109,150,208,246,172,135,85,45,42,25,21,24
29,29,47,68,67,104,150,196,225,201,137,90,80,47,41,56,77,116,162,170,217,220,203,168,109,65,54,55,34,41,74,98,151,155,136,125,157,173,176,161,87,77,63,47,43,58,114,140,196,267,272,189,151,105,57,44,39,47,52,106,153,180,176,167,132,140,161,107,104,65,37,34,30,39,54,92,118,180,253,232,193,123,91,54,39,30,35,53,72,137,203,251,198,127,85,45,45,32,24,25
23,29,38,37,78,109,147,178,231,227,153,92,74,42,39,61,87,117,145,219,193,190,204,175,118,49,54,44,45,34,59,106,152,139,170,123,153,168,179,157,101,80,55,46,45,51,105,128,220,273,254,209,145,97,50,44,31,52,73,105,151,169,209,155,134,132,149,137,86,67,48,39,32,41,54,91,123,175,233,231,195,142,83,54,46,34,38,41,82,151,224,237,201,146,77,55,33,31,27,27
37,28,35,54,64,123,142,173,261,178,136,98,63,58,47,74,77,113,176,209,211,204,157,177,107,68,53,47,33,47,56,88,145,162,162,142,159,172,187,163,86,60,55,56,47,53,91,157,196,259,268,208,149,81,66,37,29,54,60,92,138,185,187,149,180,148,137,113,98,63,40,34,31,52,51,75,133,183,219,215,214,139,79,60,39,31,37,36,83,135,198,249,200,134,84,42,40,20,27,32
33,27,39,43,69,89,146,175,236,208,162,111,54,51,45,57,98,113,143,224,228,190,192,148,100,71,39,38,55,44,78,99,130,156,150,161,147,175,163,160,118,78,51,53,45,54,84,141,217,275,242,209,164,102,49,47,31,51,76,91,150,190,180,136,133,173,141,119,90,74,49,35,29,38,51,88,141,188,214,209,200,147,95,55,38,39,31,46,80,145,199,229,207,141,82,62,38,29,23,26
29,31,29,56,70,104,142,205,212,220,162,106,59,38,36,62,82,129,169,192,218,206,202,149,100,67,44,28,43,60,73,91,135,138,144,163,154,175,194,155,101,87,50,42,44,64,92,143,216,269,255,218,124,94,64,37,41,44,52,89,151,189,175,147,138,155,141,143,77,75,45,40,37,34,53,87,159,166,207,250,196,146,92,61,43,28,34,45,70,159,222,212,208,130,87,60,41,37,21,18
24,29,26,49,70,108,148,191,221,205,158,108,56,44,39,60,97,116,161,187,242,208,188,143,100,66,51,33,38,57,75,82,151,163,137,143,144,170,174,165,106,75,47,58,36,64,102,170,195,257,244,219,138,97,66,39,41,49,57,72,146,172,168,159,141,156,140,135,102,77,49,45,36,28,52,96,125,190,191,222,207,164,97,70,44,31,24,34,70,149,218,208,201,133,89,57,36,31,36,25
23,31,36,51,69,108,128,175,242,230,143,109,58,50,36,62,86,137,147,189,236,215,194,146,120,68,31,38,45,43,69,91,153,167,135,127,148,151,163,174,122,70,59,38,43,72,109,176,193,245,258,215,162,101,48,51,30,52,67,114,138,148,187,180,142,158,132,106,97,68,54,37,36,30,53,91,153,193,206,226,208,162,90,53,33,31,30,27,67,157,225,227,191,125,93,60,39,25,20,30
24,34,28,54,70,104,137,176,215,196,156,102,63,57,48,43,82,126,154,194,234,216,184,148,94,59,35,36,36,53,70,105,140,155,150,159,127,165,183,172,120,73,45,44,56,64,88,160,193,248,258,224,162,107,55,53,33,44,60,101,127,165,178,142,167,146,143,98,102,84,44,55,31,36,47,97,161,182,206,224,213,178,94,53,25,27,36,44,74,148,225,217,202,139,85,54,38,27,38,27
25,32,29,61,69,109,148,177,206,201,171,100,80,48,48,56,72,112,161,221,220,242,186,148,93,44,49,30,35,46,66,96,154,156,129,132,164,159,176,157,108,78,54,56,46,60,104,157,188,254,256,209,131,100,65,43,37,53,62,98,127,173,170,157,133,159,133,125,93,68,33,57,41,37,58,117,131,167,242,224,182,166,109,57,30,21,34,44,84,154,207,225,189,147,85,51,32,28,38,28
32,30,28,53,66,100,139,171,217,217,157,108,66,54,46,52,81,110,169,195,238,222,203,148,91,59,38,31,43,47,79,83,141,156,142,136,156,168,197,163,89,70,55,55,50,70,107,141,218,251,288,200,149,90,56,39,32,40,61,100,168,160,176,147,141,136,131,131,98,72,50,35,41,34,61,100,150,176,241,232,179,170,97,64,39,25,24,44,69,154,192,224,207,144,81,50,32,29,33,25
41,24,41,45,71,101,112,168,225,240,138,102,78,54,45,53,76,115,174,219,212,209,188,160,101,71,36,36,29,47,66,94,131,143,148,139,137,201,182,128,99,84,51,53,53,75,105,142,233,249,251,205,152,96,68,33,40,34,62,102,133,208,166,150,141,128,142,127,101,68,54,48,32,39,60,99,161,168,225,223,193,137,115,68,43,32,36,47,79,134,197,226,195,131,90,51,32,37,21,27
27,38,36,40,70,100,139,178,202,231,171,102,70,45,42,51,79,121,163,207,221,209,202,157,113,56,38,33,30,44,63,91,124,145,150,145,147,167,173,135,108,76,54,50,43,80,100,136,230,254,245,226,161,88,53,48,35,48,60,85,143,149,193,145,166,127,145,124,91,73,54,47,39,29,55,111,156,191,232,229,175,148,107,72,44,30,32,39,94,155,215,197,182,151,72,56,38,24,27,34
36,22,28,45,68,114,141,155,235,198,175,98,53,53,34,67,77,111,145,216,237,207,222,155,105,48,39,38,33,36,52,99,125,165,122,136,162,180,171,152,107,65,51,52,46,79,101,166,209,269,269,221,146,88,54,44,37,44,58,91,119,164,187,161,148,147,142,116,83,74,49,42,37,49,63,91,159,184,222,218,211,135,111,55,51,32,33,58,100,153,189,207,199,152,74,51,32,21,25,30
21,29,32,41,74,116,135,172,223,203,144,93,68,56,42,52,98,98,158,208,217,223,199,174,99,76,51,30,33,38,60,86,131,147,144,136,151,167,187,136,111,74,42,54,54,73,91,147,207,270,246,228,159,91,52,45,50,47,56,89,133,173,171,149,141,168,121,130,99,60,50,53,27,56,67,88,143,188,203,234,219,156,92,67,40,32,39,58,93,145,176,225,203,141,95,53,33,22,28,31
20,17,36,37,77,93,146,193,230,196,154,92,62,62,44,42,82,115,160,203,225,235,195,170,109,69,31,47,29,42,60,82,125,145,151,152,139,185,178,154,96,68,47,56,62,57,92,154,199,244,269,213,153,98,65,34,38,58,62,90,138,179,157,160,166,148,126,132,84,69,37,36,39,50,77,102,166,157,218,234,232,162,103,60,36,30,29,63,93,127,198,203,201,164,86,52,32,42,17,28
19,23,37,41,74,114,127,178,216,203,159,102,70,50,43,53,82,118,168,184,229,208,194,167,124,72,35,33,46,37,66,86,143,142,119,151,138,183,191,136,131,63,40,61,60,63,99,141,203,223,275,239,171,87,59,45,53,49,63,90,119,172,183,151,139,144,145,117,90,70,44,30,31,36,65,110,165,178,201,238,210,171,110,62,31,35,29,53,89,160,176,217,198,170,82,63,30,26,18,23
22,33,29,41,61,105,136,165,216,216,169,92,56,51,47,55,76,121,149,205,230,218,184,145,101,71,44,41,39,49,63,97,126,147,121,131,157,188,182,137,112,71,47,47,49,76,101,148,197,233,278,225,153,96,49,48,25,56,87,102,150,182,159,155,145,146,137,114,85,53,55,31,34,37,76,113,170,199,198,221,202,145,108,63,46,27,30,54,104,136,212,208,205,144,89,64,28,20,20,25
29,21,30,44,64,94,142,171,222,227,166,87,58,44,60,53,64,126,178,206,236,209,182,153,109,67,43,39,38,50,67,99,114,133,132,129,162,201,173,151,97,87,38,53,52,64,88,162,210,247,267,227,144,96,66,43,36,59,67,99,162,182,171,143,136,147,136,108,94,64,37,42,32,49,67,128,170,210,202,199,193,178,115,59,43,20,31,58,103,154,203,241,170,137,88,70,27,18,17,24
24,24,27,32,67,89,137,208,200,210,165,81,54,48,71,54,77,120,162,199,225,214,203,154,111,55,43,36,38,47,61,89,120,124,121,142,166,182,180,153,104,78,49,47,46,65,100,174,188,257,268,213,175,92,64,43,33,44,62,104,165,166,174,154,146,127,137,106,86,80,37,36,38,36,57,112,146,214,221,182,194,168,115,79,25,39,36,52,83,147,241,232,163,141,75,58,34,22,19,19
15,19,31,41,72,112,132,185,216,198,160,111,52,26,52,62,89,117,161,185,229,193,201,162,104,69,37,42,33,38,57,93,109,147,134,161,168,180,194,143,106,54,63,49,51,59,105,154,209,243,266,220,158,116,69,35,41,52,56,99,130,192,186,193,134,142,122,105,101,81,50,36,23,41,69,101,134,203,217,228,193,168,129,66,32,32,33,45,86,151,221,252,178,127,90,62,30,28,21,25
24,31,24,47,55,92,136,191,242,208,152,71,55,37,42,63,97,130,151,206,222,197,200,154,111,66,53,41,37,48,66,57,116,147,145,146,161,143,198,166,99,65,59,47,43,68,92,164,231,266,242,197,147,117,63,48,37,32,68,89,122,199,191,153,139,145,124,132,95,62,56,50,23,28,60,99,144,232,229,223,195,157,115,83,43,35,35,47,93,162,215,244,176,131,80,54,34,24,22,21
15,25,33,28,69,98,119,192,213,232,136,87,53,49,46,51,66,112,182,209,214,214,203,166,89,65,50,34,37,43,61,86,106,132,161,139,155,159,175,174,97,61,50,61,45,61,107,157,202,283,264,188,162,91,66,42,45,52,59,84,168,160,176,132,158,158,156,103,100,50,54,34,47,35,60,102,141,198,227,233,198,153,95,62,48,36,48,55,100,170,197,219,162,139,102,42,36,34,29,21
34,27,24,46,59,87,127,177,227,213,176,83,55,40,46,48,87,114,174,205,206,198,207,161,112,65,37,34,25,45,78,100,101,138,135,177,153,164,167,168,112,78,58,57,34,39,103,183,205,243,245,227,160,101,66,49,39,56,61,86,144,198,175,147,132,141,166,136,93,54,56,34,35,37,66,100,165,179,230,242,184,158,120,79,38,33,42,59,83,148,212,239,204,131,87,46,31,31,27,23
25,30,36,35,58,80,135,173,210,208,158,104,53,51,43,62,90,112,156,202,209,220,199,156,119,56,37,37,36,31,59,105,100,151,152,142,158,157,185,162,112,59,70,53,42,48,98,156,190,244,245,219,155,97,70,44,50,47,55,87,149,203,186,126,139,134,155,139,94,70,38,32,37,32,51,86,159,208,219,230,203,156,120,74,50,37,40,64,87,144,208,219,186,148,81,71,37,28,26,20
17,31,43,41,62,90,137,190,195,196,154,98,59,43,40,51,78,122,153,205,228,213,191,148,116,64,38,37,27,37,59,96,136,134,143,135,162,172,168,142,112,83,55,47,45,56,94,144,197,237,256,232,155,102,61,53,40,52,52,94,155,199,177,137,133,143,144,133,103,60,31,35,43,40,50,98,150,188,200,244,211,198,110,69,45,35,47,52,89,149,198,231,196,128,84,73,33,27,20,22
13,30,42,37,70,105,146,181,201,195,158,103,51,49,40,56,67,93,165,213,249,234,187,159,99,57,49,36,28,46,55,90,144,135,145,138,167,180,151,151,102,84,53,45,34,63,84,159,193,275,244,233,157,90,62,44,40,48,64,77,153,198,179,157,121,138,152,134,79,85,51,27,30,40,66,99,153,165,237,222,225,149,117,79,53,33,45,42,88,176,218,208,160,142,98,64,42,30,19,20
26,33,38,38,63,89,154,156,214,180,181,96,68,38,29,45,70,97,142,213,230,219,199,159,109,64,34,35,46,42,60,85,139,159,153,139,128,189,159,150,95,76,66,44,42,58,91,153,206,275,269,196,159,87,55,40,51,51,53,98,151,200,154,141,129,149,157,130,94,73,47,32,38,42,53,102,178,169,240,218,205,158,109,84,52,37,44,48,89,152,202,221,199,139,102,51,31,27,22,16
25,25,34,34,64,88,146,175,233,197,160,92,58,44,50,54,65,99,151,219,222,260,168,151,102,62,45,40,34,40,65,110,142,125,169,152,145,150,170,144,96,80,50,37,39,77,106,162,209,237,252,237,132,97,55,47,39,40,52,111,146,201,157,134,144,163,130,138,91,61,56,50,32,42,60,120,148,206,230,204,225,159,120,68,58,41,35,54,89,163,207,226,186,139,87,48,42,36,25,16
21,29,24,30,53,102,144,170,203,237,148,87,58,39,37,50,91,106,148,194,238,241,177,142,102,99,38,34,36,36,72,93,123,157,155,163,143,165,153,157,111,69,42,33,48,65,115,162,212,237,248,221,142,94,55,50,55,41,59,101,151,169,161,158,136,148,145,112,85,63,43,41,42,43,59,103,155,213,210,209,187,181,125,74,53,44,50,55,85,139,197,224,203,161,86,40,26,29,32,15
23,27,23,47,59,90,122,183,195,235,164,84,57,40,39,50,83,101,173,193,199,204,195,145,110,91,52,28,39,35,65,95,152,146,153,153,134,172,163,157,106,69,42,38,43,62,119,133,206,240,285,206,143,97,65,48,42,51,62,102,118,200,186,155,154,145,141,128,85,50,59,27,36,53,65,86,157,219,197,230,190,181,121,75,56,33,44,54,83,156,201,212,212,149,92,61,44,23,18,18
27,21,29,42,63,97,139,172,199,214,176,94,54,27,37,46,78,111,171,190,217,216,194,143,106,74,45,45,44,34,51,102,144,154,158,139,142,178,174,158,105,79,40,36,45,61,95,148,180,257,249,219,135,114,61,55,55,45,72,70,137,184,210,135,144,142,150,117,111,48,35,29,42,52,78,112,120,192,229,213,207,162,114,83,44,43,46,65,82,143,196,223,215,160,87,62,31,28,14,22
30,23,21,46,62,92,134,176,208,214,153,94,57,35,33,34,66,107,176,194,220,220,202,146,112,54,54,51,39,46,58,99,129,152,127,156,152,170,175,151,99,84,52,38,39,58,84,158,218,268,239,203,137,109,52,49,53,57,66,74,143,169,202,161,126,134,143,136,86,69,43,33,29,42,74,107,144,187,225,208,201,180,126,71,56,48,36,58,88,147,187,237,201,165,101,63,33,24,20,20
15,27,29,27,67,100,141,190,220,187,169,98,58,41,29,41,61,100,186,204,228,228,180,150,94,71,44,57,46,41,59,88,133,139,146,149,150,167,186,147,116,69,69,35,33,61,101,153,218,249,231,208,151,84,54,53,58,58,75,85,126,163,169,180,129,156,156,131,82,60,48,41,28,50,68,98,164,198,225,240,185,153,100,89,70,52,39,46,72,139,197,245,189,144,106,65,53,25,20,12
15,18,26,47,50,93,138,186,206,196,179,99,51,29,27,39,61,95,171,216,218,199,210,137,112,60,53,49,35,43,72,89,122,147,159,140,146,192,171,154,90,62,57,39,46,57,90,161,213,251,243,208,161,78,66,47,41,54,64,95,146,174,164,156,143,159,171,133,86,79,37,32,28,46,72,127,153,200,220,196,207,148,121,79,64,46,41,49,66,145,204,231,210,140,94,60,44,39,33,13
12,25,27,45,57,100,139,173,220,186,156,96,58,45,32,33,57,88,166,219,222,239,173,147,102,82,47,32,45,48,60,91,127,158,140,138,130,177,186,149,109,61,44,37,44,51,101,137,234,255,240,220,139,93,74,45,43,50,77,97,156,195,164,135,138,145,174,134,75,61,50,27,35,47,69,90,166,209,201,213,209,161,138,72,60,45,37,44,105,138,189,220,193,157,102,68,40,43,27,19
15,17,32,40,58,98,138,168,212,215,134,99,54,57,42,49,56,91,140,219,209,226,175,148,116,83,49,41,33,51,53,105,124,162,156,142,126,173,187,144,100,76,51,48,37,48,93,142,223,291,234,195,142,89,63,55,44,54,73,135,148,175,163,135,136,152,159,130,86,57,42,47,37,48,70,104,165,193,205,194,216,183,114,77,46,47,49,60,104,152,191,204,163,159,112,57,48,28,26,26
18,28,28,34,64,86,147,190,195,229,153,69,64,53,34,52,54,87,151,181,237,231,180,151,99,73,47,38,35,39,64,89,128,169,152,134,133,170,155,144,113,73,58,44,41,61,81,152,224,256,249,211,142,88,55,48,38,61,79,105,156,180,154,122,153,144,145,136,94,49,44,27,48,49,65,113,166,206,190,204,205,172,126,63,66,42,44,62,107,159,203,202,186,111,120,78,46,32,20,21
27,22,19,39,72,92,136,190,205,208,154,82,58,44,45,47,59,88,158,191,238,225,167,143,103,75,56,43,41,50,61,87,118,153,154,144,144,139,188,122,114,75,66,44,46,60,103,153,222,239,261,195,166,79,50,31,39,63,77,105,154,187,146,145,142,160,182,121,80,59,50,25,26,54,76,127,188,198,193,186,212,171,116,93,60,43,49,84,100,141,210,233,161,135,105,76,41,40,22,20
27,22,23,37,53,79,133,188,246,204,159,94,43,47,37,54,58,82,159,199,217,197,187,146,107,61,52,49,30,55,63,99,142,158,158,129,163,151,172,139,95,60,66,46,44,62,107,136,210,249,259,215,156,96,47,43,45,44,67,117,160,172,148,153,155,165,146,123,90,71,42,32,40,51,67,114,165,189,196,224,193,152,131,80,57,49,43,65,101,150,197,218,188,127,108,74,59,30,26,26
28,22,12,39,38,83,124,194,229,235,139,95,53,55,41,37,70,102,154,181,199,222,196,160,104,57,45,40,35,42,64,95,143,169,136,133,157,168,140,141,104,80,54,49,43,62,84,145,209,273,240,231,154,84,54,38,36,38,77,113,136,171,160,145,151,160,163,126,93,71,38,28,29,59,76,106,158,213,204,217,186,169,120,76,53,53,42,73,94,142,198,212,183,150,102,63,52,48,29,21
21,29,21,35,36,91,115,198,234,216,153,90,54,52,41,44,71,87,142,168,211,241,214,148,97,62,33,43,35,40,53,96,129,167,149,137,146,160,173,124,110,72,54,43,51,82,97,157,219,238,258,216,139,87,59,41,37,55,62,107,140,153,185,156,118,158,160,134,101,63,39,32,35,43,63,103,159,224,203,186,213,179,110,77,53,53,52,55,82,163,184,213,194,141,128,72,57,42,27,22
22,23,24,39,42,82,126,191,214,201,154,106,60,43,46,68,61,108,130,193,214,222,208,169,104,71,32,33,28,27,47,99,128,153,163,142,132,151,182,135,97,82,59,46,53,65,88,160,196,268,260,204,144,91,53,48,44,53,60,96,127,177,186,143,150,143,162,123,102,73,50,31,33,45,64,115,170,175,208,220,216,180,111,79,51,45,56,69,90,143,197,216,183,162,101,79,53,36,31,19
17,23,32,39,51,69,143,183,220,204,136,95,77,45,45,50,80,87,156,180,208,230,210,158,88,54,39,37,22,36,46,102,128,161,156,169,120,164,165,123,94,75,63,43,56,86,86,137,205,290,246,189,136,95,65,51,50,72,78,95,130,169,171,140,150,127,161,130,94,76,48,35,37,43,65,114,166,186,202,198,217,180,145,71,62,42,41,60,92,157,231,226,155,160,105,86,51,31,24,21
26,21,22,38,50,76,145,202,229,191,132,74,78,53,48,66,58,115,147,186,198,217,205,159,111,46,32,46,28,38,48,99,129,163,140,136,158,174,165,126,83,74,56,60,40,88,88,142,206,267,252,193,145,68,52,52,56,63,83,109,123,165,196,145,144,139,142,135,120,75,34,37,35,41,57,110,168,193,221,210,227,169,125,77,51,29,45,66,86,169,188,226,203,146,107,73,56,35,19,17
27,24,26,34,38,68,147,191,223,204,150,100,44,41,47,54,60,127,155,181,205,234,173,172,99,55,38,32,30,29,47,105,148,144,136,133,173,165,155,137,77,65,67,58,63,78,91,127,225,234,229,216,144,80,66,45,53,53,84,106,122,161,172,146,161,136,129,118,119,89,46,23,35,34,73,103,179,199,213,224,183,175,143,87,48,34,47,74,92,138,181,246,192,140,97,65,55,49,33,18
18,28,30,42,58,63,131,195,220,221,165,92,42,34,53,43,57,114,169,187,225,201,214,159,95,54,33,39,23,37,51,79,153,147,134,146,161,176,152,143,83,62,46,64,51,70,92,127,231,270,252,192,124,98,50,44,48,62,56,131,138,154,168,162,143,160,132,130,101,83,44,29,45,33,42,108,153,216,221,206,201,170,145,83,59,42,51,57,97,139,203,235,196,135,114,53,50,36,50,26
24,26,27,34,59,76,136,188,218,206,140,97,59,45,33,51,67,105,158,186,235,221,200,135,89,55,35,34,39,39,49,81,141,127,144,140,164,172,168,139,82,59,55,46,59,83,105,128,216,265,237,198,152,94,45,38,48,50,75,126,135,176,159,148,138,144,163,135,99,56,43,32,32,45,56,114,152,199,236,218,215,187,118,85,46,48,51,53,90,144,198,254,188,143,101,68,40,38,42,34
32,24,25,39,61,71,125,176,246,193,161,91,65,35,39,33,60,116,145,191,230,226,212,144,77,62,38,35,30,39,69,82,140,127,131,155,162,176,161,123,102,65,43,47,33,75,108,172,194,283,257,190,145,100,49,39,37,46,72,123,140,172,180,159,117,141,146,145,97,82,47,31,37,28,66,111,151,208,206,217,227,155,124,67,63,55,51,51,66,166,213,220,184,161,105,60,41,39,42,32
21,33,28,47,44,92,121,169,232,225,162,105,48,29,45,34,69,102,150,178,247,246,193,107,96,70,44,31,35,46,61,80,125,145,130,147,168,192,165,127,92,55,49,45,48,61,92,164,219,250,252,220,155,89,59,58,31,42,74,119,144,199,158,148,128,131,155,135,95,70,62,35,43,37,64,115,158,187,234,223,183,163,121,95,61,45,47,64,94,164,194,237,187,127,105,80,50,32,30,35
23,36,33,42,44,94,119,196,222,228,147,91,56,37,29,39,63,106,140,203,243,239,177,135,104,59,45,26,35,52,57,92,122,130,157,156,159,159,193,122,83,54,35,57,52,62,97,147,201,242,247,232,147,102,47,43,45,58,58,122,180,174,147,134,138,163,141,125,101,62,56,42,40,38,63,112,162,189,240,214,193,168,123,98,72,40,41,49,96,168,192,232,180,136,95,72,65,22,32,25
27,27,42,44,66,90,121,183,232,210,158,97,58,29,25,40,58,93,172,207,220,227,179,143,98,47,43,29,34,43,54,75,112,130,156,142,151,162,200,127,92,56,37,52,68,53,110,143,193,245,254,219,159,88,47,33,35,59,78,127,151,191,143,148,121,153,152,127,90,66,48,42,45,43,60,112,147,211,218,216,203,166,116,92,59,51,47,53,91,138,238,199,177,147,110,64,53,41,23,29
27,39,38,45,62,93,131,193,204,207,160,96,55,37,34,32,57,116,137,210,227,233,201,150,83,53,36,29,35,36,48,80,106,124,143,133,160,175,187,142,110,55,51,50,57,65,99,150,187,260,235,251,129,94,48,29,39,59,66,108,149,173,171,154,135,150,155,137,91,80,42,36,38,45,64,87,178,218,204,242,188,153,118,89,74,48,59,71,84,148,215,238,167,141,104,83,51,36,28,34
28,41,40,39,55,105,147,184,207,218,150,104,53,36,29,37,58,110,139,176,195,237,228,143,99,45,35,39,34,43,51,73,107,127,141,135,157,197,170,148,87,68,46,57,47,78,88,151,216,239,253,197,159,80,57,46,43,55,73,85,157,192,165,140,134,162,150,135,93,76,34,33,30,37,63,97,162,209,207,227,212,161,112,71,50,50,56,68,87,165,205,215,173,140,111,78,44,32,29,28
26,32,33,43,64,87,163,197,208,195,153,92,57,26,31,42,56,102,142,195,203,241,208,150,110,57,31,28,38,41,54,86,90,122,152,145,169,178,172,149,94,77,41,41,54,62,92,146,215,259,268,199,156,84,53,46,45,46,75,111,149,176,163,146,150,150,156,129,103,72,56,22,26,44,57,101,167,219,231,202,197,145,122,81,66,56,50,61,104,127,218,217,177,148,109,68,66,37,35,26
26,33,35,38,73,112,146,191,213,198,146,88,66,43,35,45,50,97,150,204,211,208,177,174,97,46,37,23,30,45,54,76,94,115,159,125,183,178,187,149,91,71,44,42,51,60,93,136,219,270,246,222,133,86,58,53,36,56,62,108,140,181,157,150,154,141,148,137,94,75,49,31,40,27,53,112,177,201,250,185,188,163,95,93,63,52,67,75,84,155,201,233,182,135,119,68,39,33,40,35
37,41,45,53,68,107,150,220,211,180,137,88,63,39,41,39,64,104,149,199,210,217,193,161,101,58,35,26,32,51,44,89,87,123,143,143,135,197,167,154,112,47,42,40,39,62,100,164,204,243,248,235,136,100,54,54,34,47,68,95,149,174,170,158,157,161,148,121,100,76,72,38,25,33,57,103,192,188,230,188,196,148,117,74,60,65,75,75,80,149,217,196,218,143,87,69,46,37,31,37
33,41,39,50,65,120,150,199,201,190,150,92,49,39,36,55,70,116,165,170,181,214,201,180,91,49,40,28,32,41,44,78,120,126,128,149,170,169,156,140,98,67,46,36,48,47,113,161,212,227,259,233,147,90,65,43,40,52,74,97,131,182,191,151,147,141,146,100,102,70,62,51,22,37,51,98,164,218,222,197,213,147,97,73,58,57,74,86,89,141,176,231,200,148,107,52,50,39,21,26
20,35,54,70,61,107,151,199,212,195,156,96,42,29,43,49,77,109,139,198,204,208,207,149,102,61,38,34,31,44,59,80,104,123,135,139,154,162,170,131,94,74,49,39,39,70,112,143,212,250,241,235,150,98,64,32,40,53,63,101,152,190,168,172,143,152,148,124,77,75,61,42,50,35,55,114,167,191,227,206,202,152,120,63,57,54,69,67,110,150,195,209,209,159,108,56,48,34,27,22
23,26,36,49,75,129,157,168,204,180,167,79,52,43,41,32,70,106,151,197,207,192,245,139,96,71,36,26,31,49,45,79,105,105,128,158,160,191,157,137,83,54,58,48,38,73,90,140,220,228,267,214,152,95,68,37,38,54,70,99,173,158,159,173,135,132,165,121,74,74,60,43,45,49,53,119,160,183,215,223,200,146,116,77,62,59,56,76,96,151,195,201,200,161,118,63,39,37,35,27
21,24,32,47,67,126,164,189,195,219,160,82,57,34,36,44,58,100,174,200,187,232,207,143,95,62,43,31,28,41,53,84,114,99,125,132,140,196,172,149,88,71,51,34,49,70,101,133,215,247,272,208,141,106,57,45,57,53,71,105,135,174,184,159,149,128,146,113,89,67,51,51,40,47,58,110,181,177,197,248,199,136,117,68,74,57,56,77,85,140,217,196,190,172,114,75,44,24,36,32
36,38,27,40,82,103,162,201,224,186,142,83,59,43,40,33,61,113,148,188,211,216,223,143,100,53,47,36,25,33,53,91,99,131,133,129,132,174,175,149,90,64,50,39,37,53,124,131,204,258,234,227,143,102,57,38,69,45,70,87,136,156,186,170,122,149,143,121,110,62,58,38,37,50,66,131,164,203,226,220,188,160,96,61,63,63,64,72,91,154,197,209,210,139,106,85,47,24,22,34
28,32,34,45,80,88,172,223,219,181,121,94,54,35,39,47,56,95,147,231,206,208,214,137,80,57,62,41,24,26,52,81,105,123,132,142,148,165,187,133,93,73,38,29,36,67,101,138,218,259,244,240,135,104,50,43,47,62,78,90,115,186,179,175,131,124,138,141,109,64,58,36,40,45,66,87,162,221,220,226,201,142,105,68,58,54,63,75,85,158,202,223,209,150,104,78,65,31,35,35
36,28,30,47,79,101,139,224,208,192,134,91,52,49,36,51,68,90,140,201,234,200,179,162,81,74,52,52,32,23,58,72,117,106,120,147,179,171,179,138,99,47,35,38,35,70,106,154,219,232,265,219,156,102,64,42,49,63,67,82,121,186,193,149,138,147,135,137,111,70,49,46,42,44,63,95,164,183,254,236,197,126,108,78,56,59,50,73,109,136,227,198,199,153,94,85,62,47,25,26
40,24,21,39,65,89,155,219,242,185,145,71,47,41,46,57,71,86,139,194,231,211,186,152,89,61,60,43,42,35,35,71,110,137,102,148,177,185,172,144,88,56,41,40,43,55,77,169,239,238,223,215,153,89,65,37,32,61,70,87,121,186,183,149,150,124,139,136,89,69,55,54,47,41,53,107,158,208,216,205,219,150,111,74,73,49,46,83,95,155,179,211,198,159,110,90,49,36,35,28
36,34,32,28,61,95,161,205,224,192,147,76,65,45,37,61,77,87,154,188,223,214,192,143,84,71,40,40,32,50,49,66,107,141,97,142,186,206,173,126,83,59,44,43,30,54,108,149,207,273,251,194,163,94,64,39,40,43,65,102,141,170,160,144,149,136,155,116,101,71,59,53,47,42,62,102,187,205,202,211,204,156,92,76,77,60,47,70,89,167,204,204,194,144,104,93,64,42,29,29
34,31,35,30,42,96,149,211,217,205,143,90,46,53,32,59,74,109,134,222,202,235,186,154,105,54,43,28,34,35,68,78,90,111,128,165,160,183,167,135,84,60,50,42,38,43,95,168,211,261,244,206,166,89,62,34,35,36,73,106,130,146,163,169,146,142,152,119,110,78,45,46,44,42,70,81,167,229,211,214,220,156,99,73,59,58,56,65,103,151,188,208,209,151,111,87,67,40,39,35
34,29,28,45,45,102,151,200,206,200,155,82,64,37,45,51,73,113,157,175,199,231,188,154,111,57,35,31,32,37,61,92,81,119,136,153,169,194,143,142,85,67,49,37,34,50,94,161,206,240,250,233,169,96,55,38,40,39,67,96,126,156,171,162,156,147,145,142,110,72,48,47,36,39,70,94,164,200,211,231,213,170,117,66,54,45,57,77,104,128,217,214,202,136,120,74,70,43,35,29
31,39,35,30,69,102,122,165,237,215,141,86,50,47,37,59,82,98,172,199,217,206,213,136,106,65,29,22,29,57,53,77,106,113,120,145,162,170,183,120,88,61,57,36,43,65,98,167,190,266,254,220,169,79,60,41,38,50,51,85,122,179,166,133,147,160,151,116,94,78,61,41,47,44,61,99,159,204,204,227,221,184,113,90,46,34,50,65,111,165,181,212,188,147,117,85,53,55,43,36
35,29,33,38,63,92,99,173,228,210,162,89,71,35,47,42,73,117,168,187,208,221,197,156,91,59,36,33,29,35,48,85,108,104,108,138,182,184,185,141,101,57,39,37,49,62,110,156,193,251,266,229,154,76,50,40,38,35,61,98,126,142,154,186,150,169,147,113,104,64,57,55,45,49,58,101,164,196,214,215,212,179,120,74,58,43,49,69,102,165,201,227,178,159,122,80,54,45,36,33
32,42,32,43,53,95,129,179,214,217,155,92,61,58,50,32,68,125,146,189,227,223,183,157,101,50,43,40,34,44,44,55,104,125,126,122,168,172,180,143,100,70,43,44,48,60,103,143,176,251,281,227,168,78,67,43,37,43,62,88,117,151,148,158,156,168,146,130,90,80,52,46,46,35,63,97,158,197,206,215,221,186,108,77,60,50,46,59,102,163,203,207,218,135,114,86,51,58,34,50
35,35,38,44,51,79,138,173,199,222,160,106,67,50,52,48,57,93,133,207,221,214,188,186,84,63,54,41,37,28,36,68,105,112,130,145,153,172,172,132,99,79,42,53,52,69,104,128,227,229,232,205,169,86,64,59,38,48,66,69,126,148,191,145,150,136,165,141,86,78,55,46,38,44,54,78,160,186,184,229,223,185,134,77,77,55,46,59,90,157,187,217,193,160,110,78,54,47,47,50
50,28,37,40,54,86,122,149,182,197,150,99,74,45,47,53,55,79,142,182,205,229,211,151,105,71,60,44,36,37,42,71,95,111,119,119,145,161,157,149,113,79,58,44,50,53,89,141,203,220,233,219,163,107,48,52,45,57,48,87,117,152,159,141,135,130,154,133,101,82,56,44,35,54,58,75,145,201,190,207,199,168,129,90,80,60,55,58,83,134,190,219,202,153,115,83,58,35,38,46
49,35,31,28,50,78,123,156,159,141,134,119,72,42,56,52,41,71,122,167,200,212,195,129,115,63,53,38,33,32,41,60,79,106,99,111,121,146,139,137,108,72,59,36,54,41,90,112,192,238,234,232,150,116,50,43,32,69,58,81,106,113,132,123,114,147,133,118,108,87,58,40,33,40,58,78,146,189,183,203,167,136,110,93,78,66,73,55,81,129,174,198,181,159,99,97,58,47,26,34
26,24,32,22,36,52,97,131,134,100,88,85,72,41,37,45,43,50,89,142,158,186,155,114,91,59,37,27,27,29,40,41,65,65,87,90,97,95,102,98,86,52,54,32,35,35,59,101,146,208,214,222,134,80,57,38,41,37,51,41,70,90,109,114,106,118,96,91,75,63,57,41,33,26,45,65,130,132,148,193,132,115,83,66,57,45,65,44,78,94,139,150,154,110,106,65,55,29,28,14
10,9,10,19,22,28,68,66,66,72,46,49,38,29,30,19,23,33,44,77,74,103,115,96,60,40,20,16,10,9,22,27,35,46,42,38,67,48,67,50,46,40,25,18,23,18,22,56,98,149,191,158,98,62,40,20,23,26,21,33,37,39,73,64,71,70,67,57,38,41,40,27,15,17,33,43,70,72,109,114,114,87,65,41,31,34,29,26,43,64,92,105,84,75,57,37,33,23,19,10
0,1,2,1,7,18,16,26,33,33,15,13,13,8,6,6,5,17,24,31,38,50,44,57,32,8,4,9,6,3,9,7,16,21,20,12,26,21,33,13,25,11,10,7,7,10,23,17,45,63,102,67,50,29,19,14,10,9,6,7,15,19,17,19,22,35,21,31,21,16,8,3,6,7,9,19,36,32,45,46,48,45,35,17,19,4,12,8,19,20,34,26,45,36,24,23,11,10,5,5
0,0,0,2,3,2,2,10,7,4,4,3,3,3,4,0,1,4,7,11,11,11,12,9,5,5,0,0,0,1,1,2,4,8,3,4,6,5,4,2,7,3,3,3,0,5,3,5,16,29,35,21,8,13,6,4,2,2,2,3,6,4,2,2,4,5,5,6,5,4,0,0,1,1,1,7,9,11,14,11,18,13,7,4,1,4,3,2,5,3,5,10,12,8,6,1,0,1,0,2
0,0,0,0,0,0,0,2,0,0,0,1,0,0,2,0,2,2,0,3,2,1,0,3,2,1,0,0,0,0,0,2,1,2,1,4,1,2,0,0,2,0,0,0,0,0,0,1,0,2,6,5,3,2,0,0,1,0,0,0,0,1,0,0,0,1,0,0,0,0,0,0,0,0,0,0,3,1,2,2,4,1,1,0,0,1,1,0,0,1,1,0,1,0,0,0,0,0,0,0
0,0,0,0,0,0,0,0,0,0,0,0,0,0,0,0,0,0,0,1,0,0,0,0,0,0,0,0,0,0,0,0,0,0,0,0,0,1,0,0,0,0,0,0,0,0,0,0,0,0,0,1,0,1,0,0,0,0,0,0,0,0,0,0,0,0,0,0,0,0,0,0,0,0,0,0,0,0,1,0,1,0,0,0,0,0,0,0,0,0,0,0,0,0,0,0,0,0,0,0
0,0,0,0,0,0,0,0,0,0,0,0,0,0,0,0,0,0,0,0,0,0,0,0,0,0,0,0,0,0,0,0,0,0,0,0,0,0,0,0,0,0,0,0,0,0,0,0,0,0,0,0,0,0,0,0,0,0,0,0,0,0,0,0,0,0,0,0,0,0,0,0,0,0,0,0,0,0,0,0,0,0,0,0,0,0,0,0,0,0,0,0,0,0,0,0,0,0,0,0
0,0,0,0,0,0,0,0,0,0,0,0,0,0,0,0,0,0,0,0,0,0,0,0,0,0,0,0,0,0,0,0,0,0,0,0,0,0,0,0,0,0,0,0,0,0,0,0,0,0,0,0,0,0,0,0,0,0,0,0,0,0,0,0,0,0,0,0,0,0,0,0,0,0,0,0,0,0,0,0,0,0,0,0,0,0,0,0,0,0,0,0,0,0,0,0,0,0,0,0
0,0,0,0,0,0,0,0,0,0,0,0,0,0,0,0,0,0,0,0,0,0,0,0,0,0,0,0,0,0,0,0,0,0,0,0,0,0,0,0,0,0,0,0,0,0,0,0,0,0,0,0,0,0,0,0,0,0,0,0,0,0,0,0,0,0,0,0,0,0,0,0,0,0,0,0,0,0,0,0,0,0,0,0,0,0,0,0,0,0,0,0,0,0,0,0,0,0,0,0
0,0,0,0,0,0,0,0,0,0,0,0,0,0,0,0,0,0,0,0,0,0,0,0,0,0,0,0,0,0,0,0,0,0,0,0,0,0,0,0,0,0,0,0,0,0,0,0,0,0,0,0,0,0,0,0,0,0,0,0,0,0,0,0,0,0,0,0,0,0,0,0,0,0,0,0,0,0,0,0,0,0,0,0,0,0,0,0,0,0,0,0,0,0,0,0,0,0,0,0
0,0,0,0,0,0,0,0,0,0,0,0,0,0,0,0,0,0,0,0,0,0,0,0,0,0,0,0,0,0,0,0,0,0,0,0,0,0,0,0,0,0,0,0,0,0,0,0,0,0,0,0,0,0,0,0,0,0,0,0,0,0,0,0,0,0,0,0,0,0,0,0,0,0,0,0,0,0,0,0,0,0,0,0,0,0,0,0,0,0,0,0,0,0,0,0,0,0,0,0
