parameters (x,y,w,h,rx,ry):-5,0,10.000000,40.000000,100,100
43,60,51,58,70,73,52,54,68,58,55,47,38,51,49,63,55,61,62,38,45,36,35,47,50,58,48,62,40,33,53,42,44,45,37,50,53,42,32,42,26,35,29,29,35,23,44,29,49,33,30,32,22,46,47,49,71,62,47,48,52,40,51,42,44,62,57,53,51,41,45,36,39,52,59,53,48,72,57,33,32,38,52,51,41,57,56,66,65,64,50,44,60,49,62,69,74,75,75,61
119,107,125,150,157,145,159,142,139,117,101,88,93,98,116,128,168,133,122,114,108,100,82,99,118,110,140,128,99,105,77,92,88,100,94,124,116,110,95,73,70,80,66,73,71,74,88,73,93,72,70,61,90,85,94,113,138,146,133,108,106,89,92,102,112,118,132,118,120,118,98,77,90,106,120,119,133,125,126,94,68,92,111,119,114,126,153,144,146,128,114,133,122,128,126,163,173,169,160,148
122,110,135,143,145,168,152,159,146,129,85,108,95,106,114,136,130,142,142,102,120,95,94,84,102,112,144,144,132,103,84,60,89,92,85,115,127,120,91,95,93,67,60,74,71,79,84,96,66,84,75,78,73,74,85,103,134,143,162,111,98,93,83,97,110,107,129,129,126,125,108,84,91,94,131,115,124,137,121,108,80,83,105,81,126,136,139,141,154,140,122,124,123,120,131,140,187,168,142,150
112,108,129,136,150,152,141,168,169,125,128,92,90,88,115,132,145,124,133,119,97,94,93,82,96,134,149,130,132,110,87,73,74,99,80,108,113,111,115,99,81,66,66,52,87,70,68,88,97,71,81,72,63,91,87,117,123,149,130,132,108,88,91,95,109,123,132,150,111,117,102,87,90,93,111,129,125,150,121,100,96,80,84,109,128,118,137,139,128,145,131,123,115,125,130,152,162,171,157,149
112,98,130,140,141,151,150,186,177,127,101,98,102,87,113,108,144,141,141,128,103,91,81,98,106,122,127,140,155,126,68,71,73,83,101,91,119,125,122,81,87,57,59,56,87,87,84,77,86,72,75,74,76,72,84,93,112,154,132,143,99,104,84,88,96,107,129,139,129,103,90,83,104,97,109,130,141,136,133,106,107,67,88,106,107,117,133,145,166,129,138,135,101,136,130,142,146,166,176,147
139,112,117,124,136,148,162,165,183,134,114,102,86,102,112,109,141,146,137,108,103,84,80,90,119,120,130,132,155,125,103,72,79,76,98,117,118,104,108,98,82,61,71,61,73,81,102,89,85,74,67,86,78,70,85,88,99,133,144,146,100,112,86,99,102,124,116,133,128,132,89,95,79,86,108,120,139,159,148,111,83,68,80,78,110,135,125,152,129,178,125,131,117,112,124,135,147,161,180,146
131,123,127,126,122,147,169,153,160,154,116,109,88,94,99,136,152,141,141,115,105,87,92,85,99,114,128,151,128,135,117,77,73,84,85,108,109,117,106,119,91,49,66,63,82,82,83,98,91,66,73,72,79,66,62,90,107,138,138,116,113,91,94,89,99,123,139,145,119,137,82,95,89,82,94,122,139,156,151,114,98,74,66,82,101,138,130,155,137,142,142,114,129,107,133,139,132,190,173,140
119,133,131,136,146,136,154,173,173,148,117,100,101,95,89,138,135,167,116,134,109,87,79,85,96,109,127,136,156,109,132,76,71,74,86,103,110,106,121,121,104,57,59,71,81,70,77,87,81,84,82,57,75,64,72,74,117,151,119,116,98,95,95,102,99,108,140,158,129,113,120,85,92,93,89,102,130,154,132,123,104,81,85,85,96,131,137,147,130,142,140,118,115,106,117,132,168,176,152,134
127,134,135,115,130,140,162,167,149,153,137,101,97,92,110,105,136,163,158,133,109,85,86,81,94,103,117,145,138,147,113,107,77,74,61,95,139,119,109,110,115,71,75,60,90,71,75,98,88,90,64,76,73,58,70,84,114,150,153,132,80,103,79,89,99,124,125,156,130,117,102,106,87,84,80,124,137,131,131,107,113,87,90,87,85,125,140,138,155,156,127,113,117,102,105,148,151,188,178,130
142,130,135,118,128,154,150,182,177,128,128,113,77,89,116,104,145,149,160,133,115,96,81,91,78,84,124,141,184,114,119,88,88,77,89,74,110,136,105,112,101,87,76,70,75,78,86,85,91,82,77,65,65,56,67,86,115,134,135,131,103,104,85,83,86,91,133,145,149,127,107,92,84,95,99,94,145,131,139,116,102,91,88,77,85,112,132,140,138,172,133,113,113,113,115,128,154,162,172,173
119,128,128,121,108,160,153,188,172,143,110,100,105,91,103,115,120,149,133,126,144,108,96,84,93,104,123,125,143,144,111,101,68,83,80,93,100,113,125,123,117,89,66,57,71,95,77,84,87,81,81,62,51,66,62,82,113,118,144,136,123,87,85,84,101,103,130,141,138,121,115,108,94,83,94,111,146,150,114,117,111,103,72,72,88,102,126,138,142,152,137,121,117,104,133,126,149,164,190,179
135,115,135,123,104,131,173,171,178,171,95,98,101,91,100,125,131,148,136,124,112,111,95,90,88,108,143,142,137,126,119,101,78,83,83,86,115,131,113,107,111,106,76,69,64,76,87,100,71,86,92,53,52,57,62,81,110,147,117,132,124,94,85,74,96,110,144,128,136,102,129,107,103,81,85,117,137,144,137,108,116,94,82,65,76,93,121,158,139,163,136,131,122,111,115,149,168,161,178,133
139,132,131,124,121,148,161,173,187,153,117,99,80,110,99,137,131,143,138,139,116,99,96,85,93,121,135,137,161,131,106,93,83,78,78,100,115,133,128,97,104,101,74,63,70,88,75,86,83,81,81,81,50,55,65,83,84,139,129,132,111,107,86,79,90,96,137,130,136,100,119,99,102,98,95,125,143,129,134,111,101,99,84,59,74,96,99,160,172,148,124,138,113,104,108,141,168,176,169,141
119,119,109,118,138,162,153,168,163,156,127,91,96,95,115,141,126,126,142,138,113,95,84,102,96,90,133,154,165,136,118,85,86,66,85,84,107,137,125,112,108,84,73,69,81,88,90,88,77,76,88,87,58,51,71,89,103,133,121,133,120,98,83,82,86,94,127,148,136,119,96,108,102,106,87,107,149,120,135,122,104,99,85,75,76,83,100,141,165,163,119,114,114,127,112,133,159,185,161,154
132,124,114,115,140,147,154,166,148,164,129,108,82,99,124,120,136,124,130,146,158,93,62,77,105,113,119,141,157,143,122,96,67,90,70,82,109,131,139,103,116,80,85,62,85,83,89,87,81,91,71,72,79,50,58,76,126,122,127,127,113,98,102,89,79,81,111,154,161,135,98,89,79,104,99,109,115,122,126,127,103,107,98,91,86,87,114,129,136,156,146,106,100,110,126,134,163,175,177,149
140,114,127,121,138,125,160,168,162,156,131,95,97,102,128,137,129,137,126,124,151,97,94,90,92,96,142,148,155,145,100,78,76,76,86,94,96,129,125,129,94,76,79,74,69,85,92,86,96,81,77,74,58,67,75,82,107,107,137,103,116,110,91,102,81,104,102,126,160,142,124,85,75,87,119,109,122,133,129,102,120,93,83,98,107,98,112,125,169,142,135,103,104,104,111,140,164,180,171,142
127,134,106,117,124,148,172,182,159,143,111,109,93,83,130,144,144,129,142,135,120,114,92,91,104,108,137,169,129,151,118,81,72,73,82,108,121,111,125,112,113,97,90,76,54,80,89,87,101,81,92,71,53,76,74,76,99,105,114,101,113,97,91,98,93,108,110,138,137,127,113,105,85,85,100,124,136,153,126,112,97,82,87,80,97,129,122,132,134,161,115,122,104,101,114,154,140,181,175,152
138,127,118,102,108,153,167,187,155,142,115,123,99,107,108,132,142,147,126,131,116,90,94,88,96,103,149,139,142,149,105,95,94,78,77,100,116,111,108,117,107,90,90,81,71,76,64,77,87,103,89,72,60,76,80,96,99,117,121,93,110,100,82,94,85,129,106,120,138,139,132,86,93,81,79,104,149,155,136,110,98,74,91,103,108,112,114,140,159,124,115,116,116,113,132,117,160,166,183,155
132,111,110,125,111,122,181,182,176,152,128,103,93,89,103,149,132,148,162,116,114,103,88,89,104,126,123,132,152,140,124,96,87,68,85,108,106,112,111,107,116,99,67,86,79,65,77,85,81,80,91,84,69,71,79,80,103,126,128,95,104,97,67,75,100,119,113,136,108,148,127,111,78,77,85,108,126,158,141,116,96,83,82,77,86,139,122,140,155,137,118,99,96,111,123,148,138,177,186,153
147,109,108,111,131,136,156,172,178,141,133,107,103,88,115,110,165,159,141,111,109,90,84,120,100,101,130,122,157,153,109,107,87,85,75,74,122,131,136,113,93,83,80,86,76,65,79,98,77,78,85,83,75,81,66,98,82,127,138,120,98,86,75,58,94,112,130,140,126,118,130,106,93,86,79,101,111,154,138,112,87,100,74,83,92,116,114,170,145,134,120,110,94,113,133,134,153,179,160,162
117,114,129,113,112,143,181,168,163,148,138,114,83,111,97,144,142,169,133,133,113,93,77,91,119,118,129,124,139,118,146,119,77,90,79,88,117,138,108,109,95,93,76,70,79,92,81,96,80,77,80,79,68,77,65,101,84,112,132,128,109,89,79,88,78,125,122,113,131,106,108,117,88,107,62,112,112,151,131,119,115,85,76,96,92,122,118,139,154,140,117,118,97,119,125,135,168,174,168,143
123,113,113,132,117,130,174,159,165,148,162,93,97,94,118,128,145,179,134,152,115,94,95,85,109,122,126,118,126,150,114,107,85,98,98,90,109,112,118,100,91,85,75,81,73,89,105,79,71,85,74,86,76,71,76,95,88,106,145,130,109,69,75,72,113,118,117,131,127,120,115,102,82,89,83,110,117,141,131,119,99,101,84,81,83,119,118,130,141,134,126,114,106,106,134,149,171,163,175,138
148,131,99,117,108,154,163,165,142,145,146,131,90,95,104,146,151,154,148,131,112,91,88,97,109,127,131,130,135,126,128,107,83,89,109,111,110,126,116,101,73,66,73,82,85,84,87,97,89,59,77,72,67,71,73,102,120,114,131,117,104,86,79,72,93,115,123,158,126,129,118,93,83,88,85,110,109,131,133,124,109,73,88,86,81,108,137,131,133,141,127,111,123,127,102,139,202,184,142,142
143,127,120,103,122,137,178,155,139,156,129,116,110,126,103,132,141,151,141,122,121,89,96,93,101,127,123,154,129,131,127,102,86,97,93,109,107,128,120,114,70,74,74,64,77,95,87,113,76,88,69,62,61,81,72,99,114,127,123,120,111,76,86,76,98,88,131,140,133,119,103,103,82,90,92,99,128,130,123,116,109,89,81,82,103,90,124,123,139,145,120,126,127,131,101,141,193,187,150,133
132,124,104,101,125,175,177,149,126,155,120,122,117,121,149,120,126,138,140,135,119,91,89,101,109,109,113,166,138,145,108,90,95,77,79,105,117,125,117,115,90,66,67,65,77,97,113,102,88,82,66,69,69,75,75,86,105,118,150,107,114,87,61,87,97,92,125,146,131,133,107,83,92,80,100,102,128,132,135,110,96,100,102,76,70,109,139,124,144,123,133,116,105,109,122,149,159,187,170,144
127,102,100,105,150,150,189,167,153,145,128,102,97,98,120,130,150,147,139,109,135,93,101,96,108,104,138,149,158,152,98,92,86,81,102,107,109,112,132,106,85,75,73,75,80,99,86,115,84,70,75,67,75,53,79,92,110,127,132,121,94,81,67,77,107,93,135,133,131,118,100,108,82,97,96,109,142,131,144,108,83,91,81,76,91,106,117,129,136,132,137,103,124,104,123,132,174,183,179,159
130,116,99,111,143,147,191,182,155,149,124,108,86,101,121,107,170,150,148,121,105,111,91,99,92,126,136,155,160,135,103,92,74,76,98,101,141,128,125,113,79,75,78,76,76,82,93,119,96,63,72,71,55,78,80,90,109,130,135,136,113,87,73,61,91,111,115,125,126,118,113,107,100,89,75,97,129,138,135,112,108,88,85,59,105,89,117,167,125,113,117,110,110,125,111,147,160,176,185,146
113,124,91,119,135,147,172,175,187,157,117,105,94,85,117,131,139,163,139,112,127,96,100,83,96,130,129,156,152,138,98,112,77,94,89,114,131,132,107,90,87,76,83,75,61,92,94,101,104,70,84,78,50,67,68,70,95,122,136,135,106,97,78,78,81,104,118,119,115,128,119,121,81,85,75,89,134,137,122,108,117,84,88,67,95,97,112,125,149,148,117,120,102,104,119,144,140,189,197,154
142,112,106,117,133,149,164,178,180,164,122,106,94,93,98,114,142,156,163,127,122,99,102,103,89,115,143,141,147,148,106,98,76,88,103,92,123,120,120,91,74,91,86,70,69,93,85,101,93,97,79,72,68,58,73,70,92,128,132,119,115,101,58,100,87,125,107,116,122,124,101,102,88,93,90,100,121,122,127,127,103,92,86,83,99,126,83,130,160,126,134,114,101,83,116,150,165,176,167,155
148,107,98,109,139,120,179,191,199,154,120,85,96,109,100,120,147,144,154,129,107,111,107,86,101,124,131,156,155,138,102,99,74,80,88,103,136,139,115,91,85,81,75,71,77,83,98,104,102,90,82,76,62,53,70,68,103,115,139,103,109,95,78,86,100,114,99,137,116,119,101,87,83,100,94,108,103,124,128,115,112,98,89,82,97,108,128,127,132,163,129,94,113,114,114,139,141,187,177,178
141,123,90,120,130,157,142,197,183,150,127,108,81,93,107,113,131,177,154,141,103,107,105,113,89,122,130,150,152,127,99,91,89,80,95,113,106,132,133,119,90,87,65,65,70,93,92,112,115,83,81,74,69,57,57,88,78,106,135,116,99,94,82,89,102,99,119,133,121,115,101,99,68,82,104,99,119,133,128,103,94,88,96,92,110,106,119,130,146,130,123,122,111,87,118,139,140,171,167,166
157,125,99,106,143,143,166,152,196,185,135,101,96,82,94,107,144,190,135,133,97,107,98,109,85,133,139,153,142,141,102,98,79,80,97,95,119,124,141,125,103,100,56,60,62,89,81,90,119,113,90,73,69,68,68,79,79,106,132,128,95,106,71,79,98,110,111,117,136,127,106,93,73,85,75,118,116,140,116,111,89,71,76,98,112,123,113,161,147,123,145,105,109,121,102,119,146,162,181,164
155,123,108,116,129,131,157,154,173,196,132,94,98,94,92,131,145,141,155,135,113,113,110,88,105,104,159,152,154,133,114,104,89,79,88,96,116,129,121,123,89,104,65,68,70,70,94,99,99,110,95,72,71,68,80,75,90,114,107,112,130,125,80,70,78,95,124,124,122,149,106,94,75,77,76,105,129,132,126,103,93,85,64,101,99,116,122,164,146,128,128,117,107,97,119,108,154,193,177,172
140,130,129,100,114,135,167,171,153,182,135,107,79,101,117,121,135,143,158,137,107,122,104,89,92,99,120,167,155,138,96,95,83,88,94,97,103,115,119,120,103,85,68,79,75,68,81,111,77,119,88,94,51,80,81,82,81,110,113,115,103,109,89,97,80,89,102,144,126,143,110,92,93,78,90,93,120,128,124,119,68,76,75,93,108,103,118,145,162,139,141,110,109,116,93,127,141,182,195,165
142,117,119,118,109,141,160,178,165,153,131,102,96,84,104,134,131,158,146,109,127,97,116,94,100,108,125,128,154,148,113,96,85,83,82,108,113,137,112,110,107,88,66,74,74,94,94,96,103,86,77,88,70,67,80,96,90,89,130,114,105,89,91,88,87,110,120,120,110,132,103,93,96,91,78,98,115,134,132,133,79,67,75,85,87,120,124,146,157,144,112,117,132,92,107,122,137,174,211,168
136,112,109,146,114,147,181,164,165,162,123,109,106,92,92,124,138,163,140,135,115,91,108,104,99,99,130,149,130,136,121,95,101,97,83,111,102,128,131,104,87,89,86,76,66,73,99,104,93,90,72,87,67,73,81,97,117,94,113,92,114,101,97,87,94,102,125,115,117,102,106,106,97,86,90,81,118,124,147,126,95,62,91,82,90,87,110,149,144,136,126,108,103,109,127,127,182,147,192,155
142,113,100,129,148,169,150,180,146,146,143,111,119,101,101,110,136,161,147,151,122,104,75,96,119,115,131,129,138,149,117,102,92,78,110,103,114,108,119,111,112,94,75,64,67,83,98,95,103,84,76,68,85,85,79,99,119,102,106,104,91,105,95,100,106,106,118,127,116,108,107,102,94,95,69,80,115,129,130,127,94,103,87,89,109,85,130,141,139,119,109,125,113,100,126,146,155,167,169,169
122,122,119,141,125,147,156,185,158,129,136,127,96,103,108,98,128,160,145,140,124,109,100,79,109,109,154,140,149,126,118,94,86,85,88,108,105,147,110,109,105,98,75,78,69,82,81,96,101,78,72,71,91,81,82,114,111,104,107,97,96,89,96,117,91,119,103,123,119,96,126,100,107,83,79,100,119,123,133,119,97,79,78,85,92,116,133,144,125,121,120,134,127,105,106,131,171,152,187,161
127,109,131,115,118,161,159,164,160,150,124,102,96,103,118,115,142,136,137,146,128,109,88,94,114,106,133,153,142,139,124,103,88,82,86,104,116,109,132,118,114,93,84,73,79,77,100,62,99,80,89,72,70,76,87,89,122,126,99,99,88,84,78,90,102,107,118,135,110,110,106,92,95,91,92,101,122,120,127,117,105,63,79,89,85,125,115,142,122,101,120,132,119,126,117,124,168,167,173,164
139,120,129,131,138,139,169,152,161,162,128,104,91,103,117,117,133,149,150,146,121,109,111,80,91,103,144,151,140,137,131,101,78,90,88,93,117,133,126,112,108,97,81,81,84,86,89,74,79,98,74,70,75,65,89,66,116,125,112,97,98,83,89,79,88,123,118,139,134,104,96,122,90,88,75,105,138,139,145,111,81,81,76,71,100,95,130,139,139,108,109,120,113,109,115,136,148,176,184,135
133,119,123,119,136,135,189,150,162,140,121,106,93,111,133,118,129,137,155,134,144,123,87,93,86,103,148,141,139,146,104,107,96,88,87,98,106,133,134,98,113,104,81,74,65,98,94,76,92,87,72,83,72,74,73,76,102,107,126,102,93,104,77,81,87,110,128,153,131,106,92,101,89,87,87,91,107,169,154,110,111,80,67,73,83,96,138,133,147,129,139,99,93,119,112,118,177,172,186,130
141,117,107,116,141,131,162,185,161,151,115,116,92,115,110,119,144,150,128,140,135,122,93,93,98,114,134,139,159,137,104,111,87,91,102,104,107,116,122,117,112,112,88,66,78,75,92,97,83,86,83,72,80,75,81,81,108,108,132,93,101,91,89,85,92,115,114,153,141,111,83,84,102,85,87,109,116,151,140,133,81,86,74,73,80,97,127,136,154,147,114,107,116,99,117,118,162,185,179,154
138,118,99,103,120,156,145,161,181,158,128,111,96,121,107,120,131,145,151,130,132,121,99,96,88,109,136,137,157,135,119,94,99,89,88,107,107,130,119,113,123,106,95,72,70,77,100,87,94,76,70,66,72,73,88,93,103,127,107,109,95,84,76,75,67,101,135,155,139,107,107,92,83,76,102,99,118,135,120,119,92,102,78,81,67,90,127,135,156,130,124,110,112,114,102,121,161,188,183,153
124,106,116,125,134,136,149,157,156,149,118,115,112,118,110,133,130,146,154,139,115,120,101,99,101,95,128,140,147,163,120,96,89,85,108,90,113,145,89,104,118,109,68,88,73,81,111,113,89,84,68,81,51,67,77,91,120,121,126,114,75,83,89,67,83,98,125,150,144,117,101,93,70,71,93,118,141,130,122,113,99,83,87,98,69,87,107,138,144,143,112,97,113,140,115,114,157,173,191,175
141,107,86,119,158,157,141,159,163,146,135,110,111,105,128,131,141,147,136,132,114,127,109,96,82,105,151,133,136,144,125,93,92,81,97,108,122,121,100,103,101,99,91,80,76,98,100,92,101,76,78,68,61,67,72,107,100,122,129,114,90,84,86,74,89,103,135,155,140,115,91,84,99,86,93,119,114,145,129,111,92,78,81,87,97,89,104,146,119,155,107,115,91,126,117,121,161,181,185,154
124,102,124,124,121,135,171,167,156,140,139,103,113,96,111,135,149,138,134,146,127,123,102,97,120,102,135,152,132,157,104,114,79,86,114,111,112,122,118,118,84,87,68,81,87,96,100,83,108,88,65,66,63,58,73,100,111,122,146,112,95,74,64,66,82,97,119,170,150,119,96,85,81,79,108,117,104,152,132,123,96,72,78,89,92,94,101,126,133,137,143,99,114,107,110,149,137,179,197,159
125,105,88,122,138,141,165,186,148,141,116,101,120,109,114,139,109,151,134,135,132,117,109,94,114,117,141,138,167,119,119,111,75,81,107,114,115,114,112,115,94,82,72,61,82,96,106,99,96,77,74,63,69,79,71,78,102,131,150,110,111,82,74,62,66,99,110,138,163,124,103,80,80,79,104,102,141,135,134,146,92,68,84,65,106,111,120,130,126,132,133,106,96,121,118,128,147,182,183,171
132,121,101,114,133,137,151,175,164,151,130,108,95,104,131,132,135,137,131,115,127,118,106,99,116,107,141,150,159,155,119,95,98,92,106,99,123,127,106,118,99,76,73,68,79,96,103,122,81,84,84,56,77,75,89,104,103,116,138,131,93,67,77,71,65,90,111,118,133,147,103,104,73,84,86,102,138,159,151,111,86,91,55,72,91,108,131,131,129,142,140,96,89,117,133,137,146,162,171,162
159,110,107,115,113,143,170,168,175,147,122,104,109,107,117,144,127,119,123,142,139,86,101,92,110,129,127,145,140,149,122,100,96,80,113,112,108,125,121,132,97,82,64,73,83,68,91,116,88,83,80,62,66,67,82,94,123,126,130,120,98,90,82,79,71,74,115,113,149,113,115,87,94,89,88,76,126,159,140,119,114,81,79,59,82,119,100,163,150,169,124,100,109,93,115,129,151,144,166,176
134,149,110,116,117,145,178,167,173,147,107,117,110,112,118,140,143,123,120,122,143,92,109,109,103,95,148,164,131,138,131,109,97,87,100,114,113,118,119,139,99,67,76,81,73,75,76,105,94,79,86,86,59,66,70,90,127,135,125,122,104,99,71,85,72,90,91,114,127,128,127,100,95,95,92,94,120,158,134,127,105,80,67,68,78,91,104,161,146,143,148,104,96,90,113,133,161,139,157,163
119,122,130,106,119,142,179,157,170,155,126,115,91,100,109,120,156,139,143,111,106,111,91,105,120,126,175,130,144,125,110,90,111,85,99,136,118,120,113,103,96,87,86,69,68,90,103,95,89,85,92,74,75,63,72,88,122,125,137,102,121,93,88,80,69,90,106,128,137,110,106,109,85,86,92,115,117,146,150,119,94,96,74,67,76,79,94,151,155,148,127,107,107,113,122,146,139,151,147,159
126,144,113,109,122,152,149,175,166,151,119,101,102,105,103,128,148,150,137,119,105,107,93,104,104,123,151,165,133,137,121,84,102,79,99,120,122,119,149,99,99,76,86,76,83,73,104,82,89,93,97,82,62,68,62,83,113,128,128,122,90,88,95,68,86,87,121,130,124,129,89,87,101,97,85,111,106,149,126,136,92,88,91,88,68,100,107,124,140,163,129,110,103,113,111,134,157,176,153,141
127,116,112,123,132,153,143,185,167,161,141,111,77,97,109,121,147,172,151,108,101,88,91,107,129,124,150,166,135,119,119,102,94,77,106,100,127,141,115,92,104,93,83,67,90,95,84,86,78,101,87,72,87,58,69,89,114,119,115,112,117,87,92,78,84,106,108,125,149,98,98,100,75,100,102,113,115,119,121,148,92,88,91,100,82,86,103,131,116,145,140,116,113,97,116,120,157,178,167,138
130,106,113,115,140,145,152,164,166,174,137,101,91,86,100,127,149,185,133,127,114,105,89,95,114,141,158,165,138,139,131,91,72,85,82,107,97,136,143,116,102,93,63,66,88,81,98,85,92,94,77,89,70,48,72,92,121,130,125,117,102,94,81,76,78,95,106,115,134,122,114,76,83,102,95,124,117,108,126,142,98,92,91,87,104,84,113,120,116,124,129,122,127,106,100,124,172,165,166,160
132,111,111,110,147,161,147,172,156,156,152,112,90,85,84,156,143,165,152,137,102,108,77,86,87,137,145,163,129,144,140,97,80,84,104,98,113,118,136,123,101,82,70,87,80,69,82,120,96,84,95,62,64,69,67,90,107,115,147,135,113,88,66,80,102,94,92,112,128,121,104,97,85,91,102,116,144,111,120,104,100,110,96,84,101,106,112,98,123,111,127,127,114,111,124,126,170,159,156,142
109,89,123,125,131,164,136,129,164,150,159,124,88,89,101,121,151,164,151,152,108,104,84,82,109,118,132,158,140,143,119,109,80,88,97,106,121,138,133,113,105,77,76,74,92,78,58,98,111,84,86,87,73,63,69,93,87,119,114,129,133,100,71,76,93,93,101,102,131,122,107,97,92,85,109,112,118,140,115,95,102,93,84,90,116,110,137,119,118,118,113,126,127,106,112,145,160,162,174,143
102,100,102,120,151,164,165,139,149,149,158,119,89,78,107,133,130,140,186,137,147,101,81,97,102,132,158,160,137,132,125,104,88,102,87,91,136,117,107,122,111,89,71,81,82,97,80,91,91,94,73,84,79,70,68,83,112,91,120,130,112,103,93,75,70,98,107,115,93,112,109,100,100,94,103,107,122,145,123,105,86,87,82,98,103,123,134,118,125,103,121,129,110,113,114,139,160,167,165,137
103,108,103,103,135,161,171,170,156,145,134,125,108,93,99,110,139,134,152,151,140,113,85,80,111,111,149,169,159,144,120,101,80,102,88,107,118,135,118,112,108,98,59,73,79,89,99,94,106,88,68,61,77,81,77,98,91,109,122,125,133,93,95,80,80,91,98,123,111,110,102,99,80,102,104,114,142,127,129,109,86,78,88,89,102,125,126,137,117,116,114,124,117,94,111,138,173,162,179,139
133,91,108,106,129,152,179,134,160,157,143,124,119,102,91,117,140,138,159,142,113,114,102,90,81,124,147,155,170,136,112,100,84,79,91,101,127,141,120,115,118,89,67,68,62,84,84,108,111,86,72,67,66,68,76,89,102,112,125,133,110,92,85,93,76,95,110,103,116,91,88,89,95,89,110,133,120,132,133,86,89,89,84,99,106,117,131,126,137,112,111,106,113,125,124,138,160,189,174,144
132,117,120,111,103,138,176,179,147,156,128,133,114,102,109,120,129,122,174,144,96,119,113,96,88,109,137,164,154,146,117,98,125,76,71,99,119,128,117,132,117,95,78,85,70,62,86,101,96,95,83,67,66,84,71,98,82,117,144,115,109,91,89,103,88,104,91,126,112,95,83,92,87,102,107,109,132,139,129,83,77,93,92,101,89,118,141,120,150,109,98,111,97,135,135,144,155,163,167,147
144,117,103,115,117,137,174,152,187,148,121,94,127,108,106,129,154,152,151,142,102,108,107,99,102,120,139,145,154,139,123,100,102,79,94,98,101,128,125,124,111,79,101,77,77,71,97,86,102,82,83,80,67,67,56,90,110,126,112,128,97,100,79,89,76,107,120,96,126,93,98,85,104,79,104,104,144,139,120,101,88,89,79,87,100,125,133,123,140,139,118,101,87,112,130,150,136,176,165,146
136,120,89,111,136,146,166,165,171,164,121,127,96,106,107,112,144,165,142,131,116,111,122,98,119,104,128,149,135,164,122,102,86,73,92,105,106,120,133,137,104,91,78,80,89,73,86,83,102,89,90,85,68,69,80,74,103,110,114,128,95,93,94,78,94,112,116,114,96,94,89,86,91,89,93,127,131,147,133,113,84,78,81,82,102,109,110,124,144,136,129,98,102,100,116,146,162,164,171,152
142,118,93,118,119,138,148,169,187,150,123,125,125,87,108,143,131,140,127,144,118,95,114,130,113,128,125,157,144,147,118,112,94,70,92,90,111,142,137,112,94,96,72,86,88,74,98,93,96,99,84,76,68,79,70,80,96,110,119,104,96,114,81,87,89,108,108,103,126,94,81,82,86,81,98,114,160,151,135,107,110,73,73,84,93,80,123,130,152,147,125,107,96,104,110,152,163,171,166,154
131,102,134,107,122,121,167,172,183,139,124,118,112,105,114,137,135,149,128,124,104,107,130,123,135,112,134,124,148,157,117,115,88,95,81,91,109,132,129,115,99,92,68,86,83,80,99,105,86,70,91,77,74,71,70,82,99,129,131,117,79,82,103,99,95,102,101,120,112,109,95,73,77,78,95,100,142,155,127,113,111,75,71,75,89,102,120,126,148,150,126,112,94,94,110,132,162,165,194,152
120,128,126,123,130,120,154,174,171,157,118,90,105,104,137,132,156,144,120,134,110,94,128,112,111,126,144,139,116,129,128,109,96,92,99,100,115,139,97,126,97,93,78,76,85,84,83,99,95,67,74,94,75,63,62,95,112,106,139,132,85,82,89,97,94,89,114,120,134,102,103,72,77,79,92,98,133,139,127,126,117,104,57,68,85,98,131,120,136,164,130,110,111,77,106,129,159,169,209,148
135,107,113,125,139,138,166,167,172,126,133,107,110,106,110,129,173,148,136,111,98,120,97,127,115,136,141,117,146,133,123,110,106,74,81,113,123,132,123,112,98,91,80,63,65,91,106,89,90,73,85,96,86,56,62,93,105,127,111,109,107,89,96,82,85,85,120,128,129,100,95,93,86,74,81,102,119,134,143,121,95,100,71,67,79,82,125,147,144,141,115,116,105,101,95,126,147,183,195,162
148,118,106,109,137,148,157,191,148,167,118,97,99,107,112,137,163,150,144,143,106,109,91,129,111,136,134,122,156,135,131,107,86,88,100,117,105,135,122,127,100,63,88,74,82,94,78,94,84,79,88,73,89,65,78,89,107,109,121,105,108,78,90,88,94,99,108,130,127,109,92,93,81,77,85,117,103,124,134,124,98,84,87,75,80,85,114,148,165,132,110,115,124,123,93,114,139,191,172,155
157,127,91,115,138,152,138,172,188,147,120,100,92,108,105,135,160,157,145,126,124,100,101,103,94,144,134,127,143,137,124,116,95,91,102,119,124,101,129,130,90,97,66,61,75,85,81,87,94,79,72,83,68,81,83,85,119,108,127,119,103,93,81,78,96,91,118,127,109,110,100,88,93,80,111,86,119,118,149,121,104,86,85,81,77,101,118,137,131,157,118,97,100,119,106,131,128,165,170,159
151,128,114,113,123,147,175,160,162,169,125,86,87,106,130,129,150,176,135,130,113,110,109,110,127,139,128,127,151,123,124,88,111,102,113,128,117,121,125,110,99,89,91,69,84,97,83,76,82,83,80,81,67,67,93,96,93,104,125,127,100,99,84,85,93,79,107,132,126,115,84,86,85,90,97,102,99,114,119,131,111,92,83,83,79,114,110,140,142,134,125,116,109,116,125,114,125,167,166,153
160,110,143,115,123,145,164,182,185,162,122,93,78,113,111,142,166,165,149,139,116,86,93,107,120,122,160,147,134,148,103,94,99,111,107,125,113,134,115,103,107,89,82,76,89,93,88,72,80,80,70,77,71,66,88,87,94,89,116,119,114,111,92,94,90,70,118,125,126,127,101,96,79,77,102,99,105,111,104,134,105,92,98,93,89,95,112,127,142,118,121,128,95,118,116,114,144,163,158,165
159,157,121,98,120,134,163,172,202,181,127,89,72,95,109,147,156,172,137,130,125,80,80,105,121,141,138,156,134,127,99,103,99,93,102,119,124,125,120,111,93,96,88,81,94,98,81,90,85,67,73,82,70,74,77,97,98,103,107,104,105,103,96,83,86,83,117,121,124,120,115,87,93,83,90,103,105,123,114,114,94,98,78,107,95,97,120,131,132,115,102,118,98,121,123,124,155,149,151,142
153,148,106,116,113,122,146,196,188,166,140,123,87,92,100,117,156,167,158,140,110,92,93,78,119,134,139,150,142,118,119,112,106,86,100,111,133,124,119,108,103,104,86,81,84,89,91,90,77,83,71,72,77,74,79,86,101,115,106,101,97,103,87,91,79,102,95,131,133,102,112,115,79,90,85,100,116,105,110,118,115,81,79,88,113,120,111,111,137,116,103,105,110,130,138,134,131,146,154,161
149,123,125,104,114,135,169,171,196,158,163,94,83,101,108,114,156,177,160,126,112,113,89,84,111,119,158,150,157,123,117,119,92,102,115,113,119,119,109,127,92,81,85,79,103,93,95,73,88,72,77,75,70,76,81,93,102,102,120,116,108,80,96,84,92,97,111,115,108,114,99,101,99,91,74,106,97,118,123,94,92,116,86,85,101,104,120,108,137,124,103,107,103,110,124,147,150,156,139,148
137,135,124,115,123,157,152,162,185,177,132,112,95,93,106,121,148,169,143,141,119,106,104,81,98,103,154,152,152,131,112,101,99,113,115,131,134,114,112,123,95,80,85,76,77,111,94,94,96,83,74,75,61,72,79,95,74,123,126,119,110,92,85,96,82,91,105,126,116,118,108,94,105,83,87,102,124,106,99,101,88,81,93,122,114,91,104,116,144,137,126,105,116,96,129,148,149,150,147,147
142,118,132,109,133,153,146,140,185,174,156,106,103,89,97,103,143,179,151,145,114,105,113,92,81,119,155,140,146,155,108,108,92,90,118,140,121,125,111,121,111,81,76,73,74,82,100,122,101,77,72,66,65,58,80,81,104,89,110,119,119,96,99,80,86,90,97,117,135,121,89,104,95,92,77,81,133,118,109,91,88,90,76,91,129,91,114,125,115,135,110,102,126,109,115,135,158,171,144,143
137,131,110,119,133,138,141,170,186,164,138,116,113,93,106,93,137,155,160,152,122,115,116,99,109,109,148,150,157,134,115,108,83,80,104,147,124,152,116,130,93,101,77,78,72,89,103,95,95,79,87,70,68,63,75,91,102,95,98,101,117,106,93,94,91,85,86,114,122,115,113,78,97,83,93,117,96,124,106,105,74,76,90,97,104,108,112,134,115,133,112,113,116,101,107,121,179,173,154,134
121,125,124,114,153,134,141,179,182,152,157,109,86,112,116,101,126,160,136,140,147,97,94,111,93,108,134,151,149,148,118,94,97,90,118,115,143,123,116,113,117,100,89,94,77,77,105,112,87,79,67,86,57,88,74,78,116,97,106,95,96,105,79,85,100,118,111,114,128,99,105,104,90,86,87,84,119,124,122,110,91,72,83,83,109,106,109,130,137,121,103,105,113,115,110,128,157,173,155,145
140,116,110,121,122,155,157,168,160,151,150,135,91,108,107,127,119,156,127,140,128,121,104,105,100,129,133,142,140,145,118,83,99,97,109,125,132,119,140,129,100,101,83,88,92,97,71,105,87,94,77,70,68,68,59,99,107,117,109,112,74,103,92,100,92,111,131,115,100,93,99,93,108,84,99,98,110,135,123,110,80,74,90,66,89,92,129,154,139,122,111,118,69,107,107,140,151,162,190,154
127,121,108,122,131,160,148,182,148,164,130,134,109,108,113,111,125,158,158,135,125,100,92,114,106,107,134,150,166,132,123,104,91,92,108,106,140,133,126,133,119,93,81,90,97,101,105,81,93,75,86,62,71,78,68,75,117,110,126,101,107,78,83,76,79,101,139,124,98,96,94,94,75,80,103,107,107,131,126,110,82,66,78,68,87,85,139,137,138,135,118,102,102,93,95,121,166,180,183,140
135,124,101,136,127,147,162,178,154,148,142,125,124,115,100,126,114,139,142,159,125,117,102,97,106,93,141,134,152,134,127,110,90,92,105,118,136,137,137,140,120,86,77,80,105,113,102,79,84,96,80,76,72,63,74,95,112,122,107,100,68,82,81,98,78,93,136,106,119,102,94,93,83,82,101,119,120,134,128,103,80,71,76,80,71,107,121,147,144,130,105,94,103,117,98,102,151,193,174,154
111,100,112,125,117,136,183,188,165,156,129,116,128,133,111,99,125,144,149,118,124,124,108,105,103,104,139,170,143,134,110,109,95,84,92,122,141,137,146,123,113,98,95,95,77,93,93,95,92,100,84,79,69,59,84,86,104,110,127,92,89,76,89,67,86,125,110,114,118,104,102,97,87,83,104,111,116,128,119,115,96,67,66,69,77,95,103,122,165,142,128,97,94,103,98,105,130,194,178,170
126,94,117,117,146,132,151,175,183,154,139,120,106,113,109,126,154,138,118,105,117,110,103,117,110,120,102,172,169,135,94,109,96,109,92,136,127,126,129,143,100,104,97,86,87,72,97,111,108,86,88,69,73,66,76,88,75,140,126,101,74,88,73,75,88,97,123,125,124,102,94,99,96,94,87,114,121,131,101,90,91,92,69,74,78,90,110,139,119,150,114,118,94,113,108,113,140,177,188,166
149,106,104,107,156,129,164,160,176,159,151,114,96,111,120,130,121,160,115,102,117,117,103,103,123,124,126,147,175,135,114,103,90,109,105,119,120,135,142,114,122,99,84,82,110,73,103,111,103,94,84,81,63,75,64,77,112,125,120,102,91,72,72,79,85,94,123,122,114,109,98,90,83,84,102,102,136,132,122,93,82,90,70,87,78,77,100,120,132,133,129,99,107,105,114,127,148,155,162,168
145,117,104,111,132,147,156,171,170,169,126,116,99,111,111,136,159,164,123,111,115,115,110,98,95,110,144,140,170,140,134,114,108,87,94,127,121,150,136,138,120,86,88,91,87,99,93,114,105,105,79,84,68,62,74,70,85,131,112,107,104,95,80,66,82,88,139,114,88,116,84,95,85,76,93,113,125,124,125,94,71,82,97,75,86,93,111,131,129,122,126,114,104,102,103,125,165,163,139,167
141,127,105,106,117,143,172,161,180,154,133,105,115,94,117,143,139,172,145,117,110,105,118,101,96,114,128,147,162,151,126,106,108,100,111,102,124,131,124,138,122,98,106,79,88,91,111,103,110,90,96,72,57,72,86,91,96,95,122,114,97,85,94,88,87,89,111,113,124,86,102,85,96,68,83,120,139,133,111,99,85,65,77,59,80,97,111,109,136,140,130,124,102,100,90,135,130,161,176,137
139,121,106,115,110,160,156,181,163,166,105,129,98,116,98,128,156,142,140,151,116,96,107,101,116,126,155,139,148,158,119,111,104,90,90,110,137,122,145,131,110,105,88,96,89,74,98,129,95,89,74,81,80,63,71,88,99,106,113,102,99,104,79,89,88,89,107,113,100,111,110,89,80,70,81,102,111,153,133,116,72,73,75,73,67,103,94,94,124,145,141,110,112,93,98,119,145,175,157,165
137,114,94,121,112,123,168,172,154,168,122,99,102,93,124,119,139,148,159,138,114,105,102,109,110,116,149,178,129,143,130,117,93,94,98,91,109,117,156,146,125,115,89,83,82,89,113,107,102,93,81,66,82,57,64,85,98,89,125,110,110,98,93,61,70,101,118,108,125,114,84,81,91,74,68,97,121,133,138,99,81,75,48,67,75,101,100,103,111,118,151,104,99,105,114,104,154,166,159,170
143,90,108,99,121,113,143,165,172,150,118,109,91,90,124,123,125,149,140,113,121,79,111,94,108,117,134,138,139,132,129,120,101,103,81,106,106,122,117,137,112,103,89,80,82,88,90,92,109,108,67,70,65,62,60,71,78,104,104,114,93,81,70,70,65,83,101,114,106,112,90,92,80,58,66,81,122,110,113,101,86,68,55,64,54,87,102,87,88,111,119,123,94,98,110,129,120,153,160,149
112,94,72,95,105,98,118,155,157,118,109,89,95,92,88,106,102,118,123,108,102,91,87,84,86,102,117,125,114,95,105,108,89,84,84,91,95,111,103,87,119,85,77,84,60,72,66,87,98,90,77,61,40,40,53,60,72,60,96,87,84,58,60,53,51,59,80,106,83,77,88,62,67,55,39,75,80,95,107,65,66,55,45,50,49,64,74,72,76,105,97,84,76,67,83,103,116,144,129,138
60,63,55,54,73,63,68,104,90,79,91,67,68,46,58,67,71,88,73,84,74,73,51,58,55,62,85,92,103,81,66,65,61,54,58,69,56,67,73,74,69,56,56,51,50,48,50,44,52,51,43,41,36,21,23,37,45,46,47,59,46,48,34,28,33,32,35,55,46,49,49,41,28,46,38,34,47,64,65,48,38,24,20,26,35,39,46,44,59,57,56,50,47,43,50,65,81,94,84,83
26,26,25,19,26,24,25,47,42,46,41,37,28,25,23,29,19,45,47,55,46,30,18,20,32,24,39,48,46,55,44,28,30,28,35,30,24,32,32,35,31,15,18,20,29,14,28,22,18,19,17,21,15,7,11,9,21,22,18,28,25,22,18,15,15,10,17,23,24,13,16,18,11,11,11,10,23,26,27,22,19,7,11,5,17,20,21,18,27,26,16,20,19,23,23,22,31,45,36,27
5,11,6,4,7,4,7,11,18,11,13,8,9,8,6,4,6,9,22,16,20,8,6,6,9,7,8,11,14,10,17,13,13,5,15,9,8,7,5,3,9,7,3,5,5,4,4,7,1,5,2,5,7,0,3,2,2,5,10,8,5,9,8,4,3,3,4,3,1,2,7,4,2,3,2,3,8,7,3,6,6,6,3,2,2,7,5,5,5,9,11,10,10,4,4,7,10,13,9,7
1,0,2,0,0,1,2,0,3,4,0,1,0,3,2,0,1,1,3,5,0,1,1,1,2,0,4,0,1,0,0,2,1,2,1,1,2,1,1,2,1,1,0,0,1,3,0,1,0,1,0,0,2,4,0,0,0,1,0,0,1,2,0,3,0,0,0,2,0,0,0,0,1,0,1,0,1,0,1,1,0,1,0,0,0,0,0,1,1,3,3,1,0,1,0,1,2,1,1,4
1,0,0,0,0,0,0,0,0,0,0,0,0,1,0,0,0,0,0,0,0,0,0,0,1,0,0,0,0,0,0,0,0,0,0,0,0,0,0,1,1,0,0,0,2,0,0,0,0,0,0,0,0,0,0,0,0,0,0,0,0,0,0,0,0,0,0,0,0,0,0,0,0,0,0,0,0,0,0,0,0,0,0,0,0,0,0,0,0,0,0,0,0,0,0,0,0,0,0,0
0,0,0,0,0,0,0,0,0,0,0,0,0,0,0,0,0,0,0,0,0,0,0,0,0,0,0,0,0,0,0,0,0,0,0,0,0,0,0,0,0,0,0,0,0,0,0,0,0,0,0,0,0,0,0,0,0,0,0,0,0,0,0,0,0,0,0,0,0,0,0,0,0,0,0,0,0,0,0,0,0,0,0,0,0,0,0,0,0,0,0,0,0,0,0,0,0,0,0,0
0,0,0,0,0,0,0,0,0,0,0,0,0,0,0,0,0,0,0,0,0,0,0,0,0,0,0,0,0,0,0,0,0,0,0,0,0,0,0,0,0,0,0,0,0,0,0,0,0,0,0,0,0,0,0,0,0,0,0,0,0,0,0,0,0,0,0,0,0,0,0,0,0,0,0,0,0,0,0,0,0,0,0,0,0,0,0,0,0,0,0,0,0,0,0,0,0,0,0,0
0,0,0,0,0,0,0,0,0,0,0,0,0,0,0,0,0,0,0,0,0,0,0,0,0,0,0,0,0,0,0,0,0,0,0,0,0,0,0,0,0,0,0,0,0,0,0,0,0,0,0,0,0,0,0,0,0,0,0,0,0,0,0,0,0,0,0,0,0,0,0,0,0,0,0,0,0,0,0,0,0,0,0,0,0,0,0,0,0,0,0,0,0,0,0,0,0,0,0,0
0,0,0,0,0,0,0,0,0,0,0,0,0,0,0,0,0,0,0,0,0,0,0,0,0,0,0,0,0,0,0,0,0,0,0,0,0,0,0,0,0,0,0,0,0,0,0,0,0,0,0,0,0,0,0,0,0,0,0,0,0,0,0,0,0,0,0,0,0,0,0,0,0,0,0,0,0,0,0,0,0,0,0,0,0,0,0,0,0,0,0,0,0,0,0,0,0,0,0,0
0,0,0,0,0,0,0,0,0,0,0,0,0,0,0,0,0,0,0,0,0,0,0,0,0,0,0,0,0,0,0,0,0,0,0,0,0,0,0,0,0,0,0,0,0,0,0,0,0,0,0,0,0,0,0,0,0,0,0,0,0,0,0,0,0,0,0,0,0,0,0,0,0,0,0,0,0,0,0,0,0,0,0,0,0,0,0,0,0,0,0,0,0,0,0,0,0,0,0,0
0,0,0,0,0,0,0,0,0,0,0,0,0,0,0,0,0,0,0,0,0,0,0,0,0,0,0,0,0,0,0,0,0,0,0,0,0,0,0,0,0,0,0,0,0,0,0,0,0,0,0,0,0,0,0,0,0,0,0,0,0,0,0,0,0,0,0,0,0,0,0,0,0,0,0,0,0,0,0,0,0,0,0,0,0,0,0,0,0,0,0,0,0,0,0,0,0,0,0,0
